 7.44166045539550E-0004	 1.36223708005716E-0003
 7.13039980008433E-0003	 1.14280451563353E-0003
 1.34550702117284E-0002	 8.83507376229832E-0004
 1.97154519001326E-0002	 6.01012374830096E-0004
 2.59128351370767E-0002	 3.10198405134373E-0004
 3.20513046097619E-0002	 2.34973888644604E-0005
 3.81365676760875E-0002	-2.49282311453363E-0004
 4.41749646965561E-0002	-5.00739918510502E-0004
 5.01727603065668E-0002	-7.25392082002910E-0004
 5.61357678687747E-0002	-9.19049351275898E-0004
 6.20693021893572E-0002	-1.07820547717146E-0003
 6.79783975387160E-0002	-1.19956499048420E-0003
 7.38681866617672E-0002	-1.27978724307910E-0003
 7.97443269884116E-0002	-1.31546625898216E-0003
 8.56133820845206E-0002	-1.30331850198476E-0003
 9.14831022681754E-0002	-1.24053022094049E-0003
 9.73625772760699E-0002	-1.12522041959555E-0003
 1.03262244383222E-0001	-9.56990847546047E-0004
 1.09193727587563E-0001	-7.37546240628050E-0004
 1.15169462903707E-0001	-4.71366568429569E-0004
 1.21202038054024E-0001	-1.66390100610723E-0004
 1.27303153462270E-0001	 1.65389327586762E-0004
 1.33482122865569E-0001	 5.07605753403541E-0004
 1.39743928896142E-0001	 8.39810701078244E-0004
 1.46087095608000E-0001	 1.13878374276505E-0003
 1.52502030678652E-0001	 1.38115442271352E-0003
 1.58970800495325E-0001	 1.54709851248438E-0003
 1.65469071921763E-0001	 1.62404651253578E-0003
 1.71969953739524E-0001	 1.60887944496037E-0003
 1.78448330739940E-0001	 1.50768153200722E-0003
 1.84884084274937E-0001	 1.33344624972716E-0003
 1.91263482792584E-0001	 1.10300330645836E-0003
 1.97579041006188E-0001	 8.34281020197261E-0004
 2.03828535437257E-0001	 5.44371247078292E-0004
 2.10013729936967E-0001	 2.48382388118415E-0004
 2.16139112097868E-0001	-4.10973355969806E-0005
 2.22210775711444E-0001	-3.14096717678925E-0004
 2.28235512586224E-0001	-5.63046739208018E-0004
 2.34220151637247E-0001	-7.82356441940846E-0004
 2.40171168382616E-0001	-9.67876351114393E-0004
 2.46094565910790E-0001	-1.11634990792754E-0003
 2.51995995199241E-0001	-1.22495086911103E-0003
 2.57881047322580E-0001	-1.29098429404135E-0003
 2.63755628387288E-0001	-1.31179081047382E-0003
 2.69626330333933E-0001	-1.28485210812669E-0003
 2.75500732745549E-0001	-1.20806763535473E-0003
 2.81387596338033E-0001	-1.08016636291274E-0003
 2.87296921810462E-0001	-9.01226905814002E-0004
 2.93239841784170E-0001	-6.73289576935385E-0004
 2.99228292406016E-0001	-4.01040856062606E-0004
 3.05274384366761E-0001	-9.25236254728818E-0005
 3.11389375484585E-0001	 2.40233837079546E-0004
 3.17582166196869E-0001	 5.80876676587408E-0004
 3.23857343666814E-0001	 9.09001156071962E-0004
 3.30213045258613E-0001	 1.20146006400703E-0003
 3.36639287616429E-0001	 1.43497671487485E-0003
 3.43117706150065E-0001	 1.58984264473786E-0003
 3.49623449593093E-0001	 1.65367894623201E-0003
 3.56129034579673E-0001	 1.62374936292419E-0003
 3.62608816317824E-0001	 1.50680978782608E-0003
 3.69042410366102E-0001	 1.31677102509031E-0003
 3.75416201116206E-0001	 1.07143586968467E-0003
 3.81723154304345E-0001	 7.89547817487876E-0004
 3.87961672503375E-0001	 4.88742325783031E-0004
 3.94134157244080E-0001	 1.84415510587407E-0004
 4.00245655285045E-0001	-1.10719734423885E-0004
 4.06302736430576E-0001	-3.86633296198008E-0004
 4.12312633554477E-0001	-6.35709692903093E-0004
 4.18282637431726E-0001	-8.52326285054077E-0004
 4.24219734739558E-0001	-1.03235797048174E-0003
 4.30130476634536E-0001	-1.17267882218593E-0003
 4.36021053715751E-0001	-1.27073075976457E-0003
 4.41897531519020E-0001	-1.32422288549323E-0003
 4.47766179737230E-0001	-1.33100465170285E-0003
 4.53633820577136E-0001	-1.28912567747561E-0003
 4.59508131148446E-0001	-1.19706778865914E-0003
 4.65397853326142E-0001	-1.05412238369822E-0003
 4.71312877309300E-0001	-8.60889570645828E-0004
 4.77264160931183E-0001	-6.19883945561350E-0004
 4.83263424618260E-0001	-3.36228966241218E-0004
 4.89322531292213E-0001	-1.83919385603258E-0005
 4.95452441139400E-0001	 3.21157260495929E-0004
 5.01661656946495E-0001	 6.65591921108919E-0004
 5.07954198592640E-0001	 9.94037855932859E-0004
 5.14327415625957E-0001	 1.28297184120678E-0003
 5.20770334625379E-0001	 1.50897059869831E-0003
 5.27263510350623E-0001	 1.65252377685842E-0003
 5.33781089645814E-0001	 1.70182573745343E-0003
 5.40294820395980E-0001	 1.65502229253750E-0003
 5.46778616172420E-0001	 1.51993851903576E-0003
 5.53212011014643E-0001	 1.31160459251231E-0003
 5.59581646307530E-0001	 1.04885825774791E-0003
 5.65881006631776E-0001	 7.51281649095826E-0004
 5.72109158325679E-0001	 4.37092730950595E-0004
 5.78269191158653E-0001	 1.22021394278404E-0004
 5.84366779405170E-0001	-1.81073609828093E-0004
 5.90409028761335E-0001	-4.62124137090210E-0004
 5.96403632973712E-0001	-7.13519724513475E-0004
 6.02358309023910E-0001	-9.29655985449305E-0004
 6.08280472607217E-0001	-1.10644489814622E-0003
 6.14177123028811E-0001	-1.24084338611873E-0003
 6.20054908737881E-0001	-1.33045062721422E-0003
 6.25920335884800E-0001	-1.37322195476919E-0003
 6.31780067802232E-0001	-1.36733714480967E-0003
 6.37641253308332E-0001	-1.31124131914983E-0003
 6.43511823234119E-0001	-1.20385467996368E-0003
 6.49400705562043E-0001	-1.04493311520919E-0003
 6.55317919431949E-0001	-8.35560311298672E-0004
 6.61274504724404E-0001	-5.78757588514158E-0004
 6.67282221350488E-0001	-2.80194770737239E-0004
 6.73352917407101E-0001	 5.10458360275036E-0005
 6.79497440551655E-0001	 4.01777711468889E-0004
 6.85723995533764E-0001	 7.54345022446107E-0004
 6.92035996640160E-0001	 1.08698771010366E-0003
 6.98429779635279E-0001	 1.37540175662372E-0003
 7.04892966357439E-0001	 1.59574031847025E-0003
 7.11404522932581E-0001	 1.72865828700892E-0003
 7.17937169949986E-0001	 1.76315668414309E-0003
 7.24461696085231E-0001	 1.69864059984986E-0003
 7.30951625332800E-0001	 1.54433312349356E-0003
 7.37386577727086E-0001	 1.31654494263807E-0003
 7.43753590663966E-0001	 1.03515885834367E-0003
 7.50046716430286E-0001	 7.20547832389453E-0004
 7.56265667005246E-0001	 3.91484090195639E-0004
 7.62414187160458E-0001	 6.40437176016676E-0005
 7.68498562898543E-0001	-2.48735514682102E-0004
 7.74526438191985E-0001	-5.36720604522934E-0004
 7.80505970063585E-0001	-7.92297342758115E-0004
 7.86445285778182E-0001	-1.00988131633206E-0003
 7.92352189439203E-0001	-1.18541501156827E-0003
 7.98234071553658E-0001	-1.31590486728906E-0003
 8.04097983415515E-0001	-1.39903795044214E-0003
 8.09950838605109E-0001	-1.43291342185105E-0003
 8.15799697027911E-0001	-1.41591829782187E-0003
 8.21652079219670E-0001	-1.34676525652073E-0003
 8.27516256599698E-0001	-1.22469473581671E-0003
 8.33401468066169E-0001	-1.04983115258712E-0003
 8.39318018571460E-0001	-8.23679094960826E-0004
 8.45277210505329E-0001	-5.49747596497011E-0004
 8.51291035733563E-0001	-2.34286419199102E-0004
 8.57371517657284E-0001	 1.12913993459458E-0004
 8.63529561181652E-0001	 4.77791950373380E-0004
 8.69773196086508E-0001	 8.41635152184410E-0004
 8.76105267645622E-0001	 1.18151059838296E-0003
 8.82521002826343E-0001	 1.47202814654955E-0003
 8.89006375892513E-0001	 1.68867823292048E-0003
 8.95538430170454E-0001	 1.81220390988102E-0003
 9.02088162567318E-0001	 1.83253118134373E-0003
 9.08625263210553E-0001	 1.75055988034357E-0003
 9.15122905951420E-0001	 1.57712031068657E-0003
 9.21560925918096E-0001	 1.32988586053250E-0003
 9.27926858635585E-0001	 1.02974199627519E-0003
 9.34215338153459E-0001	 6.97759320513026E-0004
 9.40426659559029E-0001	 3.53194867857972E-0004
 9.46565131334455E-0001	 1.24571792942709E-0005
 9.52637572896576E-0001	-3.11204607496605E-0004
 9.58652117043112E-0001	-6.07541094513474E-0004
 9.64617357132814E-0001	-8.68885140692000E-0004
 9.70541811534919E-0001	-1.08963225995467E-0003
 9.76433650320484E-0001	-1.26571892035243E-0003
 9.82300627639481E-0001	-1.39415766982800E-0003
 9.88150171382945E-0001	-1.47266536188942E-0003
 9.93989587694904E-0001	-1.49941098109261E-0003
 9.99826338049496E-0001	-1.47290405304360E-0003
 1.00566834349824E+0000	-1.39203760309161E-0003
 1.01152426849244E+0000	-1.25629037651605E-0003
 1.01740373705550E+0000	-1.06608463382799E-0003
 1.02331743389150E+0000	-8.23291694003824E-0004
 1.02927703477545E+0000	-5.31876608509010E-0004
 1.03529488628813E+0000	-1.98666209548459E-0004
 1.04138331417813E+0000	 1.65809661921420E-0004
 1.04755340255201E+0000	 5.46544782663621E-0004
 1.05381311058591E+0000	 9.23659201988627E-0004
 1.06016478060407E+0000	 1.27289333865944E-0003
 1.06660252871224E+0000	 1.56759009086827E-0003
 1.07311059086554E+0000	 1.78241430372143E-0003
 1.07966393076552E+0000	 1.89811440645209E-0003
 1.08623167248694E+0000	 1.90556821387234E-0003
 1.09278234251391E+0000	 1.80726513965047E-0003
 1.09928879903457E+0000	 1.61571898416219E-0003
 1.10573117160109E+0000	 1.34996033198791E-0003
 1.11209754191677E+0000	 1.03179118764042E-0003
 1.11838309866441E+0000	 6.82864064630656E-0004
 1.12458862365264E+0000	 3.22833332485538E-0004
 1.13071886132442E+0000	-3.15879592745753E-0005
 1.13678104571966E+0000	-3.66910025217066E-0004
 1.14278371153050E+0000	-6.72703029270839E-0004
 1.14873583577076E+0000	-9.41172406399698E-0004
 1.15464629967272E+0000	-1.16662334950377E-0003
 1.16052362395021E+0000	-1.34492364565959E-0003
 1.16637591729693E+0000	-1.47303334397826E-0003
 1.17221098075264E+0000	-1.54863997227240E-0003
 1.17803651836396E+0000	-1.56992112192321E-0003
 1.18386041046409E+0000	-1.53544776499875E-0003
 1.18969100839098E+0000	-1.44423666342043E-0003
 1.19553740957135E+0000	-1.29595622387988E-0003
 1.20140967009555E+0000	-1.09128701333528E-0003
 1.20731890643753E+0000	-8.32436220375444E-0004
 1.21327722438025E+0000	-5.23802745036746E-0004
 1.21929738573122E+0000	-1.72778290334648E-0004
 1.22539208085030E+0000	 2.09369047092534E-0004
 1.23157263497501E+0000	 6.06679283567610E-0004
 1.23784699869553E+0000	 9.98085948253322E-0004
 1.24421707454909E+0000	 1.35797081388055E-0003
 1.25067592627249E+0000	 1.65835772765012E-0003
 1.25720609062691E+0000	 1.87301522038716E-0003
 1.26378046254639E+0000	 1.98262519120882E-0003
 1.27036628836679E+0000	 1.97896267948504E-0003
 1.27693093344352E+0000	 1.86606629248261E-0003
 1.28344695818040E+0000	 1.65808424154319E-0003
 1.28989480342909E+0000	 1.37532648743862E-0003
 1.29626308469137E+0000	 1.04040548272002E-0003
 1.30254748279951E+0000	 6.75443926172101E-0004
 1.30874915398453E+0000	 3.00408724610849E-0004
 1.31487313835415E+0000	-6.77158494224842E-0005
 1.32092694724823E+0000	-4.15176245495316E-0004
 1.32691940755913E+0000	-7.31296294786805E-0004
 1.33285980784094E+0000	-1.00806695783659E-0003
 1.33875735435748E+0000	-1.23961345960518E-0003
 1.34462090542254E+0000	-1.42165277803829E-0003
 1.35045892707805E+0000	-1.55102034683671E-0003
 1.35627960699211E+0000	-1.62531108274219E-0003
 1.36209106951329E+0000	-1.64265566545811E-0003
 1.36790164450047E+0000	-1.60163962344428E-0003
 1.37372015057089E+0000	-1.50136745922409E-0003
 1.37955615728618E+0000	-1.34167374303134E-0003
 1.38542018888852E+0000	-1.12348531503905E-0003
 1.39132382262325E+0000	-8.49340732341156E-0004
 1.39727961492242E+0000	-5.24070612893580E-0004
 1.40330075594407E+0000	-1.55627181209578E-0004
 1.40940030777884E+0000	 2.43994129191695E-0004
 1.41558984115399E+0000	 6.57903256204092E-0004
 1.42187730962317E+0000	 1.06389087925744E-0003
 1.42826421474294E+0000	 1.43504337300691E-0003
 1.43474265541326E+0000	 1.74212805983415E-0003
 1.44129360670640E+0000	 1.95803981037424E-0003
 1.44788804977863E+0000	 2.06334314736744E-0003
 1.45449147523980E+0000	 2.05058582535274E-0003
 1.46107014133032E+0000	 1.92519263301921E-0003
 1.46759629694405E+0000	 1.70278917216857E-0003
 1.47405063856048E+0000	 1.40483817490707E-0003
 1.48042224146728E+0000	 1.05466400936026E-0003
 1.48670719090557E+0000	 6.74778624968893E-0004
 1.49290690975195E+0000	 2.85399128210063E-0004
 1.49902660646562E+0000	-9.62496444137979E-0005
 1.50507393715135E+0000	-4.56137605181298E-0004
 1.51105790407268E+0000	-7.83286647248951E-0004
 1.51698802229909E+0000	-1.06938789863639E-0003
 1.52287377509124E+0000	-1.30828947175115E-0003
 1.52872434296781E+0000	-1.49546357352166E-0003
 1.53454855792611E+0000	-1.62753867266579E-0003
 1.54035501869668E+0000	-1.70194910221934E-0003
 1.54615230455994E+0000	-1.71672504773222E-0003
 1.55194923617497E+0000	-1.67042726883760E-0003
 1.55775514410256E+0000	-1.56222367639133E-0003
 1.56358011350104E+0000	-1.39210647104381E-0003
 1.56943517283754E+0000	-1.16125502668926E-0003
 1.57533238251750E+0000	-8.72555989341566E-0004
 1.58128475415613E+0000	-5.31291332880477E-0004
 1.58730589214117E+0000	-1.45987129433345E-0004
 1.59340919984950E+0000	 2.70636816321342E-0004
 1.59960645294011E+0000	 7.00791430324344E-0004
 1.60590557270560E+0000	 1.12119733842361E-0003
 1.61230766218042E+0000	 1.50376619079833E-0003
 1.61880394007246E+0000	 1.81815438302460E-0003
 1.62537401038943E+0000	 2.03648745194006E-0003
 1.63198719701145E+0000	 2.13919480646946E-0003
 1.63860745606765E+0000	 2.11942910921846E-0003
 1.64520003255201E+0000	 1.98374464252224E-0003
 1.65173681729396E+0000	 1.74900373044792E-0003
 1.65819863704902E+0000	 1.43766528817657E-0003
 1.66457489516377E+0000	 1.07369116329147E-0003
 1.67086197504999E+0000	 6.79949475824582E-0004
 1.67706147603257E+0000	 2.76883644794683E-0004
 1.68317868014533E+0000	-1.18059055876986E-0004
 1.68922128209944E+0000	-4.90569638592819E-0004
 1.69519835296793E+0000	-8.29332267114485E-0004
 1.70111954553380E+0000	-1.12566913062538E-0003
 1.70699456245298E+0000	-1.37306080211902E-0003
 1.71283288345455E+0000	-1.56663914594964E-0003
 1.71864371306444E+0000	-1.70273817845705E-0003
 1.72443608848613E+0000	-1.77855949959569E-0003
 1.73021908396281E+0000	-1.79197809494331E-0003
 1.73600205775207E+0000	-1.74149228623280E-0003
 1.74179490194730E+0000	-1.62631223777720E-0003
 1.74760826580274E+0000	-1.44658337911254E-0003
 1.75345372401521E+0000	-1.20375001301380E-0003
 1.75934384855219E+0000	-9.01073841711025E-0004
 1.76529211381567E+0000	-5.44323515345441E-0004
 1.77131252038822E+0000	-1.42632180631833E-0004
 1.77741876866471E+0000	 2.90538686297169E-0004
 1.78362277418723E+0000	 7.36516555371416E-0004
 1.78993235667016E+0000	 1.17101993586577E-0003
 1.79634818384989E+0000	 1.56492003811959E-0003
 1.80286064793094E+0000	 1.88694681456352E-0003
 1.80944817213444E+0000	 2.10861771323066E-0003
 1.81607872121212E+0000	 2.21025360594453E-0003
 1.82271499850112E+0000	 2.18544288785920E-0003
 1.82932136428532E+0000	 2.04156710450897E-0003
 1.83586929025660E+0000	 1.79643289017624E-0003
 1.84233956037074E+0000	 1.47331899411832E-0003
 1.84872172866947E+0000	 1.09677251603460E-0003
 1.85501235368819E+0000	 6.90031572051638E-0004
 1.86121313811904E+0000	 2.73786661982968E-0004
 1.86732938067168E+0000	-1.34287668384375E-0004
 1.87336874771382E+0000	-5.19604153617769E-0004
 1.87934029876453E+0000	-8.70494035750148E-0004
 1.88525374445419E+0000	-1.17786680466042E-0003
 1.89111894503583E+0000	-1.43476517925183E-0003
 1.89694564653465E+0000	-1.63589614996979E-0003
 1.90274342297923E+0000	-1.77721507944397E-0003
 1.90852177084586E+0000	-1.85561761806325E-0003
 1.91429029563157E+0000	-1.86876615767141E-0003
 1.92005893806895E+0000	-1.81505552534052E-0003
 1.92583820096987E+0000	-1.69371247791463E-0003
 1.93163934843018E+0000	-1.50502528354665E-0003
 1.93747455023381E+0000	-1.25070920547430E-0003
 1.94335693094970E+0000	-9.34424340354467E-0004
 1.94930045252299E+0000	-5.62464594971269E-0004
 1.95531951119011E+0000	-1.44616662699673E-0004
 1.96142807216943E+0000	 3.04875541293373E-0004
 1.96763812708486E+0000	 7.66440671156907E-0004
 1.97395731083838E+0000	 1.21482977317118E-0003
 1.98038578706649E+0000	 1.61998060990494E-0003
 1.98691312781058E+0000	 1.94987294140814E-0003
 1.99351671905417E+0000	 2.17559938204316E-0003
 2.00016344311022E+0000	 2.27744416701231E-0003
 2.00681504560305E+0000	 2.24930252360071E-0003
 2.01343515893039E+0000	 2.09909216745541E-0003
 2.01999478830217E+0000	 1.84525809095906E-0003
 2.02647449030805E+0000	 1.51170882487178E-0003
 2.03286376803046E+0000	 1.12353056182571E-0003
 2.03915921570562E+0000	 7.04373172162808E-0004
 2.04536257148488E+0000	 2.75231866150095E-0004
 2.05147912054490E+0000	-1.45958036696050E-0004
 2.05751647130656E+0000	-5.44322224679826E-0004
 2.06348362557515E+0000	-9.07834512811137E-0004
 2.06939029343615E+0000	-1.22697145325037E-0003
 2.07524643718580E+0000	-1.49429412411837E-0003
 2.08106203044280E+0000	-1.70402201658531E-0003
 2.08684700137462E+0000	-1.85166149741179E-0003
 2.09261131241500E+0000	-1.93373495806704E-0003
 2.09836512348692E+0000	-1.94763441897211E-0003
 2.10411899168297E+0000	-1.89160497889682E-0003
 2.10988407152245E+0000	-1.76485499291976E-0003
 2.11567228859128E+0000	-1.56779186714416E-0003
 2.12149645893253E+0000	-1.30239142163280E-0003
 2.12737031208567E+0000	-9.72718635590320E-0004
 2.13330834387401E+0000	-5.85618932329345E-0004
 2.13932537558150E+0000	-1.51577337480907E-0004
 2.14543563770847E+0000	 3.14325061703326E-0004
 2.15165116116394E+0000	 7.91571291238127E-0004
 2.15797932464375E+0000	 1.25393298264040E-0003
 2.16441970604080E+0000	 1.67046728472340E-0003
 2.17096101984119E+0000	 2.00853379371054E-0003
 2.17757969017042E+0000	 2.23896753079550E-0003
 2.18424172758409E+0000	 2.34211651273111E-0003
 2.19090818408157E+0000	 2.31211336312930E-0003
 2.19754213386696E+0000	 2.15717495144025E-0003
 2.20411410162212E+0000	 1.89610086285036E-0003
 2.21060425518842E+0000	 1.55323318372329E-0003
 2.21700184573722E+0000	 1.15413871611750E-0003
 2.22330335051064E+0000	 7.22921364056610E-0004
 2.22951046489623E+0000	 2.80956210109603E-0004
 2.23562843511430E+0000	-1.53501631405582E-0004
 2.24166480315368E+0000	-5.65261954486959E-0004
 2.24762849658302E+0000	-9.41931276810907E-0004
 2.25352919395676E+0000	-1.27354372689418E-0003
 2.25937692117106E+0000	-1.55215673869791E-0003
 2.26518184465622E+0000	-1.77146481719466E-0003
 2.27095422374329E+0000	-1.92647681971002E-0003
 2.27670447836156E+0000	-2.01328922458854E-0003
 2.28244332750449E+0000	-2.02897224537607E-0003
 2.28818195972583E+0000	-1.97157349073452E-0003
 2.29393220526913E+0000	-1.84023930995894E-0003
 2.29970668445095E+0000	-1.63545735896358E-0003
 2.30551890321096E+0000	-1.35943232826643E-0003
 2.31138324995034E+0000	-1.01661467813285E-0003
 2.31731481458701E+0000	-6.14400808392335E-0004
 2.32332890068994E+0000	-1.63997492545462E-0004
 2.32944004414735E+0000	 3.18630345795069E-0004
 2.33566032286658E+0000	 8.11961173298555E-0004
 2.34199682621661E+0000	 1.28873983843311E-0003
 2.34844848314242E+0000	 1.71714008150977E-0003
 2.35500309874090E+0000	 2.06396776505242E-0003
 2.36163615886847E+0000	 2.29991940466165E-0003
 2.36831294037684E+0000	 2.40550076104963E-0003
 2.37499400927067E+0000	 2.37505354615620E-0003
 2.38164204069559E+0000	 2.21691718561077E-0003
 2.38822709445096E+0000	 1.95000158662353E-0003
 2.39472882556376E+0000	 1.59888773975562E-0003
 2.40113604909654E+0000	 1.18954185794437E-0003
 2.40744496316394E+0000	 7.46542394283963E-0004
 2.41365711947881E+0000	 2.91715611095056E-0004
 2.41977768176234E+0000	-1.56289184484413E-0004
 2.42581411475776E+0000	-5.81912745015096E-0004
 2.43177526931925E+0000	-9.72364358292363E-0004
 2.43767078452324E+0000	-1.31721917776580E-0003
 2.44351073364465E+0000	-1.60801659408955E-0003
 2.44930545496930E+0000	-1.83790686767183E-0003
 2.45506551817334E+0000	-2.00137513601391E-0003
 2.46080178338057E+0000	-2.09405961215117E-0003
 2.46652551639285E+0000	-2.11267157798670E-0003
 2.47224853074553E+0000	-2.05501991295684E-0003
 2.47798333297327E+0000	-1.92014363112604E-0003
 2.48374324820610E+0000	-1.70856161770286E-0003
 2.48954249526765E+0000	-1.42265681812696E-0003
 2.49539616031577E+0000	-1.06721776997933E-0003
 2.50131998264961E+0000	-6.50155237388346E-0004
 2.50732981537721E+0000	-1.83380711731475E-0004
 2.51344056820194E+0000	 3.16248130356517E-0004
 2.51966441979691E+0000	 8.26171758322098E-0004
 2.52600819473257E+0000	 1.31806448793432E-0003
 2.53247016699395E+0000	 1.75918912712903E-0003
 2.53903722019327E+0000	 2.11581199090133E-0003
 2.54568393077849E+0000	 2.35854412737164E-0003
 2.55237494684924E+0000	 2.46809047762895E-0003
 2.55907050616590E+0000	 2.43895904594659E-0003
 2.56573301240243E+0000	 2.27945526443170E-0003
 2.57233207876952E+0000	 2.00837879534158E-0003
 2.57884674407571E+0000	 1.65035502250839E-0003
 2.58526521420048E+0000	 1.23164383030954E-0003
 2.59158323309747E+0000	 7.77288207470824E-0004
 2.59780207578199E+0000	 3.09620214268437E-0004
 2.60392674431979E+0000	-1.52236690798282E-0004
 2.60996459126602E+0000	-5.92277879843295E-0004
 2.61592438256676E+0000	-9.97256589691534E-0004
 2.62181572040991E+0000	-1.35624974461956E-0003
 2.62764872814996E+0000	-1.66025470259782E-0003
 2.63343391331162E+0000	-1.90186253793253E-0003
 2.63918214619183E+0000	-2.07502296241136E-0003
 2.64490471058817E+0000	-2.17490270742666E-0003
 2.65061339732018E+0000	-2.19783562627314E-0003
 2.65632062026038E+0000	-2.14136510226857E-0003
 2.66203953801413E+0000	-2.00438553833847E-0003
 2.66778416092304E+0000	-1.78739798571673E-0003
 2.67356941077383E+0000	-1.49290295560039E-0003
 2.67941107676229E+0000	-1.12595704364329E-0003
 2.68532557298017E+0000	-6.94911090648025E-0004
 2.69132935017011E+0000	-2.12310532177091E-0004
 2.69743776081602E+0000	 3.04152504749417E-0004
 2.70366316728753E+0000	 8.30919670706652E-0004
 2.71001221703264E+0000	 1.33861467526070E-0003
 2.71648261723039E+0000	 1.79359735468871E-0003
 2.72306042666877E+0000	 2.16159729766841E-0003
 2.72971943403628E+0000	 2.41312889274871E-0003
 2.73642380912489E+0000	 2.52904008835861E-0003
 2.74313361046398E+0000	 2.50387063823866E-0003
 2.74981106060497E+0000	 2.34567789413401E-0003
 2.75642531082711E+0000	 2.07290290549642E-0003
 2.76295465973777E+0000	 1.71000024252484E-0003
 2.76938651170754E+0000	 1.28339092541039E-0003
 2.77571595054166E+0000	 8.18544186099255E-0004
 2.78194379732758E+0000	 3.38335345710970E-0004
 2.78807476504891E+0000	-1.37555438129387E-0004
 2.79411601921794E+0000	-5.92580112330189E-0004
 2.80007620968589E+0000	-1.01294449419102E-0003
 2.80596489980655E+0000	-1.38715556035591E-0003
 2.81179227503297E+0000	-1.70562105867651E-0003
 2.81756902504915E+0000	-1.96034739810065E-0003
 2.82330632536653E+0000	-2.14473928135125E-0003
 2.82901587476411E+0000	-2.25349020344686E-0003
 2.83470996593239E+0000	-2.28255457235959E-0003
 2.84040157710004E+0000	-2.22920099872841E-0003
 2.84610447349559E+0000	-2.09215717447200E-0003
 2.85183330021244E+0000	-1.87186707301959E-0003
 2.85760363195139E+0000	-1.57088900480225E-0003
 2.86343191799532E+0000	-1.19446489431369E-0003
 2.86933521968514E+0000	-7.51278975596139E-0004
 2.87533058322723E+0000	-2.54381405007058E-0004
 2.88143383821586E+0000	 2.77848074578650E-0004
 2.88765761295975E+0000	 8.21007264807913E-0004
 2.89400851854554E+0000	 1.34481703621472E-0003
 2.90048390205926E+0000	 1.81485115917696E-0003
 2.90706926745398E+0000	 2.19635423894615E-0003
 2.91373792357985E+0000	 2.45969090565129E-0003
 2.92045385291876E+0000	 2.58566953479505E-0003
 2.92717714065284E+0000	 2.56856375212143E-0003
 2.93386989978127E+0000	 2.41582385337310E-0003
 2.94050074707821E+0000	 2.14518309166488E-0003
 2.94704705214356E+0000	 1.78064677950604E-0003
 2.95349516305568E+0000	 1.34862336566221E-0003
 2.95983923537974E+0000	 8.74943142437916E-0004
 2.96607939569279E+0000	 3.83050212597725E-0004
 2.97221987946860E+0000	-1.06730410045402E-0004
 2.97826753861956E+0000	-5.77186822307827E-0004
 2.98423083945899E+0000	-1.01385238616036E-0003
 2.99011928599110E+0000	-1.40455569864999E-0003
 2.99594313458561E+0000	-1.73903542888616E-0003
 3.00171327674556E+0000	-2.00866590557893E-0003
 3.00744120814999E+0000	-2.20628695724026E-0003
 3.01313904236637E+0000	-2.32611741964934E-0003
 3.01881955350927E+0000	-2.36373864018422E-0003
 3.02449624250981E+0000	-2.31614860548665E-0003
 3.03018341995209E+0000	-2.18190150735299E-0003
 3.03589628777048E+0000	-1.96135877175866E-0003
 3.04165098314460E+0000	-1.65708464575719E-0003
 3.04746451858684E+0000	-1.27441962277566E-0003
 3.05335450929498E+0000	-8.22250271974340E-0004
 3.05933852320036E+0000	-3.13947090023815E-0004
 3.06543283805939E+0000	 2.31665364792074E-0004
 3.07165039927231E+0000	 7.89636467124637E-0004
 3.07799795443376E+0000	 1.32910480494255E-0003
 3.08447281809602E+0000	 1.81514370318662E-0003
 3.09106041705199E+0000	 2.21267254958904E-0003
 3.09773413761251E+0000	 2.49185023145063E-0003
 3.10445828343642E+0000	 2.63314183040371E-0003
 3.11119329988514E+0000	 2.63006246235049E-0003
 3.11790128938269E+0000	 2.48889298715519E-0003
 3.12455021643041E+0000	 2.22614177124623E-0003
 3.13111625061196E+0000	 1.86496746624844E-0003
 3.13758433479287E+0000	 1.43151705294793E-0003
 3.14394733493353E+0000	 9.51875325497403E-0004
 3.15020435563612E+0000	 4.50065035182284E-0004
 3.15635888905436E+0000	-5.28510440680025E-0005
 3.16241728211244E+0000	-5.38855905472734E-0004
 3.16838770063188E+0000	-9.92653636888644E-0004
 3.17427953564494E+0000	-1.40124949255610E-0003
 3.18010310508794E+0000	-1.75359843021521E-0003
 3.18586951509978E+0000	-2.04036609460584E-0003
 3.19159059637966E+0000	-2.25378680043416E-0003
 3.19727887927446E+0000	-2.38759143867811E-0003
 3.20294759953546E+0000	-2.43699092272619E-0003
 3.20861073511950E+0000	-2.39871954350540E-0003
 3.21428306923780E+0000	-2.27115840777879E-0003
 3.21998026126583E+0000	-2.05456974625815E-0003
 3.22571888645949E+0000	-1.75147834927516E-0003
 3.23151637537433E+0000	-1.36723478412454E-0003
 3.23739074088354E+0000	-9.10778480500436E-0004
 3.24335992572379E+0000	-3.95569553764948E-0004
 3.24944055503922E+0000	 1.59451928062314E-0004
 3.25564589459627E+0000	 7.29216706072404E-0004
 3.26198300953908E+0000	 1.28277703244346E-0003
 3.26844960355311E+0000	 1.78517642146431E-0003
 3.27503168961384E+0000	 2.20130987338849E-0003
 3.28170353144927E+0000	 2.50112059956618E-0003
 3.28843050032017E+0000	 2.66436156850633E-0003
 3.29517391535554E+0000	 2.68314630849886E-0003
 3.30189606667420E+0000	 2.56183115667955E-0003
 3.30856416907761E+0000	 2.31498682791339E-0003
 3.31515287761237E+0000	 1.96435769459830E-0003
 3.32164529616369E+0000	 1.53545213283938E-0003
 3.32803253693502E+0000	 1.05441980809318E-0003
 3.33431225150928E+0000	 5.45827522197053E-0004
 3.34048682761069E+0000	 3.15534730550348E-0005
 3.34656183276707E+0000	-4.69432954827796E-0004
 3.35254494659243E+0000	-9.40828783710466E-0004
 3.35844533986794E+0000	-1.36864071270045E-0003
 3.36427334365100E+0000	-1.74089110530462E-0003
 3.37004026505232E+0000	-2.04742644901713E-0003
 3.37575826793550E+0000	-2.27980450018389E-0003
 3.38144029132489E+0000	-2.43122978177466E-0003
 3.38710000620743E+0000	-2.49652629301088E-0003
 3.39275181573679E+0000	-2.47215841056148E-0003
 3.39841089443608E+0000	-2.35632654788134E-0003
 3.40409324593458E+0000	-2.14917252571210E-0003
 3.40981573762082E+0000	-1.85313247503302E-0003
 3.41559604155088E+0000	-1.47347141021980E-0003
 3.42145237005846E+0000	-1.01901581448309E-0003
 3.42740284280504E+0000	-5.03051358188002E-0004
 3.43346427817454E+0000	 5.57548133308320E-0005
 3.43965022306514E+0000	 6.32736044862031E-0004
 3.44596822890540E+0000	 1.19747649611131E-0003
 3.45241684696597E+0000	 1.71559894060299E-0003
 3.45898343320516E+0000	 2.15240353970059E-0003
 3.46564407011490E+0000	 2.47770180661402E-0003
 3.47236611561406E+0000	 2.67021008413392E-0003
 3.47911246407388E+0000	 2.71998237873926E-0003
 3.48584597272292E+0000	 2.62861152194209E-0003
 3.49253314925191E+0000	 2.40786715484221E-0003
 3.49914688769492E+0000	 2.07732229991376E-0003
 3.50566801034936E+0000	 1.66128350336415E-0003
 3.51208534649943E+0000	 1.18562394831576E-0003
 3.51839456959639E+0000	 6.75311888073780E-0004
 3.52459649791121E+0000	 1.53050142337394E-0004
 3.53069554181497E+0000	-3.61128217386937E-0004
 3.53669861235463E+0000	-8.49744739744953E-0004
 3.54261446741033E+0000	-1.29762059504653E-0003
 3.54845333171197E+0000	-1.69166958256848E-0003
 3.55422664421611E+0000	-2.02077207162839E-0003
 3.55994685951182E+0000	-2.27569762078122E-0003
 3.56562728951938E+0000	-2.44904541474792E-0003
 3.57128199657834E+0000	-2.53519841336053E-0003
 3.57692574697588E+0000	-2.53031171829930E-0003
 3.58257401942745E+0000	-2.43236931223714E-0003
 3.58824304483736E+0000	-2.24134793148384E-0003
 3.59394983313761E+0000	-1.95952613373805E-0003
 3.59971211656611E+0000	-1.59197057247409E-0003
 3.60554810203776E+0000	-1.14721308021081E-0003
 3.61147587924259E+0000	-6.38085188746769E-0004
 3.61751229358690E+0000	-8.25766871927167E-0005
 3.62367111679588E+0000	 4.95586661364142E-0004
 3.62996052905907E+0000	 1.06716002401691E-0003
 3.63638034727011E+0000	 1.59898836778651E-0003
 3.64291997490596E+0000	 2.05727258998688E-0003
 3.64955821359986E+0000	 2.41189660651283E-0003
 3.65626534469747E+0000	 2.64039055039094E-0003
 3.66300666179643E+0000	 2.73027698709768E-0003
 3.66974619778310E+0000	 2.67966611346584E-0003
 3.67645007206460E+0000	 2.49665539047202E-0003
 3.68308940867650E+0000	 2.19775334849185E-0003
 3.68964244842572E+0000	 1.80529076195267E-0003
 3.69609525190067E+0000	 1.34430015890534E-0003
 3.70244095818369E+0000	 8.39811358591128E-0004
 3.70867827145427E+0000	 3.15202612205008E-0004
 3.71480995746400E+0000	-2.08433974237959E-0004
 3.72084175116332E+0000	-7.12348411983679E-0004
 3.72678167823823E+0000	-1.18001973116618E-0003
 3.73263962181891E+0000	-1.59707152113286E-0003
 3.73842698689875E+0000	-1.95123864168811E-0003
 3.74415640235993E+0000	-2.23234177410053E-0003
 3.74984146557982E+0000	-2.43223899897602E-0003
 3.75549655437899E+0000	-2.54476008024091E-0003
 3.76113672031616E+0000	-2.56565633872737E-0003
 3.76677765636405E+0000	-2.49260957927147E-0003
 3.77243571157025E+0000	-2.32534309461691E-0003
 3.77812790607084E+0000	-2.06587266761274E-0003
 3.78387187712220E+0000	-1.71892685657708E-0003
 3.78968565572569E+0000	-1.29254742103932E-0003
 3.79558713452504E+0000	-7.98837917400516E-0004
 3.80159305684028E+0000	-2.54739975227843E-0004
 3.80771737986730E+0000	 3.17432355545499E-0004
 3.81396902377206E+0000	 8.90148495027005E-0004
 3.82034937951705E+0000	 1.43202435584051E-0003
 3.82685040650226E+0000	 1.91062437498178E-0003
 3.83345428567779E+0000	 2.29620579177518E-0003
 3.84013496991300E+0000	 2.56521833436062E-0003
 3.84686094433419E+0000	 2.70254631418083E-0003
 3.85359820198265E+0000	 2.70245591830440E-0003
 3.86031313415534E+0000	 2.56872619226225E-0003
 3.86697548016931E+0000	 2.31393778057820E-0003
 3.87356093566763E+0000	 1.95753264683516E-0003
 3.88005253123943E+0000	 1.52290345896205E-0003
 3.88644042660468E+0000	 1.03453468123638E-0003
 3.89272068166501E+0000	 5.16070137869479E-0004
 3.89889386458948E+0000	-1.05728765140900E-0005
 3.90496400106106E+0000	-5.25453901836331E-0004
 3.91093790567972E+0000	-1.01066536755015E-0003
 3.91682471926586E+0000	-1.45040578889884E-0003
 3.92263549834713E+0000	-1.83107758640551E-0003
 3.92838281065173E+0000	-2.14134671732001E-0003
 3.93408036615711E+0000	-2.37212801536148E-0003
 3.93974272857306E+0000	-2.51651112098474E-0003
 3.94538513050714E+0000	-2.56967442890468E-0003
 3.95102338586281E+0000	-2.52884245060883E-0003
 3.95667386907020E+0000	-2.39333586856950E-0003
 3.96235351250775E+0000	-2.16475335049536E-0003
 3.96807975478525E+0000	-1.84731269408978E-0003
 3.97387034752445E+0000	-1.44836080900627E-0003
 3.97974289658183E+0000	-9.79024535108774E-0004
 3.98571398839452E+0000	-4.54899081380898E-0004
 3.99179777129113E+0000	 1.03454688876408E-0004
 3.99800399232490E+0000	 6.70583853210506E-0004
 4.00433578856850E+0000	 1.21723079678604E-0003
 4.01078791664438E+0000	 1.71265256643248E-0003
 4.01734623467300E+0000	 2.12779346907484E-0003
 4.02398875254333E+0000	 2.43834471326335E-0003
 4.03068769990155E+0000	 2.62685265495425E-0003
 4.03741179960858E+0000	 2.68388535865282E-0003
 4.04412861125714E+0000	 2.60872164267805E-0003
 4.05080729038977E+0000	 2.40944401265690E-0003
 4.05742149219614E+0000	 2.10176816736114E-0003
 4.06395137409880E+0000	 1.70654130520346E-0003
 4.07038399160761E+0000	 1.24686769746764E-0003
 4.07671243487884E+0000	 7.45946586702274E-0004
 4.08293460120482E+0000	 2.25957868876620E-0004
 4.08905223171036E+0000	-2.92356865850848E-0004
 4.09507031326971E+0000	-7.89901932340831E-0004
 4.10099665395080E+0000	-1.24946883561955E-0003
 4.10684145012992E+0000	-1.65600443090028E-0003
 4.11261680020047E+0000	-1.99680759535941E-0003
 4.11833622123743E+0000	-2.26159568053164E-0003
 4.12401424379305E+0000	-2.44245562465845E-0003
 4.12966612742194E+0000	-2.53374055374109E-0003
 4.13530769762557E+0000	-2.53198221455564E-0003
 4.14095527410456E+0000	-2.43587873364966E-0003
 4.14662564091516E+0000	-2.24640146018902E-0003
 4.15233599343236E+0000	-1.96704974872044E-0003
 4.15810377737888E+0000	-1.60426468062400E-0003
 4.16394630964674E+0000	-1.16798070645499E-0003
 4.16988004885007E+0000	-6.72232080817806E-0004
 4.17591939559797E+0000	-1.35626766078296E-0004
 4.18207500320583E+0000	 4.18629068428292E-0004
 4.18835181995171E+0000	 9.63540808001195E-0004
 4.19474741287329E+0000	 1.47019598296906E-0003
 4.20125127456553E+0000	 1.91044261107620E-0003
 4.20784544927112E+0000	 2.25959439176720E-0003
 4.21450606854305E+0000	 2.49841625295812E-0003
 4.22120508165888E+0000	 2.61437193577851E-0003
 4.22791206637854E+0000	 2.60261605893935E-0003
 4.23459660521745E+0000	 2.46668842423144E-0003
 4.24123121445751E+0000	 2.21811409561695E-0003
 4.24779381348018E+0000	 1.87447012470592E-0003
 4.25426871247358E+0000	 1.45664743142484E-0003
 4.26064614426704E+0000	 9.86530006750713E-0004
 4.26692119854155E+0000	 4.85698350184473E-0004
 4.27309294004213E+0000	-2.50781827236767E-0005
 4.27916392563101E+0000	-5.26101835395706E-0004
 4.28513991771869E+0000	-9.99092003760554E-0004
 4.29102954283082E+0000	-1.42762443519373E-0003
 4.29684380853497E+0000	-1.79751743528559E-0003
 4.30259554575768E+0000	-2.09705111507241E-0003
 4.30829888977054E+0000	-2.31700791097894E-0003
 4.31396887825115E+0000	-2.45059700842381E-0003
 4.31962118837622E+0000	-2.49334777596189E-0003
 4.32527199162958E+0000	-2.44304679937960E-0003
 4.33093787994425E+0000	-2.29977277043002E-0003
 4.33663580109791E+0000	-2.06606452083091E-0003
 4.34238292510799E+0000	-1.74723894739037E-0003
 4.34819634226943E+0000	-1.35184814580342E-0003
 4.35409247306463E+0000	-8.92214507005870E-0004
 4.36008607302846E+0000	-3.84896191900535E-0004
 4.36618878653396E+0000	 1.49179250396030E-0004
 4.37240739222909E+0000	 6.85256107924742E-0004
 4.37874217090840E+0000	 1.19622053293606E-0003
 4.38518601830051E+0000	 1.65487960681877E-0003
 4.39172470325900E+0000	 2.03643124979958E-0003
 4.39833802798302E+0000	 2.32040447719787E-0003
 4.40500123107220E+0000	 2.49193150728352E-0003
 4.41168640533175E+0000	 2.54281681829239E-0003
 4.41836442122402E+0000	 2.47255398745853E-0003
 4.42500764203955E+0000	 2.28856499084762E-0003
 4.43159265431451E+0000	 2.00490408083189E-0003
 4.43810179040415E+0000	 1.63977205280922E-0003
 4.44452305753752E+0000	 1.21306829766413E-0003
 4.45084917189254E+0000	 7.44901791950848E-0004
 4.45707664218295E+0000	 2.55055747711356E-0004
 4.46320533529012E+0000	-2.37166275947566E-0004
 4.46923837922099E+0000	-7.13209702872231E-0004
 4.47518205718667E+0000	-1.15576961820296E-0003
 4.48104548763041E+0000	-1.54935893923977E-0003
 4.48684010797634E+0000	-1.88074513151588E-0003
 4.49257909697167E+0000	-2.13916909436947E-0003
 4.49827686333591E+0000	-2.31637679762266E-0003
 4.50394866542845E+0000	-2.40655043481700E-0003
 4.50961036638968E+0000	-2.40622932805669E-0003
 4.51527829108305E+0000	-2.31429139293393E-0003
 4.52096912966285E+0000	-2.13204369924427E-0003
 4.52669981612857E+0000	-1.86345030033206E-0003
 4.53248729112355E+0000	-1.51550091903742E-0003
 4.53834803752978E+0000	-1.09868280350463E-0003
 4.54429727033264E+0000	-6.27446471062722E-0004
 4.55034770442691E+0000	-1.20452503225784E-0004
 4.55650796493538E+0000	 3.99709994861708E-0004
 4.56278095700035E+0000	 9.07623694729842E-0004
 4.56916274999848E+0000	 1.37698493641057E-0003
 4.57564246610319E+0000	 1.78293893750423E-0003
 4.58220314244627E+0000	 2.10409531090024E-0003
 4.58882299179130E+0000	 2.32388445200259E-0003
 4.59547664424935E+0000	 2.43159758610914E-0003
 4.60213669419543E+0000	 2.42347059466688E-0003
 4.60877606159875E+0000	 2.30335018510798E-0003
 4.61537078511557E+0000	 2.08202273164320E-0003
 4.62190202069119E+0000	 1.77507648344166E-0003
 4.62835642247196E+0000	 1.40032880502770E-0003
 4.63472526061780E+0000	 9.76021951444117E-0004
 4.64100329470015E+0000	 5.20165977212925E-0004
 4.64718815106503E+0000	 5.05675475281785E-0005
 4.65328028214706E+0000	-4.15129729338212E-0004
 4.65928314254607E+0000	-8.59749756670349E-0004
 4.66520320605008E+0000	-1.26717561209475E-0003
 4.67104968720117E+0000	-1.62297741225187E-0003
 4.67683404992474E+0000	-1.91487447439209E-0003
 4.68256946102877E+0000	-2.13297207193051E-0003
 4.68827031104916E+0000	-2.26982145427714E-0003
 4.69395185623706E+0000	-2.32039299114804E-0003
 4.69962997943542E+0000	-2.28204894639329E-0003
 4.70532103249422E+0000	-2.15458302804798E-0003
 4.71104169983231E+0000	-1.94037256943778E-0003
 4.71680880172666E+0000	-1.64466589883848E-0003
 4.72263893319722E+0000	-1.27599301014571E-0003
 4.72854781779689E+0000	-8.46628528355237E-0004
 4.73454927133762E+0000	-3.72943154535919E-0004
 4.74065376471769E+0000	 1.24629092427793E-0004
 4.74686678545691E+0000	 6.22327177635324E-0004
 4.75318746816262E+0000	 1.09466933887461E-0003
 4.75960806092583E+0000	 1.51668330707045E-0003
 4.76611445240653E+0000	 1.86610097133081E-0003
 4.77268736603002E+0000	 2.12494805910201E-0003
 4.77930363799295E+0000	 2.28060474433650E-0003
 4.78593757855776E+0000	 2.32679977519074E-0003
 4.79256295794998E+0000	 2.26446344149006E-0003
 4.79915567866213E+0000	 2.10160328378332E-0003
 4.80569616205778E+0000	 1.85163215572724E-0003
 4.81217030232286E+0000	 1.53075309119851E-0003
 4.81856882574792E+0000	 1.15570409372376E-0003
 4.82488591757514E+0000	 7.42704152020332E-0004
 4.83111813786357E+0000	 3.07482331581631E-0004
 4.83726409114313E+0000	-1.34305222316555E-0004
 4.84332467498592E+0000	-5.66905763935318E-0004
 4.84930344855245E+0000	-9.74766236500232E-0004
 4.85520676767844E+0000	-1.34314082387067E-0003
 4.86104359611794E+0000	-1.65873468715757E-0003
 4.86682509459982E+0000	-1.91019331227933E-0003
 4.87256414057939E+0000	-2.08838622661495E-0003
 4.87827489231365E+0000	-2.18652960621432E-0003
 4.88397244862180E+0000	-2.20022869656983E-0003
 4.88967260426967E+0000	-2.12752076347770E-0003
 4.89539166445274E+0000	-1.96898452961688E-0003
 4.90114625302346E+0000	-1.72796157572013E-0003
 4.90695302141187E+0000	-1.41090611879295E-0003
 4.91282813979722E+0000	-1.02783125623587E-0003
 4.91878644498179E+0000	-5.92739435638893E-0004
 4.92484016852335E+0000	-1.23812943626127E-0004
 4.93099732507761E+0000	 3.56957905017968E-0004
 4.93726011030481E+0000	 8.24996219112997E-0004
 4.94362389178717E+0000	 1.25519566455305E-0003
 4.95007727041588E+0000	 1.62430927116459E-0003
 4.95660312893099E+0000	 1.91293590453087E-0003
 4.96318006577881E+0000	 2.10679302169566E-0003
 4.96978382240384E+0000	 2.19761682657584E-0003
 4.97638900838526E+0000	 2.18397843188267E-0003
 4.98297150380534E+0000	 2.07153175525815E-0003
 4.98951104278871E+0000	 1.87190188739092E-0003
 4.99599279459460E+0000	 1.60025575431959E-0003
 5.00240724885236E+0000	 1.27264623627956E-0003
 5.00874883821030E+0000	 9.04310932600885E-0004
 5.01501435700159E+0000	 5.09307713864280E-0004
 5.02120201603894E+0000	 1.01040452454217E-0004
 5.02731134262319E+0000	-3.07072856909314E-0004
 5.03334361593487E+0000	-7.01324825915071E-0004
 5.03930237153255E+0000	-1.06795725183359E-0003
 5.04519365872590E+0000	-1.39372815504005E-0003
 5.05102597693738E+0000	-1.66654465058068E-0003
 5.05680998027331E+0000	-1.87598286904695E-0003
 5.06255808430377E+0000	-2.01363711278337E-0003
 5.06828408031659E+0000	-2.07332585529146E-0003
 5.07400281116841E+0000	-2.05122124179459E-0003
 5.07972991459890E+0000	-1.94597670380071E-0003
 5.08548159902753E+0000	-1.75891837032575E-0003
 5.09127438007294E+0000	-1.49434488894956E-0003
 5.09712467129868E+0000	-1.15994246206532E-0003
 5.10304809710938E+0000	-7.67255949837453E-0004
 5.10905840526483E+0000	-3.32053014109652E-0004
 5.11516595100647E+0000	 1.25707620817476E-0004
 5.12137595106446E+0000	 5.82658894043774E-0004
 5.12768701379684E+0000	 1.01376647957753E-0003
 5.13409059100772E+0000	 1.39478881467370E-0003
 5.14057165786947E+0000	 1.70472975720442E-0003
 5.14711024335828E+0000	 1.92758515805901E-0003
 5.15368314109759E+0000	 2.05333570304909E-0003
 5.16026563491927E+0000	 2.07860753467265E-0003
 5.16683361356991E+0000	 2.00701560856597E-0003
 5.17336608184249E+0000	 1.84854733955683E-0003
 5.17984720635699E+0000	 1.61757370943961E-0003
 5.18626690562681E+0000	 1.33008899493039E-0003
 5.19261986016430E+0000	 1.00138548699736E-0003
 5.19890373338370E+0000	 6.44986840111129E-0004
 5.20511760298029E+0000	 2.72828644298715E-0004
 5.21126119435786E+0000	-1.03906567651582E-0004
 5.21733494157667E+0000	-4.73983235620254E-0004
 5.22334052479918E+0000	-8.25755908196980E-0004
 5.22928146018418E+0000	-1.14732563116736E-0003
 5.23516346578507E+0000	-1.42703467868844E-0003
 5.24099452892169E+0000	-1.65406824998570E-0003
 5.24678473720904E+0000	-1.81899722189259E-0003
 5.25254598193183E+0000	-1.91419320681445E-0003
 5.25829162891329E+0000	-1.93412336038735E-0003
 5.26403621285471E+0000	-1.87557582491910E-0003
 5.26979516539928E+0000	-1.73788313962814E-0003
 5.27558454136964E+0000	-1.52320690647692E-0003
 5.28142066296882E+0000	-1.23692344983918E-0003
 5.28731956139021E+0000	-8.88100803597674E-0004
 5.29329607405356E+0000	-4.89970471805892E-0004
 5.29936249182509E+0000	-6.01695135793181E-0005
 5.30552680434887E+0000	 3.79600868172589E-0004
 5.31179089101236E+0000	 8.04859524325822E-0004
 5.31814931842087E+0000	 1.19064003327294E-0003
 5.32458938688777E+0000	 1.51429111049454E-0003
 5.33109249003589E+0000	 1.75788117544972E-0003
 5.33763614739949E+0000	 1.90962157119341E-0003
 5.34419605140539E+0000	 1.96447837058039E-0003
 5.35074810685066E+0000	 1.92435812896837E-0003
 5.35727070301708E+0000	 1.79770116468621E-0003
 5.36374688055307E+0000	 1.59798625851812E-0003
 5.37016550897087E+0000	 1.34122356973616E-0003
 5.37652093366100E+0000	 1.04332500651793E-0003
 5.38281142732194E+0000	 7.18351014825732E-0004
 5.38903732129305E+0000	 3.78041749525703E-0004
 5.39519960650156E+0000	 3.23705497135197E-0005
 5.40129935923199E+0000	-3.09475483024413E-0004
 5.40733790891429E+0000	-6.38249090865065E-0004
 5.41331741446687E+0000	-9.44243543243121E-0004
 5.41924148990769E+0000	-1.21737348306019E-0003
 5.42511564390984E+0000	-1.44758934238416E-0003
 5.43094745560885E+0000	-1.62543295641546E-0003
 5.43674652077517E+0000	-1.74258613887975E-0003
 5.44252424989797E+0000	-1.79233763906019E-0003
 5.44829359881650E+0000	-1.76995976064485E-0003
 5.45406878375237E+0000	-1.67303075157402E-0003
 5.45986498968241E+0000	-1.50176068946478E-0003
 5.46569803166177E+0000	-1.25937667571300E-0003
 5.47158387824334E+0000	-9.52594511331791E-0004
 5.47753790384554E+0000	-5.92139855169169E-0004
 5.48357372791567E+0000	-1.93171264296539E-0004
 5.48970157591137E+0000	 2.24691255212152E-0004
 5.49592632583019E+0000	 6.38141349543768E-0004
 5.50224577030487E+0000	 1.02207780023606E-0003
 5.50864988736850E+0000	 1.35246000513989E-0003
 5.51512166421522E+0000	 1.60932247665150E-0003
 5.52163921778759E+0000	 1.77893737744083E-0003
 5.52817833712325E+0000	 1.85472254575757E-0003
 5.53471482355830E+0000	 1.83724664527981E-0003
 5.54122664076259E+0000	 1.73367986790903E-0003
 5.54769592117184E+0000	 1.55654320693808E-0003
 5.55411037018548E+0000	 1.32159567993977E-0003
 5.56046347140844E+0000	 1.04529059904821E-0003
 5.56675342832940E+0000	 7.42645517380937E-0004
 5.57298140105220E+0000	 4.26150145771521E-0004
 5.57914978981866E+0000	 1.05783502732569E-0004
 5.58526109985305E+0000	-2.10222709317258E-0004
 5.59131755994630E+0000	-5.14386127859522E-0004
 5.59732136286870E+0000	-7.99167235657105E-0004
 5.60327523949134E+0000	-1.05657620226113E-0003
 5.60918307672292E+0000	-1.27820760771142E-0003
 5.61505038612340E+0000	-1.45558661749073E-0003
 5.62088454837327E+0000	-1.58067346562485E-0003
 5.62669484661835E+0000	-1.64640126959686E-0003
 5.63249234479811E+0000	-1.64717620717835E-0003
 5.63828967229251E+0000	-1.57932301087838E-0003
 5.64410075438988E+0000	-1.44149976409413E-0003
 5.64994048813379E+0000	-1.23512720810313E-0003
 5.65582431258388E+0000	-9.64873395693716E-0004
 5.66176757013033E+0000	-6.39196602244357E-0004
 5.66778451834371E+0000	-2.70866186574564E-0004
 5.67388686895027E+0000	 1.22754675420132E-0004
 5.68008187015145E+0000	 5.20038700570110E-0004
 5.68637026663458E+0000	 8.96468634279196E-0004
 5.69274487450973E+0000	 1.22723075972708E-0003
 5.69919062512484E+0000	 1.49054925715092E-0003
 5.70568637217458E+0000	 1.67064864851585E-0003
 5.71220779618688E+0000	 1.75934383916755E-0003
 5.71873033268269E+0000	 1.75613868742298E-0003
 5.72523155541232E+0000	 1.66738249847207E-0003
 5.73169303021262E+0000	 1.50488171405770E-0003
 5.73810161135928E+0000	 1.28399780315120E-0003
 5.74444987401375E+0000	 1.02137311217555E-0003
 5.75073549254594E+0000	 7.32790770563282E-0004
 5.75695981117349E+0000	 4.31737440387435E-0004
 5.76312615650131E+0000	 1.28926510639830E-0004
 5.76923842279405E+0000	-1.67343356623758E-0004
 5.77530023957724E+0000	-4.50348137984029E-0004
 5.78131477396292E+0000	-7.14012497571234E-0004
 5.78728502440646E+0000	-9.52202010085284E-0004
 5.79321437004066E+0000	-1.15838255159614E-0003
 5.79910714961354E+0000	-1.32564747417071E-0003
 5.80496911821355E+0000	-1.44702071273767E-0003
 5.81080771717220E+0000	-1.51591763733250E-0003
 5.81663215802723E+0000	-1.52666517267203E-0003
 5.82245335483824E+0000	-1.47502225981298E-0003
 5.82828374347387E+0000	-1.35868302780022E-0003
 5.83413700721832E+0000	-1.17777726374822E-0003
 5.84002769040726E+0000	-9.35397143495068E-0004
 5.84597063263710E+0000	-6.38165769598559E-0004
 5.85198010812757E+0000	-2.96809153476306E-0004
 5.85806853618181E+0000	 7.34142901192848E-0005
 5.86424469598544E+0000	 4.52729544096277E-0004
 5.87051160947816E+0000	 8.17745701382449E-0004
 5.87686466178993E+0000	 1.14361365800893E-0003
 5.88329088215341E+0000	 1.40732641142611E-0003
 5.88977012705264E+0000	 1.59125085802624E-0003
 5.89627798989459E+0000	 1.68555897639158E-0003
 5.90278930707491E+0000	 1.68879622435943E-0003
 5.90928110120577E+0000	 1.60689582427216E-0003
 5.91573454818625E+0000	 1.45142233496884E-0003
 5.92213608450495E+0000	 1.23754187944437E-0003
 5.92847774318209E+0000	 9.81909256834922E-0004
 5.93475669858876E+0000	 7.00704963783869E-0004
 5.94097413481909E+0000	 4.08162326320062E-0004
 5.94713376793231E+0000	 1.15828905804139E-0004
 5.95324042521902E+0000	-1.67427826471867E-0004
 5.95929899403649E+0000	-4.34863343267678E-0004
 5.96531388816087E+0000	-6.81036267170010E-0004
 5.97128901607691E+0000	-9.01009592072130E-0004
 5.97722811584210E+0000	-1.08977870717916E-0003
 5.98313526901915E+0000	-1.24201897230559E-0003
 5.98901542205530E+0000	-1.35214148207903E-0003
 5.99487480120074E+0000	-1.41458316526239E-0003
 6.00072117068906E+0000	-1.42424231563153E-0003
 6.00656392928348E+0000	-1.37698755936152E-0003
 6.01241406078256E+0000	-1.27019768575863E-0003
 6.01828395221162E+0000	-1.10331844855244E-0003
 6.02418707265961E+0000	-8.78441753992312E-0004
 6.03013746949044E+0000	-6.00913196207000E-0004
 6.03614899475955E+0000	-2.79942570432952E-0004
 6.04223414314003E+0000	 7.08868962429450E-0005
 6.04840240754221E+0000	 4.33449014246874E-0004
 6.05465821313378E+0000	 7.85638847798488E-0004
 6.06099883386807E+0000	 1.10310954364161E-0003
 6.06741312895280E+0000	 1.36232248858689E-0003
 6.07388205674970E+0000	 1.54430984123255E-0003
 6.08038127559073E+0000	 1.63780327557951E-0003
 6.08688497296737E+0000	 1.64047215797435E-0003
 6.09336944523149E+0000	 1.55808171456284E-0003
 6.09981545540587E+0000	 1.40240246822175E-0003
 6.10620929782566E+0000	 1.18881912712513E-0003
 6.11254291160473E+0000	 9.34135161584790E-0004
 6.11881332739447E+0000	 6.54745849514070E-0004
 6.12502163885994E+0000	 3.65294171756697E-0004
 6.13117171433881E+0000	 7.79082678067633E-0005
 6.13726890366207E+0000	-1.97967377681597E-0004
 6.14331897048913E+0000	-4.55247811010831E-0004
 6.14932740055550E+0000	-6.88572071832033E-0004
 6.15529913465494E+0000	-8.93568055464758E-0004
 6.16123867743434E+0000	-1.06621041338914E-0003
 6.16715046168009E+0000	-1.20240337588433E-0003
 6.17303932124798E+0000	-1.29783888499560E-0003
 6.17891094535505E+0000	-1.34810878721320E-0003
 6.18477223274995E+0000	-1.34901081578114E-0003
 6.19063150938962E+0000	-1.29698378222651E-0003
 6.19649860057675E+0000	-1.18962391079631E-0003
 6.20238475489300E+0000	-1.02625549652980E-0003
 6.20830240630308E+0000	-8.08544429715121E-0004
 6.21426473621696E+0000	-5.41145042273231E-0004
 6.22028496383833E+0000	-2.32348932560291E-0004
 6.22637526430852E+0000	 1.05355850850215E-0004
 6.23254522376841E+0000	 4.55017609508674E-0004
 6.23879985099218E+0000	 7.95593408376764E-0004
 6.24513744588484E+0000	 1.10339557158911E-0003
 6.25154804749442E+0000	 1.35487272315543E-0003
 6.25801345512722E+0000	 1.53036886835041E-0003
 6.26450943601634E+0000	 1.61766175507801E-0003
 6.27100961291857E+0000	 1.61379711554031E-0003
 6.27748952622340E+0000	 1.52456316576155E-0003
