 9.31181682959320E-0004	-9.25251159094510E-0004
 6.85346390961762E-0003	-1.08259888186608E-0003
 1.27550586551365E-0002	-1.19654559879915E-0003
 1.86433616670990E-0002	-1.26592321493773E-0003
 2.45252625402258E-0002	-1.29037947437669E-0003
 3.04071891906714E-0002	-1.27008447421253E-0003
 3.62952852002913E-0002	-1.20548865485579E-0003
 4.21957028479005E-0002	-1.09720000189939E-0003
 4.81149593534131E-0002	-9.46039253966334E-0004
 5.40602775957556E-0002	-7.53307045437707E-0004
 6.00398210307253E-0002	-5.21265709319776E-0004
 6.60627309079770E-0002	-2.53811897292965E-0004
 7.21388675622450E-0002	 4.27054899267630E-0005
 7.82781358247205E-0002	 3.58603905070765E-0004
 8.44892522258455E-0002	 6.80089691993261E-0004
 9.07778480339929E-0002	 9.88910962062721E-0004
 9.71440007510998E-0002	 1.26296191761158E-0003
 1.03579732812840E-0001	 1.47842075980048E-0003
 1.10067601307507E-0001	 1.61362651972856E-0003
 1.16581725964056E-0001	 1.65390644196857E-0003
 1.23091792271997E-0001	 1.59543435333469E-0003
 1.29568821902055E-0001	 1.44611028014819E-0003
 1.35990240743320E-0001	 1.22298972925298E-0003
 1.42342309192350E-0001	 9.47759168722223E-0004
 1.48619738743793E-0001	 6.42416382715638E-0004
 1.54823650354194E-0001	 3.26485415901106E-0004
 1.60959203733781E-0001	 1.59078830553238E-0005
 1.67033697665602E-0001	-2.76925422821170E-0004
 1.73055359955647E-0001	-5.42635229656921E-0004
 1.79032703042138E-0001	-7.74242510909177E-0004
 1.84974217788812E-0001	-9.66679219881579E-0004
 1.90888215936216E-0001	-1.11644421311399E-0003
 1.96782718536805E-0001	-1.22134969076855E-0003
 2.02665365629268E-0001	-1.28029610724061E-0003
 2.08543367767742E-0001	-1.29304248787942E-0003
 2.14423532334912E-0001	-1.25997643962172E-0003
 2.20312386687346E-0001	-1.18191804654675E-0003
 2.26216396668459E-0001	-1.06000866819873E-0003
 2.32142250310802E-0001	-8.95738621784883E-0004
 2.38097148079521E-0001	-6.91157237801878E-0004
 2.44089017694474E-0001	-4.49286876219613E-0004
 2.50126555343702E-0001	-1.74733662295108E-0004
 2.56218981592642E-0001	 1.25546045292249E-0004
 2.62375383616227E-0001	 4.41413195100580E-0004
 2.68603505956966E-0001	 7.58826370266955E-0004
 2.74907900420916E-0001	 1.05956462872141E-0003
 2.81287548516752E-0001	 1.32190061460615E-0003
 2.87733506876854E-0001	 1.52277135506581E-0003
 2.94227680013834E-0001	 1.64160092939648E-0003
 3.00743996031378E-0001	 1.66495216278670E-0003
 3.07252422328159E-0001	 1.59012876661846E-0003
 3.13724576721738E-0001	 1.42584648943547E-0003
 3.20138556129638E-0001	 1.18961882302459E-0003
 3.26481197042348E-0001	 9.03345177075398E-0004
 3.32747663423095E-0001	 5.89142690912107E-0004
 3.38939470700187E-0001	 2.66644041881581E-0004
 3.45062182868459E-0001	-4.81168518840518E-0005
 3.51123527912913E-0001	-3.42718712477200E-0004
 3.57132154762118E-0001	-6.07842822621101E-0004
 3.63096944492834E-0001	-8.36650975803151E-0004
 3.69026681267588E-0001	-1.02425624155455E-0003
 3.74929904553542E-0001	-1.16733569685847E-0003
 3.80814830953145E-0001	-1.26385204975517E-0003
 3.86689303244305E-0001	-1.31283044891226E-0003
 3.92560771319339E-0001	-1.31415380411722E-0003
 3.98436328431088E-0001	-1.26837091853559E-0003
 4.04322821823625E-0001	-1.17653986863923E-0003
 4.10227038976272E-0001	-1.04014652622924E-0003
 4.16155947241353E-0001	-8.61143930467610E-0004
 4.22116939628189E-0001	-6.42153871149646E-0004
 4.28118014412910E-0001	-3.86858137464270E-0004
 4.34167792052525E-0001	-1.00582665958444E-0004
 4.40275249712755E-0001	 2.08959522311247E-0004
 4.46449033037585E-0001	 5.30860624065765E-0004
 4.52696201690043E-0001	 8.50341512958776E-0004
 4.59020330624680E-0001	 1.14856049528275E-0003
 4.65419117243498E-0001	 1.40343305688927E-0003
 4.71882105781767E-0001	 1.59199573499977E-0003
 4.78389686741550E-0001	 1.69439099074255E-0003
 4.84914620531033E-0001	 1.69851857865106E-0003
 4.91426367065861E-0001	 1.60338880567439E-0003
 4.97896781064658E-0001	 1.41938083584272E-0003
 5.04304744467278E-0001	 1.16527630473736E-0003
 5.10638098409636E-0001	 8.63723607079633E-0004
 5.16892965716755E-0001	 5.37157033582992E-0004
 5.23071658274015E-0001	 2.05261604522912E-0004
 5.29180372253261E-0001	-1.16005595078456E-0004
 5.35227343267695E-0001	-4.14358282872215E-0004
 5.41221636778677E-0001	-6.80643916232932E-0004
 5.47172476458972E-0001	-9.08208595456569E-0004
 5.53088925967153E-0001	-1.09235355961337E-0003
 5.58979755933220E-0001	-1.22993302559193E-0003
 5.64853386607361E-0001	-1.31906690123994E-0003
 5.70717859501622E-0001	-1.35891893826573E-0003
 5.76580837310914E-0001	-1.34950323774790E-0003
 5.82449652331156E-0001	-1.29151042529011E-0003
 5.88331421359083E-0001	-1.18617307011036E-0003
 5.94233227662149E-0001	-1.03520807473368E-0003
 6.00162347229101E-0001	-8.40879216048817E-0004
 6.06126472799231E-0001	-6.06218285015779E-0004
 6.12133865608564E-0001	-3.35431064068746E-0004
 6.18193339069732E-0001	-3.44933857446694E-0005
 6.24313949555993E-0001	 2.88094378677826E-0004
 6.30504242089046E-0001	 6.20493007911782E-0004
 6.36770895646053E-0001	 9.46866432202928E-0004
 6.43116694386839E-0001	 1.24727374943801E-0003
 6.49538019887304E-0001	 1.49868397083874E-0003
 6.56022577985985E-0001	 1.67765751397772E-0003
 6.62548640503451E-0001	 1.76467598829599E-0003
 6.69087067314852E-0001	 1.74894741316227E-0003
 6.75606183765115E-0001	 1.63152830505118E-0003
 6.82077746449530E-0001	 1.42502483175107E-0003
 6.88481419898998E-0001	 1.15005877457455E-0003
 6.94806285771829E-0001	 8.30441098015150E-0004
 7.01049751789990E-0001	 4.89117621459166E-0004
 7.07215216259383E-0001	 1.45832847806045E-0004
 7.13309694054010E-0001	-1.83633862446750E-0004
 7.19342003586881E-0001	-4.87258898189789E-0004
 7.25321621114933E-0001	-7.56155339235803E-0004
 7.31258068663785E-0001	-9.83903539496873E-0004
 7.37160641383080E-0001	-1.16599814283387E-0003
 7.43038307946130E-0001	-1.29944838458381E-0003
 7.48899677266271E-0001	-1.38249992787015E-0003
 7.54752985929666E-0001	-1.41442588588939E-0003
 7.60606106660186E-0001	-1.39534675714373E-0003
 7.66466600885723E-0001	-1.32606801420860E-0003
 7.72341837429246E-0001	-1.20795520508539E-0003
 7.78239180250194E-0001	-1.04288803494824E-0003
 7.84166220664573E-0001	-8.33341448027431E-0004
 7.90131002201608E-0001	-5.82634715280396E-0004
 7.96142161891304E-0001	-2.95373935222067E-0004
 8.02208886553187E-0001	 2.19093250399960E-0005
 8.08340551784159E-0001	 3.59958209798496E-0004
 8.14545878862931E-0001	 7.05936637328956E-0004
 8.20831439047602E-0001	 1.04276144290506E-0003
 8.27199430244485E-0001	 1.34906492619477E-0003
 8.33644969555217E-0001	 1.60043155892365E-0003
 8.40153749750398E-0001	 1.77248956291567E-0003
 8.46701524624949E-0001	 1.84573304964068E-0003
 8.53256745526499E-0001	 1.81060637945698E-0003
 8.59786166295115E-0001	 1.67040388447383E-0003
 8.66261206682399E-0001	 1.44029921421512E-0003
 8.72662284871745E-0001	 1.14309642329829E-0003
 8.78979835117233E-0001	 8.04017444224605E-0004
 8.85212718055659E-0001	 4.46646103684473E-0004
 8.91365575718486E-0001	 9.08068190343039E-0005
 8.97446348658930E-0001	-2.47947421058040E-0004
 9.03464481639680E-0001	-5.57931329681829E-0004
 9.09429850058208E-0001	-8.30591170174949E-0004
 9.15352227781266E-0001	-1.05978002638135E-0003
 9.21241082712306E-0001	-1.24118923547490E-0003
 9.27105528603079E-0001	-1.37195606129753E-0003
 9.32954326286497E-0001	-1.45040521468129E-0003
 9.38795889789404E-0001	-1.47586433244581E-0003
 9.44638300090477E-0001	-1.44850654387697E-0003
 9.50489354792308E-0001	-1.36920370539658E-0003
 9.56356683408561E-0001	-1.23940891609945E-0003
 9.62247938227676E-0001	-1.06111439214313E-0003
 9.68171038114621E-0001	-8.36941914644302E-0004
 9.74134407922843E-0001	-5.70416001930728E-0004
 9.80147126249555E-0001	-2.66449600335596E-0004
 9.86218867228006E-0001	 6.79566762793988E-0005
 9.92359490647079E-0001	 4.22843330235752E-0004
 9.98578099550891E-0001	 7.84369082681567E-0004
 1.00488137657580E+0000	 1.13410578087452E-0003
 1.01127111908825E+0000	 1.44905517337880E-0003
 1.01774126717862E+0000	 1.70312048701989E-0003
 1.02427543048596E+0000	 1.87067161783808E-0003
 1.03084661340040E+0000	 1.93196787383968E-0003
 1.03742055126134E+0000	 1.87861157359321E-0003
 1.04396217008075E+0000	 1.71622137653969E-0003
 1.05044241945047E+0000	 1.46269945688270E-0003
 1.05684244407891E+0000	 1.14317755412365E-0003
 1.06315405666444E+0000	 7.84383403572176E-0004
 1.06937761113161E+0000	 4.10587560360507E-0004
 1.07551903035457E+0000	 4.17090336315694E-0005
 1.08158720455945E+0000	-3.06935374399487E-0004
 1.08759220834329E+0000	-6.24022753182393E-0004
 1.09354429627592E+0000	-9.01358374633015E-0004
 1.09945345377203E+0000	-1.13308362959995E-0003
 1.10532926880850E+0000	-1.31508339966816E-0003
 1.11118094530759E+0000	-1.44459753255530E-0003
 1.11701734893616E+0000	-1.51998331785388E-0003
 1.12284703999511E+0000	-1.54056087578506E-0003
 1.12867829688456E+0000	-1.50648683988441E-0003
 1.13451916215593E+0000	-1.41863254816631E-0003
 1.14037754851778E+0000	-1.27848066398490E-0003
 1.14626142456108E+0000	-1.08808758760916E-0003
 1.15217906466852E+0000	-8.50177493889856E-0004
 1.15813930491264E+0000	-5.68431104686875E-0004
 1.16415170710635E+0000	-2.48009966565645E-0004
 1.17022649928839E+0000	 1.03679137054389E-0004
 1.17637412656060E+0000	 4.76026856773789E-0004
 1.18260420926625E+0000	 8.54207766767436E-0004
 1.18892369748055E+0000	 1.21841519746609E-0003
 1.19533413487612E+0000	 1.54391662138180E-0003
 1.20182837953840E+0000	 1.80276448838642E-0003
 1.20838796227400E+0000	 1.96787268031696E-0003
 1.21498304930529E+0000	 2.01910500174251E-0003
 1.22157653126955E+0000	 1.94914688476057E-0003
 1.22813140766499E+0000	 1.76593764612694E-0003
 1.23461810999834E+0000	 1.49011658343737E-0003
 1.24101847899943E+0000	 1.14912856682649E-0003
 1.24732565954890E+0000	 7.71181375277097E-0004
 1.25354143626818E+0000	 3.81221081059433E-0004
 1.25967295221994E+0000	-7.27055514530915E-0007
 1.26573000177651E+0000	-3.59557531810646E-0004
 1.27172325881674E+0000	-6.84285053010514E-0004
 1.27766333305866E+0000	-9.67056193377720E-0004
 1.28356039483901E+0000	-1.20228882369563E-0003
 1.28942411775608E+0000	-1.38604898308800E-0003
 1.29526375379203E+0000	-1.51565804562017E-0003
 1.30108822894723E+0000	-1.58946948217115E-0003
 1.30690621177848E+0000	-1.60674150842835E-0003
 1.31272615629034E+0000	-1.56754498048072E-0003
 1.31855635114730E+0000	-1.47267535149112E-0003
 1.32440501669543E+0000	-1.32357518000546E-0003
 1.33028047833444E+0000	-1.12231068584399E-0003
 1.33619141105404E+0000	-8.71671754777141E-0004
 1.34214710260939E+0000	-5.75470176373172E-0004
 1.34815763267998E+0000	-2.39092097747212E-0004
 1.35423381964375E+0000	 1.29679706775874E-0004
 1.36038674360608E+0000	 5.19620955791900E-0004
 1.36662661305730E+0000	 9.14950968138336E-0004
 1.37296073578463E+0000	 1.29449192080085E-0003
 1.37939049819477E+0000	 1.63175066879887E-0003
 1.38590775870469E+0000	 1.89686880748351E-0003
 1.39249202270173E+0000	 2.06122626707705E-0003
 1.39911064751040E+0000	 2.10421696189831E-0003
 1.40572370577384E+0000	 2.01954186065824E-0003
 1.41229230308053E+0000	 1.81737650824013E-0003
 1.41878636446516E+0000	 1.52097648105735E-0003
 1.42518838018474E+0000	 1.15996161953640E-0003
 1.43149271692276E+0000	 7.63910234956222E-0004
 1.43770244691019E+0000	 3.58396793296534E-0004
 1.44382579943368E+0000	-3.64305333035378E-0005
 1.44987337576571E+0000	-4.05620122884586E-0004
 1.45585639425330E+0000	-7.38455223143538E-0004
 1.46178579687925E+0000	-1.02736446960791E-0003
 1.46767193098033E+0000	-1.26700177494338E-0003
 1.47352454728871E+0000	-1.45359049104830E-0003
 1.47935292730914E+0000	-1.58451683162554E-0003
 1.48516602725418E+0000	-1.65810884945405E-0003
 1.49097258841453E+0000	-1.67352618799893E-0003
 1.49678121105121E+0000	-1.63069792821449E-0003
 1.50260041938429E+0000	-1.53027235713980E-0003
 1.50843875773853E+0000	-1.37357721214590E-0003
 1.51430495053206E+0000	-1.16262571635876E-0003
 1.52020813051697E+0000	-9.00234273742193E-0004
 1.52615809320454E+0000	-5.90332040519796E-0004
 1.53216547832284E+0000	-2.38532542154629E-0004
 1.53824171988898E+0000	 1.47000588826912E-0004
 1.54439854860678E+0000	 5.54432484459168E-0004
 1.55064677848116E+0000	 9.67043416812721E-0004
 1.55699410236826E+0000	 1.36230749424728E-0003
 1.56344178847785E+0000	 1.71199498468635E-0003
 1.56998074685376E+0000	 1.98436098999053E-0003
 1.57658853067274E+0000	 2.14927646140711E-0003
 1.58322980083873E+0000	 2.18567414034991E-0003
 1.58986196116432E+0000	 2.08822076511886E-0003
 1.59644436031870E+0000	 1.86918442568425E-0003
 1.60294647061498E+0000	 1.55421757819860E-0003
 1.60935136691461E+0000	 1.17488927870348E-0003
 1.61565447754973E+0000	 7.61986628377955E-0004
 1.62185996365305E+0000	 3.41647492204375E-0004
 1.62797695837467E+0000	-6.58326999151153E-0005
 1.63401673796320E+0000	-4.45573655464353E-0004
 1.63999099343097E+0000	-7.87023500273966E-0004
 1.64591097778810E+0000	-1.08279846755239E-0003
 1.65178722469370E+0000	-1.32772041609796E-0003
 1.65762958012179E+0000	-1.51813155542651E-0003
 1.66344736491906E+0000	-1.65146641296679E-0003
 1.66924955842992E+0000	-1.72601899073131E-0003
 1.67504495180448E+0000	-1.74083450831541E-0003
 1.68084226258091E+0000	-1.69566612607411E-0003
 1.68665023020812E+0000	-1.59095962753454E-0003
 1.69247772554176E+0000	-1.42785860527249E-0003
 1.69833390471314E+0000	-1.20825556009497E-0003
 1.70422841676924E+0000	-9.34945266906359E-0004
 1.71017163388579E+0000	-6.11957614816222E-0004
 1.71617481505959E+0000	-2.45147841614669E-0004
 1.72225004438613E+0000	 1.56907279520927E-0004
 1.72840970926929E+0000	 5.81730753176975E-0004
 1.73466521437944E+0000	 1.01164867327053E-0003
 1.74102461411347E+0000	 1.42279697841317E-0003
 1.74748903907982E+0000	 1.78524892343290E-0003
 1.75404845369178E+0000	 2.06544667737549E-0003
 1.76067851644143E+0000	 2.23185334174397E-0003
 1.76734133934515E+0000	 2.26302563480454E-0003
 1.77399188286779E+0000	 2.15458367671761E-0003
 1.78058795180326E+0000	 1.92072419411833E-0003
 1.78709865689058E+0000	 1.58922209936926E-0003
 1.79350758843275E+0000	 1.19331800866243E-0003
 1.79981105136166E+0000	 7.64816013754884E-0004
 1.80601406924183E+0000	 3.30341962017802E-0004
 1.81212647232863E+0000	-8.96350540014249E-0005
 1.81816006011632E+0000	-4.80212516356823E-0004
 1.82412691132088E+0000	-8.30881231438408E-0004
 1.83003856528275E+0000	-1.13432727043351E-0003
 1.83590575924385E+0000	-1.38544916469531E-0003
 1.84173847073634E+0000	-1.58065196915561E-0003
 1.84754609442836E+0000	-1.71739438137384E-0003
 1.85333765131333E+0000	-1.79393201018248E-0003
 1.85912198010133E+0000	-1.80919504927536E-0003
 1.86490789720745E+0000	-1.76274882609201E-0003
 1.87070433522322E+0000	-1.65480403861756E-0003
 1.87652048181358E+0000	-1.48626675942207E-0003
 1.88236594122003E+0000	-1.25884485910383E-0003
 1.88825092636796E+0000	-9.75255009418501E-0004
 1.89418645726083E+0000	-6.39597612944420E-0004
 1.90018448810671E+0000	-2.57976592786404E-0004
 1.90625781124170E+0000	 1.60576842556538E-0004
 1.91241949440546E+0000	 6.02883855122726E-0004
 1.91868151693108E+0000	 1.05026050348852E-0003
 1.92505224515714E+0000	 1.47747446184736E-0003
 1.93153260403441E+0000	 1.85291759261923E-0003
 1.93811155517834E+0000	 2.14129791378028E-0003
 1.94476286895628E+0000	 2.30981152134198E-0003
 1.95144623712631E+0000	 2.33678725963296E-0003
 1.95811442415148E+0000	 2.21884392778835E-0003
 1.96472394870733E+0000	 1.97196981489174E-0003
 1.97124369024943E+0000	 1.62578358399212E-0003
 1.97765770585293E+0000	 1.21490249139815E-0003
 1.98396299843753E+0000	 7.71939896267294E-0004
 1.99016522772588E+0000	 3.23922506510890E-0004
 1.99627471091528E+0000	-1.08489699503991E-0004
 2.00230361144043E+0000	-5.10284751551934E-0004
 2.00826429974932E+0000	-8.70874681241899E-0004
 2.01416856593293E+0000	-1.18289063920585E-0003
 2.02002736214627E+0000	-1.44120253160584E-0003
 2.02585083650124E+0000	-1.64220491335712E-0003
 2.03164850426695E+0000	-1.78334121023784E-0003
 2.03742946632072E+0000	-1.86281621070706E-0003
 2.04320262894334E+0000	-1.87944698433825E-0003
 2.04897690764124E+0000	-1.83261249365180E-0003
 2.05476141506969E+0000	-1.72227653337705E-0003
 2.06056564217858E+0000	-1.54907550486051E-0003
 2.06639964282571E+0000	-1.31448200154995E-0003
 2.07227422287469E+0000	-1.02107710938050E-0003
 2.07820111026571E+0000	-6.72986166156772E-0004
 2.08419303632092E+0000	-2.76547181002226E-0004
 2.09026358478750E+0000	 1.58726849493022E-0004
 2.09642656320884E+0000	 6.18888883337969E-0004
 2.10269454049761E+0000	 1.08415672698724E-0003
 2.10907615469932E+0000	 1.52784759429348E-0003
 2.11557203412985E+0000	 1.91663146137932E-0003
 2.12217002559679E+0000	 2.21352192959207E-0003
 2.12884194589748E+0000	 2.38458588343940E-0003
 2.13554513259745E+0000	 2.40811080657556E-0003
 2.14223037285357E+0000	 2.28182354023344E-0003
 2.14885316762190E+0000	 2.02342865644073E-0003
 2.15538233060186E+0000	 1.66414899149218E-0003
 2.16180237712157E+0000	 1.23969683876007E-0003
 2.16811086266470E+0000	 7.83282256466628E-0004
 2.17431387977073E+0000	 3.22230874610977E-0004
 2.18042203491690E+0000	-1.22609009337115E-0004
 2.18644769792647E+0000	-5.36049734516340E-0004
 2.19240342635585E+0000	-9.07320689348569E-0004
 2.19830120923003E+0000	-1.22888272255094E-0003
 2.20415220658293E+0000	-1.49547012707068E-0003
 2.20996676202187E+0000	-1.70338151503415E-0003
 2.21575455335426E+0000	-1.84998723804367E-0003
 2.22152480589107E+0000	-1.93341045751815E-0003
 2.22728652908833E+0000	-1.95234494929361E-0003
 2.23304875741863E+0000	-1.90598337187318E-0003
 2.23882078712558E+0000	-1.79404077157310E-0003
 2.24461240571468E+0000	-1.61686928375855E-0003
 2.25043411160555E+0000	-1.37567288904233E-0003
 2.25629731497167E+0000	-1.07284719277482E-0003
 2.26221449178880E+0000	-7.12487880366390E-0004
 2.26819922292189E+0000	-3.01127222714859E-0004
 2.27426597874936E+0000	 1.51244259679769E-0004
 2.28042940203720E+0000	 6.29866431439559E-0004
 2.28670271631829E+0000	 1.11376598030442E-0003
 2.29309483587853E+0000	 1.57468963300256E-0003
 2.29960601898852E+0000	 1.97748125074654E-0003
 2.30622286208535E+0000	 2.28343159598313E-0003
 2.31291510176800E+0000	 2.45757157966401E-0003
 2.31963771142611E+0000	 2.47833272728509E-0003
 2.32633965935757E+0000	 2.34470066553712E-0003
 2.33297567381123E+0000	 2.07608407311385E-0003
 2.33951468306780E+0000	 1.70512795509516E-0003
 2.34594168985557E+0000	 1.26839180237396E-0003
 2.35225469824285E+0000	 7.99477186400711E-0004
 2.35846006353089E+0000	 3.25895083908772E-0004
 2.36456850482946E+0000	-1.31342797946933E-0004
 2.37059244870354E+0000	-5.56833862331728E-0004
 2.37654452997765E+0000	-9.39547441598204E-0004
 2.38243686794857E+0000	-1.27167915804646E-0003
 2.38828079912474E+0000	-1.54773037605492E-0003
 2.39408686195316E+0000	-1.76381497318467E-0003
 2.39986491866043E+0000	-1.91715749346730E-0003
 2.40562435393136E+0000	-2.00574696039380E-0003
 2.41137431841501E+0000	-2.02812190024374E-0003
 2.41712399753837E+0000	-1.98327337685112E-0003
 2.42288289079510E+0000	-1.87066118818573E-0003
 2.42866108819727E+0000	-1.69034498530617E-0003
 2.43446953003932E+0000	-1.44323979091307E-0003
 2.44032023097280E+0000	-1.13151687585604E-0003
 2.44622643332249E+0000	-7.59186665565000E-0004
 2.45220261755870E+0000	-3.32915640890213E-0004
 2.45826422729926E+0000	 1.36871137175682E-0004
 2.46442685355763E+0000	 6.34601754924098E-0004
 2.47070448663593E+0000	 1.13805387788009E-0003
 2.47710638791868E+0000	 1.61728865363032E-0003
 2.48363243579108E+0000	 2.03518548478743E-0003
 2.49026787698389E+0000	 2.35121843030740E-0003
 2.49698023588710E+0000	 2.52940180627379E-0003
 2.50372206884547E+0000	 2.54844094706528E-0003
 2.51044062274946E+0000	 2.40871103012329E-0003
 2.51709004448851E+0000	 2.13132983099914E-0003
 2.52363953070839E+0000	 1.75022141921934E-0003
 2.53007460417576E+0000	 1.30258216042356E-0003
 2.53639363492615E+0000	 8.22220824157527E-0004
 2.54260309571285E+0000	 3.36722291155007E-0004
 2.54871366095636E+0000	-1.32775045479881E-0004
 2.55473767432136E+0000	-5.70634695723444E-0004
 2.56068773691959E+0000	-9.65512381725236E-0004
 2.56657601695984E+0000	-1.30926587151804E-0003
 2.57241397355270E+0000	-1.59608179244321E-0003
 2.57821231138360E+0000	-1.82180524064968E-0003
 2.58398107143503E+0000	-1.98343491846892E-0003
 2.58972981130166E+0000	-2.07875582642035E-0003
 2.59546784942574E+0000	-2.10609653581590E-0003
 2.60120455350380E+0000	-2.06420915942048E-0003
 2.60694965330454E+0000	-1.95227599701012E-0003
 2.61271355703775E+0000	-1.77004993053672E-0003
 2.61850764910876E+0000	-1.51813985241379E-0003
 2.62434454248494E+0000	-1.19846116001922E-0003
 2.63023824382800E+0000	-8.14885594532198E-0004
 2.63620415270364E+0000	-3.74139837354503E-0004
 2.64225874315273E+0000	 1.12997856807807E-0004
 2.64841865613082E+0000	 6.30208125241607E-0004
 2.65469878430445E+0000	 1.15403806793074E-0003
 2.66110887372138E+0000	 1.65281584645300E-0003
 2.66764851654844E+0000	 2.08735063428606E-0003
 2.67430162753043E+0000	 2.41518297683175E-0003
 2.68103348282334E+0000	 2.59924797971088E-0003
 2.68779421025219E+0000	 2.61853352150077E-0003
 2.69452940498727E+0000	 2.47481597144354E-0003
 2.70119274595778E+0000	 2.19085216657109E-0003
 2.70775376642892E+0000	 1.80168550825168E-0003
 2.71419848243515E+0000	 1.34496136519931E-0003
 2.72052552090676E+0000	 8.54543810929083E-0004
 2.72674132276864E+0000	 3.58004494570751E-0004
 2.73285636623932E+0000	-1.23417271214624E-0004
 2.73888277906486E+0000	-5.73833305474294E-0004
 2.74483301954311E+0000	-9.81542003193614E-0004
 2.75071921740513E+0000	-1.33800473710241E-0003
 2.75655288569285E+0000	-1.63702499258648E-0003
 2.76234484471884E+0000	-1.87410322295171E-0003
 2.76810528287965E+0000	-2.04593220849049E-0003
 2.77384391935746E+0000	-2.15001407253456E-0003
 2.77957024705301E+0000	-2.18439662101844E-0003
 2.78529383470877E+0000	-2.14753615995428E-0003
 2.79102466422170E+0000	-2.03829697547711E-0003
 2.79677347703309E+0000	-1.85609796134304E-0003
 2.80255210241692E+0000	-1.60121909634031E-0003
 2.80837373652409E+0000	-1.27528844356153E-0003
 2.81425312599488E+0000	-8.81985053792754E-0004
 2.82020657126163E+0000	-4.28009525293281E-0004
 2.82625158631329E+0000	 7.56256628247950E-0005
 2.83240592163614E+0000	 6.11992534856512E-0004
 2.83868549657090E+0000	 1.15653967826894E-0003
 2.84510072851209E+0000	 1.67595228739230E-0003
 2.85165114778035E+0000	 2.12898663680664E-0003
 2.85831956020732E+0000	 2.47118540049381E-0003
 2.86506918561671E+0000	 2.66427392526362E-0003
 2.87184787532527E+0000	 2.68734184033416E-0003
 2.87859967301234E+0000	 2.54333657844357E-0003
 2.88527780701593E+0000	 2.25638865562849E-0003
 2.89185206400869E+0000	 1.86240656024183E-0003
 2.89830879092974E+0000	 1.39929031697698E-0003
 2.90464667340941E+0000	 9.00845678623351E-0004
 2.91087192550241E+0000	 3.94591172190506E-0004
 2.91699466039690E+0000	-9.81203264448827E-0005
 2.92302665402204E+0000	-5.61106816139655E-0004
 2.92898011432411E+0000	-9.82254585782029E-0004
 2.93486704480779E+0000	-1.35256892044201E-0003
 2.94069893805858E+0000	-1.66540618999406E-0003
 2.94648666733958E+0000	-1.91585201245378E-0003
 2.95224051966683E+0000	-2.10021647785644E-0003
 2.95797034391109E+0000	-2.21563867964741E-0003
 2.96368579315472E+0000	-2.25980834783617E-0003
 2.96939663703054E+0000	-2.23081847565590E-0003
 2.97511311566161E+0000	-2.12716232320459E-0003
 2.98084630547405E+0000	-1.94788603546292E-0003
 2.98660846762961E+0000	-1.69290949743761E-0003
 2.99241334709265E+0000	-1.36353683033697E-0003
 2.99827637520034E+0000	-9.63194766880216E-0004
 3.00421468738143E+0000	-4.98456250148514E-0004
 3.01024678293409E+0000	 1.95911821811389E-0005
 3.01639151195592E+0000	 5.73633998673174E-0004
 3.02266589798106E+0000	 1.13829819242454E-0003
 3.02908123867912E+0000	 1.67891676514238E-0003
 3.03563736983064E+0000	 2.15242656188366E-0003
 3.04231649441568E+0000	 2.51244957717925E-0003
 3.04908032843826E+0000	 2.71933373201585E-0003
 3.05587489238543E+0000	 2.75184249462930E-0003
 3.06264287592826E+0000	 2.61350560944063E-0003
 3.06933696904071E+0000	 2.32925060869946E-0003
 3.07592692271212E+0000	 1.93542553072353E-0003
 3.08239905177800E+0000	 1.46995034007313E-0003
 3.08875175706672E+0000	 9.66493604482779E-0004
 3.09499074398059E+0000	 4.52541297566986E-0004
 3.10112554830610E+0000	-5.03689767983542E-0005
 3.10716744104957E+0000	-5.25673711408390E-0004
 3.11312826841002E+0000	-9.60761880850128E-0004
 3.11901982065466E+0000	-1.34610586445015E-0003
 3.12485349549086E+0000	-1.67454379595723E-0003
 3.13064015277162E+0000	-1.94067549655798E-0003
 3.13639012088443E+0000	-2.14035393220419E-0003
 3.14211333334658E+0000	-2.27027781023760E-0003
 3.14781957213557E+0000	-2.32770290316251E-0003
 3.15351878786614E+0000	-2.31029053016111E-0003
 3.15922146342025E+0000	-2.21610676613313E-0003
 3.16493898875859E+0000	-2.04378152009106E-0003
 3.17068401792007E+0000	-1.79283801180846E-0003
 3.17647077842875E+0000	-1.46421385373694E-0003
 3.18231528845530E+0000	-1.06101490195472E-0003
 3.18823539382301E+0000	-5.89565773098679E-0004
 3.19425044695798E+0000	-6.08263353834252E-0005
 3.20038029809161E+0000	 5.07817325384860E-0004
 3.20664307705254E+0000	 1.09060521311913E-0003
 3.21305116345820E+0000	 1.65205009114673E-0003
 3.21960520059787E+0000	 2.14778807803219E-0003
 3.22628761745269E+0000	 2.52981791330692E-0003
 3.23305962905414E+0000	 2.75695055839236E-0003
 3.23986626440108E+0000	 2.80692943021762E-0003
 3.24664921629468E+0000	 2.68285247160324E-0003
 3.25336045686002E+0000	 2.40948356326797E-0003
 3.25996919028816E+0000	 2.02295967132402E-0003
 3.26646110944762E+0000	 1.56091247804155E-0003
 3.27283381429434E+0000	 1.05681114781017E-0003
 3.27909210798031E+0000	 5.38182597147865E-0004
 3.28524467172730E+0000	 2.68789644447828E-0005
 3.29130208491657E+0000	-4.60016173231885E-0004
 3.29727570564465E+0000	-9.09270579344926E-0004
 3.30317701871776E+0000	-1.31072060684400E-0003
 3.30901725111366E+0000	-1.65659952791446E-0003
 3.31480718137917E+0000	-1.94094351289770E-0003
 3.32055711787773E+0000	-2.15907340673388E-0003
 3.32627702540419E+0000	-2.30717371245390E-0003
 3.33197677018391E+0000	-2.38199588307783E-0003
 3.33766644525058E+0000	-2.38070679323533E-0003
 3.34335673700129E+0000	-2.30089331021225E-0003
 3.34905929884456E+0000	-2.14072732600235E-0003
 3.35478710497395E+0000	-1.89929762513481E-0003
 3.36055475904366E+0000	-1.57712814910185E-0003
 3.36637871849188E+0000	-1.17692555994991E-0003
 3.37227735128519E+0000	-7.04625372653841E-0004
 3.37827064962184E+0000	-1.70815213181269E-0004
 3.38437926857628E+0000	 4.07442661221445E-0004
 3.39062235555026E+0000	 1.00458984149092E-0003
 3.39701353656727E+0000	 1.58508773061556E-0003
 3.40355485801296E+0000	 2.10409129959150E-0003
 3.41023009167264E+0000	 2.51253920000241E-0003
 3.41700139981739E+0000	 2.76762055939556E-0003
 3.42381408618289E+0000	 2.84516024057367E-0003
 3.43060942065453E+0000	 2.74641958668257E-0003
 3.43733844696637E+0000	 2.49465874369934E-0003
 3.44396914062279E+0000	 2.12490950253724E-0003
 3.45048579163955E+0000	 1.67410077945762E-0003
 3.45688452872542E+0000	 1.17541813420060E-0003
 3.46316874951479E+0000	 6.56519257350794E-0004
 3.46934592934494E+0000	 1.39730342939594E-0004
 3.47542572065849E+0000	-3.57174630448649E-0004
 3.48141883647642E+0000	-8.20189827381682E-0004
 3.48733634547574E+0000	-1.23838996946593E-0003
 3.49318921698180E+0000	-1.60330156776984E-0003
 3.49898807260400E+0000	-1.90831130039932E-0003
 3.50474313155389E+0000	-2.14813138928538E-0003
 3.51046432619273E+0000	-2.31836179735767E-0003
 3.51616154757370E+0000	-2.41518577437667E-0003
 3.52184497242498E+0000	-2.43522022723771E-0003
 3.52752542574090E+0000	-2.37552669899355E-0003
 3.53321474357404E+0000	-2.23378022075770E-0003
 3.53892611234648E+0000	-2.00859641185611E-0003
 3.54467436566306E+0000	-1.70003313715989E-0003
 3.55047620700518E+0000	-1.31030943863844E-0003
 3.55635028371960E+0000	-8.44813726635767E-0004
 3.56231694732701E+0000	-3.13486299495368E-0004
 3.56839738130037E+0000	 2.67387217860138E-0004
 3.57461157426120E+0000	 8.73139914931042E-0004
 3.58097449640054E+0000	 1.46912056916711E-0003
 3.58749020198641E+0000	 2.01106276306341E-0003
 3.59414507313870E+0000	 2.44966872937450E-0003
 3.60090397482231E+0000	 2.74058795040226E-0003
 3.60771411910769E+0000	 2.85679502588330E-0003
 3.61451719624176E+0000	 2.79608939132668E-0003
 3.62126320331835E+0000	 2.57860890751705E-0003
 3.62791816684884E+0000	 2.23716533564047E-0003
 3.63446410834168E+0000	 1.80743377180142E-0003
 3.64089493104398E+0000	 1.32215300690149E-0003
 3.64721205044989E+0000	 8.09153325917358E-0004
 3.65342131976381E+0000	 2.91365796920037E-0004
 3.65953117263289E+0000	-2.12588497544779E-0004
 3.66555147381455E+0000	-6.87780543049231E-0004
 3.67149272995757E+0000	-1.12239532353196E-0003
 3.67736553973049E+0000	-1.50714793609106E-0003
 3.68318027171469E+0000	-1.83468985144672E-0003
 3.68894696814470E+0000	-2.09905203929540E-0003
 3.69467544515977E+0000	-2.29518626205112E-0003
 3.70037553587930E+0000	-2.41865116087827E-0003
 3.70605741488451E+0000	-2.46546414160178E-0003
 3.71173195062786E+0000	-2.43211787074529E-0003
 3.71741104911984E+0000	-2.31574970412723E-0003
 3.72310796919512E+0000	-2.11445683270193E-0003
 3.72883759755457E+0000	-1.82776859775813E-0003
 3.73461666116652E+0000	-1.45731631212884E-0003
 3.74046381438497E+0000	-1.00777205325554E-0003
 3.74639945370156E+0000	-4.88144224596115E-0004
 3.75244496948573E+0000	 8.65202136275865E-0005
 3.75862095000047E+0000	 6.93152653868348E-0004
 3.76494371571671E+0000	 1.29897229101379E-0003
 3.77141982633646E+0000	 1.86145650269498E-0003
 3.77803946860285E+0000	 2.33209134452605E-0003
 3.78477201075195E+0000	 2.66533301747511E-0003
 3.79156841528198E+0000	 2.83059713316246E-0003
 3.79837193339089E+0000	 2.82066339946555E-0003
 3.80513164995763E+0000	 2.65084176406666E-0003
 3.81181107157518E+0000	 2.35045873305106E-0003
 3.81838915831142E+0000	 1.95323778073810E-0003
 3.82485686481303E+0000	 1.49117645513154E-0003
 3.83121304806104E+0000	 9.92200260381206E-0004
 3.83746149522577E+0000	 4.79874147968740E-0004
 3.84360908329800E+0000	-2.62536733816088E-0005
 3.84966457485906E+0000	-5.10232533930679E-0004
 3.85563772303653E+0000	-9.59262212600973E-0004
 3.86153860513595E+0000	-1.36316510198052E-0003
 3.86737720825009E+0000	-1.71379236495168E-0003
 3.87316327841644E+0000	-2.00444124114179E-0003
 3.87890639798849E+0000	-2.22937020101666E-0003
 3.88461622216678E+0000	-2.38347114149593E-0003
 3.89030279809596E+0000	-2.46211979755427E-0003
 3.89597690366565E+0000	-2.46119548955579E-0003
 3.90165036726869E+0000	-2.37724822358322E-0003
 3.90733635269241E+0000	-2.20779678366909E-0003
 3.91304960496959E+0000	-1.95176268892207E-0003
 3.91880664503674E+0000	-1.61007576980919E-0003
 3.92462586497055E+0000	-1.18651929532928E-0003
 3.93052740018343E+0000	-6.88901577716948E-0004
 3.93653252749918E+0000	-1.30615043288052E-0004
 3.94266216159197E+0000	 4.67495302723836E-0004
 3.94893387429660E+0000	 1.07539966379346E-0003
 3.95535701110904E+0000	 1.65342016293284E-0003
 3.96192644729279E+0000	 2.15493060821969E-0003
 3.96861758975955E+0000	 2.53385667820423E-0003
 3.97538696973143E+0000	 2.75581574453274E-0003
 3.98218080259571E+0000	 2.80739740109122E-0003
 3.98894777488376E+0000	 2.69752952530551E-0003
 3.99564862354092E+0000	 2.45075336762518E-0003
 4.00225867921432E+0000	 2.09803265644419E-0003
 4.00876538176875E+0000	 1.67019263635543E-0003
 4.01516455475094E+0000	 1.19502359769770E-0003
 4.02145752023556E+0000	 6.96599327964490E-0004
 4.02764925860058E+0000	 1.95341874784519E-0004
 4.03374714872754E+0000	-2.91779530793648E-0004
 4.03975996512008E+0000	-7.50958252647743E-0004
 4.04569708212401E+0000	-1.17110139085629E-0003
 4.05156794751817E+0000	-1.54324749476880E-0003
 4.05738185877337E+0000	-1.85995771196016E-0003
 4.06314800592460E+0000	-2.11479712605622E-0003
 4.06887569739151E+0000	-2.30198370908986E-0003
 4.07457467464638E+0000	-2.41623010469988E-0003
 4.08025544014419E+0000	-2.45276295087924E-0003
 4.08592955489168E+0000	-2.40748662199812E-0003
 4.09160989217705E+0000	-2.27726389957266E-0003
 4.09731085064469E+0000	-2.06030952118359E-0003
 4.10304852556399E+0000	-1.75672539809030E-0003
 4.10884080620570E+0000	-1.36923941621780E-0003
 4.11470730241037E+0000	-9.04231160710089E-0004
 4.12066889486481E+0000	-3.73113972431098E-0004
 4.12674654986259E+0000	 2.05958010791167E-0004
 4.13295888883024E+0000	 8.06369697128340E-0004
 4.13931804587353E+0000	 1.39218085777453E-0003
 4.14582400012844E+0000	 1.91971136361572E-0003
 4.15245921965719E+0000	 2.34330481764330E-0003
 4.15918735801670E+0000	 2.62514144396549E-0003
 4.16595915146551E+0000	 2.74507467650595E-0003
 4.17272381526705E+0000	 2.70445493200248E-0003
 4.17943946957173E+0000	 2.52182392611978E-0003
 4.18607754204698E+0000	 2.22454290451579E-0003
 4.19262161791666E+0000	 1.84176358538067E-0003
 4.19906419950133E+0000	 1.40080645401548E-0003
 4.20540388086704E+0000	 9.25991947546418E-0004
 4.21164348234010E+0000	 4.38418704362847E-0004
 4.21778874977228E+0000	-4.40534514560264E-0005
 4.22384726667298E+0000	-5.06690244760149E-0004
 4.22982753165098E+0000	-9.37546390415037E-0004
 4.23573830125384E+0000	-1.32691910046567E-0003
 4.24158826749124E+0000	-1.66671775250789E-0003
 4.24738604721896E+0000	-1.94989965514341E-0003
 4.25314039150707E+0000	-2.17007724504352E-0003
 4.25886050214284E+0000	-2.32133533362971E-0003
 4.26455636132420E+0000	-2.39824195122594E-0003
 4.27023901977141E+0000	-2.39600903478472E-0003
 4.27592082777672E+0000	-2.31076158781926E-0003
 4.28161561806634E+0000	-2.13989846795701E-0003
 4.28733885072043E+0000	-1.88256320351544E-0003
 4.29310770554138E+0000	-1.54027826677333E-0003
 4.29894105300315E+0000	-1.11782057195615E-0003
 4.30485914501773E+0000	-6.24413129667193E-0004
 4.31088273717478E+0000	-7.52419904449932E-0005
 4.31703120954268E+0000	 5.06891076884771E-0004
 4.32331921344801E+0000	 1.09039354779838E-0003
 4.32975174250143E+0000	 1.63543869544264E-0003
 4.33631872012887E+0000	 2.09792157530900E-0003
 4.34299203043300E+0000	 2.43753178883739E-0003
 4.34972849771855E+0000	 2.62756439678969E-0003
 4.35647916795698E+0000	 2.66107447481945E-0003
 4.36320009734647E+0000	 2.54953251716647E-0003
 4.36985878973702E+0000	 2.31585897833691E-0003
 4.37643480847075E+0000	 1.98704671168701E-0003
 4.38291722728722E+0000	 1.58963015751372E-0003
 4.38930183593462E+0000	 1.14788597548412E-0003
 4.39558918450350E+0000	 6.83316931649066E-0004
 4.40178324343683E+0000	 2.14456990523276E-0004
 4.40789027217343E+0000	-2.43189015848134E-0004
 4.41391779510111E+0000	-6.76956959335289E-0004
 4.41987380172806E+0000	-1.07655307099301E-0003
 4.42576628997513E+0000	-1.43341887754845E-0003
 4.43160316738026E+0000	-1.74010868285558E-0003
 4.43739242756946E+0000	-1.98982385952531E-0003
 4.44314247487500E+0000	-2.17617264624466E-0003
 4.44886247847653E+0000	-2.29315093829254E-0003
 4.45456267908421E+0000	-2.33529480933064E-0003
 4.46025462089299E+0000	-2.29794726309383E-0003
 4.46595131804761E+0000	-2.17760355866418E-0003
 4.47166737624793E+0000	-1.97233710154751E-0003
 4.47741907344240E+0000	-1.68234680834444E-0003
 4.48322435933566E+0000	-1.31069578782233E-0003
 4.48910265986407E+0000	-8.64318507302434E-0004
 4.49507426587365E+0000	-3.55336547367505E-0004
 4.50115895364001E+0000	 1.97407029951664E-0004
 4.50737339408627E+0000	 7.66986227166710E-0004
 4.51372705929472E+0000	 1.31811814478973E-0003
 4.52021709426217E+0000	 1.80943734362917E-0003
 4.52682416451810E+0000	 2.19956356116016E-0003
 4.53351261384809E+0000	 2.45614669200260E-0003
 4.54023695144553E+0000	 2.56378333313519E-0003
 4.54695214667147E+0000	 2.52593883181623E-0003
 4.55362195973438E+0000	 2.36018076504311E-0003
 4.56022178850728E+0000	 2.09085295991289E-0003
 4.56673720687744E+0000	 1.74349717877585E-0003
 4.57316124665024E+0000	 1.34217446893698E-0003
 4.57949223884640E+0000	 9.08575266023056E-0004
 4.58573237813411E+0000	 4.61697039411931E-0004
 4.59188658198770E+0000	 1.76550112845783E-0005
 4.59796141730528E+0000	-4.10296629575354E-0004
 4.60396416866987E+0000	-8.11426631513319E-0004
 4.60990221009033E+0000	-1.17693117024296E-0003
 4.61578276012700E+0000	-1.49925737857949E-0003
 4.62161297973041E+0000	-1.77152991632394E-0003
 4.62740029122596E+0000	-1.98719923460824E-0003
 4.63315277650065E+0000	-2.13994330499145E-0003
 4.63887954245503E+0000	-2.22378482089967E-0003
 4.64459099732858E+0000	-2.23335446423091E-0003
 4.65029903411932E+0000	-2.16423997828479E-0003
 4.65601714599292E+0000	-2.01339711559722E-0003
 4.66176049547184E+0000	-1.77964285266616E-0003
 4.66754592610905E+0000	-1.46428784586066E-0003
 4.67339184532911E+0000	-1.07198303194458E-0003
 4.67931781931613E+0000	-6.11840676584632E-0004
 4.68534360618000E+0000	-9.88124081540425E-0005
 4.69148724141487E+0000	 4.44893442979524E-0004
 4.69776179722544E+0000	 9.88965732904608E-0004
 4.70417083838386E+0000	 1.49587182449422E-0003
 4.71070371442166E+0000	 1.92488099657072E-0003
 4.71733338168879E+0000	 2.23962408399441E-0003
 4.72401969048648E+0000	 2.41678436093425E-0003
 4.73071804822149E+0000	 2.45111425760413E-0003
 4.73738897357258E+0000	 2.35371586285190E-0003
 4.74400351053891E+0000	 2.14559105027035E-0003
 4.75054349624031E+0000	 1.85111192800575E-0003
 4.75699919066536E+0000	 1.49413250036650E-0003
 4.76336682257572E+0000	 1.09648443683026E-0003
 4.76964691313598E+0000	 6.77518821773769E-0004
 4.77584310060418E+0000	 2.53871248485519E-0004
 4.78196108206686E+0000	-1.60652904875171E-0004
 4.78800760651727E+0000	-5.54921764170717E-0004
 4.79398966885816E+0000	-9.20001154733389E-0004
 4.79991405457675E+0000	-1.24847771666696E-0003
 4.80578727428720E+0000	-1.53377544948524E-0003
 4.81161581335531E+0000	-1.76963890997907E-0003
 4.81740655578846E+0000	-1.94987878406743E-0003
 4.82316723559754E+0000	-2.06838602889400E-0003
 4.82890681147943E+0000	-2.11935523250819E-0003
 4.83463572406081E+0000	-2.09763680120737E-0003
 4.84036604713928E+0000	-1.99915947799283E-0003
 4.84611156455755E+0000	-1.82141035149606E-0003
 4.85188778843151E+0000	-1.56400604537109E-0003
 4.85771188790474E+0000	-1.22941985792113E-0003
 4.86360242508569E+0000	-8.23933990272456E-0004
 4.86957869724139E+0000	-3.58845861797132E-0004
 4.87565937178855E+0000	 1.48166473154523E-0004
 4.88186003187863E+0000	 6.71887152042000E-0004
 4.88818940109668E+0000	 1.17943942872906E-0003
 4.89464469879275E+0000	 1.63248818197417E-0003
 4.90120793668147E+0000	 1.99284877925204E-0003
 4.90784613054875E+0000	 2.23075684412310E-0003
 4.91451725730296E+0000	 2.33212668604128E-0003
 4.92117974885917E+0000	 2.30037074795934E-0003
 4.92780028065885E+0000	 2.15202063274164E-0003
 4.93435649444088E+0000	 1.90985337903581E-0003
 4.94083560949336E+0000	 1.59758309323493E-0003
 4.94723177444546E+0000	 1.23732188326653E-0003
 4.95354396008577E+0000	 8.48806530386901E-0004
 4.95977460838060E+0000	 4.49179310602313E-0004
 4.96592860655708E+0000	 5.28415476120271E-0005
 4.97201230245421E+0000	-3.28556273283103E-0004
 4.97803258945278E+0000	-6.85837665624915E-0004
 4.98399622793176E+0000	-1.01173310701807E-0003
 4.98990953106899E+0000	-1.30016233363843E-0003
 4.99577843120446E+0000	-1.54555818667472E-0003
 5.00160883812529E+0000	-1.74239433134988E-0003
 5.00740714103582E+0000	-1.88500003301715E-0003
 5.01318070525497E+0000	-1.96765495923205E-0003
 5.01893826350655E+0000	-1.98489316329162E-0003
 5.02469016931440E+0000	-1.93193048610676E-0003
 5.03044853074223E+0000	-1.80515951875313E-0003
 5.03622725554853E+0000	-1.60270708448904E-0003
 5.04204201242843E+0000	-1.32509502429457E-0003
 5.04791005545679E+0000	-9.76068632129157E-0004
 5.05384977631187E+0000	-5.63645265481067E-0004
 5.05987974634612E+0000	-1.01364970275600E-0004
 5.06601691382915E+0000	 3.90451800764550E-0004
 5.07227362866811E+0000	 8.83975493169335E-0004
 5.07865350835935E+0000	 1.34468010147234E-0003
 5.08514711946506E+0000	 1.73495923597177E-0003
 5.09172983656317E+0000	 2.02098089018660E-0003
 5.09836460205386E+0000	 2.18078227284093E-0003
 5.10500980397097E+0000	 2.20927535197186E-0003
 5.11162840082192E+0000	 2.11702792297122E-0003
 5.11819343264113E+0000	 1.92425737002222E-0003
 5.12468851827161E+0000	 1.65437125549873E-0003
 5.13110550600965E+0000	 1.32997004736883E-0003
 5.13744187464200E+0000	 9.71344551997614E-0004
 5.14369896339876E+0000	 5.96180745722571E-0004
 5.14988086143622E+0000	 2.19505149855272E-0004
 5.15599350558725E+0000	-1.46369414939374E-0004
 5.16204378879603E+0000	-4.91759768305791E-0004
 5.16803875071671E+0000	-8.09256808694706E-0004
 5.17398501222211E+0000	-1.09311513675267E-0003
 5.17988856569083E+0000	-1.33852678109057E-0003
 5.18575492964706E+0000	-1.54096144922724E-0003
 5.19158957809824E+0000	-1.69572784016612E-0003
 5.19739849623354E+0000	-1.79783452127113E-0003
 5.20318871334452E+0000	-1.84213919892410E-0003
 5.20896871410734E+0000	-1.82371209595432E-0003
 5.21474869775850E+0000	-1.73832729556385E-0003
 5.22054070257910E+0000	-1.58302963149640E-0003
 5.22635861927364E+0000	-1.35677676111483E-0003
 5.23221808164039E+0000	-1.06119816188770E-0003
 5.23813615618005E+0000	-7.01525802847084E-0004
 5.24413066270796E+0000	-2.87718265139466E-0004
 5.25021885925901E+0000	 1.64309057012744E-0004
 5.25641516698223E+0000	 6.31670456700114E-0004
 5.26272773875735E+0000	 1.08442776319592E-0003
 5.26915424902990E+0000	 1.48756044818164E-0003
 5.27567844450463E+0000	 1.80597325145105E-0003
 5.28227008146950E+0000	 2.01202735240828E-0003
 5.28889009970465E+0000	 2.09247959346439E-0003
 5.29549942708976E+0000	 2.05068527148830E-0003
 5.30206670715774E+0000	 1.90284419100333E-0003
 5.30857137869535E+0000	 1.67136298850361E-0003
 5.31500249537376E+0000	 1.37935986402843E-0003
 5.32135593833303E+0000	 1.04792362388869E-0003
 5.32763205045055E+0000	 6.95396883497838E-0004
 5.33383418351178E+0000	 3.37405519331827E-0004
 5.33996779004006E+0000	-1.30709858877734E-0005
 5.34603964687909E+0000	-3.45669524305142E-0004
 5.35205707610507E+0000	-6.52488899877803E-0004
 5.35802724976680E+0000	-9.27694766396069E-0004
 5.36395672694736E+0000	-1.16690595420187E-0003
 5.36985132339745E+0000	-1.36649004185866E-0003
 5.37571632165766E+0000	-1.52293652666840E-0003
 5.38155693783769E+0000	-1.63245355993172E-0003
 5.38737890311140E+0000	-1.69086426332888E-0003
 5.39318901517617E+0000	-1.69379284847005E-0003
 5.39899556244959E+0000	-1.63707011796461E-0003
 5.40480858827667E+0000	-1.51727774379145E-0003
 5.41064000465013E+0000	-1.33238443872047E-0003
 5.41650356391476E+0000	-1.08247601159405E-0003
 5.42241465373302E+0000	-7.70615231670434E-0004
 5.42838980663440E+0000	-4.03864161634355E-0004
 5.43444572489345E+0000	 5.56117577275926E-0006
 5.44059754392244E+0000	 4.39191474474247E-0004
 5.44685607790999E+0000	 8.71739765008976E-0004
 5.45322409652981E+0000	 1.27194314125343E-0003
 5.45969249303560E+0000	 1.60587404256753E-0003
 5.46623836652653E+0000	 1.84309398280970E-0003
 5.47282739976598E+0000	 1.96399179528017E-0003
 5.47942090944384E+0000	 1.96456872030571E-0003
 5.48598437937692E+0000	 1.85566506627520E-0003
 5.49249300564433E+0000	 1.65748846267188E-0003
 5.49893250226083E+0000	 1.39325952621479E-0003
 5.50529682855720E+0000	 1.08500303286628E-0003
 5.51158536481520E+0000	 7.51923511364258E-0004
 5.51780088715604E+0000	 4.10263343388588E-0004
 5.52394841078866E+0000	 7.35482923282049E-0005
 5.53003446280715E+0000	-2.47247038948956E-0004
 5.53606643670020E+0000	-5.43596599117991E-0004
 5.54205194041574E+0000	-8.09218230919709E-0004
 5.54799822462621E+0000	-1.03966812377086E-0003
 5.55391182161869E+0000	-1.23175593936428E-0003
 5.55979848273253E+0000	-1.38289289252728E-0003
 5.56566342218889E+0000	-1.49052269204195E-0003
 5.57151179245494E+0000	-1.55176828961873E-0003
 5.57734926161352E+0000	-1.56336609413555E-0003
 5.58318255835440E+0000	-1.52188201723911E-0003
 5.58901989124208E+0000	-1.42414885161722E-0003
 5.59487120446000E+0000	-1.26785566644710E-0003
 5.60074826505369E+0000	-1.05225020963871E-0003
 5.60666456679092E+0000	-7.78955931618945E-0004
 5.61263498483324E+0000	-4.52924394002085E-0004
 5.61867503810317E+0000	-8.35148223223926E-0005
 5.62479953784186E+0000	 3.14412281617199E-0004
 5.63102037715621E+0000	 7.19713385049099E-0004
 5.63734337229797E+0000	 1.10514016474350E-0003
 5.64376459505701E+0000	 1.43940818445300E-0003
 5.65026759200063E+0000	 1.69186845942372E-0003
 5.65682367678625E+0000	 1.83918319920731E-0003
 5.66339672699413E+0000	 1.87131459343742E-0003
 5.66995107542634E+0000	 1.79336639294945E-0003
 5.67645852721246E+0000	 1.62219090577317E-0003
 5.68290132318516E+0000	 1.38025680300238E-0003
 5.68927111896310E+0000	 1.09032169087226E-0003
 5.69556620093932E+0000	 7.72614553214007E-0004
 5.70178892008174E+0000	 4.44125317849238E-0004
 5.70794406015633E+0000	 1.18852618046814E-0004
 5.71403795160257E+0000	-1.91819828222619E-0004
 5.72007790754086E+0000	-4.78889519059352E-0004
 5.72607171013974E+0000	-7.35572901355292E-0004
 5.73202709422535E+0000	-9.57066198493910E-0004
 5.73795130698686E+0000	-1.14014976499087E-0003
 5.74385085249139E+0000	-1.28265645660176E-0003
 5.74973149358152E+0000	-1.38289939770277E-0003
 5.75559851666211E+0000	-1.43918717679552E-0003
 5.76145719412827E+0000	-1.44954170790262E-0003
 5.76731333108866E+0000	-1.41168305851406E-0003
 5.77317377667962E+0000	-1.32328043385028E-0003
 5.77904681215526E+0000	-1.18242218640315E-0003
 5.78494237039369E+0000	-9.88250137647721E-0004
 5.79087206126413E+0000	-7.41727200449874E-0004
 5.79684895657880E+0000	-4.46533648971526E-0004
 5.80288703106513E+0000	-1.10082222257524E-0004
 5.80900008459307E+0000	 2.55425913483592E-0004
 5.81519993182090E+0000	 6.32141365437754E-0004
 5.82149372970235E+0000	 9.96397555968029E-0004
 5.82788066916213E+0000	 1.32000011754622E-0003
 5.83434898783692E+0000	 1.57372877141573E-0003
 5.84087508151420E+0000	 1.73300317166223E-0003
 5.84742641911512E+0000	 1.78396713487673E-0003
 5.85396807379061E+0000	 1.72691085707963E-0003
 5.86047000629505E+0000	 1.57494856409253E-0003
 5.86691159009138E+0000	 1.34895096026469E-0003
 5.87328210732780E+0000	 1.07185685177607E-0003
 5.87957856282686E+0000	 7.64830354460900E-0004
 5.88580290098693E+0000	 4.45734592517339E-0004
 5.89195988567670E+0000	 1.29094060333802E-0004
 5.89805586982682E+0000	-1.73429318024402E-0004
 5.90409814958627E+0000	-4.52598806589643E-0004
 5.91009454555401E+0000	-7.01328111972141E-0004
 5.91605301577072E+0000	-9.14475656372385E-0004
 5.92198127455898E+0000	-1.08858556383642E-0003
 5.92788648482372E+0000	-1.22151685896258E-0003
 5.93377510926826E+0000	-1.31198182342932E-0003
 5.93965297532198E+0000	-1.35907307922924E-0003
 5.94552555419150E+0000	-1.36188476273408E-0003
 5.95139839689754E+0000	-1.31932305516900E-0003
 5.95727763021090E+0000	-1.23016090931673E-0003
 5.96317040787331E+0000	-1.09334011802998E-0003
 5.96908523382455E+0000	-9.08486907200084E-0004
 5.97503210095225E+0000	-6.76599853152785E-0004
 5.98102239312035E+0000	-4.00881965350136E-0004
 5.98706846633921E+0000	-8.76925183609026E-0005
 5.99318276792298E+0000	 2.52448658836137E-0004
 5.99937631036699E+0000	 6.03993923827950E-0004
 6.00565636757464E+0000	 9.46039222244354E-0004
 6.01202352538925E+0000	 1.25317830304317E-0003
 6.01846879412768E+0000	 1.49823748163442E-0003
 6.02497221991810E+0000	 1.65705651627667E-0003
 6.03150461641720E+0000	 1.71415595745299E-0003
 6.03803280039329E+0000	 1.66676477568283E-0003
 6.04452640663214E+0000	 1.52491164246332E-0003
 6.05096310199930E+0000	 1.30759108858289E-0003
 6.05733027533880E+0000	 1.03736259435236E-0003
 6.06362368329661E+0000	 7.35973074927758E-0004
 6.06984482604185E+0000	 4.22099289968527E-0004
 6.07599854268480E+0000	 1.10852397063712E-0004
 6.08209141896528E+0000	-1.85835917879134E-0004
 6.08813092912931E+0000	-4.58643217312048E-0004
 6.09412499480081E+0000	-7.00414511962257E-0004
 6.10008169139642E+0000	-9.05873842935821E-0004
 6.10600897608698E+0000	-1.07139445627364E-0003
 6.11191443256281E+0000	-1.19473516987490E-0003
 6.11780508843514E+0000	-1.27470610937576E-0003
 6.12368736814459E+0000	-1.31078741828971E-0003
 6.12956721753016E+0000	-1.30276759800283E-0003
 6.13545039289291E+0000	-1.25048622441916E-0003
 6.14134286217122E+0000	-1.15375696004248E-0003
 6.14725123368032E+0000	-1.01251543443652E-0003
 6.15318311890299E+0000	-8.27196911717606E-0004
 6.15914734595681E+0000	-5.99319337343139E-0004
 6.16515395032334E+0000	-3.32236811482322E-0004
 6.17121385782802E+0000	-3.20236782075783E-0005
 6.17733813723220E+0000	 2.91582440947325E-0004
 6.18353666399102E+0000	 6.24347295021380E-0004
 6.18981607301286E+0000	 9.47165418532831E-0004
 6.19617709618651E+0000	 1.23670969842749E-0003
 6.20261186906576E+0000	 1.46773820942739E-0003
 6.20910243296773E+0000	 1.61727797100177E-0003
 6.21562190031452E+0000	 1.66980769273866E-0003
 6.22213883562026E+0000	 1.62131679184999E-0003
 6.22862345574904E+0000	 1.48006239829061E-0003
 6.23505290269504E+0000	 1.26361679534050E-0003
 6.24141354800695E+0000	 9.93971575336045E-0004
 6.24770030285716E+0000	 6.93081249276269E-0004
 6.25391432199651E+0000	 3.80186201553811E-0004
 6.26006055538936E+0000	 7.09124782853951E-0005
 6.26614592485147E+0000	-2.22536726319295E-0004
 6.27217824678883E+0000	-4.90795745600959E-0004
 6.27816568812042E+0000	-7.26773971295280E-0004
