-5.95830527594412E-0004	-1.19927811845811E-0003
 5.29492731991761E-0003	-1.06338539750594E-0003
 1.12110199471025E-0002	-8.78462594397735E-0004
 1.71624282753598E-0002	-6.47711025401695E-0004
 2.31594175237601E-0002	-3.76300114334196E-0004
 2.92123055577589E-0002	-7.18186745364100E-0005
 3.53309854040879E-0002	 2.55122345212172E-0004
 4.15239847150159E-0002	 5.90232445755578E-0004
 4.77968560186232E-0002	 9.15134651430754E-0004
 5.41498916791015E-0002	 1.20776648824692E-0003
 6.05756383493480E-0002	 1.44426330291358E-0003
 6.70573471694064E-0002	 1.60265064158785E-0003
 7.35698104129218E-0002	 1.66763374684933E-0003
 8.00832398304874E-0002	 1.63452412283705E-0003
 8.65689931248497E-0002	 1.51018619172638E-0003
 9.30046031822577E-0002	 1.31049923951948E-0003
 9.93761476137545E-0002	 1.05588639882100E-0003
 1.05677833723138E-0001	 7.67089509548193E-0004
 1.11909977791622E-0001	 4.62468540554279E-0004
 1.18076661284206E-0001	 1.56934384337541E-0004
 1.24183819091921E-0001	-1.37983738546182E-0004
 1.30237998498800E-0001	-4.13509564301735E-0004
 1.36245732061215E-0001	-6.62853168387979E-0004
 1.42213350239654E-0001	-8.80549514981490E-0004
 1.48147045532880E-0001	-1.06199861844906E-0003
 1.54053040558072E-0001	-1.20320704638882E-0003
 1.59937772233655E-0001	-1.30068631970839E-0003
 1.65808053991869E-0001	-1.35146075633890E-0003
 1.71671203914968E-0001	-1.35315312375282E-0003
 1.77535132800310E-0001	-1.30413105046740E-0003
 1.83408385032719E-0001	-1.20370288776361E-0003
 1.89300126220260E-0001	-1.05235259510415E-0003
 1.95220075591868E-0001	-8.52007115676224E-0004
 2.01178381433101E-0001	-6.06341327022058E-0004
 2.07185423650773E-0001	-3.21142515499260E-0004
 2.13251488615897E-0001	-4.76538961374632E-0006
 2.19386196497561E-0001	 3.31316807950434E-0004
 2.25597494540704E-0001	 6.71956605308431E-0004
 2.31890030950819E-0001	 9.98057548784952E-0004
 2.38262912093457E-0001	 1.28711576907711E-0003
 2.44707324009551E-0001	 1.51523113223905E-0003
 2.51205159221945E-0001	 1.66088103209993E-0003
 2.57730077318233E-0001	 1.70969340029270E-0003
 2.64251581561270E-0001	 1.65822626587170E-0003
 2.70740827341646E-0001	 1.51467575310002E-0003
 2.77175584547485E-0001	 1.29610950796213E-0003
 2.83542445005261E-0001	 1.02386566280530E-0003
 2.89836239188166E-0001	 7.19313853128620E-0004
 2.96057902592741E-0001	 4.01215334386262E-0004
 3.02212087151660E-0001	 8.47344171168019E-0005
 3.08305251220665E-0001	-2.18435822552341E-0004
 3.14344436337015E-0001	-4.99416927224684E-0004
 3.20336653869322E-0001	-7.51371616129589E-0004
 3.26288702388557E-0001	-9.68843659103462E-0004
 3.32207230195653E-0001	-1.14730065739521E-0003
 3.38098897528996E-0001	-1.28287771259475E-0003
 3.43970550699703E-0001	-1.37227557556404E-0003
 3.49829371976316E-0001	-1.41276201069923E-0003
 3.55682999169388E-0001	-1.40224263882530E-0003
 3.61539616485043E-0001	-1.33938804316635E-0003
 3.67408012945554E-0001	-1.22381584042291E-0003
 3.73297597418216E-0001	-1.05632905780083E-0003
 3.79218355050443E-0001	-8.39211489540257E-0004
 3.85180726049967E-0001	-5.76582814271086E-0004
 3.91195375912477E-0001	-2.74822030212689E-0004
 3.97272796097922E-0001	 5.69316372588142E-0005
 4.03422621673957E-0001	 4.06218972401395E-0004
 4.09652496919014E-0001	 7.56753967399476E-0004
 4.15966329476782E-0001	 1.08827046750600E-0003
 4.22361974660415E-0001	 1.37726774857879E-0003
 4.28828894601295E-0001	 1.59929809555028E-0003
 4.35347007846413E-0001	 1.73301616667887E-0003
 4.41888162826904E-0001	 1.76507027588461E-0003
 4.48420662840345E-0001	 1.69370005266082E-0003
 4.54915309880253E-0001	 1.52900441527559E-0003
 4.61350270171755E-0001	 1.28971622676740E-0003
 4.67712968508378E-0001	 9.98347146742894E-0004
 4.73999183744524E-0001	 6.76936712597193E-0004
 4.80210710539301E-0001	 3.44541018486730E-0004
 4.86352893412310E-0001	 1.64005202747837E-0005
 4.92432722742137E-0001	-2.95811736360839E-0004
 4.98457653946489E-0001	-5.83259900577289E-0004
 5.04435042640051E-0001	-8.39138620542188E-0004
 5.10372003180694E-0001	-1.05800603423975E-0003
 5.16275501190186E-0001	-1.23533549926716E-0003
 5.22152533244150E-0001	-1.36727735894366E-0003
 5.28010305009093E-0001	-1.45057820325827E-0003
 5.33856373042227E-0001	-1.48259928598796E-0003
 5.39698749918239E-0001	-1.46139455383879E-0003
 5.45545983073205E-0001	-1.38583415248461E-0003
 5.51407211473787E-0001	-1.25577779427726E-0003
 5.57292191419772E-0001	-1.07230988909783E-0003
 5.63211270492576E-0001	-8.38048149806152E-0004
 5.69175277319176E-0001	-5.57534796683782E-0004
 5.75195278860281E-0001	-2.37716433184861E-0004
 5.81282127744347E-0001	 1.11491479865677E-0004
 5.87445675751254E-0001	 4.76597720741478E-0004
 5.93693484634666E-0001	 8.40030543698223E-0004
 6.00028892979006E-0001	 1.18007733667454E-0003
 6.06448534210923E-0001	 1.47185899198452E-0003
 6.12939961035139E-0001	 1.68999415399670E-0003
 6.19480733526262E-0001	 1.81307495283071E-0003
 6.26040440198637E-0001	 1.82878839089205E-0003
 6.32585857103441E-0001	 1.73731018211358E-0003
 6.39087333891386E-0001	 1.55098468270901E-0003
 6.45523530806580E-0001	 1.29048175455700E-0003
 6.51882890027098E-0001	 9.79615026203149E-0004
 6.58162312245434E-0001	 6.41094017680043E-0004
 6.64364565443866E-0001	 2.94191908916602E-0004
 6.70495731520225E-0001	-4.58833504517857E-0005
 6.76563315709887E-0001	-3.67585522419001E-0004
 6.82575121798798E-0001	-6.62204681147164E-0004
 6.88538752332582E-0001	-9.23013516532569E-0004
 6.94461526534085E-0001	-1.14458668406892E-0003
 7.00350620854681E-0001	-1.32236159283134E-0003
 7.06213281963999E-0001	-1.45242457270730E-0003
 7.12057020707120E-0001	-1.53146250461559E-0003
 7.17889752165238E-0001	-1.55681282880219E-0003
 7.23719886096548E-0001	-1.52656425820423E-0003
 7.29556386831397E-0001	-1.43969000542748E-0003
 7.35408816244207E-0001	-1.29622017527181E-0003
 7.41287357293697E-0001	-1.09747349589004E-0003
 7.47202796640645E-0001	-8.46371649981523E-0004
 7.53166425274719E-0001	-5.47855906151182E-0004
 7.59189792549697E-0001	-2.09416905043267E-0004
 7.65284215149144E-0001	 1.58271996418063E-0004
 7.71459896171851E-0001	 5.40679594158440E-0004
 7.77724471861647E-0001	 9.18881879984916E-0004
 7.84080852392962E-0001	 1.26956818381355E-0003
 7.90524510254213E-0001	 1.56625084965031E-0003
 7.97041014815224E-0001	 1.78236814621567E-0003
 8.03605365804862E-0001	 1.89628863076936E-0003
 8.10184655349810E-0001	 1.89673431656843E-0003
 8.16743981254038E-0001	 1.78594167926609E-0003
 8.23253223044923E-0001	 1.57864649621666E-0003
 8.29691603012444E-0001	 1.29753433721266E-0003
 8.36048657673530E-0001	 9.67716878123972E-0004
 8.42322449941039E-0001	 6.12520501147301E-0004
 8.48516718274226E-0001	 2.51370633154694E-0004
 8.54638247473791E-0001	-1.00612563599315E-0004
 8.60695004228449E-0001	-4.32048284960674E-0004
 8.66695076516213E-0001	-7.34373498293182E-0004
 8.72646243582973E-0001	-1.00094199069650E-0003
 8.78555957121743E-0001	-1.22632897752523E-0003
 8.84431534769103E-0001	-1.40589960547155E-0003
 8.90280412918973E-0001	-1.53561946771269E-0003
 8.96110363844481E-0001	-1.61204141524145E-0003
 9.01929640268338E-0001	-1.63239355351769E-0003
 9.07747054038677E-0001	-1.59471186047231E-0003
 9.13572015187552E-0001	-1.49799296606198E-0003
 9.19414554638429E-0001	-1.34237303974070E-0003
 9.25285336329343E-0001	-1.12935862502962E-0003
 9.31195640447225E-0001	-8.62143305473953E-0004
 9.37157271982581E-0001	-5.46042308108618E-0004
 9.43182315924548E-0001	-1.89065404964113E-0004
 9.49282617849652E-0001	 1.97380947834676E-0004
 9.55468817518913E-0001	 5.97739542637197E-0004
 9.61748729624681E-0001	 9.91717713794722E-0004
 9.68124938221686E-0001	 1.35434217543599E-0003
 9.74591819660033E-0001	 1.65740568957694E-0003
 9.81132957428463E-0001	 1.87304354458565E-0003
 9.87720731137046E-0001	 1.97932165816641E-0003
 9.94319678123380E-0001	 1.96598768628501E-0003
 1.00089321668136E+0000	 1.83735961184095E-0003
 1.00741080391121E+0000	 1.61054818575662E-0003
 1.01385226246329E+0000	 1.31017764910801E-0003
 1.02020820809467E+0000	 9.62552685211783E-0004
 1.02647779755343E+0000	 5.91528624586974E-0004
 1.03266564460071E+0000	 2.16635945004130E-0004
 1.03877914192831E+0000	-1.47099988266960E-0004
 1.04482663833241E+0000	-4.88443384126762E-0004
 1.05081644621792E+0000	-7.98944560086540E-0004
 1.05675647777358E+0000	-1.07200211281359E-0003
 1.06265428269063E+0000	-1.30215742226415E-0003
 1.06851728847819E+0000	-1.48467003865942E-0003
 1.07435309045789E+0000	-1.61534821876333E-0003
 1.08016969402735E+0000	-1.69056636731205E-0003
 1.08597566906926E+0000	-1.70738943531435E-0003
 1.09178022251886E+0000	-1.66374027421053E-0003
 1.09759321944790E+0000	-1.55857826538003E-0003
 1.10342518391022E+0000	-1.39209172858973E-0003
 1.10928729411635E+0000	-1.16593243574134E-0003
 1.11519135938307E+0000	-8.83534558770230E-0004
 1.12114973201630E+0000	-5.50562600119367E-0004
 1.12717506440698E+0000	-1.75521033861393E-0004
 1.13327976744978E+0000	 2.29477974921446E-0004
 1.13947496607297E+0000	 6.47877590536060E-0004
 1.14576871556239E+0000	 1.05803157449529E-0003
 1.15216334092927E+0000	 1.43329893498440E-0003
 1.15865218030994E+0000	 1.74373037262697E-0003
 1.16521687577474E+0000	 1.96013460618783E-0003
 1.17182723589775E+0000	 2.06026285792110E-0003
 1.17844532362672E+0000	 2.03487025293724E-0003
 1.18503298403505E+0000	 1.89028688368050E-0003
 1.19155933100350E+0000	 1.64585413486660E-0003
 1.19800478388316E+0000	 1.32794929141316E-0003
 1.20436094243847E+0000	 9.63907221196816E-0004
 1.21062790683179E+0000	 5.78017379495173E-0004
 1.21681100825943E+0000	 1.89896464628032E-0004
 1.22291811639970E+0000	-1.85485617084780E-0004
 1.22895787343944E+0000	-5.36967165658655E-0004
 1.23493876963496E+0000	-8.56133826917741E-0004
 1.24086883603527E+0000	-1.13636150358183E-0003
 1.24675572436087E+0000	-1.37210980037231E-0003
 1.25260697944560E+0000	-1.55850452914289E-0003
 1.25843035568831E+0000	-1.69118119585426E-0003
 1.26423408076123E+0000	-1.76632241759565E-0003
 1.27002702342117E+0000	-1.78080939857784E-0003
 1.27581876793010E+0000	-1.73241987642162E-0003
 1.28161962512445E+0000	-1.62003465771630E-0003
 1.28744061564043E+0000	-1.44384988630836E-0003
 1.29329344716385E+0000	-1.20562226928290E-0003
 1.29919047999948E+0000	-9.08994492974451E-0004
 1.30514463618489E+0000	-5.59955864413882E-0004
 1.31116915513508E+0000	-1.67483986892529E-0004
 1.31727703146525E+0000	 2.55627286336693E-0004
 1.32347989738706E+0000	 6.91849809218696E-0004
 1.32978607805155E+0000	 1.11821410881916E-0003
 1.33619767528913E+0000	 1.50644285043464E-0003
 1.34270703391179E+0000	 1.82488278630339E-0003
 1.34929392620095E+0000	 2.04306476983417E-0003
 1.35592571535904E+0000	 2.13846221892179E-0003
 1.36256216867684E+0000	 2.10280701355160E-0003
 1.36916373010353E+0000	 1.94429746639930E-0003
 1.37569925040919E+0000	 1.68426913234907E-0003
 1.38214969212769E+0000	 1.35060363693761E-0003
 1.38850747850849E+0000	 9.71484536649253E-0004
 1.39477344774908E+0000	 5.71556474484470E-0004
 1.40095345566669E+0000	 1.70538306263017E-0004
 1.40705570370005E+0000	-2.16574521971822E-0004
 1.41308904268680E+0000	-5.78582798809835E-0004
 1.41906211325619E+0000	-9.06995365469353E-0004
 1.42498308150914E+0000	-1.19507467050344E-0003
 1.43085974176968E+0000	-1.43714121400415E-0003
 1.43669980061703E+0000	-1.62816470304556E-0003
 1.44251120278495E+0000	-1.76361231647754E-0003
 1.44830240710849E+0000	-1.83949145684349E-0003
 1.45408256826693E+0000	-1.85251257173168E-0003
 1.45986162169733E+0000	-1.80030641066026E-0003
 1.46565029690159E+0000	-1.68165494271392E-0003
 1.47146009368354E+0000	-1.49672760811376E-0003
 1.47730324668977E+0000	-1.24734601737555E-0003
 1.48319267825420E+0000	-9.37324874845620E-0004
 1.48914189846472E+0000	-5.72950690254608E-0004
 1.49516475177901E+0000	-1.63655134015848E-0004
 1.50127482934073E+0000	 2.77101978763629E-0004
 1.50748427788332E+0000	 7.30840445403490E-0004
 1.51380169694360E+0000	 1.17329654926406E-0003
 1.52022897238177E+0000	 1.57460281183047E-0003
 1.52675748099991E+0000	 1.90147524206059E-0003
 1.53336520410589E+0000	 2.12226337490117E-0003
 1.54001722848591E+0000	 2.21423475774495E-0003
 1.54667126443918E+0000	 2.17005948256507E-0003
 1.55328656144178E+0000	 1.99960933123757E-0003
 1.55983177358294E+0000	 1.72592029505173E-0003
 1.56628830775220E+0000	 1.37810099677067E-0003
 1.57264920339040E+0000	 9.85007668909926E-0004
 1.57891579986972E+0000	 5.71587147530470E-0004
 1.58509427048609E+0000	 1.57709151611802E-0004
 1.59119300248593E+0000	-2.41491895335164E-0004
 1.59722098030308E+0000	-6.14638536586119E-0004
 1.60318698555117E+0000	-9.53026662580201E-0004
 1.60909936035652E+0000	-1.24969741599966E-0003
 1.61496611158990E+0000	-1.49876649081478E-0003
 1.62079518311925E+0000	-1.69502698867766E-0003
 1.62659477033992E+0000	-1.83379501430443E-0003
 1.63237359456869E+0000	-1.91094212899023E-0003
 1.63814109502583E+0000	-1.92305026078985E-0003
 1.64390753083042E+0000	-1.86763118600384E-0003
 1.64968401029237E+0000	-1.74337187455209E-0003
 1.65548247579838E+0000	-1.55039416638844E-0003
 1.66131566776896E+0000	-1.29054672086742E-0003
 1.66719706965936E+0000	-9.67773833315849E-0004
 1.67314079559056E+0000	-5.88624189978722E-0004
 1.67916131819666E+0000	-1.62962747067935E-0004
 1.68527284362040E+0000	 2.95092360504869E-0004
 1.69148803803973E+0000	 7.66112320446871E-0004
 1.69781576458454E+0000	 1.22455298545574E-0003
 1.70425767468322E+0000	 1.63899900517189E-0003
 1.71080417709526E+0000	 1.97462285665744E-0003
 1.71743153081624E+0000	 2.19871795707670E-0003
 1.72410272957155E+0000	 2.28844456016708E-0003
 1.73077369457505E+0000	 2.23737564573940E-0003
 1.73740270500031E+0000	 2.05683806008870E-0003
 1.74395827394625E+0000	 1.77124580832850E-0003
 1.75042212446090E+0000	 1.41064644306709E-0003
 1.75678767685481E+0000	 1.00440357720875E-0003
 1.76305651887505E+0000	 5.77735154248665E-0004
 1.76923492989654E+0000	 1.50733696116439E-0004
 1.77533134016526E+0000	-2.61193547415054E-0004
 1.78135480002484E+0000	-6.46332865575597E-0004
 1.78731423307331E+0000	-9.95616233331795E-0004
 1.79321821183775E+0000	-1.30174300323123E-0003
 1.79907504250582E+0000	-1.55854844855388E-0003
 1.80489300221586E+0000	-1.76062284318477E-0003
 1.81068062052815E+0000	-1.90314919356032E-0003
 1.81644693575833E+0000	-1.98191186988443E-0003
 1.82220168907890E+0000	-1.99342471454664E-0003
 1.82795544556226E+0000	-1.93513302517054E-0003
 1.83371965065089E+0000	-1.80565792194887E-0003
 1.83950664053546E+0000	-1.60507246558823E-0003
 1.84532962271264E+0000	-1.33522391454974E-0003
 1.85120262522616E+0000	-1.00014209742018E-0003
 1.85714037484009E+0000	-6.06594305957396E-0004
 1.86315799867131E+0000	-1.64850250701953E-0004
 1.86927034621196E+0000	 3.10320416204570E-0004
 1.87549061553521E+0000	 7.98531241583898E-0004
 1.88182791843517E+0000	 1.27295245391329E-0003
 1.88828363515740E+0000	 1.70064908181228E-0003
 1.89484718187088E+0000	 2.04533840743443E-0003
 1.90149314701276E+0000	 2.27339947246898E-0003
 1.90818261451672E+0000	 2.36200450541800E-0003
 1.91486999755309E+0000	 2.30560443046749E-0003
 1.92151284187425E+0000	 2.11675752452001E-0003
 1.92807957635679E+0000	 1.82092026152819E-0003
 1.93455210152016E+0000	 1.44878192374569E-0003
 1.94092396914680E+0000	 1.03004861050101E-0003
 1.94719675193863E+0000	 5.90185861844875E-0004
 1.95337661860647E+0000	 1.49590697559617E-0004
 1.95947189771353E+0000	-2.75914147579736E-0004
 1.96549163702146E+0000	-6.74113209368577E-0004
 1.97144490213603E+0000	-1.03541610018629E-0003
 1.97734054962053E+0000	-1.35205074844725E-0003
 1.98318727309714E+0000	-1.61748466374776E-0003
 1.98899378494159E+0000	-1.82606550951538E-0003
 1.99476904495825E+0000	-1.97284856003703E-0003
 2.00052248199637E+0000	-2.05357219387093E-0003
 2.00626417892294E+0000	-2.06474422562969E-0003
 2.01200500914159E+0000	-2.00380814820825E-0003
 2.01775672553849E+0000	-1.86936881367025E-0003
 2.02353200955719E+0000	-1.66147227163963E-0003
 2.02934448605257E+0000	-1.38195426161539E-0003
 2.03520869374840E+0000	-1.03489421139556E-0003
 2.04113996448304E+0000	-6.27230958020042E-0004
 2.04715409807442E+0000	-1.69599273520923E-0004
 2.05326661811993E+0000	 3.22597428363969E-0004
 2.05949127558462E+0000	 8.28009345539739E-0004
 2.06583742167685E+0000	 1.31851042119681E-0003
 2.07230612525876E+0000	 1.75966751973600E-0003
 2.07888577667699E+0000	 2.11383281528084E-0003
 2.08554934308742E+0000	 2.34662393567700E-0003
 2.09225619160679E+0000	 2.43535490348358E-0003
 2.09895952467422E+0000	 2.37533035992485E-0003
 2.10561640609023E+0000	 2.18010680920682E-0003
 2.11219524560875E+0000	 1.87583093995211E-0003
 2.11867798162064E+0000	 1.49351681010623E-0003
 2.12505803769945E+0000	 1.06303129687248E-0003
 2.13133669277067E+0000	 6.10054408863171E-0004
 2.13751977295200E+0000	 1.55366482359799E-0004
 2.14361534752637E+0000	-2.84650904569811E-0004
 2.14963238157110E+0000	-6.97113148610002E-0004
 2.15558007052120E+0000	-1.07174594470412E-0003
 2.16146759516610E+0000	-1.40016986423120E-0003
 2.16730411159122E+0000	-1.67538558455834E-0003
 2.17309886010974E+0000	-1.89144050907629E-0003
 2.17886132528941E+0000	-2.04324543882033E-0003
 2.18460140861262E+0000	-2.12651208248810E-0003
 2.19032959244393E+0000	-2.13778839594312E-0003
 2.19605708426259E+0000	-2.07457573368140E-0003
 2.20179593661196E+0000	-1.93551996783809E-0003
 2.20755914097843E+0000	-1.72067987081229E-0003
 2.21336068989140E+0000	-1.43189139746797E-0003
 2.21921558524197E+0000	-1.07326505233551E-0003
 2.22513973379560E+0000	-6.51869821356525E-0004
 2.23114960299507E+0000	-1.78656465553808E-0004
 2.23726140582898E+0000	 3.30377673745315E-0004
 2.24348946431286E+0000	 8.52941766945719E-0004
 2.24984336885261E+0000	 1.35963009849940E-0003
 2.25632385473578E+0000	 1.81455711386635E-0003
 2.26291828152043E+0000	 2.17882110064086E-0003
 2.26959808658549E+0000	 2.41744230566399E-0003
 2.27632116261989E+0000	 2.50799457320157E-0003
 2.28303983662178E+0000	 2.44657620226014E-0003
 2.28971095828502E+0000	 2.24746392230221E-0003
 2.29630298354633E+0000	 1.93710043995394E-0003
 2.30279773855708E+0000	 1.54646982361214E-0003
 2.30918823803426E+0000	 1.10538597148685E-0003
 2.31547515970702E+0000	 6.39688546024514E-0004
 2.32166372526370E+0000	 1.70610060139070E-0004
 2.32776156095383E+0000	-2.84767558010390E-0004
 2.33377744706694E+0000	-7.12721761907115E-0004
 2.33972067614232E+0000	-1.10213037038281E-0003
 2.34560077172205E+0000	-1.44386615462889E-0003
 2.35142740444633E+0000	-1.73035434566324E-0003
 2.35721041368561E+0000	-1.95526747366887E-0003
 2.36295988733828E+0000	-2.11333066784926E-0003
 2.36868627536979E+0000	-2.20021919936316E-0003
 2.37440052293961E+0000	-2.21253889365953E-0003
 2.38011421329691E+0000	-2.14788703924694E-0003
 2.38583971236673E+0000	-2.00499807280569E-0003
 2.39159030604687E+0000	-1.78398706808984E-0003
 2.39738031453569E+0000	-1.48671655279981E-0003
 2.40322514938755E+0000	-1.11732767089325E-0003
 2.40914123937671E+0000	-6.82989430991625E-0004
 2.41514567993067E+0000	-1.94913584296730E-0004
 2.42125535311666E+0000	 3.30378522444609E-0004
 2.42748514766857E+0000	 8.69732183104381E-0004
 2.43384489752676E+0000	 1.39255130963612E-0003
 2.44033502457205E+0000	 1.86162022027535E-0003
 2.44694193733440E+0000	 2.23695356474166E-0003
 2.45363575201384E+0000	 2.48315195624712E-0003
 2.46037324482073E+0000	 2.57811658777439E-0003
 2.46710627385903E+0000	 2.51857950623672E-0003
 2.47379175531619E+0000	 2.31915287205888E-0003
 2.48039823160932E+0000	 2.00609731616536E-0003
 2.48690722709424E+0000	 1.60995280505216E-0003
 2.49331102150896E+0000	 1.16022499128321E-0003
 2.49960933533587E+0000	 6.82833093139227E-0004
 2.50580647763010E+0000	 1.99520926627655E-0004
 2.51190940900371E+0000	-2.71786551085652E-0004
 2.51792659234120E+0000	-7.16354662958831E-0004
 2.52386735895228E+0000	-1.12204426332721E-0003
 2.52974156851336E+0000	-1.47883532023828E-0003
 2.53555943116485E+0000	-1.77846225587708E-0003
 2.54133142790691E+0000	-2.01413569958788E-0003
 2.54706830167989E+0000	-2.18033367380443E-0003
 2.55278110581501E+0000	-2.27265748299067E-0003
 2.55848130016594E+0000	-2.28775625116449E-0003
 2.56418088523583E+0000	-2.22332952868563E-0003
 2.56989256345282E+0000	-2.07822249258928E-0003
 2.57562991340563E+0000	-1.85263568755003E-0003
 2.58140755359015E+0000	-1.54848237956022E-0003
 2.58724125056485E+0000	-1.16994025017334E-0003
 2.59314788293895E+0000	-7.24253843947384E-0004
 2.59914509649250E+0000	-2.22832069536381E-0004
 2.60525037371725E+0000	 3.17388177416017E-0004
 2.61147912643895E+0000	 8.72544683650313E-0004
 2.61784143515846E+0000	 1.41105872497933E-0003
 2.62433749555443E+0000	 1.89464163414974E-0003
 2.63095299405931E+0000	 2.28249819840745E-0003
 2.63765713907942E+0000	 2.53900202568059E-0003
 2.64440613794639E+0000	 2.64234979240546E-0003
 2.65115189013563E+0000	 2.58957284479535E-0003
 2.65785166315997E+0000	 2.39505922078634E-0003
 2.66447407092883E+0000	 2.08428115580307E-0003
 2.67100007350034E+0000	 1.68683943827680E-0003
 2.67742081620897E+0000	 1.23162708044064E-0003
 2.68373463631089E+0000	 7.44536412757974E-0004
 2.68994455920032E+0000	 2.47874093980610E-0004
 2.69605660592681E+0000	-2.39443813728961E-0004
 2.70207875035132E+0000	-7.01485730422656E-0004
 2.70802027388040E+0000	-1.12491673598650E-0003
 2.71389133857247E+0000	-1.49867205026093E-0003
 2.71970269084340E+0000	-1.81367404133556E-0003
 2.72546546509315E+0000	-2.06257617675753E-0003
 2.73119107859061E+0000	-2.23953410307854E-0003
 2.73689121171482E+0000	-2.34001633790824E-0003
 2.74257786454923E+0000	-2.36067221529237E-0003
 2.74826347791226E+0000	-2.29927663208010E-0003
 2.75396110461682E+0000	-2.15477401375345E-0003
 2.75968461245040E+0000	-1.92745030653914E-0003
 2.76544888947679E+0000	-1.61927234604320E-0003
 2.77126999800018E+0000	-1.23444664410637E-0003
 2.77716517638321E+0000	-7.80256991068280E-0004
 2.78315250732940E+0000	-2.68222823194867E-0004
 2.78924995593874E+0000	 2.84464048024652E-0004
 2.79547337078403E+0000	 8.53489797371885E-0004
 2.80183308323969E+0000	 1.40665211193835E-0003
 2.80832924032460E+0000	 1.90502220233057E-0003
 2.81494723583281E+0000	 2.30740125049467E-0003
 2.82165605291287E+0000	 2.57813842205786E-0003
 2.82841211520214E+0000	 2.69555640201262E-0003
 2.83516799481728E+0000	 2.65642939662425E-0003
 2.84188159655993E+0000	 2.47415013402755E-0003
 2.84852152686283E+0000	 2.17264331304106E-0003
 2.85506783749800E+0000	 1.77997612875738E-0003
 2.86151005759614E+0000	 1.32405928209012E-0003
 2.86784463377420E+0000	 8.30611157177017E-0004
 2.87407285957416E+0000	 3.22534498200150E-0004
 2.88019947563728E+0000	-1.80115671244742E-0004
 2.88623174179793E+0000	-6.60015998344776E-0004
 2.89217875942152E+0000	-1.10244409730746E-0003
 2.89805092506589E+0000	-1.49512705128806E-0003
 2.90385948669064E+0000	-1.82804454732814E-0003
 2.90961621178914E+0000	-2.09318861129823E-0003
 2.91533317735736E+0000	-2.28430594553566E-0003
 2.92102267937674E+0000	-2.39665733944090E-0003
 2.92669724929861E+0000	-2.42682668023288E-0003
 2.93236976029195E+0000	-2.37260818507899E-0003
 2.93805360404367E+0000	-2.23300003803939E-0003
 2.94376291498251E+0000	-2.00833761051996E-0003
 2.94951280745794E+0000	-1.70060940553932E-0003
 2.95531956570904E+0000	-1.31401073927496E-0003
 2.96120067713995E+0000	-8.55795491526164E-0004
 2.96717451671348E+0000	-3.37464366008238E-0004
 2.97325937513657E+0000	 2.23764511083064E-0004
 2.97947142145138E+0000	 8.03491855918490E-0004
 2.98582125742739E+0000	 1.36940792359281E-0003
 2.99230926314921E+0000	 1.88255222794621E-0003
 2.99892117873743E+0000	 2.30185341542693E-0003
 3.00562670943306E+0000	 2.59183928078941E-0003
 3.01238350134943E+0000	 2.73065650923658E-0003
 3.01914554250443E+0000	 2.71407239173537E-0003
 3.02587168090528E+0000	 2.55353887460875E-0003
 3.03253041754528E+0000	 2.27054189621001E-0003
 3.03910052246699E+0000	 1.89091245089976E-0003
 3.04556938403023E+0000	 1.44110955987798E-0003
 3.05193098625105E+0000	 9.46443332581270E-0004
 3.05818435958983E+0000	 4.30382969030486E-0004
 3.06433253492722E+0000	-8.57626195533580E-0005
 3.07038175174980E+0000	-5.83090812800380E-0004
 3.07634073335225E+0000	-1.04529120814020E-0003
 3.08221998853410E+0000	-1.45870293927547E-0003
 3.08803118803136E+0000	-1.81221397328286E-0003
 3.09378667442638E+0000	-2.09703265299059E-0003
 3.09949913503801E+0000	-2.30639273781229E-0003
 3.10518143590131E+0000	-2.43525407348851E-0003
 3.11084659686833E+0000	-2.48004840258672E-0003
 3.11650788201290E+0000	-2.43850780680167E-0003
 3.12217897890984E+0000	-2.30960822193756E-0003
 3.12787423788559E+0000	-2.09366326308685E-0003
 3.13360893171855E+0000	-1.79261236233934E-0003
 3.13939947069145E+0000	-1.41055777302097E-0003
 3.14526345880286E+0000	-9.54608100300506E-0004
 3.15121939590193E+0000	-4.36060679338417E-0004
 3.15728572081907E+0000	 1.28141461297910E-0004
 3.16347880090241E+0000	 7.13977913357160E-0004
 3.16980955935973E+0000	 1.28966894809355E-0003
 3.17627898254177E+0000	 1.81695047206908E-0003
 3.18287394398016E+0000	 2.25548280465211E-0003
 3.18956597797594E+0000	 2.57017133243480E-0003
 3.19631507618373E+0000	 2.73862578276770E-0003
 3.20307745459100E+0000	 2.75479851444767E-0003
 3.20981327440890E+0000	 2.62722071497734E-0003
 3.21649092505335E+0000	 2.37400755254116E-0003
 3.22308762628044E+0000	 2.01796303065873E-0003
 3.22958817500112E+0000	 1.58348016218917E-0003
 3.23598352813721E+0000	 1.09505325160298E-0003
 3.24226985885048E+0000	 5.76530251456622E-0004
 3.24844794891693E+0000	 5.04772371073424E-0005
 3.25452258607009E+0000	-4.62493529926543E-0004
 3.26050180173007E+0000	-9.44295229440857E-0004
 3.26639600002897E+0000	-1.37968255133280E-0003
 3.27221712390678E+0000	-1.75627194945772E-0003
 3.27797798022013E+0000	-2.06433118864595E-0003
 3.28369177761934E+0000	-2.29644391925420E-0003
 3.28937187484189E+0000	-2.44714579574623E-0003
 3.29503170915903E+0000	-2.51260209406822E-0003
 3.30068486764146E+0000	-2.49037423382871E-0003
 3.30634526519356E+0000	-2.37931135246558E-0003
 3.31202739306603E+0000	-2.17960249856133E-0003
 3.31774659277209E+0000	-1.89303157453853E-0003
 3.32351928660526E+0000	-1.52348556380871E-0003
 3.32936304985346E+0000	-1.07776718660665E-0003
 3.33529633465350E+0000	-5.66735655433908E-0004
 3.34133755654241E+0000	-6.70389005464527E-0006
 3.34750318061805E+0000	 5.79202841809817E-0004
 3.35380454007250E+0000	 1.16041133673171E-0003
 3.36024364169429E+0000	 1.70009464544625E-0003
 3.36680929486932E+0000	 2.15923636023679E-0003
 3.37347593482909E+0000	 2.50331651037057E-0003
 3.38020695702645E+0000	 2.70911283636463E-0003
 3.38696159686124E+0000	 2.76810989726788E-0003
 3.39370179468528E+0000	 2.68513159476875E-0003
 3.40039604721870E+0000	 2.47412837408991E-0003
 3.40702005288928E+0000	 2.15409033485782E-0003
 3.41355584131297E+0000	 1.74657706489162E-0003
 3.41999094358861E+0000	 1.27459282385416E-0003
 3.42631810170052E+0000	 7.61880396471936E-0004
 3.43253520664833E+0000	 2.32019538878759E-0004
 3.43864499432359E+0000	-2.92694214048037E-0004
 3.44465431085652E+0000	-7.92276278509778E-0004
 3.45057308336769E+0000	-1.24970136557520E-0003
 3.45641325849668E+0000	-1.65109771279117E-0003
 3.46218791496883E+0000	-1.98558334006069E-0003
 3.46791064074961E+0000	-2.24490104103817E-0003
 3.47359517636099E+0000	-2.42299092693310E-0003
 3.47925528362440E+0000	-2.51559668245365E-0003
 3.48490478899559E+0000	-2.51996600453495E-0003
 3.49055775351467E+0000	-2.43468607034085E-0003
 3.49622872385533E+0000	-2.25968924902884E-0003
 3.50193301307738E+0000	-1.99646734018626E-0003
 3.50768693957032E+0000	-1.64853803342604E-0003
 3.51350791221965E+0000	-1.22220539529538E-0003
 3.51941418415500E+0000	-7.27628418492676E-0004
 3.52542401293693E+0000	-1.80123135251932E-0004
 3.53155390627607E+0000	 3.98576228402337E-0004
 3.53781572587387E+0000	 9.79710997641538E-0004
 3.54421288231227E+0000	 1.52851887677391E-0003
 3.55073678441871E+0000	 2.00778885519565E-0003
 3.55736559349597E+0000	 2.38376017178553E-0003
 3.56406689598188E+0000	 2.63224901771322E-0003
 3.57080357316652E+0000	 2.74196048879199E-0003
 3.57753984969757E+0000	 2.71365095845897E-0003
 3.58424481599121E+0000	 2.55669440100886E-0003
 3.59089312322137E+0000	 2.28569518457055E-0003
 3.59746436396231E+0000	 1.91858102443295E-0003
 3.60394266345949E+0000	 1.47592084053377E-0003
 3.61031697793871E+0000	 9.80455488514877E-0004
 3.61658166434570E+0000	 4.56117982049343E-0004
 3.62273664571795E+0000	-7.34559672065122E-0005
 3.62878686076760E+0000	-5.86443023875328E-0004
 3.63474116407273E+0000	-1.06390463245067E-0003
 3.64061105788385E+0000	-1.49024871280670E-0003
 3.64640957360571E+0000	-1.85317991908744E-0003
 3.65215045592861E+0000	-2.14334295186951E-0003
 3.65784766987045E+0000	-2.35384761233314E-0003
 3.66351518508247E+0000	-2.47980686736198E-0003
 3.66916697346309E+0000	-2.51796801025444E-0003
 3.67481715847035E+0000	-2.46648606466738E-0003
 3.68048025946231E+0000	-2.32487544224866E-0003
 3.68617147229164E+0000	-2.09417373724179E-0003
 3.69190691249025E+0000	-1.77735312890178E-0003
 3.69770371471520E+0000	-1.38001082171859E-0003
 3.70357982815015E+0000	-9.11344045215701E-0004
 3.70955327836180E+0000	-3.85338176360533E-0004
 3.71564061917420E+0000	 1.78072840265461E-0004
 3.72185437674906E+0000	 7.52398621109342E-0004
 3.72819966592162E+0000	 1.30536473024593E-0003
 3.73467092721676E+0000	 1.80186398716457E-0003
 3.74125050717854E+0000	 2.20902377660839E-0003
 3.74791056294579E+0000	 2.50172151042981E-0003
 3.75461792238793E+0000	 2.66593408168614E-0003
 3.76133945317585E+0000	 2.69850521950677E-0003
 3.76804542523435E+0000	 2.60439828063290E-0003
 3.77471029363072E+0000	 2.39377274327807E-0003
 3.78131215118696E+0000	 2.08041682925412E-0003
 3.78783241711265E+0000	 1.68147507651768E-0003
 3.79425645205666E+0000	 1.21742987550438E-0003
 3.80057470537695E+0000	 7.11381691108924E-0004
 3.80678351702043E+0000	 1.87457446453167E-0004
 3.81288500507637E+0000	-3.31106474747796E-0004
 3.81888609999813E+0000	-8.23525583879697E-0004
 3.82479717255958E+0000	-1.27232335338233E-0003
 3.83063070255204E+0000	-1.66351390486054E-0003
 3.83640024269730E+0000	-1.98633501338193E-0003
 3.84211974802526E+0000	-2.23276993441567E-0003
 3.84780323698020E+0000	-2.39703500907475E-0003
 3.85346471321062E+0000	-2.47514366244146E-0003
 3.85911827317862E+0000	-2.46461193218541E-0003
 3.86477833015464E+0000	-2.36434658078983E-0003
 3.87045988694425E+0000	-2.17474704789294E-0003
 3.87617878116482E+0000	-1.89804907567027E-0003
 3.88195180343410E+0000	-1.53893189488860E-0003
 3.88779654738606E+0000	-1.10538864137537E-0003
 3.89373079537956E+0000	-6.09797481603239E-0004
 3.89977120353880E+0000	-6.99950467720669E-0005
 3.90593110377770E+0000	 4.90077052096865E-0004
 3.91221752714850E+0000	 1.04084331522742E-0003
 3.91862816672253E+0000	 1.54940541648109E-0003
 3.92514969447376E+0000	 1.98380266588654E-0003
 3.93175884150414E+0000	 2.31802178941065E-0003
 3.93842629431719E+0000	 2.53553144336942E-0003
 3.94512155943035E+0000	 2.62975152791507E-0003
 3.95181641506810E+0000	 2.60193113005135E-0003
 3.95848596058064E+0000	 2.45842210293755E-0003
 3.96510808447223E+0000	 2.20906884054338E-0003
 3.97166290564383E+0000	 1.86706464254181E-0003
 3.97813322312295E+0000	 1.44941385678209E-0003
 3.98450590206427E+0000	 9.76826207620748E-0004
 3.99077329887797E+0000	 4.72484444590911E-0004
 3.99693384069143E+0000	-3.99607160466624E-0005
 4.00299151572842E+0000	-5.38368657530339E-0004
 4.00895463249795E+0000	-1.00345890707137E-0003
 4.01483438278913E+0000	-1.41938232142530E-0003
 4.02064359687186E+0000	-1.77367951081423E-0003
 4.02639585909108E+0000	-2.05688855046886E-0003
 4.03210499695735E+0000	-2.26202813444978E-0003
 4.03778488352587E+0000	-2.38411061230079E-0003
 4.04344947114367E+0000	-2.41977875502754E-0003
 4.04911297466490E+0000	-2.36712129200899E-0003
 4.05479012588542E+0000	-2.22570120431190E-0003
 4.06049641876555E+0000	-1.99682006563293E-0003
 4.06624825135038E+0000	-1.68403315199918E-0003
 4.07206284140801E+0000	-1.29391210819009E-0003
 4.07795775023679E+0000	-8.37005611333875E-0004
 4.08394981159103E+0000	-3.28845654661425E-0004
 4.09005328738225E+0000	 2.09335617053266E-0004
 4.09627726769442E+0000	 7.50744336330694E-0004
 4.10262280340749E+0000	 1.26468598507781E-0003
 4.10908089378124E+0000	 1.72004835888824E-0003
 4.11563268798558E+0000	 2.08988188138215E-0003
 4.12225240570680E+0000	 2.35525023411364E-0003
 4.12891179189516E+0000	 2.50656881593012E-0003
 4.13558390873659E+0000	 2.54220765482359E-0003
 4.14224478816687E+0000	 2.46584581999672E-0003
 4.14887313403650E+0000	 2.28443406672914E-0003
 4.15544940728945E+0000	 2.00766984858255E-0003
 4.16195563661605E+0000	 1.64859968725599E-0003
 4.16837643528227E+0000	 1.22420350154996E-0003
 4.17470066395494E+0000	 7.54979457181715E-0004
 4.18092271930954E+0000	 2.63393197990145E-0004
 4.18704278712111E+0000	-2.28176456432285E-0004
 4.19306609070139E+0000	-6.99216922499520E-0004
 4.19900159797280E+0000	-1.13215673864908E-0003
 4.20486067743771E+0000	-1.51271734588631E-0003
 4.21065600901676E+0000	-1.82974865213072E-0003
 4.21640086167362E+0000	-2.07479848386612E-0003
 4.22210872547720E+0000	-2.24161925726255E-0003
 4.22779322806186E+0000	-2.32574938100055E-0003
 4.23346824752398E+0000	-2.32425277477310E-0003
 4.23914813273618E+0000	-2.23566364351803E-0003
 4.24484794358953E+0000	-2.06016183134256E-0003
 4.25058361910931E+0000	-1.79999020816043E-0003
 4.25637196479818E+0000	-1.46011031501534E-0003
 4.26223031978523E+0000	-1.04906064266443E-0003
 4.26817572880387E+0000	-5.79909642230781E-0004
 4.27422344097114E+0000	-7.10567942327766E-0005
 4.28038466936721E+0000	 4.53566955677109E-0004
 4.28666388046508E+0000	 9.65510162591343E-0004
 4.29305644109742E+0000	 1.43449332745703E-0003
 4.29954789035744E+0000	 1.83253140862336E-0003
 4.30611576182966E+0000	 2.13813085131661E-0003
 4.31273352390055E+0000	 2.33868534863613E-0003
 4.31937480941518E+0000	 2.43010110439472E-0003
 4.32601603701816E+0000	 2.41441245009378E-0003
 4.33263682049136E+0000	 2.29716981141661E-0003
 4.33921899045820E+0000	 2.08603616049772E-0003
 4.34574563675361E+0000	 1.79089449823471E-0003
 4.35220119363261E+0000	 1.42471306677815E-0003
 4.35857264279463E+0000	 1.00403105591850E-0003
 4.36485108085408E+0000	 5.48364824483776E-0004
 4.37103274437466E+0000	 7.86579804208877E-0005
 4.37711905781009E+0000	-3.84564287006620E-0004
 4.38311584799819E+0000	-8.22694921429340E-0004
 4.38903215685578E+0000	-1.21989579851046E-0003
 4.39487906285861E+0000	-1.56332346930132E-0003
 4.40066876065462E+0000	-1.84292351205840E-0003
 4.40641398666932E+0000	-2.05101860309424E-0003
 4.41212777093313E+0000	-2.18187597546734E-0003
 4.41782344105562E+0000	-2.23138177101961E-0003
 4.42351478481359E+0000	-2.19689838679717E-0003
 4.42921627518925E+0000	-2.07734374550794E-0003
 4.43494326260650E+0000	-1.87350727392015E-0003
 4.44071203374903E+0000	-1.58860030339758E-0003
 4.44653961794534E+0000	-1.22901696624884E-0003
 4.45244319140692E+0000	-8.05235430826567E-0004
 4.45843890665518E+0000	-3.32691351850193E-0004
 4.46454001654470E+0000	 1.67711872536836E-0004
 4.47075436898015E+0000	 6.69986640380492E-0004
 4.47708179673028E+0000	 1.14491650844599E-0003
 4.48351247889380E+0000	 1.56356191886008E-0003
 4.49002748439519E+0000	 1.90163565965580E-0003
 4.49660185795297E+0000	 2.14301777433448E-0003
 4.50320907904589E+0000	 2.28079290390943E-0003
 4.50982483616048E+0000	 2.31561651817632E-0003
 4.51642867902258E+0000	 2.25276711315300E-0003
 4.52300358594128E+0000	 2.09966168219919E-0003
 4.52953459277233E+0000	 1.86486963554433E-0003
 4.53600781274693E+0000	 1.55852865924462E-0003
 4.54241057723688E+0000	 1.19326270426928E-0003
 4.54873254156010E+0000	 7.84600377063141E-0004
 4.55496701133230E+0000	 3.50417224568671E-0004
 4.56111175596891E+0000	-9.03966164920666E-0005
 4.56716900335505E+0000	-5.19479173522418E-0004
 4.57314475299396E+0000	-9.20237308398190E-0004
 4.57904776209480E+0000	-1.27854063720508E-0003
 4.58488854925719E+0000	-1.58288475589544E-0003
 4.59067863498043E+0000	-1.82418878108057E-0003
 4.59643009939177E+0000	-1.99543009888201E-0003
 4.60215543601853E+0000	-2.09129026871729E-0003
 4.60786762434677E+0000	-2.10793301440520E-0003
 4.61358032193297E+0000	-2.04298371603894E-0003
 4.61930807361921E+0000	-1.89574034206746E-0003
 4.62506643687112E+0000	-1.66761950603402E-0003
 4.63087191634097E+0000	-1.36282198064779E-0003
 4.63674157998532E+0000	-9.89174148597721E-0004
 4.64269219873382E+0000	-5.59039926559402E-0004
 4.64873874524627E+0000	-9.00726667543489E-0005
 4.65489218307237E+0000	 3.94614800269277E-0004
 4.66115678418614E+0000	 8.67452800664240E-0004
 4.66752775217853E+0000	 1.29908239365790E-0003
 4.67399040642546E+0000	 1.66252253714925E-0003
 4.68052195674654E+0000	 1.93756883070256E-0003
 4.68709562756207E+0000	 2.11349008614883E-0003
 4.69368538428163E+0000	 2.18879873016718E-0003
 4.70026917756594E+0000	 2.16859202731793E-0003
 4.70682974748970E+0000	 2.06121261585283E-0003
 4.71335352518989E+0000	 1.87589540828012E-0003
 4.71982896036593E+0000	 1.62207440733643E-0003
 4.72624546820542E+0000	 1.30997036551603E-0003
 4.73259348609390E+0000	 9.51528081866248E-0004
 4.73886537667212E+0000	 5.60858846493059E-0004
 4.74505651838873E+0000	 1.53846305114968E-0004
 4.75116599022119E+0000	-2.52899920855240E-0004
 4.75719659573738E+0000	-6.43290360703577E-0004
 4.76315431808407E+0000	-1.00277814955412E-0003
 4.76904748876991E+0000	-1.31893551201903E-0003
 4.77488596701207E+0000	-1.58158102056607E-0003
 4.78068053004219E+0000	-1.78259601433742E-0003
 4.78644255122365E+0000	-1.91561484773805E-0003
 4.79218394419305E+0000	-1.97575353022860E-0003
 4.79791729273584E+0000	-1.95949202535398E-0003
 4.80365606181497E+0000	-1.86477320609918E-0003
 4.80941478165351E+0000	-1.69133975620206E-0003
 4.81520909852112E+0000	-1.44130239658298E-0003
 4.82105557826437E+0000	-1.11991110547190E-0003
 4.82697112422170E+0000	-7.36465083132374E-0004
 4.83297184216691E+0000	-3.05215391499644E-0004
 4.83907120185537E+0000	 1.54042157779635E-0004
 4.84527750890865E+0000	 6.16197966764861E-0004
 4.85159111991218E+0000	 1.05251587591330E-0003
 4.85800244351312E+0000	 1.43412169150856E-0003
 4.86449209863118E+0000	 1.73671205780073E-0003
 4.87103394828465E+0000	 1.94474588217579E-0003
 4.87760010292806E+0000	 2.05312918913648E-0003
 4.88416567360108E+0000	 2.06570202543021E-0003
 4.89071133060554E+0000	 1.99169450728233E-0003
 4.89722325077804E+0000	 1.84216003344071E-0003
 4.90369143134861E+0000	 1.62783949133245E-0003
 4.91010778368925E+0000	 1.35876011528890E-0003
 4.91646501748962E+0000	 1.04497249500772E-0003
 4.92275659925528E+0000	 6.97521026973501E-0004
 4.92897746882402E+0000	 3.28948595533817E-0004
 4.93512494304168E+0000	-4.69197730437761E-0005
 4.94119931415309E+0000	-4.15761816996856E-0004
 4.94720391570380E+0000	-7.63745871781388E-0004
 4.95314470999726E+0000	-1.07836323981524E-0003
 4.95902962462234E+0000	-1.34890131016852E-0003
 4.96486789408531E+0000	-1.56654106490353E-0003
 4.97066958786516E+0000	-1.72419504417611E-0003
 4.97644539715984E+0000	-1.81625272319394E-0003
 4.98220665856159E+0000	-1.83838806300554E-0003
 4.98796553272478E+0000	-1.78753949988038E-0003
 4.99373522873802E+0000	-1.66212079182779E-0003
 4.99953015943546E+0000	-1.46247751147477E-0003
 5.00536591289936E+0000	-1.19157342458815E-0003
 5.01125891439592E+0000	-8.55864083774129E-0004
 5.01722562512965E+0000	-4.66265612019808E-0004
 5.02328110206247E+0000	-3.90175239082019E-0005
 5.02943679920295E+0000	 4.03953587325286E-0004
 5.03569774938403E+0000	 8.35781470570581E-0004
 5.04205981145301E+0000	 1.22714959320159E-0003
 5.04850829970974E+0000	 1.55060834965383E-0003
 5.05501936113503E+0000	 1.78561456161907E-0003
 5.06156429849978E+0000	 1.92213675184965E-0003
 5.06811518668967E+0000	 1.96102384165398E-0003
 5.07464926310529E+0000	 1.91118586661362E-0003
 5.08115054128065E+0000	 1.78539004876462E-0003
 5.08760886901933E+0000	 1.59674259483944E-0003
 5.09401776652890E+0000	 1.35694279551085E-0003
 5.10037241463382E+0000	 1.07622611808780E-0003
 5.10666856294569E+0000	 7.64246569912931E-0004
 5.11290245073773E+0000	 4.31065723637780E-0004
 5.11907139033926E+0000	 8.76919338705974E-0005
 5.12517451925332E+0000	-2.54006703425582E-0004
 5.13121331596899E+0000	-5.81879132366613E-0004
 5.13719168814294E+0000	-8.84258291260436E-0004
 5.14311566812538E+0000	-1.15062099635801E-0003
 5.14899289778857E+0000	-1.37196452189067E-0003
 5.15483211679311E+0000	-1.54087834997278E-0003
 5.16064281251677E+0000	-1.65140613481272E-0003
 5.16643509833072E+0000	-1.69884477768412E-0003
 5.17221980077077E+0000	-1.67962414666781E-0003
 5.17800867484996E+0000	-1.59137424811018E-0003
 5.18381463403037E+0000	-1.43323746648464E-0003
 5.18965187013008E+0000	-1.20643766634202E-0003
 5.19553573326761E+0000	-9.15081309641202E-0004
 5.20148222639733E+0000	-5.67126919625484E-0004
 5.20750694180962E+0000	-1.75386867272059E-0004
 5.21362326624734E+0000	 2.41720313437046E-0004
 5.21983980665934E+0000	 6.60174029899436E-0004
 5.22615737762237E+0000	 1.05180641031431E-0003
 5.23256655718568E+0000	 1.38773143921189E-0003
 5.23904734914267E+0000	 1.64338929885511E-0003
 5.24557205708600E+0000	 1.80347866749606E-0003
 5.25211076390075E+0000	 1.86440375610091E-0003
 5.25863704265971E+0000	 1.83301905282685E-0003
 5.26513144170611E+0000	 1.72264970898452E-0003
 5.27158190863608E+0000	 1.54863887543064E-0003
 5.27798203135191E+0000	 1.32524639449548E-0003
 5.28432860789041E+0000	 1.06446981058619E-0003
 5.29061971289527E+0000	 7.76354249364950E-0004
 5.29685374501680E+0000	 4.69980375065782E-0004
 5.30302937867769E+0000	 1.54420161038914E-0004
 5.30914605550127E+0000	-1.60745637192670E-0004
 5.31520460022717E+0000	-4.65443021876628E-0004
 5.32120764610835E+0000	-7.49521894534414E-0004
 5.32715972568770E+0000	-1.00333415280252E-0003
 5.33306705391578E+0000	-1.21823964288824E-0003
 5.33893714346402E+0000	-1.38689852348918E-0003
 5.34477842206099E+0000	-1.50332757062021E-0003
 5.35059998405188E+0000	-1.56279392779237E-0003
 5.35641153719227E+0000	-1.56167046071542E-0003
 5.36222353023115E+0000	-1.49738361314847E-0003
 5.36804738462469E+0000	-1.36855886624319E-0003
 5.37389571253675E+0000	-1.17542466443229E-0003
 5.37978238129130E+0000	-9.20486439554954E-0004
 5.38572227012729E+0000	-6.09433511508260E-0004
 5.39173054600385E+0000	-2.52180015137306E-0004
 5.39782127006810E+0000	 1.36167682721376E-0004
 5.40400519602064E+0000	 5.34813964236756E-0004
 5.41028686303902E+0000	 9.17879694966607E-0004
 5.41666163615207E+0000	 1.25681325854990E-0003
 5.42311405664873E+0000	 1.52481595669283E-0003
 5.42961905366860E+0000	 1.70224490497547E-0003
 5.43614644064228E+0000	 1.78069410617418E-0003
 5.44266706178130E+0000	 1.76363270574736E-0003
 5.44915780835950E+0000	 1.66344016872318E-0003
 5.45560365863907E+0000	 1.49671491384638E-0003
 5.46199684940875E+0000	 1.28013685861071E-0003
 5.46833454130976E+0000	 1.02813096500657E-0003
 5.47461640036425E+0000	 7.52344807334719E-0004
 5.48084292740370E+0000	 4.62275745876620E-0004
 5.48701473410107E+0000	 1.66286625501358E-0004
 5.49313256483218E+0000	-1.27534745156102E-0004
 5.49919771607943E+0000	-4.10928248686070E-0004
 5.50521252601568E+0000	-6.75447435346986E-0004
 5.51118070976376E+0000	-9.12755080825094E-0004
 5.51710744428777E+0000	-1.11504514695762E-0003
 5.52299922459466E+0000	-1.27542088072113E-0003
 5.52886359181462E+0000	-1.38812297416319E-0003
 5.53470885983934E+0000	-1.44858599119046E-0003
 5.54054394624849E+0000	-1.45337590197216E-0003
 5.54637836233899E+0000	-1.40010962593386E-0003
 5.55222235328408E+0000	-1.28747407368897E-0003
 5.55808711634817E+0000	-1.11544856501114E-0003
 5.56398497293122E+0000	-8.85795996034021E-0004
 5.56992933322546E+0000	-6.02832625323981E-0004
 5.57593426659238E+0000	-2.74416367545162E-0004
 5.58201347453770E+0000	 8.70056039313622E-0005
 5.58817848442189E+0000	 4.63608080334411E-0004
 5.59443603135383E+0000	 8.32201489428192E-0004
 5.60078500940342E+0000	 1.16576865753753E-0003
 5.60721406382845E+0000	 1.43704550233788E-0003
 5.61370142893968E+0000	 1.62372270582801E-0003
 5.62021811469454E+0000	 1.71341427306455E-0003
 5.62673370721122E+0000	 1.70592416331100E-0003
 5.63322224007311E+0000	 1.61165404727758E-0003
 5.63966564557610E+0000	 1.44730204012309E-0003
 5.64605406694909E+0000	 1.23119525643249E-0003
 5.65238400546598E+0000	 9.80023874696452E-0004
 5.65865578711374E+0000	 7.07466025070487E-0004
 5.66487143279489E+0000	 4.24277341254429E-0004
 5.67103337922565E+0000	 1.39120909284015E-0004
 5.67714401900766E+0000	-1.40479028130265E-0004
 5.68320579819396E+0000	-4.07421852482092E-0004
 5.68922157243579E+0000	-6.54678952911035E-0004
 5.69519498581620E+0000	-8.75275202304441E-0004
 5.70113072810386E+0000	-1.06249627067532E-0003
 5.70703461345739E+0000	-1.21019189507572E-0003
 5.71291349645030E+0000	-1.31305918031049E-0003
 5.71877509237049E+0000	-1.36683065174386E-0003
 5.72462779090234E+0000	-1.36834724992467E-0003
 5.73048054405909E+0000	-1.31555238750573E-0003
 5.73634287490681E+0000	-1.20748755482712E-0003
 5.74222499985737E+0000	-1.04439389057332E-0003
 5.74813799268863E+0000	-8.28020443166091E-0004
 5.75409385413843E+0000	-5.62204203791475E-0004
 5.76010529781418E+0000	-2.53718755126365E-0004
 5.76618503012563E+0000	 8.67153742333015E-0005
 5.77234430802046E+0000	 4.43518359616940E-0004
 5.77859066297485E+0000	 7.95908788987982E-0004
 5.78492499817828E+0000	 1.11881409915654E-0003
 5.79133887523060E+0000	 1.38568305890506E-0003
 5.79781346408108E+0000	 1.57318330058261E-0003
 5.80432157116015E+0000	 1.66642229949491E-0003
 5.81083272884669E+0000	 1.66227355849422E-0003
 5.81731929726996E+0000	 1.56902938566263E-0003
 5.82376085581616E+0000	 1.40278656659792E-0003
 5.83014551975037E+0000	 1.18269200003026E-0003
 5.83646870149403E+0000	 9.27102816328902E-0004
 5.84273071862689E+0000	 6.51535335570945E-0004
 5.84893446227483E+0000	 3.68224433872297E-0004
 5.85508375104250E+0000	 8.66621729412774E-0005
 5.86118248672762E+0000	-1.85511965011591E-0004
 5.86723444092443E+0000	-4.41693611803758E-0004
 5.87324341222476E+0000	-6.75764858762661E-0004
 5.87921352592545E+0000	-8.81844147090597E-0004
 5.88514952369647E+0000	-1.05427898432175E-0003
 5.89105696056731E+0000	-1.18779749178189E-0003
 5.89694227874752E+0000	-1.27773333809066E-0003
 5.90281276812767E+0000	-1.32024988056608E-0003
 5.90867645475854E+0000	-1.31251256620916E-0003
 5.91454197677844E+0000	-1.25279360833069E-0003
 5.92041850621298E+0000	-1.14053460655110E-0003
 5.92631575097864E+0000	-9.76432622489094E-0004
 5.93224402328471E+0000	-7.62642009318711E-0004
 5.93821429255879E+0000	-5.03183945565505E-0004
 5.94423806511483E+0000	-2.04613920377634E-0004
 5.95032686917834E+0000	 1.23096603494434E-0004
 5.95649110246344E+0000	 4.65662443180109E-0004
 5.96273807395067E+0000	 8.03983628944505E-0004
 5.96906933645137E+0000	 1.11468015442476E-0003
 5.97547794808514E+0000	 1.37235079100613E-0003
 5.98194697789496E+0000	 1.55376061995052E-0003
 5.98845075412027E+0000	 1.64296522821687E-0003
 5.99495927423876E+0000	 1.63515219598471E-0003
 6.00144419330351E+0000	 1.53714173812331E-0003
 6.00788369156268E+0000	 1.36440717890412E-0003
 6.01426446749230E+0000	 1.13645132153167E-0003
 6.02058100602863E+0000	 8.72699335804097E-0004
 6.02683340148831E+0000	 5.90029496962065E-0004
 6.03302499341424E+0000	 3.01944830074676E-0004
 6.03916053398599E+0000	 1.88439208552258E-0005
 6.04524509702099E+0000	-2.51211502357367E-0004
 6.05128363191174E+0000	-5.01675604139300E-0004
 6.05728094410245E+0000	-7.26881677408326E-0004
 6.06324188685102E+0000	-9.21659825283153E-0004
 6.06917161129332E+0000	-1.08118314219197E-0003
 6.07507578843525E+0000	-1.20098345493315E-0003
 6.08096076170013E+0000	-1.27707759035680E-0003
 6.08683361477088E+0000	-1.30615226045556E-0003
 6.09270215919753E+0000	-1.28576280942707E-0003
 6.09857486506584E+0000	-1.21451331796348E-0003
 6.10446077178735E+0000	-1.09220796658897E-0003
 6.11036941640139E+0000	-9.19995392485831E-0004
 6.11631079530015E+0000	-7.00562085325454E-0004
 6.12229532638784E+0000	-4.38453942370405E-0004
 6.12833370455737E+0000	-1.40596144470284E-0004
 6.13443646087335E+0000	 1.82983705477901E-0004
 6.14061298240666E+0000	 5.18365230138727E-0004
 6.14686978968196E+0000	 8.47231543459291E-0004
 6.15320809753514E+0000	 1.14724895581665E-0003
 6.15962118688802E+0000	 1.39402046158366E-0003
 6.16609278406318E+0000	 1.56491772714502E-0003
 6.17259793302211E+0000	 1.64401045751877E-0003
 6.17910697901716E+0000	 1.62605119143232E-0003
 6.18559137571821E+0000	 1.51738373475133E-0003
 6.19202871469035E+0000	 1.33334235947750E-0003
 6.19840504815156E+0000	 1.09376254522779E-0003
 6.20471443656624E+0000	 8.18781827508770E-0004
 6.21095691499488E+0000	 5.26177678034086E-0004
 6.21713615023400E+0000	 2.30338619870767E-0004
 6.22325754193465E+0000	-5.76278797364217E-0005
 6.22932701247157E+0000	-3.29229041542190E-0004
 6.23535042668719E+0000	-5.77797877907521E-0004
 6.24133345517422E+0000	-7.97831436689103E-0004
 6.24728168146767E+0000	-9.84548494922888E-0004
 6.25320080195471E+0000	-1.13365885602994E-0003
 6.25909683110926E+0000	-1.24129611046386E-0003
 6.26497627185090E+0000	-1.30406540757052E-0003
 6.27084623368832E+0000	-1.31917001343992E-0003
 6.27671449036770E+0000	-1.28458853447347E-0003
