 1.42941363398522E-0003	 7.36905585840056E-0004
 7.67385297205834E-0003	 4.11503747447126E-0004
 1.38414837702973E-0002	 7.59533746583556E-0005
 1.99348853104145E-0002	-2.51524596121663E-0004
 2.59607590375350E-0002	-5.55155890216025E-0004
 3.19286448986949E-0002	-8.22322938100371E-0004
 3.78497009534963E-0002	-1.04372821226221E-0003
 4.37357194538111E-0002	-1.21318616972601E-0003
 4.95984252668610E-0002	-1.32722363432718E-0003
 5.54490278657760E-0002	-1.38461951016139E-0003
 6.12979726007688E-0002	-1.38596122816235E-0003
 6.71548379005679E-0002	-1.33325758710859E-0003
 7.30283346160296E-0002	-1.22962619898755E-0003
 7.89263739477324E-0002	-1.07906337443400E-0003
 8.48561787356246E-0002	-8.86301694687893E-0004
 9.08244162922216E-0002	-6.56764695160666E-0004
 9.68373236845208E-0002	-3.96635692618912E-0004
 1.02900774167915E-0001	-1.13058527860972E-0004
 1.09020202023997E-0001	 1.85533475039603E-0004
 1.15200282111457E-0001	 4.89017502281848E-0004
 1.21444276642749E-0001	 7.85245613328578E-0004
 1.27753034984705E-0001	 1.05998611993998E-0003
 1.34123767860929E-0001	 1.29739242070760E-0003
 1.40548899263637E-0001	 1.48119736554804E-0003
 1.47015463258250E-0001	 1.59663161664410E-0003
 1.53505515802567E-0001	 1.63271782841172E-0003
 1.59997731878080E-0001	 1.58426876596000E-0003
 1.66469841431179E-0001	 1.45291417648262E-0003
 1.72901198131398E-0001	 1.24689113121515E-0003
 1.79274852480072E-0001	 9.79836052331603E-0004
 1.85578852217033E-0001	 6.69035675759766E-0004
 1.91806768144962E-0001	 3.33523698219511E-0004
 1.97957539295582E-0001	-7.71132876924673E-0006
 2.04034772818172E-0001	-3.37200416548124E-0004
 2.10045697765314E-0001	-6.40003763375961E-0004
 2.16000010856714E-0001	-9.04217047878517E-0004
 2.21908816923655E-0001	-1.12105100864741E-0003
 2.27783778866566E-0001	-1.28462313704508E-0003
 2.33636505699615E-0001	-1.39159911240483E-0003
 2.39478154839867E-0001	-1.44078575076251E-0003
 2.45319206301565E-0001	-1.43273793937942E-0003
 2.51169367027325E-0001	-1.36941441886692E-0003
 2.57037569639645E-0001	-1.25390217951100E-0003
 2.62932034960389E-0001	-1.09022182764326E-0003
 2.68860370619955E-0001	-8.83222804393980E-0004
 2.74829678467688E-0001	-6.38577081148291E-0004
 2.80846637837992E-0001	-3.62882277901035E-0004
 2.86917514874167E-0001	-6.38841994991736E-0005
 2.93048020359009E-0001	 2.49188784843299E-0004
 2.99242914062451E-0001	 5.65236115426262E-0004
 3.05505262026195E-0001	 8.70979855727117E-0004
 3.11835328578575E-0001	 1.15097773676259E-0003
 3.18229245730395E-0001	 1.38823959747716E-0003
 3.24677825119344E-0001	 1.56566355542525E-0003
 3.31166062118106E-0001	 1.66825052368643E-0003
 3.37673846360261E-0001	 1.68563754467798E-0003
 3.44177995819875E-0001	 1.61414202367399E-0003
 3.50655117676879E-0001	 1.45757009771755E-0003
 3.57084420727504E-0001	 1.22657684331107E-0003
 3.63449759369165E-0001	 9.36969100909210E-0004
 3.69740658617114E-0001	 6.07577368516838E-0004
 3.75952437584787E-0001	 2.58193140261676E-0004
 3.82085676541435E-0001	-9.21522276704852E-0005
 3.88145274753714E-0001	-4.26440906701880E-0004
 3.94139326886240E-0001	-7.30422223704025E-0004
 4.00078013809854E-0001	-9.92913963440664E-0004
 4.05972644882957E-0001	-1.20575873305695E-0003
 4.11834915735684E-0001	-1.36356408763035E-0003
 4.17676384952284E-0001	-1.46333911261811E-0003
 4.23508139746968E-0001	-1.50410637687077E-0003
 4.29340611980424E-0001	-1.48653643895454E-0003
 4.35183509915078E-0001	-1.41263201976776E-0003
 4.41045836958253E-0001	-1.28548012254136E-0003
 4.46935970786502E-0001	-1.10908749022113E-0003
 4.52861774441300E-0001	-8.88313022553463E-0004
 4.58830706711160E-0001	-6.28908606924375E-0004
 4.64849891383972E-0001	-3.37677578885499E-0004
 4.70926089523148E-0001	-2.27547590832403E-0005
 4.77065493748167E-0001	 3.06007106462592E-0004
 4.83273238663321E-0001	 6.36609089652119E-0004
 4.89552526598252E-0001	 9.54589858681893E-0004
 4.95903347342976E-0001	 1.24308688711584E-0003
 5.02320960463890E-0001	 1.48361041597013E-0003
 5.08794587566881E-0001	 1.65778365968682E-0003
 5.15306990058563E-0001	 1.74996857016309E-0003
 5.21835531639529E-0001	 1.75016113509679E-0003
 5.28354775418345E-0001	 1.65613691816414E-0003
 5.34839888648431E-0001	 1.47399354132184E-0003
 5.41269736328362E-0001	 1.21698201743127E-0003
 5.47628859300143E-0001	 9.03255179095750E-0004
 5.53908181191707E-0001	 5.53358153838426E-0004
 5.60104727459235E-0001	 1.88026961243811E-0004
 5.66220739327107E-0001	-1.73465361943103E-0004
 5.72262502764279E-0001	-5.14374999422537E-0004
 5.78239130389420E-0001	-8.21023096773589E-0004
 5.84161459999217E-0001	-1.08291084948609E-0003
 5.90041160633709E-0001	-1.29254733163145E-0003
 5.95890071956855E-0001	-1.44511698819218E-0003
 6.01719757906129E-0001	-1.53808508903034E-0003
 6.07541235779324E-0001	-1.57080426085104E-0003
 6.13364841535437E-0001	-1.54415700623776E-0003
 6.19200200429959E-0001	-1.46025384525987E-0003
 6.25056279395644E-0001	-1.32220288860594E-0003
 6.30941498456994E-0001	-1.13396841421918E-0003
 6.36863872783963E-0001	-9.00337214137085E-0004
 6.42831147588807E-0001	-6.27009048029427E-0004
 6.48850876423475E-0001	-3.20821742261684E-0004
 6.54930376879596E-0001	 9.88863586224447E-0006
 6.61076473005447E-0001	 3.54815081981049E-0004
 6.67294907928108E-0001	 7.01170229435716E-0004
 6.73589312608025E-0001	 1.03331493242940E-0003
 6.79959701764352E-0001	 1.33283286789934E-0003
 6.86400691968933E-0001	 1.57945501050380E-0003
 6.92899988757305E-0001	 1.75314872231902E-0003
 6.99437988665795E-0001	 1.83726046054634E-0003
 7.05989230759868E-0001	 1.82190095871417E-0003
 7.12525679447412E-0001	 1.70626154543658E-0003
 7.19020803832409E-0001	 1.49885064486757E-0003
 7.25453003206617E-0001	 1.21568660352887E-0003
 7.31807479064512E-0001	 8.77403639665822E-0004
 7.38076555869617E-0001	 5.06343228294441E-0004
 7.44258959794386E-0001	 1.24243651938201E-0004
 7.50358585023735E-0001	-2.49317874135504E-0004
 7.56383114209176E-0001	-5.97801053312910E-0004
 7.62342715894541E-0001	-9.08036307600577E-0004
 7.68248943862826E-0001	-1.17017141680424E-0003
 7.74113890059783E-0001	-1.37737900103083E-0003
 7.79949588050138E-0001	-1.52544811863074E-0003
 7.85767631484948E-0001	-1.61234751720837E-0003
 7.91578961629274E-0001	-1.63781264737653E-0003
 7.97393783252359E-0001	-1.60298273130964E-0003
 8.03221579737619E-0001	-1.51010188686267E-0003
 8.09071207243448E-0001	-1.36229789924112E-0003
 8.14951048429524E-0001	-1.16345793655748E-0003
 8.20869197752403E-0001	-9.18225142828687E-0004
 8.26833635905425E-0001	-6.32138600734086E-0004
 8.32852334297241E-0001	-3.11930784010902E-0004
 8.38933211097034E-0001	 3.40183802025521E-0005
 8.45083834708703E-0001	 3.95099526677874E-0004
 8.51310742496272E-0001	 7.57851081562981E-0004
 8.57618240811537E-0001	 1.10549363758694E-0003
 8.64006641318722E-0001	 1.41797947025373E-0003
 8.70470149228490E-0001	 1.67304735491638E-0003
 8.76995060744451E-0001	 1.84868718527678E-0003
 8.83559329017747E-0001	 1.92689133567297E-0003
 8.90134426282651E-0001	 1.89765550366052E-0003
 8.96689425708882E-0001	 1.76154284452800E-0003
 9.03195886432458E-0001	 1.52958228843771E-0003
 9.09631666646538E-0001	 1.22071447522424E-0003
 9.15982651427232E-0001	 8.58161124877438E-0004
 9.22242612674421E-0001	 4.66091862167745E-0004
 9.28411997450984E-0001	 6.72338096580990E-0005
 9.34496339057565E-0001	-3.18550128810694E-0004
 9.40504686776845E-0001	-6.74924772122744E-0004
 9.46448238580699E-0001	-9.89214383265470E-0004
 9.52339250511931E-0001	-1.25219201665160E-0003
 9.58190234477749E-0001	-1.45767791037780E-0003
 9.64013417640657E-0001	-1.60206058063218E-0003
 9.69820416975759E-0001	-1.68381651714967E-0003
 9.75622079610284E-0001	-1.70307168065813E-0003
 9.81428448035259E-0001	-1.66122552564600E-0003
 9.87248822063977E-0001	-1.56064838027660E-0003
 9.93091899179010E-0001	-1.40446455493774E-0003
 9.98965975865667E-0001	-1.19644179913002E-0003
 1.00487918249938E+0000	-9.41015490710442E-0004
 1.01083970581228E+0000	-6.43476539264190E-0004
 1.01685593076185E+0000	-3.10342529666943E-0004
 1.02293640985304E+0000	 5.00876705997572E-0005
 1.02908953985444E+0000	 4.27028818739520E-0004
 1.03532279462208E+0000	 8.06451051387000E-0004
 1.04164135483802E+0000	 1.17048904250954E-0003
 1.04804606427424E+0000	 1.49742932490206E-0003
 1.05453093776405E+0000	 1.76286596925372E-0003
 1.06108099078270E+0000	 1.94254866644495E-0003
 1.06767170066740E+0000	 2.01681597656905E-0003
 1.07427128343389E+0000	 1.97533073632051E-0003
 1.08084567352784E+0000	 1.81997505457073E-0003
 1.08736434045957E+0000	 1.56438919198281E-0003
 1.09380454811013E+0000	 1.23057087619343E-0003
 1.10015290691348E+0000	 8.44416108936902E-0004
 1.10640470195944E+0000	 4.31931152950158E-0004
 1.11256213675252E+0000	 1.67855890660719E-0005
 1.11863237270798E+0000	-3.80932280703904E-0004
 1.12462578007919E+0000	-7.45136336944213E-0004
 1.13055452711038E+0000	-1.06366149901977E-0003
 1.13643151626827E+0000	-1.32789965153585E-0003
 1.14226963458861E+0000	-1.53229875761485E-0003
 1.14808126883116E+0000	-1.67382237520303E-0003
 1.15387803186456E+0000	-1.75143048486140E-0003
 1.15967065129849E+0000	-1.76561565985134E-0003
 1.16546898170995E+0000	-1.71801152939941E-0003
 1.17128211379142E+0000	-1.61108362409920E-0003
 1.17711856261408E+0000	-1.44791528449634E-0003
 1.18298651809016E+0000	-1.23211034196523E-0003
 1.18889413045047E+0000	-9.67843925600076E-0004
 1.19484978275353E+0000	-6.60095877043635E-0004
 1.20086227536775E+0000	-3.15092764753734E-0004
 1.20694081780936E+0000	 5.90372321396975E-0005
 1.21309469050016E+0000	 4.51430677536870E-0004
 1.21933240305607E+0000	 8.47581705728349E-0004
 1.22566016017462E+0000	 1.22860261116544E-0003
 1.23207953075849E+0000	 1.57111530070036E-0003
 1.23858454133943E+0000	 1.84847233437653E-0003
 1.24515906969462E+0000	 2.03397855064719E-0003
 1.25177612697397E+0000	 2.10605747355621E-0003
 1.25840053334651E+0000	 2.05382914223258E-0003
 1.26499487476427E+0000	 1.88042526474105E-0003
 1.27152636895938E+0000	 1.60216299610529E-0003
 1.27797163368122E+0000	 1.24421219265317E-0003
 1.28431804320538E+0000	 8.35221618437018E-0004
 1.29056246382389E+0000	 4.03041124498555E-0004
 1.29670890031753E+0000	-2.77682266752169E-0005
 1.30276614065488E+0000	-4.36966563693739E-0004
 1.30874583171079E+0000	-8.08781158771844E-0004
 1.31466104239520E+0000	-1.13159430369904E-0003
 1.32052524589936E+0000	-1.39742227166035E-0003
 1.32635163640708E+0000	-1.60132098595104E-0003
 1.33215270660772E+0000	-1.74079324049127E-0003
 1.33794002662441E+0000	-1.81523901278266E-0003
 1.34372417855837E+0000	-1.82547158351926E-0003
 1.34951481301738E+0000	-1.77331271060364E-0003
 1.35532080388918E+0000	-1.66127779721449E-0003
 1.36115048371609E+0000	-1.49236572684374E-0003
 1.36701194169173E+0000	-1.26997640534612E-0003
 1.37291335644598E+0000	-9.97988695894186E-0004
 1.37886331497893E+0000	-6.81036584429923E-0004
 1.38487103915843E+0000	-3.25015769543582E-0004
 1.39094640550938E+0000	 6.21681167290106E-0005
 1.39709960370406E+0000	 4.69640102801296E-0004
 1.40334023539552E+0000	 8.82494137274243E-0004
 1.40967562982621E+0000	 1.28088805026717E-0003
 1.41610822979068E+0000	 1.63980886681607E-0003
 1.42263225081714E+0000	 1.93032020621552E-0003
 1.42923058261078E+0000	 2.12313253106546E-0003
 1.43587381548241E+0000	 2.19453135534808E-0003
 1.44252327929799E+0000	 2.13289082111135E-0003
 1.44913803332017E+0000	 1.94250349862321E-0003
 1.45568288903454E+0000	 1.64240156784524E-0003
 1.46213375477884E+0000	 1.26102373003916E-0003
 1.46847878985883E+0000	 8.29848707623741E-0004
 1.47471650004259E+0000	 3.78589142000097E-0004
 1.48085273972140E+0000	-6.73385698602536E-0005
 1.48689793456692E+0000	-4.87609464629361E-0004
 1.49286497677567E+0000	-8.66831751899986E-0004
 1.49876777252688E+0000	-1.19398173570472E-0003
 1.50462028735894E+0000	-1.46171541592044E-0003
 1.51043594583826E+0000	-1.66568077547347E-0003
 1.51622728337044E+0000	-1.80387956068208E-0003
 1.52200578370797E+0000	-1.87609669484957E-0003
 1.52778186035313E+0000	-1.88340549244947E-0003
 1.53356495522762E+0000	-1.82775646647072E-0003
 1.53936373579755E+0000	-1.71166147386430E-0003
 1.54518637401961E+0000	-1.53799089216800E-0003
 1.55104088743861E+0000	-1.30990885521547E-0003
 1.55693551296449E+0000	-1.03097958456968E-0003
 1.56287906465709E+0000	-7.05483644649383E-0004
 1.56888119671797E+0000	-3.38980922793503E-0004
 1.57495245237477E+0000	 6.08598184491925E-0005
 1.58110392956587E+0000	 4.83186193240119E-0004
 1.58734633844541E+0000	 9.12748040487891E-0004
 1.59368818687976E+0000	 1.32881550442244E-0003
 1.60013289650798E+0000	 1.70479087728233E-0003
 1.60667501997087E+0000	 2.00944159761422E-0003
 1.61329660571015E+0000	 2.21078349828070E-0003
 1.61996589393953E+0000	 2.28277966749165E-0003
 1.62664066817626E+0000	 2.21286655302799E-0003
 1.63327631179358E+0000	 2.00639404084860E-0003
 1.63983508293523E+0000	 1.68512235029837E-0003
 1.64629210512269E+0000	 1.28083665619439E-0003
 1.65263632235402E+0000	 8.27919109964171E-0004
 1.65886791955783E+0000	 3.57976905925816E-0004
 1.66499464271054E+0000	-1.02732498242504E-0004
 1.67102857394571E+0000	-5.33844965466943E-0004
 1.67698383544800E+0000	-9.20405796840178E-0004
 1.68287512331821E+0000	-1.25203116339751E-0003
 1.68871682721596E+0000	-1.52203794296431E-0003
 1.69452252813370E+0000	-1.72665666775266E-0003
 1.70030473902327E+0000	-1.86434993133310E-0003
 1.70607481152378E+0000	-1.93522878765057E-0003
 1.71184296946031E+0000	-1.94055775107998E-0003
 1.71761844967490E+0000	-1.88234781887286E-0003
 1.72340973776192E+0000	-1.76304812723520E-0003
 1.72922488478085E+0000	-1.58535643453812E-0003
 1.73507188443438E+0000	-1.35217580464858E-0003
 1.74095907943880E+0000	-1.06675077915146E-0003
 1.74689554848246E+0000	-7.33021372459016E-0004
 1.75289139693499E+0000	-3.56234242201369E-0004
 1.75895783158480E+0000	 5.61605530496868E-0005
 1.76510684055464E+0000	 4.93335367822428E-0004
 1.77135022787672E+0000	 9.39728277011290E-0004
 1.77769769389670E+0000	 1.37377999640076E-0003
 1.78415370285182E+0000	 1.76736887243749E-0003
 1.79071326070342E+0000	 2.08698857583239E-0003
 1.79735770979509E+0000	 2.29790211142218E-0003
 1.80405302522651E+0000	 2.37160504601802E-0003
 1.81075342031314E+0000	 2.29442401396544E-0003
 1.81741048530886E+0000	 2.07265743086826E-0003
 1.82398379538446E+0000	 1.73078501502686E-0003
 1.83044761254142E+0000	 1.30399090103071E-0003
 1.83679164772765E+0000	 8.29616560721444E-0004
 1.84301777939627E+0000	 3.41193464472732E-0004
 1.84913566566067E+0000	-1.34179566860158E-0004
 1.85515905557154E+0000	-5.76121151182317E-0004
 1.86110329223441E+0000	-9.70147175912628E-0004
 1.86698382951849E+0000	-1.30654591373591E-0003
 1.87281542910712E+0000	-1.57931323362005E-0003
 1.87861176566697E+0000	-1.78525673633999E-0003
 1.88438526906125E+0000	-1.92326739018410E-0003
 1.89014711289835E+0000	-1.99372632091522E-0003
 1.89590730923452E+0000	-1.99801852027097E-0003
 1.90167489517845E+0000	-1.93814180702526E-0003
 1.90745820518764E+0000	-1.81641740326395E-0003
 1.91326521924752E+0000	-1.63532250448847E-0003
 1.91910396747454E+0000	-1.39747369872325E-0003
 1.92498295927802E+0000	-1.10579485936684E-0003
 1.93091158895940E+0000	-7.63907062668568E-0004
 1.93690044387165E+0000	-3.76781047612919E-0004
 1.94296139824289E+0000	 4.83120656655194E-0005
 1.94910730928835E+0000	 5.00545070627352E-0004
 1.95535104361855E+0000	 9.64051503251334E-0004
 1.96170347867094E+0000	 1.41648564402591E-0003
 1.96817014984633E+0000	 1.82826429673761E-0003
 1.97474660190913E+0000	 2.16365076727125E-0003
 1.98141359173116E+0000	 2.38513334969843E-0003
 1.98813492440563E+0000	 2.46163436482628E-0003
 1.99486125187918E+0000	 2.37822383110633E-0003
 2.00154029527997E+0000	 2.14203991015259E-0003
 2.00812885014946E+0000	 1.78024893535815E-0003
 2.01460025323986E+0000	 1.33144735361533E-0003
 2.02094495288592E+0000	 8.35951902110439E-0004
 2.02716650315204E+0000	 3.29222144186637E-0004
 2.03327645524542E+0000	-1.60804424206748E-0004
 2.03929020383993E+0000	-6.13733216571930E-0004
 2.04522428903887E+0000	-1.01555603224991E-0003
 2.05109489221931E+0000	-1.35723915645275E-0003
 2.05691710694065E+0000	-1.63345881194612E-0003
 2.06270465246923E+0000	-1.84158845151140E-0003
 2.06846982426790E+0000	-1.98091686975983E-0003
 2.07422357477213E+0000	-2.05204349801976E-0003
 2.07997567975916E+0000	-2.05640517173582E-0003
 2.08573497765901E+0000	-1.99591052613725E-0003
 2.09150967968245E+0000	-1.87268126000869E-0003
 2.09730774506653E+0000	-1.68891750457956E-0003
 2.10313730474634E+0000	-1.44691529135374E-0003
 2.10900710311597E+0000	-1.14926934750385E-0003
 2.11492691156621E+0000	-7.99298152021072E-0004
 2.12090784355372E+0000	-4.01732596561628E-0004
 2.12696245877169E+0000	 3.62900022389581E-0005
 2.13310447261933E+0000	 5.03905361916807E-0004
 2.13934778309195E+0000	 9.84931752186624E-0004
 2.14570441623697E+0000	 1.45626558977650E-0003
 2.15218098487763E+0000	 1.88692372999476E-0003
 2.15877363804418E+0000	 2.23900116172698E-0003
 2.16546266475249E+0000	 2.47222402906281E-0003
 2.17220981925180E+0000	 2.55287134635881E-0003
 2.17896224915014E+0000	 2.46462682331299E-0003
 2.18566378623959E+0000	 2.21534520398418E-0003
 2.19226839288234E+0000	 1.83480183219481E-0003
 2.19874843269580E+0000	 1.36495585462817E-0003
 2.20509504502219E+0000	 8.49051386232341E-0004
 2.21131339722438E+0000	 3.24432520968624E-0004
 2.21741685642378E+0000	-1.80147223372041E-0004
 2.22342238639668E+0000	-6.44275970388405E-0004
 2.22934766062045E+0000	-1.05439893577521E-0003
 2.23520953827470E+0000	-1.40213131326751E-0003
 2.24102340257572E+0000	-1.68279995566606E-0003
 2.24680297625736E+0000	-1.89431209032253E-0003
 2.25256037899955E+0000	-2.03631397243017E-0003
 2.25830630498249E+0000	-2.10956955124289E-0003
 2.26405026896430E+0000	-2.11549962794479E-0003
 2.26980090604774E+0000	-2.05584660179193E-0003
 2.27556632371105E+0000	-1.93245551400025E-0003
 2.28135450285423E+0000	-1.74718248887382E-0003
 2.28717373442570E+0000	-1.50195462313204E-0003
 2.29303306473450E+0000	-1.19901230973564E-0003
 2.29894270688404E+0000	-8.41369955509893E-0004
 2.30491435280092E+0000	-4.33537380392211E-0004
 2.31096127878697E+0000	 1.74509990009607E-0005
 2.31709806293444E+0000	 5.00664844686946E-0004
 2.32333961600788E+0000	 9.99599384495127E-0004
 2.32969908946948E+0000	 1.49042476378089E-0003
 2.33618418009031E+0000	 1.94083251262651E-0003
 2.34279171469295E+0000	 2.31084092341689E-0003
 2.34950166619626E+0000	 2.55746522399692E-0003
 2.35627392568012E+0000	 2.64429451953697E-0003
 2.36305228064248E+0000	 2.55347819956867E-0003
 2.36977672652187E+0000	 2.29339841630738E-0003
 2.37639837286661E+0000	 1.89626714714871E-0003
 2.38288855183136E+0000	 1.40725939847971E-0003
 2.38923900137463E+0000	 8.72418564480807E-0004
 2.39545637197373E+0000	 3.30876807052222E-0004
 2.40155569376878E+0000	-1.87841641068939E-0004
 2.40755535179055E+0000	-6.63298436337949E-0004
 2.41347403162085E+0000	-1.08234339095649E-0003
 2.41932918182164E+0000	-1.43717309410465E-0003
 2.42513641372407E+0000	-1.72369456676444E-0003
 2.43090940858060E+0000	-1.94028164313965E-0003
 2.43666007408053E+0000	-2.08687268818169E-0003
 2.44239881633976E+0000	-2.16432799221951E-0003
 2.44813486838389E+0000	-2.17397794567177E-0003
 2.45387665541196E+0000	-2.11731866102539E-0003
 2.45963219281237E+0000	-1.99583749178814E-0003
 2.46540951366056E+0000	-1.81097168497016E-0003
 2.47121711476434E+0000	-1.56421761001243E-0003
 2.47706439874671E+0000	-1.25741700587188E-0003
 2.48296207510287E+0000	-8.93254115627051E-0004
 2.48892246089473E+0000	-4.76006770673478E-0004
 2.49495958035827E+0000	-1.26035646134997E-0005
 2.50108888570932E+0000	 4.85966528701431E-0004
 2.50732629488416E+0000	 1.00290614066893E-0003
 2.51368608028308E+0000	 1.51373335145217E-0003
 2.52017705900758E+0000	 1.98494167723945E-0003
 2.52679686671528E+0000	 2.37462758148557E-0003
 2.53352541816089E+0000	 2.63720054520092E-0003
 2.54032108322416E+0000	 2.73351362103795E-0003
 2.54712459025909E+0000	 2.64394303855364E-0003
 2.55387224260515E+0000	 2.37704117811471E-0003
 2.56051227156498E+0000	 1.96710167859015E-0003
 2.56701484039627E+0000	 1.46222800138166E-0003
 2.57337208494150E+0000	 9.11053571089757E-0004
 2.57959190224681E+0000	 3.54369595496244E-0004
 2.58569074056412E+0000	-1.77575419200010E-0004
 2.59168818229441E+0000	-6.64289423360156E-0004
 2.59760374295389E+0000	-1.09294719684259E-0003
 2.60345532649384E+0000	-1.45621974728792E-0003
 2.60925868126252E+0000	-1.75048022384999E-0003
 2.61502738792176E+0000	-1.97445966593048E-0003
 2.62077310422746E+0000	-2.12828748591511E-0003
 2.62650592409204E+0000	-2.21282632733630E-0003
 2.63223478532793E+0000	-2.22922654885305E-0003
 2.63796790027122E+0000	-2.17865121165407E-0003
 2.64371320050384E+0000	-2.06214684969929E-0003
 2.64947879034616E+0000	-1.88065490977622E-0003
 2.65527339957158E+0000	-1.63517313185726E-0003
 2.66110681735362E+0000	-1.32708694257448E-0003
 2.66699027699044E+0000	-9.58701311276434E-0004
 2.67293673967981E+0000	-5.34016280799196E-0004
 2.67896098433084E+0000	-5.98029023827980E-0005
 2.68507933170921E+0000	 4.52963050132187E-0004
 2.69130869762760E+0000	 9.87303581963711E-0004
 2.69766448904352E+0000	 1.51825933498040E-0003
 2.70415673531987E+0000	 2.01137253616452E-0003
 2.71078413142693E+0000	 2.42309895370676E-0003
 2.71752700063072E+0000	 2.70543714914535E-0003
 2.72434281550734E+0000	 2.81643386591877E-0003
 2.73116980709484E+0000	 2.73425929075018E-0003
 2.73794084532418E+0000	 2.46696097482064E-0003
 2.74460118411783E+0000	 2.05025192539778E-0003
 2.75111949170761E+0000	 1.53468528936317E-0003
 2.75748789947630E+0000	 9.71210203636140E-0004
 2.76371515663954E+0000	 4.02161967601907E-0004
 2.76981877821057E+0000	-1.41488139508285E-0004
 2.77581925063923E+0000	-6.39117993895592E-0004
 2.78173668923791E+0000	-1.07810239042503E-0003
 2.78758928401923E+0000	-1.45143744670387E-0003
 2.79339280398341E+0000	-1.75580710052108E-0003
 2.79916065520227E+0000	-1.99015024219695E-0003
 2.80490420303664E+0000	-2.15465039156859E-0003
 2.81063320886378E+0000	-2.25005036611857E-0003
 2.81635630970328E+0000	-2.27721302235735E-0003
 2.82208150860819E+0000	-2.23687450697160E-0003
 2.82781666156648E+0000	-2.12955884886804E-0003
 2.83356995273484E+0000	-1.95564045970221E-0003
 2.83935034933208E+0000	-1.71555508753666E-0003
 2.84516802274451E+0000	-1.41017203101111E-0003
 2.85103471262548E+0000	-1.04135370119121E-0003
 2.85696399102289E+0000	-6.12745074297968E-0004
 2.86297134294181E+0000	-1.30853511247148E-0004
 2.86907390071068E+0000	 3.93513769495075E-0004
 2.87528953232585E+0000	 9.43428986763504E-0004
 2.88163478970492E+0000	 1.49378909917994E-0003
 2.88812106612954E+0000	 2.00962933832492E-0003
 2.89474853205784E+0000	 2.44625818488526E-0003
 2.90149869532209E+0000	 2.75361442675385E-0003
 2.90832918218884E+0000	 2.88684797784465E-0003
 2.91517668532448E+0000	 2.82120269881878E-0003
 2.92197106376989E+0000	 2.56306305720903E-0003
 2.92865435601236E+0000	 2.14844249767760E-0003
 2.93519309592997E+0000	 1.62961086232063E-0003
 2.94157869818509E+0000	 1.05951424021010E-0003
 2.94782015409272E+0000	 4.81990303916615E-0004
 2.95393557504333E+0000	-7.11641720701198E-0005
 2.95994600287108E+0000	-5.79029424311992E-0004
 2.96587189908885E+0000	-1.02898791179143E-0003
 2.97173155959766E+0000	-1.41416351158585E-0003
 2.97754065147762E+0000	-1.73135941331506E-0003
 2.98331232922157E+0000	-1.97954358956918E-0003
 2.98905762426699E+0000	-2.15879269758454E-0003
 2.99478594990381E+0000	-2.26959012596193E-0003
 3.00050564332103E+0000	-2.31239491130821E-0003
 3.00622450625552E+0000	-2.28742312726496E-0003
 3.01195032482179E+0000	-2.19460381098589E-0003
 3.01769135795239E+0000	-2.03368754250388E-0003
 3.02345678707298E+0000	-1.80449946164006E-0003
 3.02925711846930E+0000	-1.50734211818283E-0003
 3.03510452285412E+0000	-1.14356942476407E-0003
 3.04101307888574E+0000	-7.16372703586268E-0004
 3.04699884848127E+0000	-2.31841667792938E-0004
 3.05307963469568E+0000	 2.99624176637077E-0004
 3.05927413689836E+0000	 8.61509050965499E-0004
 3.06560001796269E+0000	 1.42908911940851E-0003
 3.07207021140986E+0000	 1.96758841472938E-0003
 3.07868693177062E+0000	 2.43195448471238E-0003
 3.08543398956751E+0000	 2.77067257783095E-0003
 3.09227074365820E+0000	 2.93596599551664E-0003
 3.09913385528487E+0000	 2.89914565191951E-0003
 3.10595087683274E+0000	 2.66318427528203E-0003
 3.11266026166324E+0000	 2.26267071997329E-0003
 3.11922537228375E+0000	 1.75051111251031E-0003
 3.12563578734800E+0000	 1.18127773612860E-0003
 3.13189985612809E+0000	 6.00385131457085E-0004
 3.13803568221150E+0000	 4.07148509605888E-0005
 3.14406447278343E+0000	-4.76216645914601E-0004
 3.15000678609372E+0000	-9.37517311241502E-0004
 3.15588086371303E+0000	-1.33618775466897E-0003
 3.16170216955975E+0000	-1.66893038973003E-0003
 3.16748354710441E+0000	-1.93455090843040E-0003
 3.17323566519511E+0000	-2.13285566836687E-0003
 3.17896758179333E+0000	-2.26393392898207E-0003
 3.18468733852393E+0000	-2.32773577479667E-0003
 3.19040254062487E+0000	-2.32388075024579E-0003
 3.19612089835921E+0000	-2.25165126342890E-0003
 3.20185071800189E+0000	-2.11013992513918E-0003
 3.20760133725863E+0000	-1.89853389668852E-0003
 3.21338350205863E+0000	-1.61653435034319E-0003
 3.21920967737127E+0000	-1.26492718110274E-0003
 3.22509426932342E+0000	-8.46343302253429E-0004
 3.23105370004637E+0000	-3.66271670613099E-0004
 3.23710620461345E+0000	 1.65594007787798E-0004
 3.24327109056172E+0000	 7.33612715915140E-0004
 3.24956700445337E+0000	 1.31412190069191E-0003
 3.25600854169485E+0000	 1.87346536046838E-0003
 3.26260057094728E+0000	 2.36733423918591E-0003
 3.26933055149360E+0000	 2.74372706752962E-0003
 3.27616164188404E+0000	 2.95216706353051E-0003
 3.28303264109381E+0000	 2.95894091445852E-0003
 3.28987000757761E+0000	 2.76133460411676E-0003
 3.29660828545425E+0000	 2.39007640499167E-0003
 3.30320626631269E+0000	 1.89713039898738E-0003
 3.30965011244630E+0000	 1.33818658280163E-0003
 3.31594631381005E+0000	 7.60414880008079E-0004
 3.32211220039894E+0000	 1.98220383990112E-0004
 3.32816871563979E+0000	-3.25826358854990E-0004
 3.33413628980479E+0000	-7.98170154209602E-0004
 3.34003299803454E+0000	-1.21138105085213E-0003
 3.34587404899900E+0000	-1.56182289296658E-0003
 3.35167195528359E+0000	-1.84795621590833E-0003
 3.35743702033346E+0000	-2.06917837304197E-0003
 3.36317795079807E+0000	-2.22508325154659E-0003
 3.36890249441734E+0000	-2.31504355135321E-0003
 3.37461804984923E+0000	-2.33804186663286E-0003
 3.38033222017760E+0000	-2.29269505610309E-0003
 3.38605329764237E+0000	-2.17743139997606E-0003
 3.39179067733015E+0000	-1.99079474905310E-0003
 3.39755520256532E+0000	-1.73186635974861E-0003
 3.40335944295539E+0000	-1.40081481566598E-0003
 3.40921789342535E+0000	-9.99608202386465E-0004
 3.41514705108917E+0000	-5.32949306458688E-0004
 3.42116526274442E+0000	-9.51644297907006E-0006
 3.42729212019999E+0000	 5.56414052769217E-0004
 3.43354699941942E+0000	 1.14298054526797E-0003
 3.43994612362561E+0000	 1.71869656520983E-0003
 3.44649746552113E+0000	 2.24133621864347E-0003
 3.45319341114193E+0000	 2.65978437401496E-0003
 3.46000320034928E+0000	 2.92162126111970E-0003
 3.46687056956494E+0000	 2.98738855762372E-0003
 3.47372291074974E+0000	 2.84624516565110E-0003
 3.48049100260950E+0000	 2.52194285879874E-0003
 3.48712755214328E+0000	 2.06321785787770E-0003
 3.49361329573237E+0000	 1.52601811889056E-0003
 3.49995125217256E+0000	 9.59441839288656E-0004
 3.50615699282205E+0000	 4.00009131258647E-0004
 3.51225070423409E+0000	-1.28031671572913E-0004
 3.51825249162728E+0000	-6.09955212787982E-0004
 3.52418021813487E+0000	-1.03753469800312E-0003
 3.53004885731998E+0000	-1.40654956332223E-0003
 3.53587063050861E+0000	-1.71496131268033E-0003
 3.54165551073396E+0000	-1.96167148167476E-0003
 3.54741187081445E+0000	-2.14573942785104E-0003
 3.55314715715381E+0000	-2.26595391678808E-0003
 3.55886852472766E+0000	-2.32067438114573E-0003
 3.56458339945467E+0000	-2.30787556839358E-0003
 3.57029995430522E+0000	-2.22534462284527E-0003
 3.57602749928869E+0000	-2.07099530370727E-0003
 3.58177679342051E+0000	-1.84328181676908E-0003
 3.58756028764347E+0000	-1.54171568400402E-0003
 3.59339229821856E+0000	-1.16751373756184E-0003
 3.59928908386358E+0000	-7.24432711963934E-0004
 3.60526874585619E+0000	-2.19870345639077E-0004
 3.61135077248608E+0000	 3.33682970530492E-0004
 3.61755489222968E+0000	 9.16817098922857E-0004
 3.62389869412824E+0000	 1.50118754540714E-0003
 3.63039333170542E+0000	 2.04801714792770E-0003
 3.63703692486580E+0000	 2.50875312002030E-0003
 3.64380677239527E+0000	 2.83051773379754E-0003
 3.65065464988337E+0000	 2.96835618711934E-0003
 3.65751192794492E+0000	 2.90141411693893E-0003
 3.66430685853480E+0000	 2.64300025997198E-0003
 3.67098498276845E+0000	 2.23544890516196E-0003
 3.67751936579627E+0000	 1.73339802504652E-0003
 3.68390750156617E+0000	 1.18779168778313E-0003
 3.69016189478474E+0000	 6.37909153114635E-0004
 3.69630134501557E+0000	 1.10453344924479E-0004
 3.70234543345003E+0000	-3.78038406800843E-0004
 3.70831183352767E+0000	-8.18100890919633E-0004
 3.71421539325650E+0000	-1.20467015015701E-0003
 3.72006816310812E+0000	-1.53509145634312E-0003
 3.72587987626105E+0000	-1.80775308024131E-0003
 3.73165861302591E+0000	-2.02122515849253E-0003
 3.73741150433106E+0000	-2.17379003251856E-0003
 3.74314539385772E+0000	-2.26326987610998E-0003
 3.74886741586815E+0000	-2.28707447905411E-0003
 3.75458547088433E+0000	-2.24240716335816E-0003
 3.76030859933605E+0000	-2.12658272840804E-0003
 3.76604726495986E+0000	-1.93742981225086E-0003
 3.77181356403916E+0000	-1.67377192821447E-0003
 3.77762137086832E+0000	-1.33600682054896E-0003
 3.78348640918711E+0000	-9.26831538545134E-0004
 3.78942619566311E+0000	-4.52186425523323E-0004
 3.79545972284237E+0000	 7.74968276303056E-0005
 3.80160662144336E+0000	 6.45688547612865E-0004
 3.80788536218667E+0000	 1.22787732214477E-0003
 3.81430987812562E+0000	 1.78984934318826E-0003
 3.82088403730342E+0000	 2.28730346636100E-0003
 3.82759426291659E+0000	 2.66902559901336E-0003
 3.83440307739071E+0000	 2.88620528793679E-0003
 3.84124966846089E+0000	 2.90757915359159E-0003
 3.84806265883571E+0000	 2.73300075004591E-0003
 3.85478062652440E+0000	 2.39442901731932E-0003
 3.86136696973210E+0000	 1.94249324308626E-0003
 3.86781120427856E+0000	 1.42921823738445E-0003
 3.87412099058337E+0000	 8.97119058595158E-0004
 3.88031282696838E+0000	 3.76230217669385E-0004
 3.88640548091193E+0000	-1.14295949122698E-0004
 3.89241649298810E+0000	-5.63190502222686E-0004
 3.89836078921585E+0000	-9.64230516294469E-0004
 3.90425047657749E+0000	-1.31403637989084E-0003
 3.91009522961952E+0000	-1.61052435068045E-0003
 3.91590293625804E+0000	-1.85190976989361E-0003
 3.92168042021123E+0000	-2.03614562844925E-0003
 3.92743413650815E+0000	-2.16069586511278E-0003
 3.93317078156315E+0000	-2.22255774621330E-0003
 3.93889778961531E+0000	-2.21846077316984E-0003
 3.94462371025448E+0000	-2.14518373279068E-0003
 3.95035847863593E+0000	-1.99994920304510E-0003
 3.95611359946795E+0000	-1.78087706765234E-0003
 3.96190226514810E+0000	-1.48750497440026E-0003
 3.96773941361536E+0000	-1.12141226283706E-0003
 3.97364169725947E+0000	-6.87010633613937E-0004
 3.97962727304624E+0000	-1.92581608794642E-0004
 3.98571522576358E+0000	 3.48369826287677E-0004
 3.99192429239186E+0000	 9.15452570246725E-0004
 3.99827038025886E+0000	 1.47964724127982E-0003
 4.00476227350359E+0000	 2.00221875833439E-0003
 4.01139527353236E+0000	 2.43591369641203E-0003
 4.01814409132934E+0000	 2.73096782972801E-0003
 4.02495947471696E+0000	 2.84750561164545E-0003
 4.03177496029406E+0000	 2.77061951719105E-0003
 4.03852457452985E+0000	 2.51784383458566E-0003
 4.04516122055534E+0000	 2.13175311076586E-0003
 4.05166390509640E+0000	 1.66341779944548E-0003
 4.05803308295274E+0000	 1.15847252873756E-0003
 4.06428152151139E+0000	 6.51097145255166E-0004
 4.07042660624059E+0000	 1.64028042747070E-0004
 4.07648572719800E+0000	-2.88894026915070E-0004
 4.08247414660177E+0000	-6.99816269028815E-0004
 4.08840437496747E+0000	-1.06444347601150E-0003
 4.09428634784326E+0000	-1.38025174304107E-0003
 4.10012798643117E+0000	-1.64528620524965E-0003
 4.10593590906855E+0000	-1.85743779399927E-0003
 4.11171615872979E+0000	-2.01409981527693E-0003
 4.11747486488227E+0000	-2.11211667857087E-0003
 4.12321879241744E+0000	-2.14794587154444E-0003
 4.12895575788786E+0000	-2.11796317063342E-0003
 4.13469491675861E+0000	-2.01885452691012E-0003
 4.14044694270040E+0000	-1.84805862125037E-0003
 4.14622412687009E+0000	-1.60425129517104E-0003
 4.15204041735825E+0000	-1.28789361752209E-0003
 4.15791139310735E+0000	-9.01893987528622E-0004
 4.16385411930324E+0000	-4.52454659489483E-0004
 4.16988675751752E+0000	 4.98258089194665E-0005
 4.17602769635216E+0000	 5.88560973140166E-0004
 4.18229382385419E+0000	 1.13998646061750E-0003
 4.18869741657990E+0000	 1.67156825782023E-0003
 4.19524115534516E+0000	 2.14184037948692E-0003
 4.20191153161657E+0000	 2.50345434185080E-0003
 4.20867316500825E+0000	 2.71177951560433E-0003
 4.21546961681135E+0000	 2.73871075016228E-0003
 4.22223532438448E+0000	 2.58478874694926E-0003
 4.22891429472848E+0000	 2.27966867975623E-0003
 4.23547331266962E+0000	 1.86966070268254E-0003
 4.24190284471720E+0000	 1.40212098653810E-0003
 4.24820975086648E+0000	 9.15711666466626E-0004
 4.25440888854806E+0000	 4.37760549465595E-0004
 4.26051717071391E+0000	-1.43060111010942E-0005
 4.26655036453328E+0000	-4.30255885158987E-0004
 4.27252179058891E+0000	-8.04454835919624E-0004
 4.27844211411646E+0000	-1.13381575671601E-0003
 4.28431970580419E+0000	-1.41633068812014E-0003
 4.29016127281040E+0000	-1.65011073878010E-0003
 4.29597258662759E+0000	-1.83284673451993E-0003
 4.30175919840257E+0000	-1.96161122272509E-0003
 4.30752706834077E+0000	-2.03292689463380E-0003
 4.31328306413813E+0000	-2.04302706187910E-0003
 4.31903531177942E+0000	-1.98823747854597E-0003
 4.32479340892782E+0000	-1.86542220933718E-0003
 4.33056852961871E+0000	-1.67246133843863E-0003
 4.33637345182037E+0000	-1.40876104389992E-0003
 4.34222252270566E+0000	-1.07582907134422E-0003
 4.34813153983505E+0000	-6.77972627532044E-0004
 4.35411747033672E+0000	-2.23183733186373E-0004
 4.36019785233852E+0000	 2.75740548113996E-0004
 4.36638961753440E+0000	 7.99860505006688E-0004
 4.37270694265148E+0000	 1.32272271563676E-0003
 4.37915764476661E+0000	 1.80952025370212E-0003
 4.38573786024144E+0000	 2.21806959240763E-0003
 4.39242594927981E+0000	 2.50370688910909E-0003
 4.39917920280091E+0000	 2.62965116152665E-0003
 4.40593886405930E+0000	 2.58018164014437E-0003
 4.41264490230556E+0000	 2.36813400691909E-0003
 4.41925252980142E+0000	 2.02976591538945E-0003
 4.42573988658802E+0000	 1.61075276953062E-0003
 4.43210507442684E+0000	 1.15333460412980E-0003
 4.43835841024809E+0000	 6.90039453117158E-0004
 4.44451535004890E+0000	 2.42992095109919E-0004
 4.45059195875274E+0000	-1.74137179205776E-0004
 4.45660263100156E+0000	-5.53589911794652E-0004
 4.46255926572559E+0000	-8.91259077709787E-0004
 4.46847126245833E+0000	-1.18494120879560E-0003
 4.47434595322784E+0000	-1.43309206169623E-0003
 4.48018924861819E+0000	-1.63402185070323E-0003
 4.48600636142548E+0000	-1.78546715805077E-0003
 4.49180251031940E+0000	-1.88448151451849E-0003
 4.49758352892936E+0000	-1.92758188687171E-0003
 4.50335633100815E+0000	-1.91107898421933E-0003
 4.50912921445146E+0000	-1.83151735818442E-0003
 4.51491201868655E+0000	-1.68616575311872E-0003
 4.52071616884571E+0000	-1.47352857893354E-0003
 4.52655463725759E+0000	-1.19388614909741E-0003
 4.53244182699957E+0000	-8.49901880803318E-0004
 4.53839333809402E+0000	-4.47349319205081E-0004
 4.54442551896446E+0000	 3.99515312008542E-0006
 4.55055463357238E+0000	 4.89283853738992E-0004
 4.55679538272177E+0000	 9.87430112222749E-0004
 4.56315841511430E+0000	 1.47011758199785E-0003
 4.56964645336738E+0000	 1.90169458155766E-0003
 4.57624911280787E+0000	 2.24137735332430E-0003
 4.58293804661901E+0000	 2.44963834952870E-0003
 4.58966650830555E+0000	 2.49907862065050E-0003
 4.59637756705961E+0000	 2.38528252786975E-0003
 4.60301918177002E+0000	 2.12958297064774E-0003
 4.60955702030844E+0000	 1.77066819632898E-0003
 4.61597778554071E+0000	 1.35136959192851E-0003
 4.62228446132199E+0000	 9.08805960360286E-0004
 4.62848914681286E+0000	 4.70511547357705E-0004
 4.63460727484745E+0000	 5.47349245703056E-0005
 4.64065410949798E+0000	-3.27542253402163E-0004
 4.64664304919841E+0000	-6.70329524719641E-0004
 4.65258506276247E+0000	-9.70667365981629E-0004
 4.65848877164320E+0000	-1.22711220206075E-0003
 4.66436088971680E+0000	-1.43864657535513E-0003
 4.67020685337955E+0000	-1.60396929612238E-0003
 4.67603152993577E+0000	-1.72112797224422E-0003
 4.68183991153022E+0000	-1.78745734972217E-0003
 4.68763771406770E+0000	-1.79977265604213E-0003
 4.69343182406526E+0000	-1.75474774802144E-0003
 4.69923057281686E+0000	-1.64940071905877E-0003
 4.70504385304825E+0000	-1.48162533936098E-0003
 4.71088311103053E+0000	-1.25074095248646E-0003
 4.71676123807112E+0000	-9.58070693018061E-0004
 4.72269235274415E+0000	-6.07581951459216E-0004
 4.72869141919867E+0000	-2.06624693211015E-0004
 4.73477359580924E+0000	 2.33219697056081E-0004
 4.74095315289143E+0000	 6.95216772734697E-0004
 4.74724173231268E+0000	 1.15662105752615E-0003
 4.75364566319376E+0000	 1.58823189181044E-0003
 4.76016213974191E+0000	 1.95514709478406E-0003
 4.76677472258285E+0000	 2.22008603247698E-0003
 4.77345028591333E+0000	 2.35059215893851E-0003
 4.78014127685120E+0000	 2.32910352931066E-0003
 4.78679558438168E+0000	 2.16058393867334E-0003
 4.79337003718507E+0000	 1.87149957823047E-0003
 4.79983935406175E+0000	 1.50027681621139E-0003
 4.80619657273510E+0000	 1.08597869550020E-0003
 4.81244781687270E+0000	 6.61033585770685E-0004
 4.81860607662732E+0000	 2.48920321487643E-0004
 4.82468652936165E+0000	-1.35085017033383E-0004
 4.83070378098991E+0000	-4.82014708300749E-0004
 4.83667054866712E+0000	-7.87218149801981E-0004
 4.84259724204739E+0000	-1.04866375539106E-0003
 4.84849206882603E+0000	-1.26561265470697E-0003
 4.85436144732842E+0000	-1.43764526536017E-0003
 4.86021059949852E+0000	-1.56401409014667E-0003
 4.86604423133790E+0000	-1.64330795060394E-0003
 4.87186721151056E+0000	-1.67341120064929E-0003
 4.87768516158678E+0000	-1.65171972013368E-0003
 4.88350489250489E+0000	-1.57554780861128E-0003
 4.88933466033948E+0000	-1.44264826829166E-0003
 4.89518425169490E+0000	-1.25178325622938E-0003
 4.90106492439898E+0000	-1.00331774083610E-0003
 4.90698921523896E+0000	-6.99840222300326E-0004
 4.91297059154644E+0000	-3.46828444169480E-0004
 4.91902288321559E+0000	 4.66361384936000E-0005
 4.92515939849269E+0000	 4.67138993928894E-0004
 4.93139160105761E+0000	 8.96278890189863E-0004
 4.93772719828389E+0000	 1.31027301271526E-0003
 4.94416748334454E+0000	 1.68019749974335E-0003
 4.95070395478206E+0000	 1.97361214114316E-0003
 4.95731499383847E+0000	 2.15868100282808E-0003
 4.96396484966604E+0000	 2.21134921076775E-0003
 4.97060795494743E+0000	 2.12358656843020E-0003
 4.97719895234044E+0000	 1.90766706724725E-0003
 4.98370360603609E+0000	 1.59262952533425E-0003
 4.99010437246756E+0000	 1.21501712450234E-0003
 4.99639910316357E+0000	 8.09766618608853E-0004
 5.00259602479532E+0000	 4.05012101944696E-0004
 5.00870853562630E+0000	 2.07816960749642E-0005
 5.01475145026873E+0000	-3.30084566844272E-0004
 5.02073881100634E+0000	-6.40240929810405E-0004
 5.02668284272176E+0000	-9.06122942231911E-0004
 5.03259362377465E+0000	-1.12648745303845E-0003
 5.03847918636706E+0000	-1.30125526659468E-0003
 5.04434588384126E+0000	-1.43064167030949E-0003
 5.05019893041200E+0000	-1.51456297044418E-0003
 5.05604303748622E+0000	-1.55232221051753E-0003
 5.06188306301863E+0000	-1.54257500025233E-0003
 5.06772458483892E+0000	-1.48355095963188E-0003
 5.07357432534005E+0000	-1.37347347638420E-0003
 5.07944039133593E+0000	-1.21110419408954E-0003
 5.08533232816675E+0000	-9.96350343083055E-0004
 5.09126099941984E+0000	-7.30902113117530E-0004
 5.09723828750431E+0000	-4.18890296854703E-0004
 5.10327657910411E+0000	-6.75522303500820E-0005
 5.10938797515077E+0000	 3.12136965211819E-0004
 5.11558316324726E+0000	 7.04957932585495E-0004
 5.12186990754672E+0000	 1.09120178247703E-0003
 5.12825112504510E+0000	 1.44687780507981E-0003
 5.13472254426459E+0000	 1.74469912190164E-0003
 5.14127015850833E+0000	 1.95643536393113E-0003
 5.14786840911579E+0000	 2.05734159446793E-0003
 5.15448109930589E+0000	 2.03250181911316E-0003
 5.16106690119292E+0000	 1.88265030123785E-0003
 5.16758838816913E+0000	 1.62547389434535E-0003
 5.17402001000876E+0000	 1.29072229695023E-0003
 5.18035094590423E+0000	 9.12052538559476E-0004
 5.18658287792198E+0000	 5.20099813588077E-0004
 5.19272551543602E+0000	 1.38938328007056E-0004
 5.19879237585011E+0000	-2.14534351471268E-0004
 5.20479782498548E+0000	-5.29643147513070E-0004
 5.21075535959569E+0000	-8.00467400624272E-0004
 5.21667678234916E+0000	-1.02439489637633E-0003
 5.22257194071640E+0000	-1.20088639549220E-0003
 5.22844881417997E+0000	-1.33048186615906E-0003
 5.23431383020020E+0000	-1.41403771432340E-0003
 5.24017234029782E+0000	-1.45219326419685E-0003
 5.24602919654530E+0000	-1.44508179489915E-0003
 5.25188935390184E+0000	-1.39230075548949E-0003
 5.25775841114334E+0000	-1.29313085560077E-0003
 5.26364301234975E+0000	-1.14695904293793E-0003
 5.26955106099175E+0000	-9.53839492260821E-0004
 5.27549172907613E+0000	-7.15131240801501E-0004
 5.28147525328720E+0000	-4.34169774231398E-0004
 5.28751249560224E+0000	-1.16937933516454E-0004
 5.29361422646415E+0000	 2.27319447016138E-0004
 5.29979009305803E+0000	 5.85639134709251E-0004
 5.30604728002821E+0000	 9.41186579591473E-0004
 5.31238893571897E+0000	 1.27355840073754E-0003
 5.31881247362243E+0000	 1.55967401597675E-0003
 5.32530787177815E+0000	 1.77543857447903E-0003
 5.33185627304993E+0000	 1.89851830368252E-0003
 5.33842977391524E+0000	 1.91250461724069E-0003
 5.34499387180464E+0000	 1.81177742476422E-0003
 5.35151325998394E+0000	 1.60471989144648E-0003
 5.35795909727625E+0000	 1.31268802738171E-0003
 5.36431410850787E+0000	 9.64720578236870E-0004
 5.37057337959585E+0000	 5.90911756723215E-0004
 5.37674173715987E+0000	 2.17483575587799E-0004
 5.38282996605615E+0000	-1.35428404041852E-0004
 5.38885150708028E+0000	-4.53907246352948E-0004
 5.39482019458929E+0000	-7.29331721022878E-0004
 5.40074894725263E+0000	-9.57135453865025E-0004
 5.40664913621119E+0000	-1.13561260731941E-0003
 5.41253038662862E+0000	-1.26489552177477E-0003
 5.41840065504654E+0000	-1.34612290265069E-0003
 5.42426649685074E+0000	-1.38079123468591E-0003
 5.43013347562815E+0000	-1.37029376334375E-0003
 5.43600666929120E+0000	-1.31566932181426E-0003
 5.44189120907250E+0000	-1.21758543353843E-0003
 5.44779276865656E+0000	-1.07655843440909E-0003
 5.45371792111361E+0000	-8.93378769169365E-0004
 5.45967430247861E+0000	-6.69683544378746E-0004
 5.46567054513060E+0000	-4.08612594515720E-0004
 5.47171595248177E+0000	-1.15488101402861E-0004
 5.47781987950667E+0000	 2.01553199446114E-0004
 5.48399078728196E+0000	 5.31086523170096E-0004
 5.49023498848521E+0000	 8.58247800478248E-0004
 5.49655520189296E+0000	 1.16508088223087E-0003
 5.50294913257808E+0000	 1.43148712624665E-0003
 5.50940830175762E+0000	 1.63676611631860E-0003
 5.51591728555295E+0000	 1.76172125078834E-0003
 5.52245362041273E+0000	 1.79141187575016E-0003
 5.52898903602823E+0000	 1.71847575398908E-0003
 5.53549281482719E+0000	 1.54609481711606E-0003
 5.54193702151844E+0000	 1.28878908597739E-0003
 5.54830159014689E+0000	 9.69861304198995E-0004
 5.55457689511050E+0000	 6.16462865795387E-0004
 5.56076313280156E+0000	 2.54655337294067E-0004
 5.56686769204765E+0000	-9.37856933187873E-0005
 5.57290211509788E+0000	-4.12556715766685E-0004
 5.57887961914089E+0000	-6.90627861276171E-0004
 5.58481343706666E+0000	-9.21388633825489E-0004
 5.59071586242366E+0000	-1.10162227558733E-0003
 5.59659779074968E+0000	-1.23054168642803E-0003
 5.60246858334500E+0000	-1.30896511925182E-0003
 5.60833614250702E+0000	-1.33864164995726E-0003
 5.61420713874709E+0000	-1.32172191481336E-0003
 5.62008735717886E+0000	-1.26038203026214E-0003
 5.62598212955891E+0000	-1.15662653811216E-0003
 5.63189679736615E+0000	-1.01230102559304E-0003
 5.63783712723806E+0000	-8.29326833449470E-0004
 5.64380959187467E+0000	-6.10135636596483E-0004
 5.64982144194391E+0000	-3.58249166142527E-0004
 5.65588051416252E+0000	-7.89305661103633E-0005
 5.66199473250112E+0000	 2.20180455784380E-0004
 5.66817126972843E+0000	 5.28567824095704E-0004
 5.67441537856135E+0000	 8.32646305279901E-0004
 5.68072900811561E+0000	 1.11608059574364E-0003
 5.68710946848359E+0000	 1.36075985717825E-0003
 5.69354848286635E+0000	 1.54838686335502E-0003
 5.70003186580906E+0000	 1.66245286196147E-0003
 5.70653988605435E+0000	 1.69037105210411E-0003
 5.71304840282941E+0000	 1.62567154592712E-0003
 5.71953109929771E+0000	 1.46999686046237E-0003
 5.72596296837586E+0000	 1.23406390358145E-0003
 5.73232427133310E+0000	 9.36579572745420E-0004
 5.73860338365848E+0000	 6.01052426400570E-0004
 5.74479740701757E+0000	 2.51764683644358E-0004
 5.75091075758476E+0000	-8.95300826804887E-0005
 5.75695280375645E+0000	-4.05413778528517E-0004
 5.76293555223333E+0000	-6.83247271749944E-0004
 5.76887187519064E+0000	-9.14771085040580E-0004
 5.77477435294086E+0000	-1.09534258842796E-0003
 5.78065461637230E+0000	-1.22310543342376E-0003
 5.78652303961374E+0000	-1.29822885383494E-0003
 5.79238866421615E+0000	-1.32226156416562E-0003
 5.79825927973410E+0000	-1.29760490344877E-0003
 5.80414162068710E+0000	-1.22710343350506E-0003
 5.81004165755625E+0000	-1.11376360977696E-0003
 5.81596495520170E+0000	-9.60628237084017E-0004
 5.82191704870993E+0000	-7.70840073061361E-0004
 5.82790375833561E+0000	-5.47910642528473E-0004
 5.83393135059326E+0000	-2.96173130965352E-0004
 5.84000645967203E+0000	-2.13569337376464E-0005
 5.84613570383916E+0000	 2.68812518407285E-0004
 5.85232495653902E+0000	 5.64118244734118E-0004
 5.85857827535683E+0000	 8.51635355211392E-0004
 5.86489658931117E+0000	 1.11600936040667E-0003
 5.87127640533396E+0000	 1.34041103023964E-0003
 5.87770893301089E+0000	 1.50816656455948E-0003
 5.88417998146320E+0000	 1.60477870178551E-0003
 5.89067071132230E+0000	 1.61989794128756E-0003
 5.89715907258446E+0000	 1.54893345753585E-0003
 5.90362179452428E+0000	 1.39418594181281E-0003
 5.91003691917751E+0000	 1.16527559860178E-0003
 5.91638661236654E+0000	 8.78399742619888E-0004
 5.92265945788657E+0000	 5.54196905412673E-0004
 5.92885138005118E+0000	 2.14747435293449E-0004
 5.93496499891973E+0000	-1.19265884049771E-0004
 5.94100796173310E+0000	-4.30457962152785E-0004
 5.94699101438210E+0000	-7.05537979753021E-0004
 5.95292633944570E+0000	-9.35274038358974E-0004
 5.95882635479487E+0000	-1.11400179099510E-0003
 5.96470295293707E+0000	-1.23896614619342E-0003
 5.97056708152219E+0000	-1.30966177865249E-0003
 5.97642856229636E+0000	-1.32724672839618E-0003
 5.98229607062200E+0000	-1.29405234939219E-0003
 5.98817722626834E+0000	-1.21319185022802E-0003
 5.99407876855088E+0000	-1.08826883647394E-0003
 6.00000679851135E+0000	-9.23199351625168E-0004
 6.00596706196513E+0000	-7.22175905131861E-0004
 6.01196522077157E+0000	-4.89804972273158E-0004
 6.01800702857784E+0000	-2.31428071674979E-0004
 6.02409831097838E+0000	 4.64080717174797E-0005
 6.03024465976959E+0000	 3.35420218120045E-0004
 6.03645078439522E+0000	 6.25133900313944E-0004
 6.04271951993710E+0000	 9.02688611796408E-0004
 6.04905058814690E+0000	 1.15312104893774E-0003
 6.05543936340185E+0000	 1.36032097181167E-0003
 6.06187605713442E+0000	 1.50869055268264E-0003
 6.06834574430711E+0000	 1.58522845547824E-0003
 6.07482938789291E+0000	 1.58149663145088E-0003
 6.08130561956035E+0000	 1.49497294205580E-0003
 6.08775285941210E+0000	 1.32960945667530E-0003
 6.09415148995461E+0000	 1.09563443066979E-0003
 6.10048589963830E+0000	 8.08585388999314E-0004
 6.10674606403661E+0000	 4.87548866047668E-0004
 6.11292822789606E+0000	 1.52864901276638E-0004
 6.11903450598532E+0000	-1.76126910955328E-0004
 6.12507166207458E+0000	-4.82747139021606E-0004
 6.13104956496927E+0000	-7.53823258906865E-0004
 6.13697974910752E+0000	-9.79836900437926E-0004
 6.14287429453170E+0000	-1.15462787473706E-0003
 6.14874506216019E+0000	-1.27489247620086E-0003
 6.15460323069199E+0000	-1.33963405495488E-0003
 6.16045905885211E+0000	-1.34965032628510E-0003
 6.16632180533989E+0000	-1.30709417315133E-0003
 6.17219975645836E+0000	-1.21511968999416E-0003
 6.17810032865993E+0000	-1.07761607928576E-0003
 6.18403022554022E+0000	-8.99034771284008E-0004
 6.18999563036241E+0000	-6.84326137585991E-0004
 6.19600240016503E+0000	-4.39012515020796E-0004
 6.20205619751087E+0000	-1.69419096483211E-0004
 6.20816246558197E+0000	 1.16948546181283E-0004
 6.21432614337477E+0000	 4.10950082297078E-0004
 6.22055104542767E+0000	 7.01417123033794E-0004
 6.22683889893926E+0000	 9.75017914598757E-0004
 6.23318814372750E+0000	 1.21660825154249E-0003
 6.23959275935658E+0000	 1.41026250719068E-0003
 6.24604154510043E+0000	 1.54101267784039E-0003
 6.25251830291775E+0000	 1.59700672401866E-0003
 6.25900311296417E+0000	 1.57149000074246E-0003
 6.26547442964412E+0000	 1.46400237268847E-0003
 6.27191142187189E+0000	 1.28053788648748E-0003
 6.27829606152090E+0000	 1.03281178700232E-0003
