-1.57680984641839E-0003	 4.97223004849753E-0004
 4.68179284657833E-0003	 8.39778416013950E-0004
 1.10213952800572E-0002	 1.15129586183120E-0003
 1.74341893200071E-0002	 1.40970609090846E-0003
 2.39048721802705E-0002	 1.59503343489828E-0003
 3.04113679154294E-0002	 1.69270474449519E-0003
 3.69273967634588E-0002	 1.69642590052811E-0003
 4.34264576564447E-0002	 1.60941543260160E-0003
 4.98859432378392E-0002	 1.44331406355246E-0003
 5.62899130567783E-0002	 1.21517303746263E-0003
 6.26297528917199E-0002	 9.43804580270801E-0004
 6.89030080895374E-0002	 6.46827913801623E-0004
 7.51113310782938E-0002	 3.39093962777311E-0004
 8.12584799360049E-0002	 3.24288449260983E-0005
 8.73489225981869E-0002	-2.63783370770375E-0004
 9.33871845866123E-0002	-5.41726056849126E-0004
 9.93777951009919E-0002	-7.94392516739323E-0004
 1.05325566001490E-0001	-1.01514679649995E-0003
 1.11235951090875E-0001	-1.19761896366401E-0003
 1.17115323016640E-0001	-1.33584016006173E-0003
 1.22971109114472E-0001	-1.42449499021866E-0003
 1.28811801261125E-0001	-1.45919809255850E-0003
 1.34646884949615E-0001	-1.43675104883477E-0003
 1.40486728643623E-0001	-1.35537824376524E-0003
 1.46342452191792E-0001	-1.21496484776934E-0003
 1.52225765631287E-0001	-1.01732653224143E-0003
 1.58148744129086E-0001	-7.66532721728749E-0004
 1.64123483383837E-0001	-4.69286453342080E-0004
 1.70161562859599E-0001	-1.35334031994367E-0004
 1.76273234774299E-0001	 2.22168411127733E-0004
 1.82466267560935E-0001	 5.86474072714401E-0004
 1.88744433272930E-0001	 9.37485323591435E-0004
 1.95105783164013E-0001	 1.25273018809726E-0003
 2.01541125697562E-0001	 1.50936354786911E-0003
 2.08033415884879E-0001	 1.68720057068459E-0003
 2.14558814850977E-0001	 1.77221391102791E-0003
 2.21089689843110E-0001	 1.75933325826584E-0003
 2.27598879727365E-0001	 1.65332167678833E-0003
 2.34063775321000E-0001	 1.46725398992451E-0003
 2.40468814947054E-0001	 1.21925801802972E-0003
 2.46805855354365E-0001	 9.28876861321536E-0004
 2.53072866157842E-0001	 6.14262897487557E-0004
 2.59271884535046E-0001	 2.90732391473656E-0004
 2.65407078201778E-0001	-2.94459232506254E-0005
 2.71483395824070E-0001	-3.36490552137490E-0004
 2.77505916977058E-0001	-6.22275884598345E-0004
 2.83479768374286E-0001	-8.79603513607975E-0004
 2.89410364777283E-0001	-1.10176676824289E-0003
 2.95303739044618E-0001	-1.28243171700558E-0003
 3.01166803457959E-0001	-1.41575187206068E-0003
 3.07007480601888E-0001	-1.49660223139135E-0003
 3.12834714214636E-0001	-1.52084229711162E-0003
 3.18658402203869E-0001	-1.48556419193824E-0003
 3.24489291686758E-0001	-1.38932416367754E-0003
 3.30338854348248E-0001	-1.23238136110129E-0003
 3.36219132218788E-0001	-1.01697553427516E-0003
 3.42142516110587E-0001	-7.47668180061732E-0004
 3.48121394042516E-0001	-4.31751773250842E-0004
 3.54167586382061E-0001	-7.96977119093532E-0005
 3.60291473101299E-0001	 2.94440590770789E-0004
 3.66500732858679E-0001	 6.72835212453147E-0004
 3.72798689458485E-0001	 1.03417392738882E-0003
 3.79182448565088E-0001	 1.35479068701746E-0003
 3.85641322071787E-0001	 1.61093939302639E-0003
 3.92156354337246E-0001	 1.78215665311479E-0003
 3.98701753690230E-0001	 1.85498204261059E-0003
 4.05248380895912E-0001	 1.82568910495911E-0003
 4.11768356357979E-0001	 1.70077120957957E-0003
 4.18239133850360E-0001	 1.49491858525274E-0003
 4.24645692897797E-0001	 1.22743485895608E-0003
 4.30980549007743E-0001	 9.18567985494638E-0004
 4.37242228137282E-0001	 5.86866625943137E-0004
 4.43433179233999E-0001	 2.47923467759633E-0004
 4.49557899606973E-0001	-8.57222233003702E-0005
 4.55621665919423E-0001	-4.03997421570174E-0004
 4.61629934466091E-0001	-6.98489433665720E-0004
 4.67588269103911E-0001	-9.61755528349703E-0004
 4.73502568788934E-0001	-1.18691512788778E-0003
 4.79379376333569E-0001	-1.36754219925589E-0003
 4.85226121304176E-0001	-1.49777982073262E-0003
 4.91051238518563E-0001	-1.57256932183093E-0003
 4.96864171537020E-0001	-1.58790806075732E-0003
 5.02675301565768E-0001	-1.54109381486678E-0003
 5.08495840565257E-0001	-1.43095491248066E-0003
 5.14337706215607E-0001	-1.25809122129639E-0003
 5.20213367475429E-0001	-1.02515979820024E-0003
 5.26135619506587E-0001	-7.37232275026859E-0004
 5.32117218668697E-0001	-4.02229936436525E-0004
 5.38170284422707E-0001	-3.14045079886770E-0005
 5.44305361944028E-0001	 3.60229008993670E-0004
 5.50530056454068E-0001	 7.53694957442827E-0004
 5.56847239686184E-0001	 1.12640326201859E-0003
 5.63253048476351E-0001	 1.45343986136268E-0003
 5.69735258217178E-0001	 1.71012225120051E-0003
 5.76272957198970E-0001	 1.87570187046547E-0003
 5.82838370829953E-0001	 1.93730795180596E-0003
 5.89400856256213E-0001	 1.89259306064829E-0003
 5.95931851751042E-0001	 1.74980331756097E-0003
 6.02408929044279E-0001	 1.52523643670437E-0003
 6.08817663276761E-0001	 1.23932752279314E-0003
 6.15151263130421E-0001	 9.12951265884465E-0004
 6.21408807494198E-0001	 5.64953103946265E-0004
 6.27593106556303E-0001	 2.11103656642855E-0004
 6.33708895199481E-0001	-1.35859859227666E-0004
 6.39761663345932E-0001	-4.65602800177058E-0004
 6.45757129817470E-0001	-7.69409755322575E-0004
 6.51701200518056E-0001	-1.03954173815641E-0003
 6.57600191616825E-0001	-1.26887087943526E-0003
 6.63461117230342E-0001	-1.45079789168731E-0003
 6.69291909402146E-0001	-1.57937548007867E-0003
 6.75101519099500E-0001	-1.64953705958191E-0003
 6.80899908534698E-0001	-1.65735140059010E-0003
 6.86697973292144E-0001	-1.60026492984952E-0003
 6.92507430976236E-0001	-1.47733232799228E-0003
 6.98340692633997E-0001	-1.28946144868461E-0003
 7.04210704197281E-0001	-1.03970787054305E-0003
 7.10130713570180E-0001	-7.33648230287636E-0004
 7.16113887860841E-0001	-3.79839363684113E-0004
 7.22172678155387E-0001	 9.67160581862812E-0006
 7.28317814928769E-0001	 4.18890356815531E-0004
 7.34556838118527E-0001	 8.27680645510251E-0004
 7.40892168917605E-0001	 1.21217404403890E-0003
 7.47318980482197E-0001	 1.54622436853804E-0003
 7.53823533643412E-0001	 1.80424254847345E-0003
 7.60383012104296E-0001	 1.96522705927857E-0003
 7.66967744512436E-0001	 2.01690867229978E-0003
 7.73545691080034E-0001	 1.95828318744265E-0003
 7.80087699639480E-0001	 1.79925401020444E-0003
 7.86571500167329E-0001	 1.55758951526755E-0003
 7.92983239653833E-0001	 1.25471519923261E-0003
 7.99316744829654E-0001	 9.12018201902494E-0004
 8.05571543089131E-0001	 5.48567442440795E-0004
 8.11750692055940E-0001	 1.80281279406548E-0004
 8.17859057124129E-0001	-1.79896323579187E-0004
 8.23902253695569E-0001	-5.21330270692146E-0004
 8.29886201658935E-0001	-8.34946414451571E-0004
 8.35817113652590E-0001	-1.11264976715860E-0003
 8.41701707622654E-0001	-1.34701158721123E-0003
 8.47547464661518E-0001	-1.53121588643035E-0003
 8.53362818737594E-0001	-1.65919029364103E-0003
 8.59157236590297E-0001	-1.72583025070273E-0003
 8.64941198991987E-0001	-1.72724673010494E-0003
 8.70726118222484E-0001	-1.66100483876207E-0003
 8.76524224273652E-0001	-1.52635568040217E-0003
 8.82348433190680E-0001	-1.32448733253836E-0003
 8.88212183015536E-0001	-1.05883022491437E-0003
 8.94129190516266E-0001	-7.35446991961637E-0004
 9.00113048051909E-0001	-3.63514541019265E-0004
 9.06176549291502E-0001	 4.41392487475457E-0005
 9.12330616764903E-0001	 4.70558841127689E-0004
 9.18582729786840E-0001	 8.94475078378144E-0004
 9.24934869302036E-0001	 1.29078476192776E-0003
 9.31381275711402E-0001	 1.63217028997430E-0003
 9.37906765113522E-0001	 1.89220254676352E-0003
 9.44486735907486E-0001	 2.04967222554140E-0003
 9.51089777986237E-0001	 2.09289918161095E-0003
 9.57682612575847E-0001	 2.02212571745382E-0003
 9.64235600200796E-0001	 1.84873746010045E-0003
 9.70726637446993E-0001	 1.59176429442406E-0003
 9.77142356115927E-0001	 1.27343797905245E-0003
 9.83477052513127E-0001	 9.15540799001231E-0004
 9.89730537049456E-0001	 5.37326119341005E-0004
 9.95905968210472E-0001	 1.54887756922304E-0004
 1.00200823597525E+0000	-2.18551691786392E-0004
 1.00804302395974E+0000	-5.71966531138548E-0004
 1.01401644011889E+0000	-8.95839292301029E-0004
 1.01993502111868E+0000	-1.18165658617136E-0003
 1.02580591615645E+0000	-1.42165471903169E-0003
 1.03163709896075E+0000	-1.60879139728033E-0003
 1.03743751768469E+0000	-1.73687402718300E-0003
 1.04321715155253E+0000	-1.80076806943419E-0003
 1.04898698469489E+0000	-1.79662906156434E-0003
 1.05475892540447E+0000	-1.72213320063705E-0003
 1.06054569613769E+0000	-1.57671050493130E-0003
 1.06636070272669E+0000	-1.36180470181737E-0003
 1.07221786579788E+0000	-1.08119289683545E-0003
 1.07813136590266E+0000	-7.41394066495750E-0004
 1.08411521824141E+0000	-3.52173956409412E-0004
 1.09018255857064E+0000	 7.28935195979417E-0005
 1.09634450382561E+0000	 5.15932711650098E-0004
 1.10260848110183E+0000	 9.54592709088787E-0004
 1.10897605332268E+0000	 1.36260054781657E-0003
 1.11544057930673E+0000	 1.71154504201098E-0003
 1.12198552948461E+0000	 1.97423224411041E-0003
 1.12858467149337E+0000	 2.12928271728133E-0003
 1.13520504408524E+0000	 2.16556336714293E-0003
 1.14181229546497E+0000	 2.08442040574425E-0003
 1.14837638090128E+0000	 1.89850181637141E-0003
 1.15487532838216E+0000	 1.62786340393117E-0003
 1.16129611579117E+0000	 1.29535921456134E-0003
 1.16763331517493E+0000	 9.23075384536072E-0004
 1.17388682681041E+0000	 5.30455601696795E-0004
 1.18005975991404E+0000	 1.33849437605922E-0004
 1.18615694346107E+0000	-2.53122308431396E-0004
 1.19218410992861E+0000	-6.18920415072232E-0004
 1.19814758819423E+0000	-9.53486531941443E-0004
 1.20405430045549E+0000	-1.24783284063643E-0003
 1.20991189204144E+0000	-1.49384803251017E-0003
 1.21572887776313E+0000	-1.68428433160423E-0003
 1.22151474158392E+0000	-1.81286723851999E-0003
 1.22727996916209E+0000	-1.87447179329131E-0003
 1.23303602040353E+0000	-1.86532651414654E-0003
 1.23879526014129E+0000	-1.78322929087688E-0003
 1.24457086175254E+0000	-1.62778084392731E-0003
 1.25037668471267E+0000	-1.40065674349985E-0003
 1.25622710530902E+0000	-1.10594648911634E-0003
 1.26213675057825E+0000	-7.50585146914773E-0004
 1.26812004959071E+0000	-3.44883246859788E-0004
 1.27419047881803E+0000	 9.68873182960814E-0005
 1.28035935698942E+0000	 5.55984002912380E-0004
 1.28663407811752E+0000	 1.00903353702082E-0003
 1.29301582356223E+0000	 1.42865962509117E-0003
 1.29949713565604E+0000	 1.78542906188460E-0003
 1.30606024922856E+0000	 2.05144551259681E-0003
 1.31267746243446E+0000	 2.20517779930520E-0003
 1.31931444842673E+0000	 2.23597122381141E-0003
 1.32593592986305E+0000	 2.14610426347052E-0003
 1.33251150201827E+0000	 1.94924835329692E-0003
 1.33901924282388E+0000	 1.66625163867476E-0003
 1.34544629532279E+0000	 1.32043153438345E-0003
 1.35178728612485E+0000	 9.34129232682762E-0004
 1.35804200586107E+0000	 5.27035370293097E-0004
 1.36421338014025E+0000	 1.15883740691386E-0004
 1.37030612469582E+0000	-2.85151464351342E-0004
 1.37632604342269E+0000	-6.63877016035396E-0004
 1.38227976004907E+0000	-1.00959613303172E-0003
 1.38817467782283E+0000	-1.31280352065880E-0003
 1.39401902776590E+0000	-1.56504815512142E-0003
 1.39982192974106E+0000	-1.75892166756536E-0003
 1.40559343236273E+0000	-1.88813097426462E-0003
 1.41134452125825E+0000	-1.94762434421329E-0003
 1.41708709710229E+0000	-1.93375297578579E-0003
 1.42283392848388E+0000	-1.84446340900356E-0003
 1.42859858106553E+0000	-1.67952831767612E-0003
 1.43439531407697E+0000	-1.44083283315849E-0003
 1.44023891769042E+0000	-1.13273871402169E-0003
 1.44614443907746E+0000	-7.62545927879698E-0004
 1.45212671029118E+0000	-3.41053038042025E-0004
 1.45819955206513E+0000	 1.16829420178807E-0004
 1.46437450296038E+0000	 5.91552591526851E-0004
 1.47065895790891E+0000	 1.05878123312921E-0003
 1.47705376908612E+0000	 1.49009415714918E-0003
 1.48355073887121E+0000	 1.85509034434599E-0003
 1.49013097884590E+0000	 2.12521082310737E-0003
 1.49676547204881E+0000	 2.27876810399294E-0003
 1.50341869685774E+0000	 2.30549543230511E-0003
 1.51005457304014E+0000	 2.20841245191744E-0003
 1.51664234414721E+0000	 2.00196491095588E-0003
 1.52316001293357E+0000	 1.70756774911225E-0003
 1.52959466816891E+0000	 1.34887207109808E-0003
 1.53594074762811E+0000	 9.48470460163054E-0004
 1.54219773291200E+0000	 5.26407697423610E-0004
 1.54836825363289E+0000	 9.99741873728670E-0005
 1.55445689647017E+0000	-3.15919761051294E-0004
 1.56046959882142E+0000	-7.08278460925383E-0004
 1.56641338607595E+0000	-1.06567646475206E-0003
 1.57229626044999E+0000	-1.37806261086989E-0003
 1.57812714193190E+0000	-1.63666966213721E-0003
 1.58391582828075E+0000	-1.83398780330639E-0003
 1.58967296814361E+0000	-1.96378248384839E-0003
 1.59541004486468E+0000	-2.02115375791375E-0003
 1.60113936512009E+0000	-2.00264152600208E-0003
 1.60687404303039E+0000	-1.90638409122976E-0003
 1.61262796640588E+0000	-1.73234035948244E-0003
 1.61841572443536E+0000	-1.48258949291672E-0003
 1.62425246262964E+0000	-1.16172392792077E-0003
 1.63015360865136E+0000	-7.77348096350362E-0004
 1.63613438029902E+0000	-3.40677617621771E-0004
 1.64220894797553E+0000	 1.32812790755793E-0004
 1.64838909735116E+0000	 6.22840948256025E-0004
 1.65468227323577E+0000	 1.10417709133538E-0003
 1.66108906947336E+0000	 1.54741284091636E-0003
 1.66760064287378E+0000	 1.92122312904342E-0003
 1.67419710602901E+0000	 2.19640744232478E-0003
 1.68084828500959E+0000	 2.35109499724244E-0003
 1.68751763087803E+0000	 2.37529238504612E-0003
 1.69416837042807E+0000	 2.27254306298735E-0003
 1.70076937624961E+0000	 2.05779460884888E-0003
 1.70729840934706E+0000	 1.75279442845639E-0003
 1.71374224076999E+0000	 1.38141220330929E-0003
 1.72009484481532E+0000	 9.66524201404841E-0004
 1.72635518635036E+0000	 5.28682221629854E-0004
 1.73252550154159E+0000	 8.59460393300874E-0005
 1.73861026150712E+0000	-3.45831375880803E-0004
 1.74461562985495E+0000	-7.52698682322953E-0004
 1.75054916230267E+0000	-1.12241972982356E-0003
 1.75641958846790E+0000	-1.44438060306125E-0003
 1.76223662385586E+0000	-1.70952920688267E-0003
 1.76801081925737E+0000	-1.91031633428010E-0003
 1.77375346405623E+0000	-2.04064424920195E-0003
 1.77947654543240E+0000	-2.09584720884617E-0003
 1.78519274954166E+0000	-2.07272920048495E-0003
 1.79091548159530E+0000	-1.96967808954923E-0003
 1.79665887727060E+0000	-1.78687025962259E-0003
 1.80243777272382E+0000	-1.52657778412012E-0003
 1.80826758989776E+0000	-1.19358905350755E-0003
 1.81416407434515E+0000	-7.95748492160077E-0004
 1.82014279259040E+0000	-3.44602542757536E-0004
 1.82621825835968E+0000	 1.43908159647983E-0004
 1.83240253059233E+0000	 6.48869398748969E-0004
 1.83870316358225E+0000	 1.14425341429475E-0003
 1.84512058729375E+0000	 1.59974809019509E-0003
 1.85164544384064E+0000	 1.98316401804655E-0003
 1.85825701556633E+0000	 2.26467897458246E-0003
 1.86492417288723E+0000	 2.42219000451775E-0003
 1.87160953936932E+0000	 2.44582145883937E-0003
 1.87827577119130E+0000	 2.33936797114224E-0003
 1.88489133485363E+0000	 2.11794777801947E-0003
 1.89143353849515E+0000	 1.80336232113145E-0003
 1.89788851256436E+0000	 1.41957095090403E-0003
 1.90424944065794E+0000	 9.89784389862550E-0004
 1.91051453402399E+0000	 5.35251971771745E-0004
 1.91668553499872E+0000	 7.50533392299997E-0005
 1.92276682636638E+0000	-3.73785450577115E-0004
 1.92876490701688E+0000	-7.96197215152240E-0004
 1.93468800054791E+0000	-1.17905669959235E-0003
 1.94054569160711E+0000	-1.51117514502205E-0003
 1.94634859162338E+0000	-1.78324621512061E-0003
 1.95210807474189E+0000	-1.98773590126261E-0003
 1.95783611318688E+0000	-2.11875096547565E-0003
 1.96354521261877E+0000	-2.17193422543449E-0003
 1.96924842476550E+0000	-2.14442844611629E-0003
 1.97495940268294E+0000	-2.03493753100996E-0003
 1.98069245943990E+0000	-1.84390306138961E-0003
 1.98646258707604E+0000	-1.57380831167470E-0003
 1.99228538357749E+0000	-1.22961818109543E-0003
 1.99817681737416E+0000	-8.19356265547379E-0004
 2.00415272965005E+0000	-3.54799873661116E-0004
 2.01022793812217E+0000	 1.47776011116201E-0004
 2.01641478124912E+0000	 6.66977603030872E-0004
 2.02272098393239E+0000	 1.17613993256129E-0003
 2.02914693779827E+0000	 1.64419956692364E-0003
 2.03568296765634E+0000	 2.03822095582586E-0003
 2.04230779177567E+0000	 2.32780626704786E-0003
 2.04898963364589E+0000	 2.49054811595660E-0003
 2.05569057705018E+0000	 2.51645996937830E-0003
 2.06237287521322E+0000	 2.40920968932590E-0003
 2.06900454650086E+0000	 2.18364322359859E-0003
 2.07556218070531E+0000	 1.86124644487944E-0003
 2.08203086257326E+0000	 1.46588956484159E-0003
 2.08840257609676E+0000	 1.02116425002578E-0003
 2.09467448383719E+0000	 5.49234751727735E-0004
 2.10084770542801E+0000	 7.04860889489125E-0005
 2.10692655442838E+0000	-3.96626089515917E-0004
 2.11291797203148E+0000	-8.35745814431523E-0004
 2.11883098153607E+0000	-1.23277572091371E-0003
 2.12467613854025E+0000	-1.57593590451678E-0003
 2.13046503620646E+0000	-1.85568715368142E-0003
 2.13620993001048E+0000	-2.06454958336403E-0003
 2.14192351147745E+0000	-2.19688242681188E-0003
 2.14761882239817E+0000	-2.24869244135191E-0003
 2.15330927641860E+0000	-2.21752292771742E-0003
 2.15900874416818E+0000	-2.10245732056805E-0003
 2.16473165479039E+0000	-1.90425805186203E-0003
 2.17049306358880E+0000	-1.62565391267431E-0003
 2.17630862671392E+0000	-1.27178429211887E-0003
 2.18219440540021E+0000	-8.50800203415284E-0004
 2.18816639255958E+0000	-3.74599616769367E-0004
 2.19423961778530E+0000	 1.40378538015319E-0004
 2.20042666381561E+0000	 6.72485204569636E-0004
 2.20673547557838E+0000	 1.19468073528273E-0003
 2.21316656900746E+0000	 1.67542121487471E-0003
 2.21971024857571E+0000	 2.08125141016219E-0003
 2.22634509221531E+0000	 2.38130318470592E-0003
 2.23303916674530E+0000	 2.55276891702501E-0003
 2.23975445665812E+0000	 2.58521337970567E-0003
 2.24645306340619E+0000	 2.48163708594897E-0003
 2.25310251881109E+0000	 2.25599918009280E-0003
 2.25967836525160E+0000	 1.92895687950228E-0003
 2.26616413210891E+0000	 1.52402088348601E-0003
 2.27255008276768E+0000	 1.06517679821638E-0003
 2.27883194478230E+0000	 5.75731539914833E-0004
 2.28501002630851E+0000	 7.76900879181265E-0005
 2.29108855502308E+0000	-4.08777875794351E-0004
 2.29707499664764E+0000	-8.65834428396409E-0004
 2.30297928330098E+0000	-1.27831180726317E-0003
 2.30881303427376E+0000	-1.63380744162931E-0003
 2.31458888769935E+0000	-1.92255223768708E-0003
 2.32032001874064E+0000	-2.13713669893871E-0003
 2.32601986058871E+0000	-2.27219421138238E-0003
 2.33170200228291E+0000	-2.32412332250772E-0003
 2.33738021724139E+0000	-2.29090468190215E-0003
 2.34306857094608E+0000	-2.17204660695494E-0003
 2.34878155619161E+0000	-1.96867975021465E-0003
 2.35453420243296E+0000	-1.68381458152339E-0003
 2.36034209696635E+0000	-1.32277114554179E-0003
 2.36622123643680E+0000	-8.93782163700792E-0004
 2.37218759614194E+0000	-4.08747303070714E-0004
 2.37825626672865E+0000	 1.15939082275270E-0004
 2.38443998551567E+0000	 6.58676297477772E-0004
 2.39074694231052E+0000	 1.19243573294284E-0003
 2.39717797506219E+0000	 1.68561721771571E-0003
 2.40372378222122E+0000	 2.10462105254440E-0003
 2.41036342261949E+0000	 2.41830630588707E-0003
 2.41706553356542E+0000	 2.60335859607147E-0003
 2.42379265053180E+0000	 2.64843429565592E-0003
 2.43050710395744E+0000	 2.55513002110797E-0003
 2.43717593475307E+0000	 2.33568679741276E-0003
 2.44377325924032E+0000	 2.00922504184129E-0003
 2.45028043294863E+0000	 1.59848109725934E-0003
 2.45668534310518E+0000	 1.12776773631133E-0003
 2.46298176955238E+0000	 6.21740308270819E-0004
 2.46916892074188E+0000	 1.04351389044688E-0004
 2.47525084902933E+0000	-4.02204664343718E-0004
 2.48123557194351E+0000	-8.78386181825717E-0004
 2.48713399536561E+0000	-1.30782774161806E-0003
 2.49295885842276E+0000	-1.67744296984298E-0003
 2.49872387691964E+0000	-1.97720558248071E-0003
 2.50444315845921E+0000	-2.19976159925571E-0003
 2.51013087920548E+0000	-2.34000769478058E-0003
 2.51580117078580E+0000	-2.39472784627110E-0003
 2.52146815502828E+0000	-2.36234202142212E-0003
 2.52714606744189E+0000	-2.24279586819728E-0003
 2.53284941564476E+0000	-2.03760802276591E-0003
 2.53859311948483E+0000	-1.75008714241218E-0003
 2.54439257137954E+0000	-1.38572857713915E-0003
 2.55026353573031E+0000	-9.52793709024970E-0004
 2.55622177430264E+0000	-4.63052593298366E-0004
 2.56228224568982E+0000	 6.73848276215850E-0005
 2.56845770461286E+0000	 6.17335534842287E-0004
 2.57475658059118E+0000	 1.16027735157886E-0003
 2.58118025002508E+0000	 1.66512585689245E-0003
 2.58772031508970E+0000	 2.09866933250266E-0003
 2.59435711524357E+0000	 2.42981035586529E-0003
 2.60106081874467E+0000	 2.63465468974482E-0003
 2.60779539701851E+0000	 2.70042002190300E-0003
 2.61452397761644E+0000	 2.62640476947691E-0003
 2.62121321962923E+0000	 2.42208761624781E-0003
 2.62783546135415E+0000	 2.10410850252983E-0003
 2.63436920315704E+0000	 1.69379459843901E-0003
 2.64079916791644E+0000	 1.21555410119882E-0003
 2.64711651287056E+0000	 6.95505723462974E-0004
 2.65331890432489E+0000	 1.59851108917020E-0004
 2.65941000185050E+0000	-3.66864347817739E-0004
 2.66539830269335E+0000	-8.63135358567021E-0004
 2.67129567728033E+0000	-1.31122346490492E-0003
 2.67711598700750E+0000	-1.69724687577267E-0003
 2.68287401935652E+0000	-2.01084657383185E-0003
 2.68858479800803E+0000	-2.24466479628850E-0003
 2.69426321979708E+0000	-2.39380896526681E-0003
 2.69992393447885E+0000	-2.45540089221656E-0003
 2.70558138554892E+0000	-2.42825919234468E-0003
 2.71124994462262E+0000	-2.31273509363698E-0003
 2.71694408412767E+0000	-2.11071108668083E-0003
 2.72267853727320E+0000	-1.82577022880094E-0003
 2.72846838773534E+0000	-1.46354454174717E-0003
 2.73432901257624E+0000	-1.03224654304670E-0003
 2.74027577045487E+0000	-5.43367966030601E-0004
 2.74632328914267E+0000	-1.24774899898070E-0005
 2.75248418469050E+0000	 5.40056924364618E-0004
 2.75876709612379E+0000	 1.08876699561783E-0003
 2.76517413992658E+0000	 1.60374040399300E-0003
 2.77169834886011E+0000	 2.05280000413327E-0003
 2.77832221144880E+0000	 2.40533698873537E-0003
 2.78501851921823E+0000	 2.63692265834159E-0003
 2.79175376021344E+0000	 2.73288290724148E-0003
 2.79849267353060E+0000	 2.68932389214734E-0003
 2.80520190558346E+0000	 2.51180579912789E-0003
 2.81185187119863E+0000	 2.21330842657321E-0003
 2.81841761420602E+0000	 1.81279669463744E-0003
 2.82487983082045E+0000	 1.33423013959614E-0003
 2.83122619240570E+0000	 8.05079944163752E-0004
 2.83745215072893E+0000	 2.53987611230873E-0004
 2.84356054235251E+0000	-2.91838257986736E-0004
 2.84956010433308E+0000	-8.08622628172286E-0004
 2.85546354372009E+0000	-1.27700418402362E-0003
 2.86128576926458E+0000	-1.68211340618130E-0003
 2.86704258634809E+0000	-2.01310798548039E-0003
 2.87274988876834E+0000	-2.26250191541931E-0003
 2.87842325173084E+0000	-2.42550453838448E-0003
 2.88407780342298E+0000	-2.49947691717829E-0003
 2.88972827061970E+0000	-2.48354599156273E-0003
 2.89538912072091E+0000	-2.37838585791201E-0003
 2.90107474294932E+0000	-2.18616621752783E-0003
 2.90679962033004E+0000	-1.91066921649523E-0003
 2.91257844033790E+0000	-1.55757940864110E-0003
 2.91842607527347E+0000	-1.13494995865272E-0003
 2.92435733430565E+0000	-6.53831505413172E-0004
 2.93038635409534E+0000	-1.29003306701459E-0004
 2.93652547571673E+0000	 4.20349209069420E-0004
 2.94278350303187E+0000	 9.70318172488219E-0004
 2.94916343330069E+0000	 1.49278979849985E-0003
 2.95566014970948E+0000	 1.95728461912279E-0003
 2.96225903280531E+0000	 2.33423237001852E-0003
 2.96893651086743E+0000	 2.59893290725330E-0003
 2.97566272495992E+0000	 2.73466974514432E-0003
 2.98240509406726E+0000	 2.73375257262160E-0003
 2.98913105647781E+0000	 2.59680362545286E-0003
 2.99580945193106E+0000	 2.33183479078504E-0003
 3.00241163218156E+0000	 1.95410482419613E-0003
 3.00891350475852E+0000	 1.48606544793840E-0003
 3.01529822807920E+0000	 9.55977396788103E-0004
 3.02155805460459E+0000	 3.94839708769364E-0004
 3.02769423750134E+0000	-1.67251408987233E-0004
 3.03371524453139E+0000	-7.03905001120025E-0004
 3.03963430536914E+0000	-1.19378459739970E-0003
 3.04546718791041E+0000	-1.62072197836912E-0003
 3.05123060025849E+0000	-1.97313045908901E-0003
 3.05694123113082E+0000	-2.24317762522201E-0003
 3.06261528026895E+0000	-2.42598889619973E-0003
 3.06826831206434E+0000	-2.51900154852118E-0003
 3.07391530094236E+0000	-2.52150353951313E-0003
 3.07957077800128E+0000	-2.43435548659060E-0003
 3.08524901778622E+0000	-2.25988555150360E-0003
 3.09096421845924E+0000	-2.00195048536013E-0003
 3.09673062849616E+0000	-1.66616211839321E-0003
 3.10256255934732E+0000	-1.26027950751863E-0003
 3.10847419817333E+0000	-7.94753656776859E-0004
 3.11447910468193E+0000	-2.83371398394486E-0004
 3.12058926110295E+0000	 2.56136955612966E-0004
 3.12681358750920E+0000	 8.01788864916152E-0004
 3.13315600116459E+0000	 1.32773470486462E-0003
 3.13961342730200E+0000	 1.80573975947087E-0003
 3.14617454340880E+0000	 2.20784708982384E-0003
 3.15282007493268E+0000	 2.50960266566107E-0003
 3.15952474822698E+0000	 2.69259547314342E-0003
 3.16625984196785E+0000	 2.74536656171229E-0003
 3.17299489105755E+0000	 2.66312109548202E-0003
 3.17969829501831E+0000	 2.44778617288449E-0003
 3.18633826698970E+0000	 2.10927265401269E-0003
 3.19288563372351E+0000	 1.66678829938912E-0003
 3.19931802544044E+0000	 1.14806912717561E-0003
 3.20562317764669E+0000	 5.85840825008668E-0004
 3.21179954655532E+0000	 1.30589172597627E-0005
 3.21785441853935E+0000	-5.40941615031267E-0004
 3.22380094569160E+0000	-1.05238780932295E-0003
 3.22965539377971E+0000	-1.50334996409848E-0003
 3.23543516899203E+0000	-1.88108760603443E-0003
 3.24115764370717E+0000	-2.17707708330293E-0003
 3.24683958333692E+0000	-2.38607203412111E-0003
 3.25249695829618E+0000	-2.50534205279632E-0003
 3.25814497688967E+0000	-2.53412383884783E-0003
 3.26379823105132E+0000	-2.47327445738615E-0003
 3.26947088660046E+0000	-2.32510662385971E-0003
 3.27517687050063E+0000	-2.09339087532898E-0003
 3.28093001177050E+0000	-1.78351747422498E-0003
 3.28674408276783E+0000	-1.40281389497869E-0003
 3.29263266677797E+0000	-9.61003490691466E-0004
 3.29860875351849E+0000	-4.70756970562357E-0004
 3.30468395406665E+0000	 5.17800601439732E-0005
 3.31086726609912E+0000	 5.86703357658990E-0004
 3.31716345932534E+0000	 1.11063240539455E-0003
 3.32357141576746E+0000	 1.59787902598550E-0003
 3.33008305337965E+0000	 2.02255778679478E-0003
 3.33668347699089E+0000	 2.36112433939240E-0003
 3.34335240186821E+0000	 2.59431999952341E-0003
 3.35006589907741E+0000	 2.70777265370579E-0003
 3.35679715717906E+0000	 2.69175899109447E-0003
 3.36351609535395E+0000	 2.54176047871307E-0003
 3.37018952122535E+0000	 2.26086226539813E-0003
 3.37678393760237E+0000	 1.86273884046630E-0003
 3.38327091850928E+0000	 1.37230767361213E-0003
 3.38963223340260E+0000	 8.22463457207950E-0004
 3.39586184274781E+0000	 2.48420184143054E-0004
 3.40196440232786E+0000	-3.17415859113996E-0004
 3.40795196319311E+0000	-8.48333072860647E-0004
 3.41384065411532E+0000	-1.32402916839380E-0003
 3.41964822451052E+0000	-1.73002904467371E-0003
 3.42539255305886E+0000	-2.05661755498466E-0003
 3.43109089771409E+0000	-2.29776167099338E-0003
 3.43675962071292E+0000	-2.45022093991247E-0003
 3.44241418391569E+0000	-2.51289452578943E-0003
 3.44806928152882E+0000	-2.48639175173304E-0003
 3.45373902916998E+0000	-2.37279836434724E-0003
 3.45943715704432E+0000	-2.17561543948979E-0003
 3.46517716442958E+0000	-1.89985702157042E-0003
 3.47097238701744E+0000	-1.55229722905530E-0003
 3.47683591252612E+0000	-1.14184996314505E-0003
 3.48278026108219E+0000	-6.80036077278141E-0004
 3.48881674083760E+0000	-1.81436271789694E-0004
 3.49495442482378E+0000	 3.36055386039157E-0004
 3.50119881114500E+0000	 8.51442578518681E-0004
 3.50755044461314E+0000	 1.34156137683831E-0003
 3.51400401687675E+0000	 1.78277766916407E-0003
 3.52054847646019E+0000	 2.15301240509069E-0003
 3.52716817804026E+0000	 2.43321524896666E-0003
 3.53384420822314E+0000	 2.60760499647642E-0003
 3.54055459551602E+0000	 2.66312097701733E-0003
 3.54727304685083E+0000	 2.58976947035911E-0003
 3.55396781986668E+0000	 2.38336599884186E-0003
 3.56060342678010E+0000	 2.04993687886448E-0003
 3.56714615777094E+0000	 1.60851217742591E-0003
 3.57357088013040E+0000	 1.08937737376951E-0003
 3.57986514456819E+0000	 5.28354884583038E-0004
 3.58602897050053E+0000	-3.95459557899122E-0005
 3.59207172064949E+0000	-5.84364106858343E-0004
 3.59800832919133E+0000	-1.08276705242597E-0003
 3.60385626911244E+0000	-1.51781983964609E-0003
 3.60963360673713E+0000	-1.87795373009901E-0003
 3.61535796099691E+0000	-2.15579043204682E-0003
 3.62104606450707E+0000	-2.34712270577083E-0003
 3.62671367516436E+0000	-2.45014126029460E-0003
 3.63237567071980E+0000	-2.46490514677891E-0003
 3.63804622453024E+0000	-2.39302544937462E-0003
 3.64373899978247E+0000	-2.23753305137961E-0003
 3.64946731582699E+0000	-2.00291026798827E-0003
 3.65524423968564E+0000	-1.69527199482485E-0003
 3.66108254421876E+0000	-1.32267692340364E-0003
 3.66699445977409E+0000	-8.95526154490237E-0004
 3.67299114215485E+0000	-4.26959336002975E-0004
 3.67908181013505E+0000	 6.69111866864608E-0005
 3.68527260284579E+0000	 5.67155958883312E-0004
 3.69156539020007E+0000	 1.05280103056666E-0003
 3.69795698254311E+0000	 1.50226694387600E-0003
 3.70443922726107E+0000	 1.89511342027321E-0003
 3.71100007679382E+0000	 2.21329358301378E-0003
 3.71762489071767E+0000	 2.44118985143168E-0003
 3.72429666174827E+0000	 2.56464898305409E-0003
 3.73099443177204E+0000	 2.57055383278794E-0003
 3.73769097571307E+0000	 2.44884217520746E-0003
 3.74435254568279E+0000	 2.19725540152485E-0003
 3.75094294204478E+0000	 1.82616548384942E-0003
 3.75743081319416E+0000	 1.35954745017195E-0003
 3.76379601579241E+0000	 8.30762038926928E-0004
 3.77003172514138E+0000	 2.75768881423089E-0004
 3.77614246426181E+0000	-2.72586438085832E-0004
 3.78214034383249E+0000	-7.87531295805245E-0004
 3.78804150852065E+0000	-1.24894484231547E-0003
 3.79386361605433E+0000	-1.64263551264394E-0003
 3.79962435885402E+0000	-1.95918904500854E-0003
 3.80534074496423E+0000	-2.19285501179541E-0003
 3.81102884824268E+0000	-2.34065068393734E-0003
 3.81670381770082E+0000	-2.40171542473202E-0003
 3.82238001361105E+0000	-2.37689488676616E-0003
 3.82807118947740E+0000	-2.26852456615006E-0003
 3.83379066453114E+0000	-2.08038818581724E-0003
 3.83955143732115E+0000	-1.81783255712359E-0003
 3.84536618412551E+0000	-1.48801789266056E-0003
 3.85124707429784E+0000	-1.10026411522637E-0003
 3.85720533026580E+0000	-6.66414093097283E-0004
 3.86325048264792E+0000	-2.01073729546556E-0004
 3.86938934984210E+0000	 2.78477008932287E-0004
 3.87562493056145E+0000	 7.52925365100285E-0004
 3.88195560670768E+0000	 1.20221245177529E-0003
 3.88837515202503E+0000	 1.60720114450953E-0003
 3.89487375941832E+0000	 1.95100112364791E-0003
 3.90143955281531E+0000	 2.21911884682122E-0003
 3.90805932275945E+0000	 2.39830100834291E-0003
 3.91471737715833E+0000	 2.47522976901414E-0003
 3.92139279899600E+0000	 2.43706792963757E-0003
 3.92805731539664E+0000	 2.27511778911093E-0003
 3.93467669207108E+0000	 1.99037748777257E-0003
 3.94121653539753E+0000	 1.59732675012720E-0003
 3.94764971473202E+0000	 1.12280035996291E-0003
 3.95396118415927E+0000	 6.00474862163831E-0004
 3.96014836718333E+0000	 6.43793539571151E-0005
 3.96621839494896E+0000	-4.55667017265677E-0004
 3.97218446278389E+0000	-9.35983764940434E-0004
 3.97806277194302E+0000	-1.35906767518282E-0003
 3.98387049289084E+0000	-1.71273071082087E-0003
 3.98962462375900E+0000	-1.98901404954847E-0003
 3.99534146521946E+0000	-2.18320809107987E-0003
 4.00103646642175E+0000	-2.29309141535118E-0003
 4.00672427237897E+0000	-2.31840156544419E-0003
 4.01241886526086E+0000	-2.26051767935117E-0003
 4.01813372855593E+0000	-2.12233154609350E-0003
 4.02388197731192E+0000	-1.90828759208324E-0003
 4.02967639645261E+0000	-1.62457134734642E-0003
 4.03552932020011E+0000	-1.27941220956372E-0003
 4.04145227908033E+0000	-8.83433722363738E-0004
 4.04745535333969E+0000	-4.49929964360815E-0004
 4.05354622956403E+0000	 5.12209697038290E-0006
 4.05972909240608E+0000	 4.63549128764929E-0004
 4.06600369494072E+0000	 9.06133107144100E-0004
 4.07236512630608E+0000	 1.31430305153150E-0003
 4.07880467054094E+0000	 1.67175618239028E-0003
 4.08531152029181E+0000	 1.96508189378322E-0003
 4.09187425584340E+0000	 2.18285362435817E-0003
 4.09848072895987E+0000	 2.31380724814817E-0003
 4.10511588106505E+0000	 2.34585139271485E-0003
 4.11175873918263E+0000	 2.26769874520862E-0003
 4.11838120749559E+0000	 2.07336055360054E-0003
 4.12495083882099E+0000	 1.76726397963254E-0003
 4.13143706874459E+0000	 1.36646572486334E-0003
 4.13781757844718E+0000	 8.98198335773568E-0004
 4.14408151655720E+0000	 3.94339508447287E-0004
 4.15022894287872E+0000	-1.14088205487455E-0004
 4.15626805116660E+0000	-6.00410266959501E-0004
 4.16221200218749E+0000	-1.04360344846532E-0003
 4.16807638887100E+0000	-1.42815256998951E-0003
 4.17387757565095E+0000	-1.74325503735207E-0003
 4.17963177068888E+0000	-1.98188611996220E-0003
 4.18535460028566E+0000	-2.13997086204520E-0003
 4.19106098949686E+0000	-2.21574861789577E-0003
 4.19676521148844E+0000	-2.20934385022222E-0003
 4.20248101268159E+0000	-2.12253303478584E-0003
 4.20822174409576E+0000	-1.95869331726771E-0003
 4.21400043507116E+0000	-1.72291669794215E-0003
 4.21982974013060E+0000	-1.42226364227505E-0003
 4.22572168119126E+0000	-1.06610462868263E-0003
 4.23168710823800E+0000	-6.66450960604383E-0004
 4.23773483481907E+0000	-2.38105992847331E-0004
 4.24387050673552E+0000	 2.01605350472015E-0004
 4.25009546284535E+0000	 6.33776642876749E-0004
 4.25640609533970E+0000	 1.03958673803149E-0003
 4.26279428711170E+0000	 1.40228474751088E-0003
 4.26924907769484E+0000	 1.70856460494215E-0003
 4.27575880734299E+0000	 1.94840331370693E-0003
 4.28231230107620E+0000	 2.11333503308594E-0003
 4.28889799686488E+0000	 2.19442128888943E-0003
 4.29550129282358E+0000	 2.18179633049767E-0003
 4.30210191690110E+0000	 2.06696902856037E-0003
 4.30867369109812E+0000	 1.84723450233346E-0003
 4.31518786711388E+0000	 1.52968796867698E-0003
 4.32161872718563E+0000	 1.13214899416664E-0003
 4.32794850327769E+0000	 6.80353739465077E-0004
 4.33416944839063E+0000	 2.03178848462325E-0004
 4.34028301730268E+0000	-2.71734710804779E-0004
 4.34629748843608E+0000	-7.20673220221667E-0004
 4.35222537531645E+0000	-1.12484546245243E-0003
 4.35808135309274E+0000	-1.47026625397570E-0003
 4.36388087244800E+0000	-1.74712429393531E-0003
 4.36963935995100E+0000	-1.94902604834990E-0003
 4.37537183460939E+0000	-2.07231492435608E-0003
 4.38109278945916E+0000	-2.11554685517845E-0003
 4.38681622443098E+0000	-2.07914706515394E-0003
 4.39255574468172E+0000	-1.96525101077611E-0003
 4.39832465113687E+0000	-1.77772394654176E-0003
 4.40413594953637E+0000	-1.52234452137397E-0003
 4.41000219599651E+0000	-1.20711886668929E-0003
 4.41593508910849E+0000	-8.42654220389872E-0004
 4.42194472728090E+0000	-4.42456882937271E-0004
 4.42803850913330E+0000	-2.29293538057128E-0005
 4.43421981430228E+0000	 3.97234186065434E-0004
 4.44048687982351E+0000	 7.98498384085077E-0004
 4.44683254797146E+0000	 1.16267484502123E-0003
 4.45324544858376E+0000	 1.47510538331755E-0003
 4.45971240974734E+0000	 1.72565897636207E-0003
 4.46622085096694E+0000	 1.90780092561371E-0003
 4.47275960376898E+0000	 2.01628660989543E-0003
 4.47931753317132E+0000	 2.04515764782493E-0003
 4.48588085595970E+0000	 1.98770981812728E-0003
 4.49243109310300E+0000	 1.83892775685320E-0003
 4.49894544178908E+0000	 1.59923494556998E-0003
 4.50539992863547E+0000	 1.27734743375147E-0003
 4.51177388866326E+0000	 8.90470251321398E-0004
 4.51805357100570E+0000	 4.61788910212327E-0004
 4.52423353127485E+0000	 1.67061384381071E-0005
 4.53031592645756E+0000	-4.20531574835874E-0004
 4.53630867161919E+0000	-8.28959886806291E-0004
 4.54222340642586E+0000	-1.19176021175381E-0003
 4.54807380951808E+0000	-1.49625641002707E-0003
 4.55387442024850E+0000	-1.73347146140542E-0003
 4.55963992248289E+0000	-1.89754688275390E-0003
 4.56538477800539E+0000	-1.98519740086127E-0003
 4.57112309615887E+0000	-1.99528626595994E-0003
 4.57686864349616E+0000	-1.92855989144761E-0003
 4.58263491073297E+0000	-1.78755775859841E-0003
 4.58843515796288E+0000	-1.57669971299937E-0003
 4.59428235341212E+0000	-1.30253678420051E-0003
 4.60018890949450E+0000	-9.74123855828478E-0004
 4.60616611122286E+0000	-6.03421405265571E-0004
 4.61222314943499E+0000	-2.05547161616259E-0004
 4.61836576522804E+0000	 2.01416636243234E-0004
 4.62459474760604E+0000	 5.97425972225281E-0004
 4.63090489004616E+0000	 9.62500862356572E-0004
 4.63728524340495E+0000	 1.27943197582907E-0003
 4.64372112172805E+0000	 1.53605348506760E-0003
 4.65019720022231E+0000	 1.72573977461749E-0003
 4.65670002877610E+0000	 1.84572412860705E-0003
 4.66321849046992E+0000	 1.89436095020721E-0003
 4.66974211814695E+0000	 1.86920264151660E-0003
 4.67625858111987E+0000	 1.76717356976859E-0003
 4.68275212469465E+0000	 1.58677130644707E-0003
 4.68920413228027E+0000	 1.33099853818357E-0003
 4.69559569970514E+0000	 1.00932082400880E-0003
 4.70191097117239E+0000	 6.37592979573389E-0004
 4.70813973469478E+0000	 2.36105674803258E-0004
 4.71427844165855E+0000	-1.73220014063902E-0004
 4.72032973620257E+0000	-5.69392186725390E-0004
 4.72630111771455E+0000	-9.34056228981607E-0004
 4.73220338762179E+0000	-1.25228790890640E-0003
 4.73804929191882E+0000	-1.51270702374587E-0003
 4.74385251897488E+0000	-1.70720600619882E-0003
 4.74962705501364E+0000	-1.83052775635258E-0003
 4.75538683197212E+0000	-1.87984500690080E-0003
 4.76114558496136E+0000	-1.85443050205437E-0003
 4.76691683713943E+0000	-1.75546809942227E-0003
 4.77271393127767E+0000	-1.58603130127320E-0003
 4.77855002305926E+0000	-1.35123746426267E-0003
 4.78443793998446E+0000	-1.05856354935457E-0003
 4.79038979394514E+0000	-7.18271818457041E-0004
 4.79641622593378E+0000	-3.43825650465657E-0004
 4.80252519232298E+0000	 4.79385016788989E-0005
 4.80872034565470E+0000	 4.37258411162735E-0004
 4.81499939396550E+0000	 8.02935475004728E-0004
 4.82135326518205E+0000	 1.12499302294494E-0003
 4.82776703391475E+0000	 1.38784154322710E-0003
 4.83422282925862E+0000	 1.58245328765172E-0003
 4.84070352336864E+0000	 1.70618396544257E-0003
 4.84719520347084E+0000	 1.76032856370606E-0003
 4.85368722556625E+0000	 1.74704598285018E-0003
 4.86017030416786E+0000	 1.66752365411683E-0003
 4.86663417692960E+0000	 1.52221720612323E-0003
 4.87306634244954E+0000	 1.31270343741537E-0003
 4.87945255199139E+0000	 1.04391262438487E-0003
 4.88577874001991E+0000	 7.25504963305994E-0004
 4.89203342837319E+0000	 3.71767763010305E-0004
 4.89820959903650E+0000	 2.02720263595114E-0007
 4.90430548497170E+0000	-3.70509646439723E-0004
 4.91032430394681E+0000	-7.22434150302256E-0004
 4.91627332198976E+0000	-1.03974895178682E-0003
 4.92216269077318E+0000	-1.30946189570530E-0003
 4.92800437352019E+0000	-1.52160196910089E-0003
 4.93381130935589E+0000	-1.66908348817664E-0003
 4.93959684703943E+0000	-1.74742125515128E-0003
 4.94537441585340E+0000	-1.75442742676588E-0003
 4.95115737473082E+0000	-1.68997745467780E-0003
 4.95695896967467E+0000	-1.55590123918781E-0003
 4.96279232099638E+0000	-1.35603291426814E-0003
 4.96867034983684E+0000	-1.09643107765367E-0003
 4.97460553616920E+0000	-7.85751977024245E-0004
 4.98060938070135E+0000	-4.35708379717018E-0004
 4.98669143668702E+0000	-6.14570208178343E-0005
 4.99285783420276E+0000	 3.18386817523621E-0004
 4.99910943312525E+0000	 6.82565223084739E-0004
 5.00544017887257E+0000	 1.00926341215768E-0003
 5.01183671178494E+0000	 1.27940465862477E-0003
 5.01828019102006E+0000	 1.48007813258015E-0003
 5.02475012347221E+0000	 1.60628228735057E-0003
 5.03122841486346E+0000	 1.65983558573133E-0003
 5.03770152560488E+0000	 1.64617805782650E-0003
 5.04415999751625E+0000	 1.57109492376118E-0003
 5.05059631219736E+0000	 1.43904255956570E-0003
 5.05700268733789E+0000	 1.25345169689712E-0003
 5.06336998636956E+0000	 1.01829598176110E-0003
 5.06968807238621E+0000	 7.39829467131647E-0004
 5.07594721909034E+0000	 4.27607987233258E-0004
 5.08213984239479E+0000	 9.44218529318269E-0005
 5.08826185997474E+0000	-2.44709391252793E-0004
 5.09431329960768E+0000	-5.74009069211635E-0004
 5.10029815312909E+0000	-8.78377469745296E-0004
 5.10622372229047E+0000	-1.14446230864692E-0003
 5.11209976126840E+0000	-1.36127121470499E-0003
 5.11793764875969E+0000	-1.52039319551125E-0003
 5.12374971503504E+0000	-1.61596034819709E-0003
 5.12954876312975E+0000	-1.64448086336240E-0003
 5.13534777097348E+0000	-1.60464908338047E-0003
 5.14115973283545E+0000	-1.49721110021552E-0003
 5.14699758043538E+0000	-1.32494186689535E-0003
 5.15287410710021E+0000	-1.09276930879546E-0003
 5.15880179845263E+0000	-8.08055749513565E-0004
 5.16479245043722E+0000	-4.81008084972405E-0004
 5.17085643606246E+0000	-1.25121437378710E-0004
 5.17700149075093E+0000	 2.42553801271618E-0004
 5.18323099007264E+0000	 6.01699104019823E-0004
 5.18954200030012E+0000	 9.30082178475762E-0004
 5.19592391044700E+0000	 1.20633422886676E-0003
 5.20235885187300E+0000	 1.41374624317610E-0003
 5.20882463284893E+0000	 1.54353899076328E-0003
 5.21529932685193E+0000	 1.59568747378410E-0003
 5.22176523854350E+0000	 1.57670854213104E-0003
 5.22821035273082E+0000	 1.49585141617178E-0003
 5.23462719547035E+0000	 1.36188408147069E-0003
 5.24101047645740E+0000	 1.18175369489414E-0003
 5.24735502706366E+0000	 9.61045262601861E-0004
 5.25365487118311E+0000	 7.05383615256748E-0004
 5.25990350184852E+0000	 4.21837847133257E-0004
 5.26609494596715E+0000	 1.19697819370842E-0004
 5.27222503329164E+0000	-1.89585035347194E-0004
 5.27829237560488E+0000	-4.93140746817345E-0004
 5.28429880214605E+0000	-7.77758242238465E-0004
 5.29024925697201E+0000	-1.03094176831062E-0003
 5.29615133012695E+0000	-1.24171959976558E-0003
 5.30201463261047E+0000	-1.40113632569797E-0003
 5.30785017772342E+0000	-1.50247020336282E-0003
 5.31366986000350E+0000	-1.54126354037160E-0003
 5.31948606423541E+0000	-1.51525824628518E-0003
 5.32531139853630E+0000	-1.42431606190669E-0003
 5.33115852014873E+0000	-1.27038792926846E-0003
 5.33704000079138E+0000	-1.05758225377162E-0003
 5.34296815444134E+0000	-7.92362706081265E-0004
 5.34895472400525E+0000	-4.83874683557351E-0004
 5.35501029958963E+0000	-1.44345965706694E-0004
 5.36114333365095E+0000	 2.10581553357821E-0004
 5.36735866452294E+0000	 5.61869028046031E-0004
 5.37365564152359E+0000	 8.87889265836448E-0004
 5.38002635305973E+0000	 1.16651054048481E-0003
 5.38645499483881E+0000	 1.37854511024344E-0003
 5.39291952525693E+0000	 1.51164512774031E-0003
 5.39939574150979E+0000	 1.56273455177660E-0003
 5.40586213785355E+0000	 1.53739748020790E-0003
 5.41230312532643E+0000	 1.44654068617905E-0003
 5.41870938989526E+0000	 1.30235508878810E-0003
 5.42507606354695E+0000	 1.11555339577901E-0003
 5.43140027599637E+0000	 8.94573321758345E-0004
 5.43767933847047E+0000	 6.46279237055920E-0004
 5.44391004732112E+0000	 3.77267986525322E-0004
 5.45008897883501E+0000	 9.50121601518334E-0005
 5.45621334334083E+0000	-1.91580298343018E-0004
 5.46228192592749E+0000	-4.72265169095126E-0004
 5.46829576712703E+0000	-7.36049391831972E-0004
 5.47425843544538E+0000	-9.71991749959303E-0004
 5.48017592372721E+0000	-1.16996964708440E-0003
 5.48605630036918E+0000	-1.32126906950170E-0003
 5.49190925811416E+0000	-1.41896298525011E-0003
 5.49774566449604E+0000	-1.45811215211508E-0003
 5.50357716958391E+0000	-1.43584866756233E-0003
 5.50941588892914E+0000	-1.35140408999416E-0003
 5.51527415386138E+0000	-1.20613727426491E-0003
 5.52116430018384E+0000	-1.00360946325127E-0003
 5.52709844251076E+0000	-7.49743571756344E-0004
 5.53308815273829E+0000	-4.53082617488916E-0004
 5.53914393307387E+0000	-1.25118403114126E-0004
 5.54527436094030E+0000	 2.19413121790058E-0004
 5.55148481091667E+0000	 5.62484072418566E-0004
 5.55777577713107E+0000	 8.83325469407341E-0004
 5.56414110303372E+0000	 1.16001770132305E-0003
 5.57056688467321E+0000	 1.37239429000309E-0003
 5.57703215665401E+0000	 1.50584162994835E-0003
 5.58351203837359E+0000	 1.55452670385854E-0003
 5.58998254234792E+0000	 1.52219258601557E-0003
 5.59642484502678E+0000	 1.41986537858663E-0003
 5.60282708184207E+0000	 1.26179478012510E-0003
 5.60918345986965E+0000	 1.06178861339932E-0003
 5.61549193837353E+0000	 8.31291110971725E-0004
 5.62175193620581E+0000	 5.79251461589003E-0004
 5.62796291480948E+0000	 3.13064331188252E-0004
 5.63412399250825E+0000	 3.97632965957693E-0005
 5.64023431654694E+0000	-2.33096875043815E-0004
 5.64629377545928E+0000	-4.97100419080696E-0004
 5.65230368503408E+0000	-7.43138277348573E-0004
 5.65826722754868E+0000	-9.61899726464368E-0004
 5.66418958428537E+0000	-1.14447348214591E-0003
 5.67007781690292E+0000	-1.28289735331848E-0003
 5.67594059966601E+0000	-1.37058075912087E-0003
 5.68178789480874E+0000	-1.40259526729004E-0003
 5.68763062890158E+0000	-1.37586571850611E-0003
 5.69348039445905E+0000	-1.28930433795697E-0003
 5.69934917728370E+0000	-1.14392718553564E-0003
 5.70524909290520E+0000	-9.42986864198237E-0004
 5.71119209728085E+0000	-6.92149337004714E-0004
 5.71718961233762E+0000	-3.99729310654784E-0004
 5.72325197858273E+0000	-7.69656584062697E-0005
 5.72938762987671E+0000	 2.61745932715786E-0004
 5.73560190768370E+0000	 5.98843514310428E-0004
 5.74189553226361E+0000	 9.14105965000657E-0004
 5.74826296948984E+0000	 1.18604174293638E-0003
 5.75469128423330E+0000	 1.39442316001664E-0003
 5.76116039921391E+0000	 1.52375752222517E-0003
 5.76764552865306E+0000	 1.56663415153664E-0003
 5.77412151500385E+0000	 1.52527248983786E-0003
 5.78056738175597E+0000	 1.41018472648814E-0003
 5.78696904632654E+0000	 1.23656967462624E-0003
 5.79331935599443E+0000	 1.02033678988115E-0003
 5.79961620188018E+0000	 7.75425630670544E-0004
 5.80586011518443E+0000	 5.12928451745960E-0004
 5.81205241209629E+0000	 2.41568016984713E-0004
 5.81819429146194E+0000	-3.12413560233725E-0005
 5.82428677804814E+0000	-2.98391898454918E-0004
 5.83033116679867E+0000	-5.52485078365048E-0004
 5.83632960720064E+0000	-7.85705966879534E-0004
 5.84228557427064E+0000	-9.90058792504998E-0004
 5.84820411459107E+0000	-1.15778863220733E-0003
 5.85409187146818E+0000	-1.28183514790170E-0003
 5.85995695485655E+0000	-1.35622737986572E-0003
 5.86580873102114E+0000	-1.37639321097609E-0003
 5.87165758466667E+0000	-1.33939907633151E-0003
 5.87751467598209E+0000	-1.24415107169133E-0003
 5.88339169078537E+0000	-1.09158706616664E-0003
 5.88930056580348E+0000	-8.84881752303546E-0004
 5.89525315780076E+0000	-6.29678083492046E-0004
 5.90126080838116E+0000	-3.34346380273066E-0004
 5.90733373471208E+0000	-1.02459575888850E-0005
 5.91348016155894E+0000	 3.28090534635366E-0004
 5.91970513116279E+0000	 6.63018267182732E-0004
 5.92600902639573E+0000	 9.74355255708456E-0004
 5.93238604998715E+0000	 1.24078570448108E-0003
 5.93882319615998E+0000	 1.44228746530883E-0003
 5.94530049117626E+0000	 1.56337622977407E-0003
 5.95179315633303E+0000	 1.59628682847452E-0003
 5.95827555864073E+0000	 1.54268053783072E-0003
 5.96472563338572E+0000	 1.41279866537584E-0003
 5.97112792782730E+0000	 1.22231638061891E-0003
 5.97747421489389E+0000	 9.88434572847574E-0004
 5.98376205033453E+0000	 7.26861769463252E-0004
 5.98999247834045E+0000	 4.50442186007962E-0004
 5.99616799370127E+0000	 1.69228140450738E-0004
 6.00229131595554E+0000	-1.08660918678705E-0004
 6.00836501115861E+0000	-3.76040622856306E-0004
 6.01439170082336E+0000	-6.25937443992813E-0004
 6.02037452156749E+0000	-8.51281609717095E-0004
 6.02631756802981E+0000	-1.04496469554733E-0003
 6.03222617740206E+0000	-1.20011988095523E-0003
 6.03810702773353E+0000	-1.31048235231042E-0003
 6.04396809041681E+0000	-1.37073523559282E-0003
 6.04981849736439E+0000	-1.37680404339732E-0003
 6.05566837026958E+0000	-1.32610556320104E-0003
 6.06152863242832E+0000	-1.21777726836591E-0003
 6.06741079758860E+0000	-1.05291450364925E-0003
 6.07332671120595E+0000	-8.34833332374640E-0004
 6.07928820589067E+0000	-5.69363332395885E-0004
 6.08530662026627E+0000	-2.65156970408353E-0004
 6.09139211717961E+0000	 6.60265704231624E-0005
 6.09755273160417E+0000	 4.09157059877360E-0004
 6.10379310729196E+0000	 7.46064022425552E-0004
 6.11011298783340E+0000	 1.05612855516036E-0003
 6.11650574271063E+0000	 1.31782600797656E-0003
 6.12295748614801E+0000	 1.51124815435735E-0003
 6.12944751078302E+0000	 1.62130711275583E-0003
 6.13595054390019E+0000	 1.64073334674943E-0003
 6.14244059160182E+0000	 1.57161302496087E-0003
 6.14889516689418E+0000	 1.42457047622043E-0003
 6.15529828229926E+0000	 1.21582567051068E-0003
 6.16164123435496E+0000	 9.63447733384878E-0004
 6.16792141254868E+0000	 6.84298437635873E-0004
 6.17414015804735E+0000	 3.92450935060259E-0004
 6.18030070960547E+0000	 9.90130746104728E-0005
 6.18640683075668E+0000	-1.87190051648992E-0004
 6.19246223721772E+0000	-4.58678104364072E-0004
 6.19847063675742E+0000	-7.08550479710365E-0004
 6.20443608143259E+0000	-9.30082868535680E-0004
 6.21036336659107E+0000	-1.11667642134223E-0003
 6.21625831849804E+0000	-1.26204455361622E-0003
 6.22212792286082E+0000	-1.36050548949796E-0003
 6.22798031878432E+0000	-1.40728597683861E-0003
 6.23382470898334E+0000	-1.39879430676828E-0003
 6.23967122965725E+0000	-1.33286341891555E-0003
 6.24553079947306E+0000	-1.20898784020384E-0003
 6.25141494016555E+0000	-1.02858247874406E-0003
 6.25733553848921E+0000	-7.95282398238796E-0004
 6.26330450193825E+0000	-5.15285597052426E-0004
 6.26933324717743E+0000	-1.97716275046608E-0004
 6.27543195091734E+0000	 1.45050877891020E-0004
