-4.67516322896818E-0004	-1.41562723903884E-0003
 5.37881602212186E-0003	-1.30439482252947E-0003
 1.12461044650251E-0002	-1.13446193269381E-0003
 1.71466573253704E-0002	-9.08291208734105E-0004
 2.30931493628785E-0002	-6.31052148426898E-0004
 2.90980532292325E-0002	-3.11047781748895E-0004
 3.51728447383409E-0002	 3.99048293663994E-0005
 4.13268999444386E-0002	 4.06243424065309E-0004
 4.75660449495358E-0002	 7.68785570610807E-0004
 5.38908614588668E-0002	 1.10550901412225E-0003
 6.02951006849591E-0002	 1.39327362732555E-0003
 6.67648278553478E-0002	 1.61053648760531E-0003
 7.32789903564220E-0002	 1.74062525024716E-0003
 7.98117337587138E-0002	 1.77461060027524E-0003
 8.63360177169238E-0002	 1.71269636656367E-0003
 9.28273981254674E-0002	 1.56359617207891E-0003
 9.92668001086133E-0002	 1.34226681466324E-0003
 1.05641707683091E-0001	 1.06695846234590E-0003
 1.11945914003473E-0001	 7.56516136536281E-0004
 1.18178372920092E-0001	 4.28460861378029E-0004
 1.24341724446334E-0001	 9.79554921041920E-0005
 1.30440903035728E-0001	-2.22499679990893E-0004
 1.36482039182723E-0001	-5.22885192330087E-0004
 1.42471717145644E-0001	-7.95219203940640E-0004
 1.48416573332559E-0001	-1.03302140592214E-0003
 1.54323188372124E-0001	-1.23080470559499E-0003
 1.60198208899403E-0001	-1.38368477499360E-0003
 1.66048616941051E-0001	-1.48717065261274E-0003
 1.71882051261210E-0001	-1.53716377798516E-0003
 1.77707088973754E-0001	-1.53015126168346E-0003
 1.83533420237247E-0001	-1.46354668148960E-0003
 1.89371882897356E-0001	-1.33612052485323E-0003
 1.95234350855548E-0001	-1.14847255016623E-0003
 2.01133478167830E-0001	-9.03518760044029E-0004
 2.07082288241762E-0001	-6.06981428036802E-0004
 2.13093569577991E-0001	-2.67867772194439E-0004
 2.19179008675859E-0001	 1.01111012717918E-0004
 2.25347980581857E-0001	 4.83302819613525E-0004
 2.31605968607078E-0001	 8.58290561217142E-0004
 2.37952745130712E-0001	 1.20280672934677E-0003
 2.44380724663196E-0001	 1.49268462563157E-0003
 2.50874189468923E-0001	 1.70585974679373E-0003
 2.57410126036553E-0001	 1.82587750131164E-0003
 2.63960941761446E-0001	 1.84480956261958E-0003
 2.70498452760367E-0001	 1.76443051648293E-0003
 2.76997835935433E-0001	 1.59520134095438E-0003
 2.83440307791879E-0001	 1.35361222665775E-0003
 2.89814041740017E-0001	 1.05900549639490E-0003
 2.96113622640400E-0001	 7.30856380196557E-0004
 3.02338694994235E-0001	 3.86975226995502E-0004
 3.08492409304027E-0001	 4.26385771432256E-0005
 3.14580048175302E-0001	-2.89576173194942E-0004
 3.20607997964747E-0001	-5.99526218247982E-0004
 3.26583089858574E-0001	-8.79036492230686E-0004
 3.32512266496306E-0001	-1.12138794716289E-0003
 3.38402509305942E-0001	-1.32086203319472E-0003
 3.44260957349763E-0001	-1.47240752120999E-0003
 3.50095144153928E-0001	-1.57147149755144E-0003
 3.55913275314943E-0001	-1.61401095732575E-0003
 3.61724474706639E-0001	-1.59667377204590E-0003
 3.67538943994718E-0001	-1.51711597918172E-0003
 3.73368002634872E-0001	-1.37441425915182E-0003
 3.79223992560355E-0001	-1.16953848132177E-0003
 3.85120034807455E-0001	-9.05861685666617E-0004
 3.91069612065565E-0001	-5.89692188210721E-0004
 3.97085925633379E-0001	-2.30802132929921E-0004
 4.03180948981011E-0001	 1.57114034733194E-0004
 4.09364097669227E-0001	 5.56199237792297E-0004
 4.15640501155168E-0001	 9.44674907293115E-0004
 4.22009049143877E-0001	 1.29792079684797E-0003
 4.28460698557309E-0001	 1.59069606311506E-0003
 4.34977827461972E-0001	 1.80045365180942E-0003
 4.41535402330364E-0001	 1.91106670052190E-0003
 4.48104131012831E-0001	 1.91572648948197E-0003
 4.54654799230487E-0001	 1.81783499867580E-0003
 4.61162327189167E-0001	 1.62956742707349E-0003
 4.67608297935367E-0001	 1.36885111106877E-0003
 4.73981587028449E-0001	 1.05600886041301E-0003
 4.80277538010809E-0001	 7.11051986999489E-0004
 4.86496430374550E-0001	 3.52012801464086E-0004
 4.92641861420690E-0001	-5.76344511418442E-0006
 4.98719395035682E-0001	-3.49651392581281E-0004
 5.04735602864784E-0001	-6.69401444485643E-0004
 5.10697487231909E-0001	-9.56648087632185E-0004
 5.16612216903362E-0001	-1.20441796046903E-0003
 5.22487095212099E-0001	-1.40672194716471E-0003
 5.28329685948734E-0001	-1.55827740441265E-0003
 5.34148028934410E-0001	-1.65438400052923E-0003
 5.39950881815156E-0001	-1.69095856661992E-0003
 5.45747932017490E-0001	-1.66471728608079E-0003
 5.51549935363664E-0001	-1.57348108899257E-0003
 5.57368751799086E-0001	-1.41657654857483E-0003
 5.63217256863046E-0001	-1.19530939556240E-0003
 5.69109104179054E-0001	-9.13494879540728E-0004
 5.75058297892452E-0001	-5.78029033752683E-0004
 5.81078508501947E-0001	-1.99466017181531E-0004
 5.87182042653948E-0001	 2.07483695583812E-0004
 5.93378383918690E-0001	 6.23711688085442E-0004
 5.99672306403201E-0001	 1.02602817015594E-0003
 6.06061783487108E-0001	 1.38842859576494E-0003
 6.12536265258645E-0001	 1.68461057851704E-0003
 6.19076201040707E-0001	 1.89161084863154E-0003
 6.25654581445060E-0001	 1.99372144484780E-0003
 6.32240536798191E-0001	 1.98530723710577E-0003
 6.38803977230818E-0001	 1.87136170971265E-0003
 6.45319683084743E-0001	 1.66564746538334E-0003
 6.51769636905295E-0001	 1.38735939462518E-0003
 6.58143366793111E-0001	 1.05764619906874E-0003
 6.64436874757851E-0001	 6.96949787513505E-0004
 6.70650959681188E-0001	 3.23473462084862E-0004
 6.76789558135097E-0001	-4.73763992230124E-0005
 6.82858426279798E-0001	-4.02905793950077E-0004
 6.88864252439158E-0001	-7.32722103618721E-0004
 6.94814159533589E-0001	-1.02822622676966E-0003
 7.00715506264569E-0001	-1.28214532793392E-0003
 7.06575892653651E-0001	-1.48817458196143E-0003
 7.12403290945799E-0001	-1.64075527183949E-0003
 7.18206239291636E-0001	-1.73499583135204E-0003
 7.23994047582984E-0001	-1.76673116241661E-0003
 7.29776974292697E-0001	-1.73270795199076E-0003
 7.35566342097634E-0001	-1.63087970790048E-0003
 7.41374566639652E-0001	-1.46079619392300E-0003
 7.47215072772336E-0001	-1.22407649279432E-0003
 7.53102062556783E-0001	-9.24957800628974E-0004
 7.59050078656890E-0001	-5.70904897342604E-0004
 7.65073279992168E-0001	-1.73237194003042E-0004
 7.71184326523351E-0001	 2.52331470141406E-0004
 7.77392786669947E-0001	 6.85450017935926E-0004
 7.83703088125048E-0001	 1.10152793667437E-0003
 7.90112290795694E-0001	 1.47320097740294E-0003
 7.96608350827937E-0001	 1.77315548723795E-0003
 8.03169841215748E-0001	 1.97808247836826E-0003
 8.09767891260753E-0001	 2.07274809069195E-0003
 8.16370216210626E-0001	 2.05267839642085E-0003
 8.22946004437510E-0001	 1.92434963400659E-0003
 8.29469978354270E-0001	 1.70292972449887E-0003
 8.35924502774536E-0001	 1.40868488899519E-0003
 8.42299659802592E-0001	 1.06343453978508E-0003
 8.48591970500111E-0001	 6.87963132055526E-0004
 8.54802610767982E-0001	 3.00622501390001E-0004
 8.60935735548811E-0001	-8.30926810517786E-0005
 8.66997205022104E-0001	-4.50362432791181E-0004
 8.72993770382081E-0001	-7.90581090825764E-0004
 8.78932651792871E-0001	-1.09484685700510E-0003
 8.84821397757919E-0001	-1.35552850430986E-0003
 8.90667919439085E-0001	-1.56596179207325E-0003
 8.96480618080768E-0001	-1.72028457467744E-0003
 9.02268549708618E-0001	-1.81340111861042E-0003
 9.08041589996592E-0001	-1.84106204035609E-0003
 9.13810573087169E-0001	-1.80004803533392E-0003
 9.19587383153138E-0001	-1.68844955219600E-0003
 9.25384976886076E-0001	-1.50603973196365E-0003
 9.31217307203392E-0001	-1.25474238077635E-0003
 9.37099101521213E-0001	-9.39195907181137E-0004
 9.43045422273627E-0001	-5.67400333167772E-0004
 9.49070908123704E-0001	-1.51396744730702E-0004
 9.55188576706381E-0001	 2.92146203585707E-0004
 9.61408097875943E-0001	 7.41683839419990E-0004
 9.67733579544878E-0001	 1.17127408197594E-0003
 9.74161206935203E-0001	 1.55224570720108E-0003
 9.80677504061082E-0001	 1.85633076312076E-0003
 9.87259267888798E-0001	 2.05992245038800E-0003
 9.93875908456565E-0001	 2.14826804883820E-0003
 1.00049388240402E+0000	 2.11798658065933E-0003
 1.00708177390629E+0000	 1.97688721537417E-0003
 1.01361427964445E+0000	 1.74134783344706E-0003
 1.02007408435257E+0000	 1.43252259712032E-0003
 1.02645169497115E+0000	 1.07277520543327E-0003
 1.03274399733936E+0000	 6.83179259777434E-0004
 1.03895240030016E+0000	 2.82247255034166E-0004
 1.04508116517763E+0000	-1.14378904848832E-0004
 1.05113618600375E+0000	-4.93668900637532E-0004
 1.05712424885711E+0000	-8.44714152918049E-0004
 1.06305267877543E+0000	-1.15823079162833E-0003
 1.06892924639020E+0000	-1.42617090892384E-0003
 1.07476221845760E+0000	-1.64147834117869E-0003
 1.08056046995500E+0000	-1.79798018526961E-0003
 1.08633361031585E+0000	-1.89038980796586E-0003
 1.09209210099261E+0000	-1.91440043689109E-0003
 1.09784735307012E+0000	-1.86685933437818E-0003
 1.10361179436466E+0000	-1.74602399781543E-0003
 1.10939888781794E+0000	-1.55191076456992E-0003
 1.11522306760006E+0000	-1.28675061452184E-0003
 1.12109953558994E+0000	-9.55563001300225E-0004
 1.12704382946972E+0000	-5.66838717906902E-0004
 1.13307104052203E+0000	-1.33275282145771E-0004
 1.13919454260585E+0000	 3.27581043349931E-0004
 1.14542413386432E+0000	 7.93069886685230E-0004
 1.15176365509235E+0000	 1.23596695625876E-0003
 1.15820849223928E+0000	 1.62634951672100E-0003
 1.16474383542232E+0000	 1.93503119884285E-0003
 1.17134482620557E+0000	 2.13811132986059E-0003
 1.17797928726745E+0000	 2.22127200370358E-0003
 1.18461253145439E+0000	 2.18211664158870E-0003
 1.19121259905347E+0000	 2.02962706086868E-0003
 1.19775414164252E+0000	 1.78121524913468E-0003
 1.20422006822962E+0000	 1.45877721667475E-0003
 1.21060116753886E+0000	 1.08513676909398E-0003
 1.21689453717881E+0000	 6.81643069899108E-0004
 1.22310168704801E+0000	 2.67015947178210E-0004
 1.22922689334414E+0000	-1.42868408958133E-0004
 1.23527604080938E+0000	-5.34664608901458E-0004
 1.24125595380716E+0000	-8.97060400975121E-0004
 1.24717410220949E+0000	-1.22031034742842E-0003
 1.25303854020752E+0000	-1.49590174015014E-0003
 1.25885795701007E+0000	-1.71637189000499E-0003
 1.26464176017864E+0000	-1.87525175140639E-0003
 1.27040015430335E+0000	-1.96709964145807E-0003
 1.27614420641308E+0000	-1.98759932733747E-0003
 1.28188590073050E+0000	-1.93371572387655E-0003
 1.28763818185204E+0000	-1.80391919741474E-0003
 1.29341497152571E+0000	-1.59850157140096E-0003
 1.29923112220992E+0000	-1.32001153490518E-0003
 1.30510224051340E+0000	-9.73831079926998E-0004
 1.31104427588188E+0000	-5.68890149001030E-0004
 1.31707273098149E+0000	-1.18460288504781E-0004
 1.32320133185262E+0000	 3.59136720130956E-0004
 1.32944004615954E+0000	 8.40227833290478E-0004
 1.33579253150222E+0000	 1.29638973894645E-0003
 1.34225348971014E+0000	 1.69649522692121E-0003
 1.34880690792724E+0000	 2.01044030858070E-0003
 1.35542640096954E+0000	 2.21397955763525E-0003
 1.36207830885659E+0000	 2.29312843061913E-0003
 1.36872685951286E+0000	 2.24633460622428E-0003
 1.37533954724982E+0000	 2.08359613321016E-0003
 1.38189091208344E+0000	 1.82321484620102E-0003
 1.38836396723860E+0000	 1.48772476255051E-0003
 1.39474963367932E+0000	 1.10036650266557E-0003
 1.40104507265329E+0000	 6.82787269055946E-0004
 1.40725177647460E+0000	 2.53992155672848E-0004
 1.41337396558735E+0000	-1.69795724949706E-0004
 1.41941749963634E+0000	-5.74793565474392E-0004
 1.42538927560767E+0000	-9.49177399339416E-0004
 1.43129697836932E+0000	-1.28266470497308E-0003
 1.43714903190196E+0000	-1.56624363558627E-0003
 1.44295463082117E+0000	-1.79205015520921E-0003
 1.44872378085478E+0000	-1.95335467324437E-0003
 1.45446732279980E+0000	-2.04461458415585E-0003
 1.46019694416174E+0000	-2.06156595533569E-0003
 1.46592519225163E+0000	-2.00135228949420E-0003
 1.47166549531361E+0000	-1.86271020327742E-0003
 1.47743217969255E+0000	-1.64624614886177E-0003
 1.48324044419157E+0000	-1.35484345994460E-0003
 1.48910621748501E+0000	-9.94232278047459E-0004
 1.49504578040703E+0000	-5.73728054955686E-0004
 1.50107498850418E+0000	-1.07081369493282E-0004
 1.50720790623268E+0000	 3.86737512974891E-0004
 1.51345471971654E+0000	 8.83178209229046E-0004
 1.51981901786423E+0000	 1.35272793789025E-0003
 1.52629498102136E+0000	 1.76310589044766E-0003
 1.53286557060669E+0000	 2.08326306783162E-0003
 1.53950302659610E+0000	 2.28850383993842E-0003
 1.54617229795390E+0000	 2.36501506267440E-0003
 1.55283654203504E+0000	 2.31190695642889E-0003
 1.55946265004442E+0000	 2.14002792056906E-0003
 1.56602493929990E+0000	 1.86844201496064E-0003
 1.57250637999344E+0000	 1.52024498380110E-0003
 1.57889786174898E+0000	 1.11907949602697E-0003
 1.58519645549128E+0000	 6.86941201881125E-0004
 1.59140351933762E+0000	 2.43226367875983E-0004
 1.59752315880499E+0000	-1.95356487265564E-0004
 1.60356121291640E+0000	-6.14445533420993E-0004
 1.60952471095488E+0000	-1.00158814715973E-0003
 1.61542164786372E+0000	-1.34589170005674E-0003
 1.62126092302635E+0000	-1.63782270775595E-0003
 1.62705233014838E+0000	-1.86913786637236E-0003
 1.63280654049925E+0000	-2.03289962891633E-0003
 1.63853506731832E+0000	-2.12353177188852E-0003
 1.64425022576864E+0000	-2.13689218427076E-0003
 1.64996510897460E+0000	-2.07036713825569E-0003
 1.65569359065935E+0000	-1.92301421112628E-0003
 1.66145034403593E+0000	-1.69579591566707E-0003
 1.66725083744986E+0000	-1.39195199074550E-0003
 1.67311122879069E+0000	-1.01755253090354E-0003
 1.67904803132369E+0000	-5.82247595492544E-0004
 1.68507736888773E+0000	-1.00163083369212E-0004
 1.69121360497114E+0000	 4.09237460015767E-0004
 1.69746718333441E+0000	 9.20710748500807E-0004
 1.70384176125867E+0000	 1.40382224023522E-0003
 1.71033122000689E+0000	 1.82523093180708E-0003
 1.71691775371177E+0000	 2.15291789583303E-0003
 1.72357245155479E+0000	 2.36158725532765E-0003
 1.73025899896504E+0000	 2.43735978799879E-0003
 1.73693948850437E+0000	 2.37974922993475E-0003
 1.74358011088100E+0000	 2.20023338024063E-0003
 1.75015479888746E+0000	 1.91848481544814E-0003
 1.75664628563588E+0000	 1.55808073063084E-0003
 1.76304522696279E+0000	 1.14306090150018E-0003
 1.76934841929162E+0000	 6.95839695803625E-0004
 1.77555695092988E+0000	 2.36337856673002E-0004
 1.78167474825803E+0000	-2.18082509827277E-0004
 1.78770764222452E+0000	-6.52314115665809E-0004
 1.79366287013248E+0000	-1.05314415810862E-0003
 1.79954884927622E+0000	-1.40899377453374E-0003
 1.80537507283954E+0000	-1.70979118779371E-0003
 1.81115203285774E+0000	-1.94694629991319E-0003
 1.81689113176915E+0000	-2.11337670302073E-0003
 1.82260458437935E+0000	-2.20354719166532E-0003
 1.82830533121077E+0000	-2.21350966384525E-0003
 1.83400698505073E+0000	-2.14095585288466E-0003
 1.83972382049044E+0000	-1.98531556453003E-0003
 1.84547079562582E+0000	-1.74794642397205E-0003
 1.85126356667487E+0000	-1.43246741007613E-0003
 1.85711841741378E+0000	-1.04528480517694E-0003
 1.86305197294879E+0000	-5.96335602999967E-0004
 1.86908050550706E+0000	-1.00009165653643E-0004
 1.87521859509413E+0000	 4.23926460916302E-0004
 1.88147695022586E+0000	 9.49789190951071E-0004
 1.88785944186557E+0000	 1.44649078656982E-0003
 1.89435994659315E+0000	 1.87982394697415E-0003
 1.90096028047523E+0000	 2.21682937658877E-0003
 1.90763075572467E+0000	 2.43143656585664E-0003
 1.91433403786515E+0000	 2.50936365551232E-0003
 1.92103120865087E+0000	 2.45013204924131E-0003
 1.92768764021584E+0000	 2.26549856993097E-0003
 1.93427665314355E+0000	 1.97549800689528E-0003
 1.94078046685656E+0000	 1.60405972972733E-0003
 1.94718922141241E+0000	 1.17560327221907E-0003
 1.95349918850040E+0000	 7.13046063937040E-0004
 1.95971100409291E+0000	 2.36997340833181E-0004
 1.96582832560718E+0000	-2.34322096298691E-0004
 1.97185698145280E+0000	-6.84860036506569E-0004
 1.97780449711745E+0000	-1.10048945522964E-0003
 1.98367983208961E+0000	-1.46885826495273E-0003
 1.98949319646746E+0000	-1.77933741480189E-0003
 1.99525587932905E+0000	-2.02302422005725E-0003
 2.00098007437376E+0000	-2.19275665578471E-0003
 2.00667871792193E+0000	-2.28311551744919E-0003
 2.01236536239151E+0000	-2.29041636892195E-0003
 2.01805410259019E+0000	-2.21271353200699E-0003
 2.02375955892237E+0000	-2.04985255335615E-0003
 2.02949690336537E+0000	-1.80361708743148E-0003
 2.03528188920260E+0000	-1.47802178630834E-0003
 2.04113080943586E+0000	-1.07980149539940E-0003
 2.04706025687894E+0000	-6.19128173107851E-0004
 2.05308649340363E+0000	-1.10528632964324E-0004
 2.05922418085186E+0000	 4.26153966229663E-0004
 2.06548425147178E+0000	 9.65138388415675E-0004
 2.07187092767651E+0000	 1.47508653640550E-0003
 2.07837845162930E+0000	 1.92127706862320E-0003
 2.08498882547764E+0000	 2.26995737629920E-0003
 2.09167219282029E+0000	 2.49411851427185E-0003
 2.09839065685766E+0000	 2.57862285003741E-0003
 2.10510446521393E+0000	 2.52240051498789E-0003
 2.11177806210650E+0000	 2.33691845393404E-0003
 2.11838384768097E+0000	 2.04215251419556E-0003
 2.12490312643395E+0000	 1.66214917656812E-0003
 2.13132511155240E+0000	 1.22164980027701E-0003
 2.13764519003389E+0000	 7.44166351782549E-0004
 2.14386328290974E+0000	 2.51195693047531E-0004
 2.14998263939341E+0000	-2.37932157279429E-0004
 2.15600906639423E+0000	-7.05978574401242E-0004
 2.16195044829342E+0000	-1.13771716009842E-0003
 2.16781640233233E+0000	-1.51991613330185E-0003
 2.17361797324726E+0000	-1.84135856247561E-0003
 2.17936733744577E+0000	-2.09285505925220E-0003
 2.18507752913811E+0000	-2.26722132351459E-0003
 2.19076221381772E+0000	-2.35922059670507E-0003
 2.19643552894363E+0000	-2.36549223678131E-0003
 2.20211199923915E+0000	-2.28449923391870E-0003
 2.20780652065074E+0000	-2.11653315544554E-0003
 2.21353439270219E+0000	-1.86381898152179E-0003
 2.21931135966351E+0000	-1.53076609146162E-0003
 2.22515359043632E+0000	-1.12441201018294E-0003
 2.23107747954520E+0000	-6.55091778024449E-0004
 2.23709908755766E+0000	-1.37316579906698E-0004
 2.24323297884150E+0000	 4.09272108422154E-0004
 2.24949022109622E+0000	 9.59221319210108E-0004
 2.25587550757793E+0000	 1.48149091165216E-0003
 2.26238387789273E+0000	 1.94138588334416E-0003
 2.26899826648292E+0000	 2.30467960113735E-0003
 2.27568954216551E+0000	 2.54332748782050E-0003
 2.28242000520085E+0000	 2.64078638416177E-0003
 2.28914945808448E+0000	 2.59455881343012E-0003
 2.29584137334752E+0000	 2.41495967874763E-0003
 2.30246685352370E+0000	 2.12122464120303E-0003
 2.30900573761924E+0000	 1.73710582687579E-0003
 2.31544572874327E+0000	 1.28752278859461E-0003
 2.32178081405396E+0000	 7.96659407025355E-0004
 2.32800981780563E+0000	 2.87129451700168E-0004
 2.33413536160326E+0000	-2.20328385552060E-0004
 2.34016316344595E+0000	-7.06998469371896E-0004
 2.34610150846013E+0000	-1.15633002337537E-0003
 2.35196076677050E+0000	-1.55407547172129E-0003
 2.35775291695902E+0000	-1.88837621547951E-0003
 2.36349109470112E+0000	-2.14976119598322E-0003
 2.36918920643474E+0000	-2.33106061599640E-0003
 2.37486163829933E+0000	-2.42726622473391E-0003
 2.38052307048117E+0000	-2.43538143357698E-0003
 2.38618838949725E+0000	-2.35430411063409E-0003
 2.39187267916868E+0000	-2.18478064471583E-0003
 2.39759126187949E+0000	-1.92946759113582E-0003
 2.40335974905471E+0000	-1.59313829006162E-0003
 2.40919403664608E+0000	-1.18307273207789E-0003
 2.41511014170279E+0000	-7.09659689374495E-0004
 2.42112371893427E+0000	-1.87201526544154E-0004
 2.42724903681340E+0000	 3.65185722653501E-0004
 2.43349718318082E+0000	 9.22871811161999E-0004
 2.43987341842811E+0000	 1.45577100878328E-0003
 2.44637403086199E+0000	 1.92991952724651E-0003
 2.45298375306478E+0000	 2.31113172089567E-0003
 2.45967532421152E+0000	 2.57037641907842E-0003
 2.46641233749248E+0000	 2.68915529801171E-0003
 2.47315484738791E+0000	 2.66252587795177E-0003
 2.47986548695613E+0000	 2.49848392229700E-0003
 2.48651369595531E+0000	 2.21451763677890E-0003
 2.49307718152244E+0000	 1.83340903768418E-0003
 2.49954137235048E+0000	 1.37994484011972E-0003
 2.50589814931221E+0000	 8.78983953329887E-0004
 2.51214469170880E+0000	 3.54481261756974E-0004
 2.51828264728654E+0000	-1.71081773342275E-0004
 2.52431748867314E+0000	-6.77172509957608E-0004
 2.53025788190019E+0000	-1.14564145108373E-0003
 2.53611499965367E+0000	-1.56104457072953E-0003
 2.54190181732593E+0000	-1.91078699960163E-0003
 2.54763247209593E+0000	-2.18508190625781E-0003
 2.55332175061486E+0000	-2.37677263802389E-0003
 2.55898473272969E+0000	-2.48108896678132E-0003
 2.56463658437665E+0000	-2.49540427645563E-0003
 2.57029247277225E+0000	-2.41904493713855E-0003
 2.57596756919719E+0000	-2.25318830527894E-0003
 2.58167710184288E+0000	-2.00087744577552E-0003
 2.58743641570007E+0000	-1.66717887104843E-0003
 2.59326098151581E+0000	-1.25951021067272E-0003
 2.59916626601103E+0000	-7.88158988105894E-0004
 2.60516732929714E+0000	-2.66985826158084E-0004
 2.61127796299048E+0000	 2.85769307663381E-0004
 2.61750916211140E+0000	 8.46808706322934E-0004
 2.62386682038336E+0000	 1.38768277407337E-0003
 2.63034886965176E+0000	 1.87594283760749E-0003
 2.63694267978146E+0000	 2.27812972210349E-0003
 2.64362410019331E+0000	 2.56451120493288E-0003
 2.65035937914911E+0000	 2.71427575612357E-0003
 2.65710989712554E+0000	 2.71903940163115E-0003
 2.66383792870795E+0000	 2.58312385382478E-0003
 2.67051109167878E+0000	 2.32093479973545E-0003
 2.67710432536438E+0000	 1.95325006902786E-0003
 2.68359990791831E+0000	 1.50410980883265E-0003
 2.68998671327118E+0000	 9.98846615200849E-0004
 2.69625950964252E+0000	 4.62879250228575E-0004
 2.70241842543181E+0000	-7.92528926103931E-0005
 2.70846837108619E+0000	-6.04826996442985E-0004
 2.71441825391975E+0000	-1.09376170512197E-0003
 2.72028001244323E+0000	-1.52916784774829E-0003
 2.72606762069205E+0000	-1.89755024494771E-0003
 2.73179621772171E+0000	-2.18870484297003E-0003
 2.73748145150042E+0000	-2.39542343576988E-0003
 2.74313905320129E+0000	-2.51312518479098E-0003
 2.74878461032557E+0000	-2.53950676004112E-0003
 2.75443348805277E+0000	-2.47426892351607E-0003
 2.76010084702678E+0000	-2.31895168299796E-0003
 2.76580171056608E+0000	-2.07689638244553E-0003
 2.77155103626996E+0000	-1.75334886846385E-0003
 2.77736374030821E+0000	-1.35571807612091E-0003
 2.78325460325131E+0000	-8.94001491655844E-0004
 2.78923795253580E+0000	-3.81371055126474E-0004
 2.79532697441900E+0000	 1.65138591209868E-0004
 2.80153248258268E+0000	 7.24006463139541E-0004
 2.80786102170921E+0000	 1.26900899055368E-0003
 2.81431240720187E+0000	 1.76994402664918E-0003
 2.82087725578503E+0000	 2.19485303624465E-0003
 2.82753559306619E+0000	 2.51388219522900E-0003
 2.83425773515652E+0000	 2.70397852381692E-0003
 2.84100780416667E+0000	 2.75268743704894E-0003
 2.84774872156314E+0000	 2.65941865934754E-0003
 2.85444663214707E+0000	 2.43397764679393E-0003
 2.86107340567368E+0000	 2.09370746096025E-0003
 2.86760739335856E+0000	 1.66081638509649E-0003
 2.87403345069443E+0000	 1.16048780858204E-0003
 2.88034292213192E+0000	 6.19433783881007E-0004
 2.88653357753683E+0000	 6.44223774779703E-0005
 2.89260917660913E+0000	-4.79280777708087E-0004
 2.89857851323681E+0000	-9.89270180707606E-0004
 2.90445410275774E+0000	-1.44686440740807E-0003
 2.91025082165035E+0000	-1.83739357129057E-0003
 2.91598475472572E+0000	-2.15002776505193E-0003
 2.92167236572020E+0000	-2.37734542025901E-0003
 2.92732998884874E+0000	-2.51482155318374E-0003
 2.93297357750583E+0000	-2.56035645065418E-0003
 2.93861863111001E+0000	-2.51390881938368E-0003
 2.94428022918718E+0000	-2.37725994926002E-0003
 2.94997311557439E+0000	-2.15391670980636E-0003
 2.95571178543857E+0000	-1.84915519909365E-0003
 2.96151052906142E+0000	-1.47020700800134E-0003
 2.96738337657440E+0000	-1.02658976185131E-0003
 2.97334386578625E+0000	-5.30574269752051E-0004
 2.97940452359911E+0000	 2.25117988442213E-0006
 2.98557592500327E+0000	 5.52431637203447E-0004
 2.99186521193001E+0000	 1.09635100171915E-0003
 2.99827408743115E+0000	 1.60659061608995E-0003
 3.00479661420417E+0000	 2.05341985041371E-0003
 3.01141758726618E+0000	 2.40769082792997E-0003
 3.01811250480109E+0000	 2.64475941441340E-0003
 3.02484974732374E+0000	 2.74820883315053E-0003
 3.03159442591660E+0000	 2.71189126389575E-0003
 3.03831234985984E+0000	 2.53970058508597E-0003
 3.04497278018263E+0000	 2.24388120301380E-0003
 3.05154987554132E+0000	 1.84316715697227E-0003
 3.05802361710948E+0000	 1.36129266509947E-0003
 3.06438074512695E+0000	 8.25498396241553E-0004
 3.07061546878572E+0000	 2.64567000567166E-0004
 3.07672939875440E+0000	-2.93495505156300E-0004
 3.08273050825697E+0000	-8.23547443654331E-0004
 3.08863144679046E+0000	-1.30465009816774E-0003
 3.09444773990204E+0000	-1.72053017224150E-0003
 3.10019628033680E+0000	-2.05936947614772E-0003
 3.10589427281452E+0000	-2.31323473371093E-0003
 3.11155861149283E+0000	-2.47740880646896E-0003
 3.11720558773911E+0000	-2.54978285807879E-0003
 3.12285081503473E+0000	-2.53038327654510E-0003
 3.12850927734593E+0000	-2.42105511213460E-0003
 3.13419543170570E+0000	-2.22529945998518E-0003
 3.13992331404657E+0000	-1.94825471658159E-0003
 3.14570660617829E+0000	-1.59681213998906E-0003
 3.15155862033888E+0000	-1.17985827554583E-0003
 3.15749214532818E+0000	-7.08634212374785E-0004
 3.16351907579662E+0000	-1.97184728177423E-0004
 3.16964972208274E+0000	 3.37175131859960E-0004
 3.17589169741501E+0000	 8.73536157327939E-0004
 3.18224835149371E+0000	 1.38749680452498E-0003
 3.18871692177498E+0000	 1.85206938699549E-0003
 3.19528690427825E+0000	 2.23969439499691E-0003
 3.20193942868200E+0000	 2.52526434044170E-0003
 3.20864829010419E+0000	 2.68939562661620E-0003
 3.21538252493416E+0000	 2.72077995234125E-0003
 3.22210950483078E+0000	 2.61690767805576E-0003
 3.22879743503847E+0000	 2.38355789545998E-0003
 3.23541707738873E+0000	 2.03403630424830E-0003
 3.24194338236686E+0000	 1.58855589022307E-0003
 3.24835748441260E+0000	 1.07319825368037E-0003
 3.25464855912526E+0000	 5.17783537998496E-0004
 3.26081456919918E+0000	-4.71838333909071E-0005
 3.26686144792022E+0000	-5.93541454767836E-0004
 3.27280113706928E+0000	-1.09754989795652E-0003
 3.27864930115662E+0000	-1.54073108386819E-0003
 3.28442336693744E+0000	-1.90972422877823E-0003
 3.29014115437485E+0000	-2.19561210258985E-0003
 3.29582007816717E+0000	-2.39309419895705E-0003
 3.30147677735996E+0000	-2.49972830055988E-0003
 3.30712701861241E+0000	-2.51533560443515E-0003
 3.31278575021236E+0000	-2.44159109425774E-0003
 3.31846722084409E+0000	-2.28178792338676E-0003
 3.32418510517820E+0000	-2.04075471918489E-0003
 3.32995259492826E+0000	-1.72490554886386E-0003
 3.33578241967576E+0000	-1.34240652247662E-0003
 3.34168675680355E+0000	-9.03445199149086E-0004
 3.34767697485896E+0000	-4.20581841913285E-0004
 3.35376313470411E+0000	 9.08658404750271E-0005
 3.35995316468888E+0000	 6.12512054084536E-0004
 3.36625166390687E+0000	 1.12286469133022E-0003
 3.37265841596671E+0000	 1.59784427321301E-0003
 3.37916693073850E+0000	 2.01213241464347E-0003
 3.38576357871806E+0000	 2.34138210322342E-0003
 3.39242788343530E+0000	 2.56484162766841E-0003
 3.39913405187674E+0000	 2.66754292816726E-0003
 3.40585308266595E+0000	 2.64141340485399E-0003
 3.41255457291634E+0000	 2.48551993844823E-0003
 3.41920807191623E+0000	 2.20627339137334E-0003
 3.42578475037171E+0000	 1.81796018646064E-0003
 3.43226006489689E+0000	 1.34283883168957E-0003
 3.43861690509919E+0000	 8.09626341080381E-0004
 3.44484773397392E+0000	 2.50168913134425E-0004
 3.45095462607086E+0000	-3.04549026006575E-0004
 3.45694740353045E+0000	-8.27555826690303E-0004
 3.46284094572679E+0000	-1.29746217271546E-0003
 3.46865269255572E+0000	-1.69862181421998E-0003
 3.47440083564896E+0000	-2.02046739187490E-0003
 3.48010323844601E+0000	-2.25655811107068E-0003
 3.48577691709542E+0000	-2.40366561045708E-0003
 3.49143788103166E+0000	-2.46104052038537E-0003
 3.49710117145944E+0000	-2.42989368434487E-0003
 3.50278098685790E+0000	-2.31307705974523E-0003
 3.50849082460010E+0000	-2.11493395447474E-0003
 3.51424359318796E+0000	-1.84128833995004E-0003
 3.52005166210998E+0000	-1.49954863205259E-0003
 3.52592681749365E+0000	-1.09890661864029E-0003
 3.53188008275510E+0000	-6.50610933538742E-0004
 3.53792134844418E+0000	-1.68278061340414E-0004
 3.54405874656016E+0000	 3.31836731101112E-0004
 3.55029772609889E+0000	 8.30752381725590E-0004
 3.55663987212620E+0000	 1.30707284901069E-0003
 3.56308167994993E+0000	 1.73791916394589E-0003
 3.56961369636669E+0000	 2.10055432787046E-0003
 3.57622048797132E+0000	 2.37441834446696E-0003
 3.58288157093371E+0000	 2.54293378751777E-0003
 3.58957282362230E+0000	 2.59451970845123E-0003
 3.59626759809800E+0000	 2.52294165669023E-0003
 3.60293729943722E+0000	 2.32783314383325E-0003
 3.60955224777295E+0000	 2.01601767289910E-0003
 3.61608398924187E+0000	 1.60303558899693E-0003
 3.62250913485862E+0000	 1.11322582650378E-0003
 3.62881314174128E+0000	 5.77220511276687E-0004
 3.63499204245902E+0000	 2.75415368090281E-0005
 3.64105148236886E+0000	-5.05745626205260E-0004
 3.64700402954238E+0000	-9.97786787565308E-0004
 3.65286618628680E+0000	-1.42982976222208E-0003
 3.65865601603353E+0000	-1.78882853340965E-0003
 3.66439163180755E+0000	-2.06647750430554E-0003
 3.67009041157322E+0000	-2.25816892560351E-0003
 3.67576870098740E+0000	-2.36211198195688E-0003
 3.68144179345689E+0000	-2.37868670110180E-0003
 3.68712404001563E+0000	-2.31002600103647E-0003
 3.69282899577928E+0000	-2.15979077638957E-0003
 3.69856954631913E+0000	-1.93309906039590E-0003
 3.70435797776260E+0000	-1.63657594774220E-0003
 3.71020596164786E+0000	-1.27849802007238E-0003
 3.71612442198969E+0000	-8.69008180662737E-0004
 3.72212324185854E+0000	-4.20366983539986E-0004
 3.72821075968287E+0000	 5.28223125759020E-0005
 3.73439301977146E+0000	 5.33527530060295E-0004
 3.74067280357998E+0000	 1.00250938242030E-0003
 3.74704859834944E+0000	 1.43903756812906E-0003
 3.75351382895939E+0000	 1.82218286421842E-0003
 3.76005675099174E+0000	 2.13248527801628E-0003
 3.76666117430881E+0000	 2.35346220685750E-0003
 3.77330764531485E+0000	 2.47239179466571E-0003
 3.77997429768503E+0000	 2.48035792497546E-0003
 3.78663688026583E+0000	 2.37234729715187E-0003
 3.79326849865341E+0000	 2.14840114866986E-0003
 3.79984050106762E+0000	 1.81590265473462E-0003
 3.80632557978046E+0000	 1.39155308241890E-0003
 3.81270238016133E+0000	 9.00985631875670E-0004
 3.81895928152071E+0000	 3.75344935562760E-0004
 3.82509539634281E+0000	-1.53641291678475E-0004
 3.83111880580307E+0000	-6.57815419255672E-0004
 3.83704349585951E+0000	-1.11475144418266E-0003
 3.84288643843442E+0000	-1.50809111892724E-0003
 3.84866550259618E+0000	-1.82683161217759E-0003
 3.85439824409995E+0000	-2.06426539966435E-0003
 3.86010134965952E+0000	-2.21697755095047E-0003
 3.86579048191515E+0000	-2.28406311920052E-0003
 3.87148032970511E+0000	-2.26659283879623E-0003
 3.87718473565462E+0000	-2.16729884819075E-0003
 3.88291682358642E+0000	-1.99043688820991E-0003
 3.88868907919764E+0000	-1.74178384297070E-0003
 3.89451335205805E+0000	-1.42873683734480E-0003
 3.90040074903693E+0000	-1.06048444632172E-0003
 3.90636138357263E+0000	-6.48215155689564E-0004
 3.91240394010677E+0000	-2.05307026651355E-0004
 3.91853502311188E+0000	 2.52596922207974E-0004
 3.92475830748850E+0000	 7.07772206355143E-0004
 3.93107361368618E+0000	 1.14102456959655E-0003
 3.93747618616754E+0000	 1.53282930354523E-0003
 3.94395655705104E+0000	 1.86486357426778E-0003
 3.95050123579442E+0000	 2.12145783733389E-0003
 3.95709398736549E+0000	 2.29034240828271E-0003
 3.96371693026129E+0000	 2.36243958174015E-0003
 3.97035067098422E+0000	 2.33125726906908E-0003
 3.97697346344329E+0000	 2.19303086280861E-0003
 3.98356050747364E+0000	 1.94845086963893E-0003
 3.99008503457304E+0000	 1.60549773122514E-0003
 3.99652191373476E+0000	 1.18142869086209E-0003
 4.00285244504270E+0000	 7.01889748251652E-0004
 4.00906773347737E+0000	 1.97040860234762E-0004
 4.01516904583657E+0000	-3.03314383380873E-0004
 4.02116567084343E+0000	-7.73399390754469E-0004
 4.02707189018532E+0000	-1.19310056656999E-0003
 4.03290433544842E+0000	-1.54798269329976E-0003
 4.03868021072722E+0000	-1.82848252287468E-0003
 4.04441632259009E+0000	-2.02889941686001E-0003
 4.05012867191512E+0000	-2.14650637797603E-0003
 4.05583236864567E+0000	-2.18089396773669E-0003
 4.06154169612834E+0000	-2.13355168637264E-0003
 4.06727021503874E+0000	-2.00765013435520E-0003
 4.07303084096758E+0000	-1.80797921284988E-0003
 4.07883585425182E+0000	-1.54100220825106E-0003
 4.08469680961711E+0000	-1.21499091637841E-0003
 4.09062431206958E+0000	-8.40204981980970E-0004
 4.09662762191554E+0000	-4.29063254166387E-0004
 4.10271405786759E+0000	 3.77735779337777E-0006
 4.10888820192817E+0000	 4.41565734925543E-0004
 4.11515099729869E+0000	 8.65989416884765E-0004
 4.12149897835078E+0000	 1.25823007443375E-0003
 4.12792401488339E+0000	 1.60049096653557E-0003
 4.13441391583197E+0000	 1.87760480748136E-0003
 4.14095385290594E+0000	 2.07804989760165E-0003
 4.14752796226561E+0000	 2.19385391756553E-0003
 4.15412016625827E+0000	 2.21955907601527E-0003
 4.16071365701765E+0000	 2.15122076557656E-0003
 4.16728947693307E+0000	 1.98665643968887E-0003
 4.17382561247232E+0000	 1.72749087924459E-0003
 4.18029818985772E+0000	 1.38212568595122E-0003
 4.18668513956316E+0000	 9.67526587855455E-0004
 4.19297069009746E+0000	 5.08070547222168E-0004
 4.19914820761667E+0000	 3.17418706946807E-0005
 4.20522019149363E+0000	-4.34276901758167E-0004
 4.21119616086464E+0000	-8.66725099184666E-0004
 4.21708992615389E+0000	-1.24754013828452E-0003
 4.22291730341986E+0000	-1.56376447891140E-0003
 4.22869461749747E+0000	-1.80680224640355E-0003
 4.23443790277184E+0000	-1.97154784244494E-0003
 4.24016257339951E+0000	-2.05564781794945E-0003
 4.24588335204479E+0000	-2.05897985578201E-0003
 4.25161430684977E+0000	-1.98334438017762E-0003
 4.25736890160381E+0000	-1.83233211626544E-0003
 4.26316000054469E+0000	-1.61132582564154E-0003
 4.26899978730738E+0000	-1.32759780649201E-0003
 4.27489956217822E+0000	-9.90465052753510E-0004
 4.28086938020584E+0000	-6.11453655271388E-0004
 4.28691749499126E+0000	-2.04398169203608E-0004
 4.29304959493725E+0000	 2.14640609472212E-0004
 4.29926788465110E+0000	 6.27803018032995E-0004
 4.30557019698357E+0000	 1.01637471349520E-0003
 4.31194949699171E+0000	 1.36230254065802E-0003
 4.31839421965156E+0000	 1.65002809044350E-0003
 4.32488964842895E+0000	 1.86799585819466E-0003
 4.33141994797204E+0000	 2.00908509429764E-0003
 4.33796989297069E+0000	 2.06969270241093E-0003
 4.34452533913326E+0000	 2.04805262859317E-0003
 4.35107219091117E+0000	 1.94299258876730E-0003
 4.35759462907430E+0000	 1.75423853372893E-0003
 4.36407409769426E+0000	 1.48451769944292E-0003
 4.37049043153397E+0000	 1.14238225868830E-0003
 4.37682520131700E+0000	 7.43757965340380E-0004
 4.38306562460248E+0000	 3.10810811092298E-0004
 4.38920690517946E+0000	-1.31402594699168E-0004
 4.39525213384575E+0000	-5.58680660056056E-0004
 4.40121046598365E+0000	-9.50279891289747E-0004
 4.40709482813657E+0000	-1.28997769350667E-0003
 4.41292000732819E+0000	-1.56601186691915E-0003
 4.41870139470178E+0000	-1.77049160143454E-0003
 4.42445430319364E+0000	-1.89870921188553E-0003
 4.43019366785808E+0000	-1.94856798007755E-0003
 4.43593395114742E+0000	-1.92019503477409E-0003
 4.44168912518135E+0000	-1.81573455542392E-0003
 4.44747264803532E+0000	-1.63928952492702E-0003
 4.45329737937999E+0000	-1.39697498098399E-0003
 4.45917539312676E+0000	-1.09704515137271E-0003
 4.46511764691840E+0000	-7.50050222449404E-0004
 4.47113346890414E+0000	-3.68959099746346E-0004
 4.47722983352149E+0000	 3.08514398086624E-0005
 4.48341044032975E+0000	 4.31891087754432E-0004
 4.48967471308803E+0000	 8.15324689193031E-0004
 4.49601701421402E+0000	 1.16236749514848E-0003
 4.50242654798168E+0000	 1.45623572204061E-0003
 4.50888838833678E+0000	 1.68416011151611E-0003
 4.51538560734406E+0000	 1.83861387642268E-0003
 4.52190175667088E+0000	 1.91705623933065E-0003
 4.52842255035587E+0000	 1.92025605093746E-0003
 4.53493594359406E+0000	 1.85012725258170E-0003
 4.54143069285394E+0000	 1.70835126531038E-0003
 4.54789437628783E+0000	 1.49669397063251E-0003
 4.55431231367308E+0000	 1.21900354942028E-0003
 4.56066849345337E+0000	 8.83748290081485E-0004
 4.56694838829858E+0000	 5.05357211765738E-0004
 4.57314217998331E+0000	 1.03296636863914E-0004
 4.57924667576920E+0000	-3.00641117905397E-0004
 4.58526527247264E+0000	-6.85365428332850E-0004
 4.59120654206190E+0000	-1.03262880741402E-0003
 4.59708241319937E+0000	-1.32796243547724E-0003
 4.60290662356516E+0000	-1.56071500530657E-0003
 4.60869367246113E+0000	-1.72365498216540E-0003
 4.61445822291308E+0000	-1.81247951341179E-0003
 4.62021480556313E+0000	-1.82540886730462E-0003
 4.62597768074094E+0000	-1.76292744415532E-0003
 4.63176075127408E+0000	-1.62767064422865E-0003
 4.63757745230602E+0000	-1.42443235076361E-0003
 4.64344056469438E+0000	-1.16025981506207E-0003
 4.64936190660324E+0000	-8.44596084076822E-0004
 4.65535186031305E+0000	-4.89415353923099E-0004
 4.66141869754219E+0000	-1.09268447501777E-0004
 4.66756769093094E+0000	 2.78888393311357E-0004
 4.67380006695872E+0000	 6.56261171079470E-0004
 4.68011199922622E+0000	 1.00338388096146E-0003
 4.68649405331490E+0000	 1.30197583674729E-0003
 4.69293163296706E+0000	 1.53724105568974E-0003
 4.69940676557231E+0000	 1.69986866828979E-0003
 4.70590088767771E+0000	 1.78676994339221E-0003
 4.71239755497320E+0000	 1.80004867306869E-0003
 4.71888387982134E+0000	 1.74465929907173E-0003
 4.72535016007670E+0000	 1.62593729517062E-0003
 4.73178810637570E+0000	 1.44821568554218E-0003
 4.73818876410114E+0000	 1.21516935932522E-0003
 4.74454141121431E+0000	 9.31645789007198E-0004
 4.75083424609593E+0000	 6.05874654144373E-0004
 4.75705662573919E+0000	 2.50635332862751E-0004
 4.76320162425734E+0000	-1.17391656258707E-0004
 4.76926759492655E+0000	-4.79681763684354E-0004
 4.77525824695025E+0000	-8.18218092894257E-0004
 4.78118164128568E+0000	-1.11722528570214E-0003
 4.78704882063220E+0000	-1.36401083748664E-0003
 4.79287259405298E+0000	-1.54911248554196E-0003
 4.79866667509650E+0000	-1.66608693272831E-0003
 4.80444515355717E+0000	-1.71120606267510E-0003
 4.81022219445677E+0000	-1.68320817589813E-0003
 4.81601185135914E+0000	-1.58315968732537E-0003
 4.82182790354089E+0000	-1.41443068707642E-0003
 4.82768364931473E+0000	-1.18276359479913E-0003
 4.83359160147553E+0000	-8.96401198251830E-0004
 4.83956303743189E+0000	-5.66225785475528E-0004
 4.84560736365189E+0000	-2.05837708121528E-0004
 4.85173127167065E+0000	 1.68533224443814E-0004
 4.85793770648811E+0000	 5.38436130765683E-0004
 4.86422476573525E+0000	 8.84122681097159E-0004
 4.87058482750110E+0000	 1.18616121925084E-0003
 4.87700441953096E+0000	 1.42771344175149E-0003
 4.88346537464102E+0000	 1.59699310294359E-0003
 4.88994738257841E+0000	 1.68895415153352E-0003
 4.89643122159289E+0000	 1.70528716147022E-0003
 4.90290137344994E+0000	 1.65257736059265E-0003
 4.90934697527063E+0000	 1.53947025538420E-0003
 4.91576094339394E+0000	 1.37413743264048E-0003
 4.92213795219746E+0000	 1.16305541192661E-0003
 4.92847237185169E+0000	 9.11434785821452E-0004
 4.93475721527961E+0000	 6.24882577379437E-0004
 4.94098462614809E+0000	 3.11290903611403E-0004
 4.94714760185637E+0000	-1.81517468048223E-0005
 4.95324197429391E+0000	-3.49362838773493E-0004
 4.95926767168430E+0000	-6.66859426851632E-0004
 4.96522888851797E+0000	-9.55533881738574E-0004
 4.97113342371367E+0000	-1.20203583590094E-0003
 4.97699168942289E+0000	-1.39552343996735E-0003
 4.98281578165168E+0000	-1.52789459672576E-0003
 4.98861878219828E+0000	-1.59373108559851E-0003
 4.99441429450876E+0000	-1.59015660208930E-0003
 5.00021613919123E+0000	-1.51672862168688E-0003
 5.00603811961714E+0000	-1.37541318079585E-0003
 5.01189377846080E+0000	-1.17064656006475E-0003
 5.01779607986951E+0000	-9.09461555991623E-0004
 5.02375696208570E+0000	-6.01635701546675E-0004
 5.02978671553818E+0000	-2.59794607365271E-0004
 5.03589316064598E+0000	 1.00627637625526E-0004
 5.04208063779984E+0000	 4.61704925544081E-0004
 5.04834889294339E+0000	 8.03780193103906E-0004
 5.05469206950500E+0000	 1.10684579618395E-0003
 5.06109820810453E+0000	 1.35262110212401E-0003
 5.06754980454549E+0000	 1.52709195079318E-0003
 5.07402581429270E+0000	 1.62277918051226E-0003
 5.08050483528602E+0000	 1.63970756081968E-0003
 5.08696839654195E+0000	 1.58443860016099E-0003
 5.09340306002457E+0000	 1.46750655074562E-0003
 5.09980066314686E+0000	 1.30039000035523E-0003
 5.10615694789850E+0000	 1.09321144117598E-0003
 5.11246942442236E+0000	 8.53852234548034E-0004
 5.11873545750183E+0000	 5.88523438560191E-0004
 5.12495135059874E+0000	 3.03275026444286E-0004
 5.13111271385609E+0000	 5.58494420160307E-0006
 5.13721578448717E+0000	-2.94787568065842E-0004
 5.14325894414121E+0000	-5.86034658072047E-0004
 5.14924372506177E+0000	-8.55367393020749E-0004
 5.15517502551430E+0000	-1.09034082970967E-0003
 5.16106069439433E+0000	-1.27994433165651E-0003
 5.16691082974616E+0000	-1.41526010050903E-0003
 5.17273707889560E+0000	-1.48974329555757E-0003
 5.17855207893686E+0000	-1.49928178602022E-0003
 5.18436905047288E+0000	-1.44218544555554E-0003
 5.19020148991882E+0000	-1.31920076482911E-0003
 5.19606288416717E+0000	-1.13359088103909E-0003
 5.20196637289945E+0000	-8.91278979610834E-0004
 5.20792429243715E+0000	-6.01021237952969E-0004
 5.21394754716045E+0000	-2.74544887625242E-0004
 5.22004477705985E+0000	 7.34478037489063E-0005
 5.22622133358968E+0000	 4.25543571447914E-0004
 5.23247814759687E+0000	 7.62306226094036E-0004
 5.23881067614790E+0000	 1.06353710725211E-0003
 5.24520825225972E+0000	 1.31018561827961E-0003
 5.25165429719538E+0000	 1.48678276367409E-0003
 5.25812783067810E+0000	 1.58388551649119E-0003
 5.26460630073104E+0000	 1.59963606286895E-0003
 5.27106900966642E+0000	 1.53960478550144E-0003
 5.27749990528675E+0000	 1.41481618410183E-0003
 5.28388876881818E+0000	 1.23876512584928E-0003
 5.29023065377642E+0000	 1.02459824370260E-0003
 5.29652414844157E+0000	 7.83334863079881E-0004
 5.30276930774693E+0000	 5.23436308550748E-0004
 5.30896602263695E+0000	 2.51535603468300E-0004
 5.31511332256717E+0000	-2.62032800265750E-0005
 5.32120970732087E+0000	-3.02780114293012E-0004
 5.32725418105670E+0000	-5.69677520882656E-0004
 5.33324741454118E+0000	-8.17012085859608E-0004
 5.33919253207874E+0000	-1.03431501733216E-0003
 5.34509532322815E+0000	-1.21152967823663E-0003
 5.35096398063809E+0000	-1.33987206090100E-0003
 5.35680860034086E+0000	-1.41239963010370E-0003
 5.36264065236718E+0000	-1.42431231978115E-0003
 5.36847252861535E+0000	-1.37309431146085E-0003
 5.37431717935860E+0000	-1.25860857029569E-0003
 5.38018779041662E+0000	-1.08321831554265E-0003
 5.38609742790106E+0000	-8.51961947513518E-0004
 5.39205857397297E+0000	-5.72763480481759E-0004
 5.39808248645099E+0000	-2.56618725714854E-0004
 5.40417833909770E+0000	 8.23461983167613E-0005
 5.41035214912435E+0000	 4.27090112611181E-0004
 5.41660558379179E+0000	 7.58315173462943E-0004
 5.42293485235626E+0000	 1.05571247225991E-0003
 5.42933000603198E+0000	 1.29984020236104E-0003
 5.43577504644561E+0000	 1.47449109903816E-0003
 5.44224920591838E+0000	 1.56911928335667E-0003
 5.44872947728728E+0000	 1.58059288537143E-0003
 5.45519389987627E+0000	 1.51349322348680E-0003
 5.46162457551188E+0000	 1.37866338365368E-0003
 5.46800940598812E+0000	 1.19051677593092E-0003
 5.47434217156934E+0000	 9.64129131587867E-0004
 5.48062129032197E+0000	 7.13025880094707E-0004
 5.48684795323567E+0000	 4.48101727737212E-0004
 5.49302431808383E+0000	 1.77658714881849E-0004
 5.49915226419453E+0000	-9.17437687785926E-0005
 5.50523296463841E+0000	-3.54097832146639E-0004
 5.51126724273392E+0000	-6.02920523658077E-0004
 5.51725641056460E+0000	-8.30763644558462E-0004
 5.52320316012138E+0000	-1.02935924559440E-0003
 5.52911215910516E+0000	-1.19022836521786E-0003
 5.53499022063038E+0000	-1.30545459479457E-0003
 5.54084611955811E+0000	-1.36837261301367E-0003
 5.54669021994876E+0000	-1.37405988800942E-0003
 5.55253406011905E+0000	-1.31964552727641E-0003
 5.55838996985657E+0000	-1.20451456886659E-0003
 5.56427071974197E+0000	-1.03049119648695E-0003
 5.57018915007595E+0000	-8.02053099959312E-0004
 5.57615770104622E+0000	-5.26581675319545E-0004
 5.58218776340731E+0000	-2.14599263341129E-0004
 5.58828879007230E+0000	 1.20112111183029E-0004
 5.59446716256116E+0000	 4.60671700025295E-0004
 5.60072490552026E+0000	 7.87736707750078E-0004
 5.60705848391299E+0000	 1.08078268225177E-0003
 5.61345805412038E+0000	 1.32006164548587E-0003
 5.61990758750528E+0000	 1.48903347833962E-0003
 5.62638616829299E+0000	 1.57679007019029E-0003
 5.63287045771512E+0000	 1.57979075406634E-0003
 5.63933785607421E+0000	 1.50225417070723E-0003
 5.64576948618223E+0000	 1.35494174428459E-0003
 5.65215209888796E+0000	 1.15271555637526E-0003
 5.65847847652101E+0000	 9.11735543714608E-0004
 5.66474654574293E+0000	 6.47144124353531E-0004
 5.67095777878366E+0000	 3.71695383261008E-0004
 5.67711547628496E+0000	 9.53763012212469E-0005
 5.68322336997830E+0000	-1.74179792344331E-0004
 5.68928480693570E+0000	-4.30806530389943E-0004
 5.69530259818670E+0000	-6.68814970089190E-0004
 5.70127942385585E+0000	-8.82246497726439E-0004
 5.70721852994619E+0000	-1.06458521529913E-0003
 5.71312440371693E+0000	-1.20894915226367E-0003
 5.71900319927013E+0000	-1.30860802719729E-0003
 5.72486284101986E+0000	-1.35761093254627E-0003
 5.73071286555975E+0000	-1.35135389932392E-0003
 5.73656411733324E+0000	-1.28701568431064E-0003
 5.74242839537894E+0000	-1.16387692384803E-0003
 5.74831809240586E+0000	-9.83581711486460E-0004
 5.75424580659324E+0000	-7.50400049691962E-0004
 5.76022386046864E+0000	-4.71515308899524E-0004
 5.76626363989265E+0000	-1.57304223168831E-0004
 5.77237467699308E+0000	 1.78492854972682E-0004
 5.77856345480833E+0000	 5.18885878170538E-0004
 5.78483202278269E+0000	 8.44258118682429E-0004
 5.79117668127100E+0000	 1.13370185253523E-0003
 5.79758716710637E+0000	 1.36711316227921E-0003
 5.80404682634347E+0000	 1.52778808020504E-0003
 5.81053407073294E+0000	 1.60492884440448E-0003
 5.81702499476528E+0000	 1.59531533827833E-0003
 5.82349656404470E+0000	 1.50356400485964E-0003
 5.82992951304073E+0000	 1.34085359599732E-0003
 5.83631018058669E+0000	 1.12254921792851E-0003
 5.84263095121899E+0000	 8.65511913955369E-0004
 5.84888950464918E+0000	 5.85842386018293E-0004
 5.85508739083031E+0000	 2.97464968346260E-0004
 5.86122845496195E+0000	 1.15907067598731E-0005
 5.86731748140369E+0000	-2.63113571230111E-0004
 5.87335926713992E+0000	-5.19896690353489E-0004
 5.87935821430957E+0000	-7.53101143717247E-0004
 5.88531841704280E+0000	-9.57410371435144E-0004
 5.89124410191713E+0000	-1.12737782802255E-0003
 5.89714020259673E+0000	-1.25733930379672E-0003
 5.90301285128698E+0000	-1.34167349506589E-0003
 5.90886965060989E+0000	-1.37527767985227E-0003
 5.91471969880190E+0000	-1.35410487819862E-0003
 5.92057342121529E+0000	-1.27565484609959E-0003
 5.92644228560452E+0000	-1.13938165710685E-0003
 5.93233845545845E+0000	-9.47036950359663E-0004
 5.93827438740741E+0000	-7.02991061187595E-0004
 5.94426232733322E+0000	-4.14560317564763E-0004
 5.95031362325075E+0000	-9.23205510888429E-0005
 5.95643776915307E+0000	 2.49688875672701E-0004
 5.96264114321626E+0000	 5.94054455489612E-0004
 5.96892552571993E+0000	 9.20623167063331E-0004
 5.97528667773672E+0000	 1.20792037185719E-0003
 5.98171347218874E+0000	 1.43541341937436E-0003
 5.98818814118839E+0000	 1.58631931576769E-0003
 5.99468796162045E+0000	 1.65024547854965E-0003
 6.00118815544630E+0000	 1.62480059804632E-0003
 6.00766523765407E+0000	 1.51561476877959E-0003
 6.01409986231220E+0000	 1.33481305128578E-0003
 6.02047848066650E+0000	 1.09852865271154E-0003
 6.02679363140947E+0000	 8.24256578017916E-0004
 6.03304314652821E+0000	 5.28706080688028E-0004
 6.03922878076749E+0000	 2.26467346031163E-0004
 6.04535473951525E+0000	-7.05170124440619E-0005
 6.05142641576263E+0000	-3.52860608081330E-0004
 6.05744949066330E+0000	-6.13246413458362E-0004
 6.06342945344500E+0000	-8.45754008506604E-0004
 6.06937152835976E+0000	-1.04519327160886E-0003
 6.07528092776733E+0000	-1.20661126833643E-0003
 6.08116328783315E+0000	-1.32508136376375E-0003
 6.08702511821314E+0000	-1.39579523987623E-0003
 6.09287412763382E+0000	-1.41439321659636E-0003
 6.09871935683501E+0000	-1.37742362322254E-0003
 6.10457112065681E+0000	-1.28282962415228E-0003
 6.11044080086917E+0000	-1.13040398987317E-0003
 6.11634053191565E+0000	-9.22199680542248E-0004
 6.12228279213655E+0000	-6.62913853478324E-0004
 6.12827986897620E+0000	-3.60262399397805E-0004
 6.13434312610606E+0000	-2.53251337773333E-0005
 6.14048198639626E+0000	 3.27232325193964E-0004
 6.14670258788402E+0000	 6.79252545231597E-0004
 6.15300620082042E+0000	 1.00977192674412E-0003
 6.15938771632038E+0000	 1.29656428763880E-0003
 6.16583475996472E+0000	 1.51860901039709E-0003
 6.17232806448963E+0000	 1.65912793167802E-0003
 6.17884344039266E+0000	 1.70835989099221E-0003
 6.18535502122869E+0000	 1.66508984465695E-0003
 6.19183883102176E+0000	 1.53637267753495E-0003
 6.19827560275046E+0000	 1.33565581661088E-0003
 6.20465221587226E+0000	 1.08007653432169E-0003
 6.21096173664736E+0000	 7.87799565655648E-0004
 6.21720247030287E+0000	 4.75983745288607E-0004
 6.22337655919337E+0000	 1.59587568815861E-0004
 6.22948856513760E+0000	-1.49065381319569E-0004
 6.23554429483729E+0000	-4.40173081286981E-0004
 6.24154997424731E+0000	-7.06015800180703E-0004
 6.24751178951087E+0000	-9.40374121043323E-0004
 6.25343576716911E+0000	-1.13795213593090E-0003
 6.25932793017008E+0000	-1.29392836632916E-0003
 6.26519462843270E+0000	-1.40372235772177E-0003
 6.27104291925933E+0000	-1.46301033006307E-0003
 6.27688088189852E+0000	-1.46796191911013E-0003
