 1.16785401608411E-0003	-1.12864869212938E-0003
 7.04879509085627E-0003	-1.32625723300866E-0003
 1.29014024425969E-0002	-1.47207958160932E-0003
 1.87343991004363E-0002	-1.56333606730789E-0003
 2.45565402998531E-0002	-1.59810488269959E-0003
 3.03767178651013E-0002	-1.57531935857436E-0003
 3.62040324169726E-0002	-1.49481898322308E-0003
 4.20478441032523E-0002	-1.35744321340286E-0003
 4.79178057662287E-0002	-1.16517521523685E-0003
 5.38238681632600E-0002	-9.21351781567480E-0004
 5.97762293964125E-0002	-6.30956180020714E-0004
 6.57851817399501E-0002	-3.01003406895751E-0004
 7.18607879787202E-0002	 5.89886161388801E-0005
 7.80122947729446E-0002	 4.36478732345450E-0004
 8.42471664308773E-0002	 8.15429587295920E-0004
 9.05696238168359E-0002	 1.17608947838969E-0003
 9.69786664768605E-0002	 1.49540355823202E-0003
 1.03465841993922E-0001	 1.74857616881923E-0003
 1.10013537397168E-0001	 1.91220833422546E-0003
 1.16595048066178E-0001	 1.96879377633722E-0003
 1.23177490789164E-0001	 1.91121232275000E-0003
 1.29727291136467E-0001	 1.74506097805953E-0003
 1.36216202680561E-0001	 1.48736920410535E-0003
 1.42625308075078E-0001	 1.16229329015858E-0003
 1.48945823567628E-0001	 7.95964796228933E-0004
 1.55177381865501E-0001	 4.12506364158370E-0004
 1.61325285543304E-0001	 3.19772902897802E-0005
 1.67397931811485E-0001	-3.30048636224436E-0004
 1.73404957586325E-0001	-6.61951418852452E-0004
 1.79356164873744E-0001	-9.55177391974546E-0004
 1.85261057790615E-0001	-1.20337213115900E-0003
 1.91128768044308E-0001	-1.40171079547673E-0003
 1.96968174776546E-0001	-1.54646855265078E-0003
 2.02788083969358E-0001	-1.63479954783365E-0003
 2.08597393871666E-0001	-1.66466529425578E-0003
 2.14405220505539E-0001	-1.63485728882861E-0003
 2.20220984663328E-0001	-1.54507859303705E-0003
 2.26054470039360E-0001	-1.39607210882276E-0003
 2.31915856620961E-0001	-1.18980160694459E-0003
 2.37815719559270E-0001	-9.29702459138840E-0004
 2.43764964488258E-0001	-6.21021994965576E-0004
 2.49774646396781E-0001	-2.71263424273818E-0004
 2.55855590334020E-0001	 1.09271451410346E-0004
 2.62017699509620E-0001	 5.06886231345673E-0004
 2.68268809586564E-0001	 9.03966616155038E-0004
 2.74612963338831E-0001	 1.27879819097641E-0003
 2.81048121934798E-0001	 1.60619150208827E-0003
 2.87563712447016E-0001	 1.85951817514902E-0003
 2.94139029358439E-0001	 2.01454059430511E-0003
 3.00743953100033E-0001	 2.05451843201186E-0003
 3.07342919763932E-0001	 1.97474644076184E-0003
 3.13901284568102E-0001	 1.78413528335218E-0003
 3.20391450202553E-0001	 1.50278520189140E-0003
 3.26796225605355E-0001	 1.15686423724870E-0003
 3.33108780139417E-0001	 7.73312080857515E-0004
 3.39330350011141E-0001	 3.76188742572401E-0004
 3.45467298243153E-0001	-1.49344130256335E-0005
 3.51528596678973E-0001	-3.85060464398024E-0004
 3.57524120155012E-0001	-7.23053914092252E-0004
 3.63463718323828E-0001	-1.02068821992934E-0003
 3.69356862104678E-0001	-1.27177808781741E-0003
 3.75212639895509E-0001	-1.47153562165232E-0003
 3.81039919934489E-0001	-1.61617210472165E-0003
 3.86847555834556E-0001	-1.70270584035692E-0003
 3.92644570270421E-0001	-1.72891641287335E-0003
 3.98440295112568E-0001	-1.69339269384478E-0003
 4.04244470373458E-0001	-1.59564206514594E-0003
 4.10067310861125E-0001	-1.43625044473730E-0003
 4.15919543394455E-0001	-1.21710037861429E-0003
 4.21812403233104E-0001	-9.41665636767102E-0004
 4.27757557704292E-0001	-6.15404906477607E-0004
 4.33766897117608E-0001	-2.46272102998644E-0004
 4.39852096797412E-0001	 1.54660126454362E-0004
 4.46023811966302E-0001	 5.72517785229160E-0004
 4.52290335339076E-0001	 9.88041343461910E-0004
 4.58655576491098E-0001	 1.37743799034574E-0003
 4.65116422194033E-0001	 1.71324583858387E-0003
 4.71660041040603E-0001	 1.96691074164122E-0003
 4.78262441149055E-0001	 2.11339588402831E-0003
 4.84889966355561E-0001	 2.13692833209330E-0003
 4.91504446579263E-0001	 2.03547917289406E-0003
 4.98070425889462E-0001	 1.82141618151422E-0003
 5.04561248536992E-0001	 1.51784195263912E-0003
 5.10961626214569E-0001	 1.15271417405306E-0003
 5.17266700589650E-0001	 7.53528529970270E-0004
 5.23479218401787E-0001	 3.44086581652500E-0004
 5.29606461398790E-0001	-5.66428722581926E-0005
 5.35657829647084E-0001	-4.34284110738004E-0004
 5.41643306461801E-0001	-7.78180229436029E-0004
 5.47572684926544E-0001	-1.08039323972439E-0003
 5.53455325975028E-0001	-1.33484928656838E-0003
 5.59300224393525E-0001	-1.53673145789042E-0003
 5.65116210110895E-0001	-1.68212157827046E-0003
 5.70912174121417E-0001	-1.76784266829545E-0003
 5.76697263991691E-0001	-1.79144119078342E-0003
 5.82481033409340E-0001	-1.75125922282624E-0003
 5.88273550545889E-0001	-1.64656816227463E-0003
 5.94085473764726E-0001	-1.47775733750674E-0003
 5.99928095563598E-0001	-1.24658770996275E-0003
 6.05813340459268E-0001	-9.56531633892982E-0004
 6.11753680253679E-0001	-6.13224230802174E-0004
 6.17761898284216E-0001	-2.25047326797388E-0004
 6.23850590290545E-0001	 1.96156402583775E-0004
 6.30031236853546E-0001	 6.34302744960835E-0004
 6.36312643930235E-0001	 1.06841201893015E-0003
 6.42698593121993E-0001	 1.47250086057063E-0003
 6.49184814210681E-0001	 1.81672298136351E-0003
 6.55756043136630E-0001	 2.07056549495509E-0003
 6.62384814341485E-0001	 2.20832038808237E-0003
 6.69033886904578E-0001	 2.21545979406527E-0003
 6.75662676150041E-0001	 2.09289913903361E-0003
 6.82235264974122E-0001	 1.85652818089402E-0003
 6.88726242876894E-0001	 1.53226938634540E-0003
 6.95122340333953E-0001	 1.14956354240969E-0003
 7.01420602783225E-0001	 7.36184264651791E-0004
 7.07625118333395E-0001	 3.15503571850580E-0004
 7.13743899658837E-0001	-9.41732494734140E-0005
 7.19786615969317E-0001	-4.79074087073667E-0004
 7.25763245098221E-0001	-8.28960058212330E-0004
 7.31683453282029E-0001	-1.13610517893458E-0003
 7.37556456060735E-0001	-1.39447120817863E-0003
 7.43391143768180E-0001	-1.59914571726640E-0003
 7.49196312508652E-0001	-1.74602711614381E-0003
 7.54980903097450E-0001	-1.83170160370154E-0003
 7.60754203087370E-0001	-1.85345121153567E-0003
 7.66526002601015E-0001	-1.80934679010933E-0003
 7.72306711219493E-0001	-1.69840250953986E-0003
 7.78107444011437E-0001	-1.52078992797996E-0003
 7.83940075233279E-0001	-1.27812568954229E-0003
 7.89817241675584E-0001	-9.73857191244805E-0004
 7.95752253391140E-0001	-6.13775358556128E-0004
 8.01758833353638E-0001	-2.06679277645893E-0004
 8.07850555106846E-0001	 2.34808588820410E-0004
 8.14039782640405E-0001	 6.93351255967627E-0004
 8.20335870557010E-0001	 1.14616507648888E-0003
 8.26742447657171E-0001	 1.56496093998988E-0003
 8.33253965969531E-0001	 1.91741029957043E-0003
 8.39852523706438E-0001	 2.17105161205410E-0003
 8.46507000367893E-0001	 2.29969868888925E-0003
 8.53176581506610E-0001	 2.29039299391418E-0003
 8.59818539543372E-0001	 2.14724524496076E-0003
 8.66396884383070E-0001	 1.88965730443268E-0003
 8.72887724252417E-0001	 1.54611295798059E-0003
 8.79279854534303E-0001	 1.14719828925334E-0003
 8.85572088471628E-0001	 7.20704304445066E-0004
 8.91769644157863E-0001	 2.89448864397190E-0004
 8.97881064136955E-0001	-1.28931806564289E-0004
 9.03916138939054E-0001	-5.21200532676548E-0004
 9.09884755826513E-0001	-8.77437097063891E-0004
 9.15796422414299E-0001	-1.19002866929491E-0003
 9.21660213436060E-0001	-1.45289140553166E-0003
 9.27484938765761E-0001	-1.66095932337311E-0003
 9.33279391115666E-0001	-1.80991064911039E-0003
 9.39052590083355E-0001	-1.89607392790177E-0003
 9.44813987063578E-0001	-1.91645595136644E-0003
 9.50573626629595E-0001	-1.86885044119731E-0003
 9.56342273020631E-0001	-1.75200937945001E-0003
 9.62131508857241E-0001	-1.56587975313496E-0003
 9.67953802085987E-0001	-1.31192390475933E-0003
 9.73822519095259E-0001	-9.93551853120098E-0004
 9.79751835196108E-0001	-6.16699170071884E-0004
 9.85756452306072E-0001	-1.90579730768724E-0004
 9.91850971425949E-0001	 2.71386642128374E-0004
 9.98048688653435E-0001	 7.50559046545211E-0004
 1.00435952848448E+0000	 1.22225684407330E-0003
 1.01078691898393E+0000	 1.65576472985225E-0003
 1.01732388261869E+0000	 2.01618409116721E-0003
 1.02394965211502E+0000	 2.26915107469261E-0003
 1.03062928529778E+0000	 2.38824545355568E-0003
 1.03731846443166E+0000	 2.36242457276552E-0003
 1.04397264974310E+0000	 2.19920448473703E-0003
 1.05055616858591E+0000	 1.92141174849925E-0003
 1.05704686366653E+0000	 1.55977986610634E-0003
 1.06343556723929E+0000	 1.14570325295300E-0003
 1.06972267157400E+0000	 7.06770590382508E-0004
 1.07591429241291E+0000	 2.65175719682493E-0004
 1.08201930637185E+0000	-1.62068556269526E-0004
 1.08804750013725E+0000	-5.62151578724267E-0004
 1.09400861773293E+0000	-9.25347086590740E-0004
 1.09991201193936E+0000	-1.24404608840669E-0003
 1.10576665417970E+0000	-1.51204068692571E-0003
 1.11158132393974E+0000	-1.72406567061359E-0003
 1.11736485845860E+0000	-1.87555970046633E-0003
 1.12312639454047E+0000	-1.96259117868765E-0003
 1.12887557468346E+0000	-1.98189755881950E-0003
 1.13462271546708E+0000	-1.93100363644439E-0003
 1.14037894632071E+0000	-1.80840584793288E-0003
 1.14615632411456E+0000	-1.61382934317830E-0003
 1.15196791717206E+0000	-1.34857988253358E-0003
 1.15782783278588E+0000	-1.01602352020353E-0003
 1.16375113231222E+0000	-6.22233297841994E-0004
 1.16975353010971E+0000	-1.76838022074772E-0004
 1.17585069891659E+0000	 3.05925267720073E-0004
 1.18205690938930E+0000	 8.06057670754346E-0004
 1.18838266705220E+0000	 1.29688565974197E-0003
 1.19483113434169E+0000	 1.74514976745481E-0003
 1.20139373239363E+0000	 2.11331244725140E-0003
 1.20804659793089E+0000	 2.36519607027747E-0003
 1.21475084246624E+0000	 2.47443431353776E-0003
 1.22145879481378E+0000	 2.43224156633565E-0003
 1.22812448893227E+0000	 2.24967303280076E-0003
 1.23471293857290E+0000	 1.95279562067791E-0003
 1.24120385694015E+0000	 1.57423012811385E-0003
 1.24759000289948E+0000	 1.14585378822537E-0003
 1.25387310872973E+0000	 6.94880691433481E-0004
 1.26005994005515E+0000	 2.42864731852473E-0004
 1.26615952024830E+0000	-1.93714423471953E-0004
 1.27218152818816E+0000	-6.02333597373794E-0004
 1.27813553797052E+0000	-9.73318931465755E-0004
 1.28403077679369E+0000	-1.29895085095359E-0003
 1.28987617173312E+0000	-1.57282272638604E-0003
 1.29568053754142E+0000	-1.78943379188844E-0003
 1.30145281328338E+0000	-1.94397550497007E-0003
 1.30720229546212E+0000	-2.03226534236892E-0003
 1.31293884512359E+0000	-2.05078764434631E-0003
 1.31867306600092E+0000	-1.99681502230950E-0003
 1.32441645902649E+0000	-1.86860186861213E-0003
 1.33018155623842E+0000	-1.66565951921447E-0003
 1.33598202568471E+0000	-1.38913836693264E-0003
 1.34183271813356E+0000	-1.04235502673524E-0003
 1.34774959224418E+0000	-6.31510918123243E-0004
 1.35374939888712E+0000	-1.66644721183737E-0004
 1.35984891807793E+0000	 3.37177727983404E-0004
 1.36606342910179E+0000	 8.58556894858773E-0004
 1.37240402079230E+0000	 1.36874718433726E-0003
 1.37887351737491E+0000	 1.83185489433570E-0003
 1.38546157157013E+0000	 2.20768134169754E-0003
 1.39214103651147E+0000	 2.45838354336341E-0003
 1.39886905367410E+0000	 2.55796910155633E-0003
 1.40559487194016E+0000	 2.50019697853349E-0003
 1.41227154525560E+0000	 2.29965781695332E-0003
 1.41886509584188E+0000	 1.98533523400202E-0003
 1.42535713395989E+0000	 1.59130748768774E-0003
 1.43174213196356E+0000	 1.14961703257568E-0003
 1.43802286014302E+0000	 6.86977324892658E-0004
 1.44420646146901E+0000	 2.24337842159733E-0004
 1.45030191815305E+0000	-2.22223792417062E-0004
 1.45631870777686E+0000	-6.40306264514838E-0004
 1.46226622082382E+0000	-1.02013198273228E-0003
 1.46815359945307E+0000	-1.35374985561111E-0003
 1.47398979366531E+0000	-1.63447792450871E-0003
 1.47978372467724E+0000	-1.85654399929027E-0003
 1.48554449399453E+0000	-2.01488645442250E-0003
 1.49128160170850E+0000	-2.10508369966074E-0003
 1.49700515430618E+0000	-2.12338647864939E-0003
 1.50272605506514E+0000	-2.06683560269927E-0003
 1.50845617740032E+0000	-1.93346044361374E-0003
 1.51420852110017E+0000	-1.72256924211834E-0003
 1.51999734153789E+0000	-1.43515904255601E-0003
 1.52583822018432E+0000	-1.07448889491038E-0003
 1.53174800569868E+0000	-6.46871345593363E-0004
 1.53774448896242E+0000	-1.62733920866517E-0004
 1.54384557224342E+0000	 3.62043330218192E-0004
 1.55006755990918E+0000	 9.04656850449041E-0004
 1.55642211713849E+0000	 1.43426633587031E-0003
 1.56291166871676E+0000	 1.91233196064016E-0003
 1.56952398786473E+0000	 2.29606737350481E-0003
 1.57622858596036E+0000	 2.54619342933888E-0003
 1.58297880770123E+0000	 2.63740783595915E-0003
 1.58972127659752E+0000	 2.56615966459102E-0003
 1.59640856750495E+0000	 2.35033949772374E-0003
 1.60300794233475E+0000	 2.02132538273843E-0003
 1.60950277920156E+0000	 1.61413209680525E-0003
 1.61588891313780E+0000	 1.16065169476818E-0003
 1.62216976232479E+0000	 6.87017133606279E-0004
 1.62835253048427E+0000	 2.13662163933467E-0004
 1.63444595412912E+0000	-2.43563637559831E-0004
 1.64045921179065E+0000	-6.72186258097451E-0004
 1.64640149502553E+0000	-1.06214999978131E-0003
 1.65228189860854E+0000	-1.40513843264091E-0003
 1.65810945897646E+0000	-1.69410617678756E-0003
 1.66389327227775E+0000	-1.92296255317667E-0003
 1.66964266242438E+0000	-2.08637717084554E-0003
 1.67536737773545E+0000	-2.17969440550764E-0003
 1.68107779728397E+0000	-2.19894781799277E-0003
 1.68678513388927E+0000	-2.14096694380578E-0003
 1.69250162765534E+0000	-2.00357515213721E-0003
 1.69824072633321E+0000	-1.78589030190474E-0003
 1.70401724132272E+0000	-1.48875790041592E-0003
 1.70984744582537E+0000	-1.11536600110069E-0003
 1.71574903746488E+0000	-6.72106454733403E-0004
 1.72174081066536E+0000	-1.69744944884495E-0004
 1.72784176302771E+0000	 3.75090979083425E-0004
 1.73406920603431E+0000	 9.38273179089683E-0004
 1.74043536528319E+0000	 1.48696435056176E-0003
 1.74694225238390E+0000	 1.98012212773999E-0003
 1.75357579485143E+0000	 2.37260645793625E-0003
 1.76030236654244E+0000	 2.62401922919385E-0003
 1.76707200810591E+0000	 2.70998011146245E-0003
 1.77382939869128E+0000	 2.62949682171357E-0003
 1.78052715146967E+0000	 2.40317857063607E-0003
 1.78713383932257E+0000	 2.06402145041899E-0003
 1.79363426578455E+0000	 1.64735034145103E-0003
 1.80002510076349E+0000	 1.18459368429108E-0003
 1.80630990383762E+0000	 7.01274360199404E-0004
 1.81249555682218E+0000	 2.17457905065795E-0004
 1.81859031171262E+0000	-2.51010695173521E-0004
 1.82460293130478E+0000	-6.91354359592918E-0004
 1.83054237844606E+0000	-1.09303939808996E-0003
 1.83641772391263E+0000	-1.44722900356600E-0003
 1.84223814097122E+0000	-1.74640503723084E-0003
 1.84801295998447E+0000	-1.98408943856676E-0003
 1.85375178334855E+0000	-2.15464738543868E-0003
 1.85946465231702E+0000	-2.25317914142841E-0003
 1.86516224638467E+0000	-2.27550885947282E-0003
 1.87085609543772E+0000	-2.21827267378684E-0003
 1.87655879171847E+0000	-2.07910822805251E-0003
 1.88228419388738E+0000	-1.85695798269330E-0003
 1.88804761056444E+0000	-1.55251759326670E-0003
 1.89386592829684E+0000	-1.16888372111605E-0003
 1.89975760008145E+0000	-7.12475163827936E-0004
 1.90574232273180E+0000	-1.94300569018702E-0004
 1.91184009244460E+0000	 3.68414635973002E-0004
 1.91806915355073E+0000	 9.50434590722904E-0004
 1.92444227030087E+0000	 1.51722411444070E-0003
 1.93096112916616E+0000	 2.02563082165444E-0003
 1.93761011164003E+0000	 2.42861910130454E-0003
 1.94435307897143E+0000	 2.68505362519048E-0003
 1.95113769251494E+0000	 2.77149929571486E-0003
 1.95790759818435E+0000	 2.68896139813846E-0003
 1.96461590844225E+0000	 2.45974756288826E-0003
 1.97123234494320E+0000	 2.11741814350554E-0003
 1.97774253827828E+0000	 1.69688056316806E-0003
 1.98414326528154E+0000	 1.22879245197181E-0003
 1.99043758573653E+0000	 7.38087000662464E-0004
 1.99663159276610E+0000	 2.44668003689899E-0004
 2.00273276378981E+0000	-2.35348359939626E-0004
 2.00874929570426E+0000	-6.88610456683545E-0004
 2.01468986660557E+0000	-1.10387456839054E-0003
 2.02056352299048E+0000	-1.47160016768956E-0003
 2.02637960468939E+0000	-1.78365863329634E-0003
 2.03214772035071E+0000	-2.03308669420349E-0003
 2.03787779846650E+0000	-2.21388248487365E-0003
 2.04358021482853E+0000	-2.32087051203281E-0003
 2.04926597581332E+0000	-2.34965924432018E-0003
 2.05494693177608E+0000	-2.29670271167085E-0003
 2.06063600158335E+0000	-2.15947203618655E-0003
 2.06634739663967E+0000	-1.93675048168244E-0003
 2.07209682987249E+0000	-1.62908489095844E-0003
 2.07790167285769E+0000	-1.23945189037914E-0003
 2.08378097216444E+0000	-7.74219985841794E-0004
 2.08975513974105E+0000	-2.44489458209991E-0004
 2.09584497879410E+0000	 3.32174741358486E-0004
 2.10206951639178E+0000	 9.29831318450829E-0004
 2.10844203350839E+0000	 1.51281965042596E-0003
 2.11496413732583E+0000	 2.03659590317955E-0003
 2.12161934060015E+0000	 2.45294667883534E-0003
 2.12837015700420E+0000	 2.72039376960981E-0003
 2.13516327117042E+0000	 2.81614407797121E-0003
 2.14194238939653E+0000	 2.74211768716226E-0003
 2.14866145992456E+0000	 2.52084870800618E-0003
 2.15529093373088E+0000	 2.18515874785828E-0003
 2.16181642884254E+0000	 1.76872358288623E-0003
 2.16823391989724E+0000	 1.30111626761456E-0003
 2.17454519540258E+0000	 8.06724855587945E-0004
 2.18075499837116E+0000	 3.05532773592653E-0004
 2.18686967187183E+0000	-1.85759890336013E-0004
 2.19289664352515E+0000	-6.52920623307303E-0004
 2.19884420739381E+0000	-1.08373133404887E-0003
 2.20472134866517E+0000	-1.46773288759928E-0003
 2.21053757273739E+0000	-1.79601612521983E-0003
 2.21630278682733E+0000	-2.06100187814079E-0003
 2.22202727668119E+0000	-2.25622729030552E-0003
 2.22772178387713E+0000	-2.37618236504353E-0003
 2.23339766098834E+0000	-2.41623281100774E-0003
 2.23906707444352E+0000	-2.37264798641254E-0003
 2.24474323168360E+0000	-2.24274380937642E-0003
 2.25044061749302E+0000	-2.02515627613571E-0003
 2.25617522251107E+0000	-1.72028002044985E-0003
 2.26196472497242E+0000	-1.33093251409320E-0003
 2.26782853335321E+0000	-8.63328521228264E-0004
 2.27378749742158E+0000	-3.28450666323485E-0004
 2.27986293492927E+0000	 2.56168454787915E-0004
 2.28607442481882E+0000	 8.64480441765623E-0004
 2.29243574646076E+0000	 1.46056029963108E-0003
 2.29894884991501E+0000	 1.99952513904132E-0003
 2.30559745418264E+0000	 2.43294138120587E-0003
 2.31234441307380E+0000	 2.71935191866913E-0003
 2.31913724195355E+0000	 2.83596564163660E-0003
 2.32592091310321E+0000	 2.78408555476099E-0003
 2.33265043249465E+0000	 2.58466708260549E-0003
 2.33929639600026E+0000	 2.26832157195880E-0003
 2.34584344307348E+0000	 1.86659672159121E-0003
 2.35228574163433E+0000	 1.40760672959243E-0003
 2.35862294661708E+0000	 9.15186934313623E-0004
 2.36485779486836E+0000	 4.09605795416509E-0004
 2.37099504167319E+0000	-9.15549074789731E-0005
 2.37704105582208E+0000	-5.72871186655672E-0004
 2.38300357307619E+0000	-1.02086749383372E-0003
 2.38889141768679E+0000	-1.42392279095750E-0003
 2.39471420915896E+0000	-1.77214329405511E-0003
 2.40048213416814E+0000	-2.05716679966412E-0003
 2.40620583708367E+0000	-2.27193912237294E-0003
 2.41189643463104E+0000	-2.41052263277678E-0003
 2.41756562891062E+0000	-2.46798240724341E-0003
 2.42322588548800E+0000	-2.44037449253741E-0003
 2.42889065023207E+0000	-2.32485001902779E-0003
 2.43457458680467E+0000	-2.11989334293692E-0003
 2.44029381492743E+0000	-1.82572980913209E-0003
 2.44606610818442E+0000	-1.44496352641387E-0003
 2.45191095793078E+0000	-9.83528393402656E-0004
 2.45784931163522E+0000	-4.52035920408755E-0004
 2.46390263723416E+0000	 1.32467637182033E-0004
 2.47009077588782E+0000	 7.44564149134639E-0004
 2.47642798662549E+0000	 1.34912607323826E-0003
 2.48291709926225E+0000	 1.90220775966184E-0003
 2.48954336005570E+0000	 2.35626414670647E-0003
 2.49627194245041E+0000	 2.67020870627913E-0003
 2.50305319442838E+0000	 2.82045902071362E-0003
 2.50983461514946E+0000	 2.80601784119163E-0003
 2.51657250669136E+0000	 2.64439043667519E-0003
 2.52323709444120E+0000	 2.36247201650888E-0003
 2.52981118051385E+0000	 1.98869989028995E-0003
 2.53628619939375E+0000	 1.54919913955786E-0003
 2.54265881401640E+0000	 1.06705785850546E-0003
 2.54892902885753E+0000	 5.62866439887885E-0004
 2.55509944050423E+0000	 5.52659991857067E-0005
 2.56117493549724E+0000	-4.38882715251585E-0004
 2.56716238965488E+0000	-9.04582605693723E-0004
 2.57307025781803E+0000	-1.32879419411882E-0003
 2.57890813505670E+0000	-1.70040286064510E-0003
 2.58468640118504E+0000	-2.01005483943340E-0003
 2.59041600965522E+0000	-2.24992915812642E-0003
 2.59610842400571E+0000	-2.41352134687764E-0003
 2.60177567267860E+0000	-2.49549258699981E-0003
 2.60743048663274E+0000	-2.49161383234254E-0003
 2.61308649130504E+0000	-2.39882260022345E-0003
 2.61875843197882E+0000	-2.21541327580830E-0003
 2.62446240946575E+0000	-1.94139682661349E-0003
 2.63021608279315E+0000	-1.57908743209294E-0003
 2.63603874713961E+0000	-1.13399305500520E-0003
 2.64195110480964E+0000	-6.16085239070405E-0004
 2.64797440411141E+0000	-4.14553770161166E-0005
 2.65412845159964E+0000	 5.65859577954153E-0004
 2.66042795717751E+0000	 1.17259974714783E-0003
 2.66687714272843E+0000	 1.73703064648910E-0003
 2.67346403622916E+0000	 2.21360231149533E-0003
 2.68015798473292E+0000	 2.56200029864107E-0003
 2.68691403974123E+0000	 2.75723772298788E-0003
 2.69368347677300E+0000	 2.79464157581938E-0003
 2.70042432800561E+0000	 2.68671313200114E-0003
 2.70710630179286E+0000	 2.45530602434178E-0003
 2.71370992519320E+0000	 2.12473195419098E-0003
 2.72022331719574E+0000	 1.71836959004950E-0003
 2.72663947903780E+0000	 1.25802825330880E-0003
 2.73295497771311E+0000	 7.64309934590376E-0004
 2.73916957392983E+0000	 2.56808840860848E-0004
 2.74528607455129E+0000	-2.46121596564127E-0004
 2.75131000389136E+0000	-7.27797151238735E-0004
 2.75724906541855E+0000	-1.17353245466333E-0003
 2.76311254788521E+0000	-1.57073995577800E-0003
 2.76891082628860E+0000	-1.90882441183507E-0003
 2.77465502992324E+0000	-2.17896815917956E-0003
 2.78035688056113E+0000	-2.37390005514779E-0003
 2.78602866977256E+0000	-2.48771116614991E-0003
 2.79168333844785E+0000	-2.51575308922354E-0003
 2.79733462812487E+0000	-2.45464162827599E-0003
 2.80299727998711E+0000	-2.30238967304084E-0003
 2.80868725485282E+0000	-2.05870470710234E-0003
 2.81442192923903E+0000	-1.72550340962579E-0003
 2.82022018009231E+0000	-1.30771071199699E-0003
 2.82610219251592E+0000	-8.14406679278993E-0004
 2.83208870275606E+0000	-2.60323084818892E-0004
 2.83819924642658E+0000	 3.32502720817013E-0004
 2.84444894572918E+0000	 9.33533849108227E-0004
 2.85084376184247E+0000	 1.50425519663565E-0003
 2.85737536917211E+0000	 2.00202488197669E-0003
 2.86401858238148E+0000	 2.38777514129391E-0003
 2.87073452973586E+0000	 2.63495331239322E-0003
 2.87747933940592E+0000	 2.73454734556619E-0003
 2.88421344122116E+0000	 2.69320853220841E-0003
 2.89090641734326E+0000	 2.52691469116511E-0003
 2.89753675683269E+0000	 2.25501743892941E-0003
 2.90408932800011E+0000	 1.89725883294326E-0003
 2.91055328215600E+0000	 1.47326416563913E-0003
 2.91692128761479E+0000	 1.00284949763120E-0003
 2.92318960946653E+0000	 5.05985098007285E-0004
 2.92935823690535E+0000	 2.20302680019942E-0006
 2.93543063366554E+0000	-4.90201935641623E-0004
 2.94141313822974E+0000	-9.54798321908181E-0004
 2.94731424161782E+0000	-1.37731502324396E-0003
 2.95314394363981E+0000	-1.74565040248001E-0003
 2.95891328340295E+0000	-2.04971143884014E-0003
 2.96463405627720E+0000	-2.28119332521138E-0003
 2.97031869030167E+0000	-2.43337502873051E-0003
 2.97598024646644E+0000	-2.50097656626452E-0003
 2.98163251121139E+0000	-2.48010848941770E-0003
 2.98729015353409E+0000	-2.36834191917760E-0003
 2.99296891613600E+0000	-2.16493433148493E-0003
 2.99868579451115E+0000	-1.87125782655199E-0003
 3.00445912277765E+0000	-1.49148651211628E-0003
 3.01030842107685E+0000	-1.03359410500084E-0003
 3.01625376041621E+0000	-5.10660722226280E-0004
 3.02231428605774E+0000	 5.76703355190837E-0005
 3.02850550810307E+0000	 6.44085510612358E-0004
 3.03483526516279E+0000	 1.21385731065801E-0003
 3.04129921742138E+0000	 1.72780525958953E-0003
 3.04787816526430E+0000	 2.14855088744508E-0003
 3.05453993305688E+0000	 2.44825266557320E-0003
 3.06124614465419E+0000	 2.61368952708503E-0003
 3.06796028974170E+0000	 2.64570364338522E-0003
 3.07465257650998E+0000	 2.55434014304884E-0003
 3.08130032374543E+0000	 2.35370720734890E-0003
 3.08788599906915E+0000	 2.05925703368389E-0003
 3.09439549309844E+0000	 1.68741019006267E-0003
 3.10081771612260E+0000	 1.25599406783429E-0003
 3.10714511036773E+0000	 7.84227553400536E-0004
 3.11337418094107E+0000	 2.91961847867939E-0004
 3.11950550639590E+0000	-2.01417794826421E-0004
 3.12554323111735E+0000	-6.77940616881417E-0004
 3.13149431110217E+0000	-1.12161941636633E-0003
 3.13736776856588E+0000	-1.51865703402833E-0003
 3.14317409081587E+0000	-1.85741029980089E-0003
 3.14892481101810E+0000	-2.12823223146758E-0003
 3.15463226001197E+0000	-2.32328091980947E-0003
 3.16030946245237E+0000	-2.43635449551538E-0003
 3.16597014800905E+0000	-2.46279471322859E-0003
 3.17162884787316E+0000	-2.39949536335682E-0003
 3.17730104250938E+0000	-2.24505272095182E-0003
 3.18300331376859E+0000	-2.00010055921052E-0003
 3.18875342707712E+0000	-1.66787724660954E-0003
 3.19457021961008E+0000	-1.25506640158324E-0003
 3.20047309283428E+0000	-7.72911373606199E-0004
 3.20648081596179E+0000	-2.38481954033024E-0004
 3.21260931160341E+0000	 3.24290397599226E-0004
 3.21886829765132E+0000	 8.84598974167887E-0004
 3.22525735561578E+0000	 1.40687113927777E-0003
 3.23176314358759E+0000	 1.85566648408256E-0003
 3.23836007979919E+0000	 2.20227841078190E-0003
 3.24501532877446E+0000	 2.42986489221520E-0003
 3.25169572355752E+0000	 2.53414916541440E-0003
 3.25837271059124E+0000	 2.51994533115237E-0003
 3.26502345059803E+0000	 2.39664464191513E-0003
 3.27162934279470E+0000	 2.17548950583133E-0003
 3.27817437792109E+0000	 1.86914415064938E-0003
 3.28464472776136E+0000	 1.49232264953007E-0003
 3.29102945003476E+0000	 1.06207384591566E-0003
 3.29732140852052E+0000	 5.97187882771374E-0004
 3.30351769632588E+0000	 1.17035482239418E-0004
 3.30961942629724E+0000	-3.59605833383146E-0004
 3.31563112408429E+0000	-8.15403176402230E-0004
 3.32156000356561E+0000	-1.23494062222663E-0003
 3.32741529955991E+0000	-1.60489520047924E-0003
 3.33320773355752E+0000	-1.91402320923333E-0003
 3.33894913387569E+0000	-2.15304642158070E-0003
 3.34465220660044E+0000	-2.31450864753472E-0003
 3.35033044047314E+0000	-2.39265988573602E-0003
 3.35599811965720E+0000	-2.38341669320865E-0003
 3.36167040967565E+0000	-2.28444253714137E-0003
 3.36736346998322E+0000	-2.09539053523821E-0003
 3.37309452580227E+0000	-1.81835102809217E-0003
 3.37888179451158E+0000	-1.45854035791163E-0003
 3.38474410222773E+0000	-1.02523700524034E-0003
 3.39069995136810E+0000	-5.32882319594896E-0004
 3.39676575716642E+0000	-2.06749609284186E-0006
 3.40295308880849E+0000	 5.40191929513124E-0004
 3.40926523307532E+0000	 1.06179713093082E-0003
 3.41569430158107E+0000	 1.52925746800445E-0003
 3.42222083408507E+0000	 1.91327450777794E-0003
 3.42881714167864E+0000	 2.19391983399556E-0003
 3.43545316649018E+0000	 2.36255453429562E-0003
 3.44210161775228E+0000	 2.41973809158492E-0003
 3.44873997187573E+0000	 2.37125949501139E-0003
 3.45534962522410E+0000	 2.22512346850060E-0003
 3.46191422200992E+0000	 1.99068809106734E-0003
 3.46841887314285E+0000	 1.67924712127138E-0003
 3.47485062463936E+0000	 1.30467141173436E-0003
 3.48119948813666E+0000	 8.83266726190545E-0004
 3.48745922252218E+0000	 4.32891867770004E-0004
 3.49362753406514E+0000	-2.81750934822742E-0005
 3.49970580200095E+0000	-4.82224377949717E-0004
 3.50569856385617E+0000	-9.12814376891792E-0004
 3.51161293391480E+0000	-1.30519818423976E-0003
 3.51745805145751E+0000	-1.64653284431250E-0003
 3.52324461468150E+0000	-1.92593002138440E-0003
 3.52898453378137E+0000	-2.13440912886835E-0003
 3.53469071548311E+0000	-2.26481686317819E-0003
 3.54037697003749E+0000	-2.31177493189239E-0003
 3.54605801363735E+0000	-2.27171114255275E-0003
 3.55174952407045E+0000	-2.14302205868612E-0003
 3.55746818995148E+0000	-1.92641038820924E-0003
 3.56323166607463E+0000	-1.62543370460334E-0003
 3.56905830190917E+0000	-1.24728040540323E-0003
 3.57496644793443E+0000	-8.03727993792057E-0004
 3.58097309300306E+0000	-3.12098249359257E-0004
 3.58709163166872E+0000	 2.04226170749611E-0004
 3.59332886447775E+0000	 7.16454989031050E-0004
 3.59968201984801E+0000	 1.19298953009892E-0003
 3.60613737743857E+0000	 1.60403726813685E-0003
 3.61267202012894E+0000	 1.92678064781162E-0003
 3.61925855731540E+0000	 2.14850945910965E-0003
 3.62587042845204E+0000	 2.26608481643000E-0003
 3.63248502679177E+0000	 2.28269582510356E-0003
 3.63908385417561E+0000	 2.20447836183709E-0003
 3.64565105651530E+0000	 2.03884342085070E-0003
 3.65217218088409E+0000	 1.79455432983749E-0003
 3.65863404616612E+0000	 1.48243778453987E-0003
 3.66502545735290E+0000	 1.11568652623234E-0003
 3.67133803148863E+0000	 7.09463645175565E-0004
 3.67756666678568E+0000	 2.80101730803000E-0004
 3.68370961486300E+0000	-1.55739846440220E-0004
 3.68976830050218E+0000	-5.81791904220102E-0004
 3.69574700458392E+0000	-9.82742268913114E-0004
 3.70165246967233E+0000	-1.34465512004148E-0003
 3.70749347847646E+0000	-1.65523989536971E-0003
 3.71328046393325E+0000	-1.90398210451314E-0003
 3.71902520199711E+0000	-2.08217714731552E-0003
 3.72474061265612E+0000	-2.18292811276540E-0003
 3.73044066512307E+0000	-2.20117215093489E-0003
 3.73614035895142E+0000	-2.13379346655833E-0003
 3.74185573319937E+0000	-1.97987252345784E-0003
 3.74760383307179E+0000	-1.74111325840077E-0003
 3.75340252843432E+0000	-1.42247633527359E-0003
 3.75927002653280E+0000	-1.03300819275601E-0003
 3.76522386413785E+0000	-5.86760763552983E-0004
 3.77127915456951E+0000	-1.03509285934657E-0004
 3.77744602176978E+0000	 3.91296234862284E-0004
 3.78372662821807E+0000	 8.68104067674006E-0004
 3.79011295819252E+0000	 1.29683304210987E-0003
 3.79658696387036E+0000	 1.65180702232714E-0003
 3.80312385746951E+0000	 1.91598481882481E-0003
 3.80969726599550E+0000	 2.08224477251286E-0003
 3.81628353809259E+0000	 2.15135384449471E-0003
 3.82286335752011E+0000	 2.12849318717880E-0003
 3.82942100405154E+0000	 2.02062693322224E-0003
 3.83594291591032E+0000	 1.83562947469320E-0003
 3.84241689443250E+0000	 1.58259144719149E-0003
 3.84883220626174E+0000	 1.27225842992274E-0003
 3.85518009178356E+0000	 9.17027155335844E-0004
 3.86145418118230E+0000	 5.30554601769972E-0004
 3.86765068124895E+0000	 1.27255938625659E-0004
 3.87376842294516E+0000	-2.78167315558476E-0004
 3.87980884058767E+0000	-6.71177728846002E-0004
 3.88577587041883E+0000	-1.03785010186218E-0003
 3.89167574608145E+0000	-1.36528169508392E-0003
 3.89751671611990E+0000	-1.64191023544163E-0003
 3.90330874660594E+0000	-1.85771853951582E-0003
 3.90906327032057E+0000	-2.00435158639529E-0003
 3.91479301514391E+0000	-2.07520126488019E-0003
 3.92051191094496E+0000	-2.06552094609567E-0003
 3.92623504731610E+0000	-1.97262677734122E-0003
 3.93197863142588E+0000	-1.79623488722090E-0003
 3.93775986667699E+0000	-1.53897444037802E-0003
 3.94359662990417E+0000	-1.20709488850810E-0003
 3.94950676792036E+0000	-8.11327775986684E-0004
 3.95550678904086E+0000	-3.67733888474532E-0004
 3.96160976898658E+0000	 1.01859004121535E-0004
 3.96782256274001E+0000	 5.70486183130367E-0004
 3.97414302028251E+0000	 1.00844814123893E-0003
 3.98055861675190E+0000	 1.38758613208526E-0003
 3.98704792227287E+0000	 1.68618755643587E-0003
 3.99358492176730E+0000	 1.89218944243690E-0003
 4.00014415487262E+0000	 2.00303038257663E-0003
 4.00670409527056E+0000	 2.02277017045056E-0003
 4.01324779696054E+0000	 1.95871511764787E-0003
 4.01976181029596E+0000	 1.81933804229944E-0003
 4.02623494542194E+0000	 1.61372403223999E-0003
 4.03265771059253E+0000	 1.35173454322175E-0003
 4.03902231145541E+0000	 1.04411744167235E-0003
 4.04532276828082E+0000	 7.02363659536989E-0004
 4.05155493801444E+0000	 3.38487303437143E-0004
 4.05771650897060E+0000	-3.51317930396128E-0005
 4.06380706910822E+0000	-4.05887136635667E-0004
 4.06982822622163E+0000	-7.61168625216599E-0004
 4.07578368067142E+0000	-1.08869269416091E-0003
 4.08167918326138E+0000	-1.37687375745768E-0003
 4.08752238887693E+0000	-1.61515462470507E-0003
 4.09332266601461E+0000	-1.79425708585279E-0003
 4.09909092278635E+0000	-1.90636731517448E-0003
 4.10483948171267E+0000	-1.94530263909332E-0003
 4.11058200325803E+0000	-1.90671484696829E-0003
 4.11633343123684E+0000	-1.78838249640535E-0003
 4.12210990742402E+0000	-1.59063933356328E-0003
 4.12792856781893E+0000	-1.31697585431319E-0003
 4.13380708205096E+0000	-9.74820878215444E-0004
 4.13976273745666E+0000	-5.76430947818359E-0004
 4.14581084115692E+0000	-1.39651675690301E-0004
 4.15196231751858E+0000	 3.11940573269480E-0004
 4.15822076400712E+0000	 7.50243192346411E-0004
 4.16457993364568E+0000	 1.14578101723915E-0003
 4.17102321652751E+0000	 1.47251680393384E-0003
 4.17752626221090E+0000	 1.71256827482007E-0003
 4.18406203609988E+0000	 1.85843192091034E-0003
 4.19060579279458E+0000	 1.91170425261102E-0003
 4.19713769662074E+0000	 1.87966447123722E-0003
 4.20364284587319E+0000	 1.77203958599119E-0003
 4.21011005878076E+0000	 1.59923558906712E-0003
 4.21653077241847E+0000	 1.37182321568886E-0003
 4.22289848599366E+0000	 1.10047408821234E-0003
 4.22920849697225E+0000	 7.95863718925202E-0004
 4.23545764612268E+0000	 4.68549398759089E-0004
 4.24164406626918E+0000	 1.28972713215012E-0004
 4.24776707464942E+0000	-2.12416636824955E-0004
 4.25382726407498E+0000	-5.45062058278875E-0004
 4.25982670456194E+0000	-8.58353253167003E-0004
 4.26576911879718E+0000	-1.14184182472964E-0003
 4.27165995149321E+0000	-1.38554082038959E-0003
 4.27750633696569E+0000	-1.58022177431529E-0003
 4.28331701648346E+0000	-1.71766892021876E-0003
 4.28910225609488E+0000	-1.79090098174743E-0003
 4.29487378940030E+0000	-1.79439970305876E-0003
 4.30064478071604E+0000	-1.72439224338049E-0003
 4.30642977900401E+0000	-1.57923356899862E-0003
 4.31224460530257E+0000	-1.35993158015634E-0003
 4.31810607578205E+0000	-1.07084601211613E-0003
 4.32403140457838E+0000	-7.20552050325042E-0004
 4.33003707014893E+0000	-3.22757716943033E-0004
 4.33613692330787E+0000	 1.03034138863436E-0004
 4.34233948808549E+0000	 5.31708674576719E-0004
 4.34864490959371E+0000	 9.34343813961477E-0004
 4.35504278547433E+0000	 1.28209475790273E-0003
 4.36151255579941E+0000	 1.55143631483579E-0003
 4.36802722151701E+0000	 1.72855773111724E-0003
 4.37455898132546E+0000	 1.81057855557935E-0003
 4.38108394308875E+0000	 1.80326131843686E-0003
 4.38758405775116E+0000	 1.71717976907462E-0003
 4.39404665293745E+0000	 1.56459095878935E-0003
 4.40046309742272E+0000	 1.35783497237712E-0003
 4.40682769462702E+0000	 1.10878890100358E-0003
 4.41313698894598E+0000	 8.28668943532847E-0004
 4.41938923742642E+0000	 5.27898918298975E-0004
 4.42558391204405E+0000	 2.16110462159203E-0004
 4.43172132038710E+0000	-9.76599200380299E-0005
 4.43780246726477E+0000	-4.04671460252062E-0004
 4.44382915598356E+0000	-6.96248854111497E-0004
 4.44980421033015E+0000	-9.63729637254333E-0004
 4.45573168191647E+0000	-1.19858238983844E-0003
 4.46161697273122E+0000	-1.39261818693319E-0003
 4.46746687865060E+0000	-1.53822032414837E-0003
 4.47328959695854E+0000	-1.62856227371590E-0003
 4.47909473574406E+0000	-1.65782824072150E-0003
 4.48489333724941E+0000	-1.62147381459480E-0003
 4.49069790030301E+0000	-1.51656917917578E-0003
 4.49652236298005E+0000	-1.34226544872515E-0003
 4.50238197728978E+0000	-1.10042040459884E-0003
 4.50829296227298E+0000	-7.96403593958791E-0004
 4.51427175902705E+0000	-4.40047087715288E-0004
 4.52033365541701E+0000	-4.65791514482561E-0005
 4.52649057675263E+0000	 3.62857124728033E-0004
 4.53274809990425E+0000	 7.61794089193391E-0004
 4.53910238229894E+0000	 1.12093750184851E-0003
 4.54553852368146E+0000	 1.41279990910144E-0003
 4.55203204651850E+0000	 1.61723012810934E-0003
 4.55855373068856E+0000	 1.72522490951089E-0003
 4.56507565425061E+0000	 1.73895647983546E-0003
 4.57157544330602E+0000	 1.66848741623453E-0003
 4.57803744116473E+0000	 1.52761077875420E-0003
 4.58445173239063E+0000	 1.33085559760630E-0003
 4.59081261275622E+0000	 1.09205742974550E-0003
 4.59711737422280E+0000	 8.23864988431960E-0004
 4.60336545427696E+0000	 5.37573945735893E-0004
 4.60955774793920E+0000	 2.43100196984920E-0004
 4.61569602614157E+0000	-5.08674420831312E-0005
 4.62178254927338E+0000	-3.36542471133368E-0004
 4.62781994489099E+0000	-6.06667090208613E-0004
 4.63381130780289E+0000	-8.54237292465653E-0004
 4.63976040275222E+0000	-1.07240042050868E-0003
 4.64567185614902E+0000	-1.25450418025997E-0003
 4.65155128582475E+0000	-1.39422747424207E-0003
 4.65740538029208E+0000	-1.48573459976259E-0003
 4.66324196554372E+0000	-1.52383706113864E-0003
 4.66907008722900E+0000	-1.50418643999958E-0003
 4.67490010826754E+0000	-1.42354059633010E-0003
 4.68074379349667E+0000	-1.28014710278720E-0003
 4.68661432673076E+0000	-1.07428246599429E-0003
 4.69252617259461E+0000	-8.08976150314988E-0004
 4.69849464525389E+0000	-4.90921530887441E-0004
 4.70453498185396E+0000	-1.31500792288782E-0004
 4.71066067838157E+0000	 2.52314165333007E-0004
 4.71688093281739E+0000	 6.37696902197031E-0004
 4.72319742548426E+0000	 9.97135720490365E-0004
 4.72960144169783E+0000	 1.30178102199290E-0003
 4.73607312105480E+0000	 1.52680091626212E-0003
 4.74258432195678E+0000	 1.65686835775516E-0003
 4.74910453360223E+0000	 1.68890790655904E-0003
 4.75560695921367E+0000	 1.63064727413512E-0003
 4.76207192713059E+0000	 1.49637644011799E-0003
 4.76848710735502E+0000	 1.30264760528968E-0003
 4.77484596552358E+0000	 1.06557063925785E-0003
 4.78114600362405E+0000	 7.99685383817656E-0004
 4.78738744097636E+0000	 5.17673699972794E-0004
 4.79357229438332E+0000	 2.30365014612326E-0004
 4.79970367558774E+0000	-5.31243129212877E-0005
 4.80578525728479E+0000	-3.25114067902568E-0004
 4.81182095424526E+0000	-5.78981921805507E-0004
 4.81781483952732E+0000	-8.08789726782136E-0004
 4.82377123820620E+0000	-1.00901932304381E-0003
 4.82969489617964E+0000	-1.17445946862771E-0003
 4.83559113767120E+0000	-1.30021597266069E-0003
 4.84146597849666E+0000	-1.38178614449697E-0003
 4.84732621178149E+0000	-1.41515395969853E-0003
 4.85317950167632E+0000	-1.39690208206590E-0003
 4.85903450726692E+0000	-1.32437320433691E-0003
 4.86490102821860E+0000	-1.19593087118738E-0003
 4.87079013033624E+0000	-1.01137000766485E-0003
 4.87671417625016E+0000	-7.72517464023502E-0004
 4.88268664582039E+0000	-4.84043308874344E-0004
 4.88872157487928E+0000	-1.54457054025180E-0004
 4.89483238194889E+0000	 2.02846697317079E-0004
 4.90102985076119E+0000	 5.68841434800385E-0004
 4.90731922695710E+0000	 9.19073300493777E-0004
 4.91369694307284E+0000	 1.22567889469690E-0003
 4.92014836777661E+0000	 1.46172822920965E-0003
 4.92664849185020E+0000	 1.60706598150826E-0003
 4.93316643674191E+0000	 1.65309601181618E-0003
 4.93967211998024E+0000	 1.60378668975898E-0003
 4.94614171466430E+0000	 1.47253874123984E-0003
 4.95255971698207E+0000	 1.27725180668959E-0003
 4.95891805072388E+0000	 1.03626329683826E-0003
 4.96521398869018E+0000	 7.66206775652157E-0004
 4.97144825551754E+0000	 4.81358908024001E-0004
 4.97762372271316E+0000	 1.93671831886625E-0004
 4.98374455867893E+0000	-8.69987602358679E-0005
 4.98981563591075E+0000	-3.52606919568927E-0004
 4.99584212147900E+0000	-5.96574953016195E-0004
 5.00182925532540E+0000	-8.13423256510776E-0004
 5.00778230959084E+0000	-9.98440317425920E-0004
 5.01370667573795E+0000	-1.14745755896863E-0003
 5.01960800137287E+0000	-1.25674911782088E-0003
 5.02549231467530E+0000	-1.32302909278289E-0003
 5.03136611607915E+0000	-1.34349912851891E-0003
 5.03723645552928E+0000	-1.31591437183706E-0003
 5.04311102789883E+0000	-1.23867145083681E-0003
 5.04899830495845E+0000	-1.11095661346741E-0003
 5.05490768929255E+0000	-9.33010824527847E-0004
 5.06084963555394E+0000	-7.06568722476244E-0004
 5.06683564110199E+0000	-4.35512899446245E-0004
 5.07287795643493E+0000	-1.26749467457397E-0004
 5.07898880585880E+0000	 2.08767812174661E-0004
 5.08517887160864E+0000	 5.55098563210447E-0004
 5.09145487441674E+0000	 8.90961790578738E-0004
 5.09781644368643E+0000	 1.19075540935687E-0003
 5.10425321890375E+0000	 1.42772803490331E-0003
 5.11074394381822E+0000	 1.57925621362181E-0003
 5.11725918446384E+0000	 1.63248789384096E-0003
 5.12376737721415E+0000	 1.58739975821263E-0003
 5.13024140421142E+0000	 1.45544920926521E-0003
 5.13666251646456E+0000	 1.25494869629762E-0003
 5.14302065508060E+0000	 1.00606016711500E-0003
 5.14931251382963E+0000	 7.27496590679037E-0004
 5.15553916113437E+0000	 4.35207180891315E-0004
 5.16170422165881E+0000	 1.42288355602894E-0004
 5.16781275301793E+0000	-1.40660559356512E-0004
 5.17387058481906E+0000	-4.05132506682587E-0004
 5.17988390274650E+0000	-6.44346980705414E-0004
 5.18585898572754E+0000	-8.52906786773493E-0004
 5.19180207957174E+0000	-1.02647705093136E-0003
 5.19771939435531E+0000	-1.16151994587477E-0003
 5.20361718657731E+0000	-1.25512087158931E-0003
 5.20950187157387E+0000	-1.30491510069018E-0003
 5.21538012284076E+0000	-1.30909274506162E-0003
 5.22125894495519E+0000	-1.26644683983065E-0003
 5.22714573604355E+0000	-1.17644210580881E-0003
 5.23304836659575E+0000	-1.03931249494139E-0003
 5.23897528709297E+0000	-8.56227682173848E-0004
 5.24493564176812E+0000	-6.29587703158392E-0004
 5.25093931845543E+0000	-3.63503707366765E-0004
 5.25699680954201E+0000	-6.44976099252528E-0005
 5.26311869789012E+0000	 2.57607870219888E-0004
 5.26931453052034E+0000	 5.88764211576659E-0004
 5.27559086625779E+0000	 9.10116807787810E-0004
 5.28194851721432E+0000	 1.19843960384184E-0003
 5.28837959315278E+0000	 1.42839676487916E-0003
 5.29486579128712E+0000	 1.57698351644779E-0003
 5.30137971669269E+0000	 1.62912257920018E-0003
 5.30788982755244E+0000	 1.58183523708210E-0003
 5.31436713099864E+0000	 1.44450326903183E-0003
 5.32079033282873E+0000	 1.23514513775621E-0003
 5.32714744895508E+0000	 9.75131173809380E-0004
 5.33343441525213E+0000	 6.84974362029696E-0004
 5.33965252048603E+0000	 3.82236556305306E-0004
 5.34580611491297E+0000	 8.11232481193135E-0005
 5.35190111326570E+0000	-2.07113443765074E-0004
 5.35794418044228E+0000	-4.73603680515459E-0004
 5.36394231253910E+0000	-7.11379823676175E-0004
 5.36990260432558E+0000	-9.15009859057210E-0004
 5.37583211703756E+0000	-1.08030029358053E-0003
 5.38173782912571E+0000	-1.20404609352625E-0003
 5.38762666254517E+0000	-1.28383766509450E-0003
 5.39350556090777E+0000	-1.31794377047505E-0003
 5.39938158369447E+0000	-1.30527543759060E-0003
 5.40526198622614E+0000	-1.24541603889422E-0003
 5.41115427490876E+0000	-1.13869373084874E-0003
 5.41706624795515E+0000	-9.86282366312506E-0004
 5.42300603853089E+0000	-7.90342132046530E-0004
 5.42898216124789E+0000	-5.54239065646645E-0004
 5.43500352424428E+0000	-2.82898246963873E-0004
 5.44107931413970E+0000	 1.66637280508189E-0005
 5.44721859806157E+0000	 3.34627461419366E-0004
 5.45342943049471E+0000	 6.57584624046938E-0004
 5.45971724945702E+0000	 9.67970046680571E-0004
 5.46608250646678E+0000	 1.24427149851759E-0003
 5.47251794326994E+0000	 1.46276864932956E-0003
 5.47900668416865E+0000	 1.60129032377042E-0003
 5.48552281929270E+0000	 1.64438798693377E-0003
 5.49203543521097E+0000	 1.58779575249934E-0003
 5.49851491859406E+0000	 1.43962363172214E-0003
 5.50493856492773E+0000	 1.21750871919255E-0003
 5.51129306762612E+0000	 9.43521853919860E-0004
 5.51757374639090E+0000	 6.39507442567777E-0004
 5.52378206297857E+0000	 3.24377445936571E-0004
 5.52992304818635E+0000	 1.33222706305408E-0005
 5.53600346128300E+0000	-2.81856535450969E-0004
 5.54203076264055E+0000	-5.52054393150674E-0004
 5.54801264226258E+0000	-7.90233132526206E-0004
 5.55395682625546E+0000	-9.90968912376317E-0004
 5.55987099284783E+0000	-1.15014463539646E-0003
 5.56576273627823E+0000	-1.26472628376728E-0003
 5.57163957099107E+0000	-1.33259143874907E-0003
 5.57750897645747E+0000	-1.35240951381625E-0003
 5.58337847027165E+0000	-1.32358509994201E-0003
 5.58925568602492E+0000	-1.24626955365686E-0003
 5.59514843322985E+0000	-1.12143335368478E-0003
 5.60106472796650E+0000	-9.50985521466057E-0004
 5.60701279531789E+0000	-7.37933811116276E-0004
 5.61300104528640E+0000	-4.86598738906305E-0004
 5.61903800290451E+0000	-2.02914855760424E-0004
 5.62513212889399E+0000	 1.05143263792159E-0004
 5.63129140769092E+0000	 4.27004129236676E-0004
 5.63752252426176E+0000	 7.48891967049669E-0004
 5.64382944186431E+0000	 1.05341170314158E-0003
 5.65021131980112E+0000	 1.31980186059151E-0003
 5.65666010210694E+0000	 1.52551610061529E-0003
 5.66315877371745E+0000	 1.64960898701212E-0003
 5.66968178971127E+0000	 1.67748509135678E-0003
 5.67619866436100E+0000	 1.60517977063342E-0003
 5.68267985981375E+0000	 1.44078700503657E-0003
 5.68910234268920E+0000	 1.20206248020885E-0003
 5.69545238397314E+0000	 9.11611193530553E-0004
 5.70172515653436E+0000	 5.92156309588608E-0004
 5.70792241069045E+0000	 2.63544792897742E-0004
 5.71404981464057E+0000	-5.83101672213175E-0005
 5.72011490707916E+0000	-3.61206739523513E-0004
 5.72612588763488E+0000	-6.35916857701364E-0004
 5.73209106347586E+0000	-8.75437157005163E-0004
 5.73801866841944E+0000	-1.07443251051934E-0003
 5.74391683535597E+0000	-1.22888170509567E-0003
 5.74979360975218E+0000	-1.33586043174922E-0003
 5.75565697227255E+0000	-1.39340057831680E-0003
 5.76151487395844E+0000	-1.40039691587785E-0003
 5.76737528934521E+0000	-1.35655988438188E-0003
 5.77324628075293E+0000	-1.26242446816582E-0003
 5.77913605587501E+0000	-1.11942234827827E-0003
 5.78505299780190E+0000	-9.30016180830714E-0004
 5.79100565075560E+0000	-6.97890216252851E-0004
 5.79700264835311E+0000	-4.28195991911658E-0004
 5.80305256286931E+0000	-1.27863075569399E-0004
 5.80916362484496E+0000	 1.94010097761954E-0004
 5.81534321418836E+0000	 5.25693407279400E-0004
 5.82159697670859E+0000	 8.52374571380619E-0004
 5.82792741978183E+0000	 1.15595162646204E-0003
 5.83433196969912E+0000	 1.41549967113551E-0003
 5.84080083509207E+0000	 1.60898519148766E-0003
 5.84731560884439E+0000	 1.71660138900527E-0003
 5.85384996232576E+0000	 1.72524887342536E-0003
 5.86037326566688E+0000	 1.63244049125411E-0003
 5.86685626668044E+0000	 1.44745797843075E-0003
 5.87327637268486E+0000	 1.18891957475072E-0003
 5.87962030325409E+0000	 8.80094215536250E-0004
 5.88588369940430E+0000	 5.44284611752869E-0004
 5.89206886238608E+0000	 2.01842305850193E-0004
 5.89818210552353E+0000	-1.30951128006144E-0004
 5.90423164647142E+0000	-4.41711922898852E-0004
 5.91022631094059E+0000	-7.21206205749045E-0004
 5.91617492207836E+0000	-9.62536189457059E-0004
 5.92208611767179E+0000	-1.16050513420739E-0003
 5.92796836438650E+0000	-1.31121016333143E-0003
 5.93383002590719E+0000	-1.41181385651551E-0003
 5.93967942592736E+0000	-1.46042488445328E-0003
 5.94552489858007E+0000	-1.45603872395833E-0003
 5.95137483650088E+0000	-1.39851986266280E-0003
 5.95723774223990E+0000	-1.28862885116300E-0003
 5.96312227583195E+0000	-1.12810609849763E-0003
 5.96903727951263E+0000	-9.19822254802498E-0004
 5.97499175381437E+0000	-6.67998446137376E-0004
 5.98099475585999E+0000	-3.78494475108738E-0004
 5.98705518364473E+0000	-5.91614179654528E-0005
 5.99318139047592E+0000	 2.79749890059723E-0004
 5.99938053900831E+0000	 6.25159976709035E-0004
 6.00565757202816E+0000	 9.60822661111276E-0004
 6.01201369786919E+0000	 1.26732999224229E-0003
 6.01844444671494E+0000	 1.52288873875012E-0003
 6.02493773078072E+0000	 1.70537513629747E-0003
 6.03147287637305E+0000	 1.79588572358701E-0003
 6.03802186831595E+0000	 1.78312415398769E-0003
 6.04455337120487E+0000	 1.66685356778238E-0003
 6.05103841903049E+0000	 1.45845027600457E-0003
 6.05745534229321E+0000	 1.17805352633577E-0003
 6.06379197486962E+0000	 8.49812238553214E-0004
 6.07004497659049E+0000	 4.97441003832455E-0004
 6.07621748996675E+0000	 1.41442348596725E-0004
 6.08231651868992E+0000	-2.01884407215796E-0004
 6.08835085772203E+0000	-5.20220362484258E-0004
 6.09432980986348E+0000	-8.04456758183605E-0004
 6.10026257516389E+0000	-1.04785214580585E-0003
 6.10615807913986E+0000	-1.24535834871338E-0003
 6.11202501900399E+0000	-1.39318033498722E-0003
 6.11787197679541E+0000	-1.48853634037223E-0003
 6.12370752448546E+0000	-1.52955186224790E-0003
 6.12954030150361E+0000	-1.51523062153684E-0003
 6.13537907182219E+0000	-1.44547196329562E-0003
 6.14123277111952E+0000	-1.32112925999301E-0003
 6.14711054467123E+0000	-1.14411935790781E-0003
 6.15302176215962E+0000	-9.17597938325518E-0004
 6.15897598164950E+0000	-6.46212398706809E-0004
 6.16498282281225E+0000	-3.36435915219009E-0004
 6.17105169642429E+0000	 3.02461431532167E-0006
 6.17719131804907E+0000	 3.60772375658021E-0004
 6.18340890768692E+0000	 7.22282671221783E-0004
 6.18970896244357E+0000	 1.06963745058110E-0003
 6.19609154180433E+0000	 1.38173426191477E-0003
 6.20255021608709E+0000	 1.63543074030412E-0003
 6.20907025735612E+0000	 1.80808523652887E-0003
 6.21562815617190E+0000	 1.88151650262362E-0003
 6.22219361936763E+0000	 1.84642044424530E-0003
 6.22873424749040E+0000	 1.70530945268288E-0003
 6.23522137386636E+0000	 1.47223395702280E-0003
 6.24163457607471E+0000	 1.16926766675398E-0003
 6.24796324616997E+0000	 8.21565735016731E-0004
 6.25420543803485E+0000	 4.53124644130645E-0004
 6.26036533933542E+0000	 8.43294051146183E-0005
 6.26645066920870E+0000	-2.68785167893244E-0004
 6.27247069968076E+0000	-5.94178399533173E-0004
 6.27843505594172E+0000	-8.82983315379441E-0004
