 1.41884442817315E-0003	 1.33873654413766E-0003
 7.78797495390957E-0003	 9.85366837857255E-0004
 1.40658393152677E-0002	 6.00891355434517E-0004
 2.02540390309804E-0002	 2.08613628333375E-0004
 2.63592916242749E-0002	-1.72130496397597E-0004
 3.23912337383239E-0002	-5.26358007699626E-0004
 3.83607509229875E-0002	-8.43074181013581E-0004
 4.42788818144913E-0002	-1.11456615936768E-0003
 5.01562089803204E-0002	-1.33561499636810E-0003
 5.60026195886711E-0002	-1.50277030221592E-0003
 6.18273288177969E-0002	-1.61376271644312E-0003
 6.76390740658630E-0002	-1.66709138903569E-0003
 7.34464003359988E-0002	-1.66179965693147E-0003
 7.92579683550905E-0002	-1.59743412170642E-0003
 8.50828290662191E-0002	-1.47416904929789E-0003
 9.09306204885225E-0002	-1.29307018743719E-0003
 9.68116531729041E-0002	-1.05646951827108E-0003
 1.02736856178443E-0001	-7.68423294785383E-0004
 1.08717554901293E-0001	-4.35227094102833E-0004
 1.14765043572587E-0001	-6.59596266366999E-0005
 1.20889897210618E-0001	 3.26985684525257E-0004
 1.27100943098477E-0001	 7.27460873524020E-0004
 1.33403801496720E-0001	 1.11538197346183E-0003
 1.39798968422230E-0001	 1.46711812347424E-0003
 1.46279643472057E-0001	 1.75690831151400E-0003
 1.52829944609049E-0001	 1.95971650599270E-0003
 1.59424605458405E-0001	 2.05543495444972E-0003
 1.66031199808423E-0001	 2.03337720254815E-0003
 1.72614932811733E-0001	 1.89519279343426E-0003
 1.79144493327285E-0001	 1.65465503795544E-0003
 1.85596685752123E-0001	 1.33434768309091E-0003
 1.91958345007441E-0001	 9.60860640960275E-0004
 1.98225618039604E-0001	 5.60429387061075E-0004
 2.04401738651097E-0001	 1.56114641359650E-0004
 2.10494483674610E-0001	-2.33399616528853E-0004
 2.16514022821221E-0001	-5.93857430860545E-0004
 2.22471395172397E-0001	-9.14867418024599E-0004
 2.28377574618226E-0001	-1.18911199632352E-0003
 2.34242996409078E-0001	-1.41155070405737E-0003
 2.40077416198126E-0001	-1.57872797739790E-0003
 2.45889996045325E-0001	-1.68823733056409E-0003
 2.51689531805207E-0001	-1.73836472080643E-0003
 2.57484749756374E-0001	-1.72791589552667E-0003
 2.63284611598964E-0001	-1.65621853179490E-0003
 2.69098578922118E-0001	-1.52328004281505E-0003
 2.74936799834164E-0001	-1.33007775801137E-0003
 2.80810188167180E-0001	-1.07895953097108E-0003
 2.86730366176806E-0001	-7.74136694254880E-0004
 2.92709433141627E-0001	-4.22252801221251E-0004
 2.98759504346575E-0001	-3.30044543578704E-0005
 3.04891939011625E-0001	 3.80234843512873E-0004
 3.11116149905495E-0001	 7.99896709234934E-0004
 3.17437891034311E-0001	 1.20403013039049E-0003
 3.23857024034991E-0001	 1.56684040866268E-0003
 3.30365072299683E-0001	 1.86049400703167E-0003
 3.36943405975569E-0001	 2.05859966032942E-0003
 3.43563369383316E-0001	 2.14107864131740E-0003
 3.50189404401878E-0001	 2.09896485329361E-0003
 3.56784827547143E-0001	 1.93692961045448E-0003
 3.63318175415963E-0001	 1.67209314842703E-0003
 3.69767568528750E-0001	 1.32970630449032E-0003
 3.76121870219126E-0001	 9.37830364559898E-0004
 3.82379217688275E-0001	 5.23036347310449E-0004
 3.88544352728620E-0001	 1.07968776431548E-0004
 3.94625957635807E-0001	-2.89431192547912E-0004
 4.00634587137334E-0001	-6.55661111942879E-0004
 4.06581306483651E-0001	-9.80915384941862E-0004
 4.12476922621507E-0001	-1.25822570162819E-0003
 4.18331647115003E-0001	-1.48266656394573E-0003
 4.24155052830520E-0001	-1.65070455376498E-0003
 4.29956220637848E-0001	-1.75972117473584E-0003
 4.35743996791656E-0001	-1.80771765744343E-0003
 4.41527296741983E-0001	-1.79319771832638E-0003
 4.47315402909924E-0001	-1.71521461289919E-0003
 4.53118215714876E-0001	-1.57356277887382E-0003
 4.58946427508547E-0001	-1.36909403388471E-0003
 4.64811594022576E-0001	-1.10414335428979E-0003
 4.70726073457776E-0001	-7.83056084032207E-0004
 4.76702787081445E-0001	-4.12810699879104E-0004
 4.82754726988364E-0001	-3.72014703718931E-0006
 4.88894100052590E-0001	 4.29842919158809E-0004
 4.95130966175422E-0001	 8.68835952569041E-0004
 5.01471245680087E-0001	 1.28934307174889E-0003
 5.07914126213750E-0001	 1.66328016385983E-0003
 5.14449312038529E-0001	 1.96065035712598E-0003
 5.21055212442477E-0001	 2.15374567406001E-0003
 5.27699624499408E-0001	 2.22273489890364E-0003
 5.34343903231474E-0001	 2.16068898546777E-0003
 5.40949753710483E-0001	 1.97552408412962E-0003
 5.47485928296273E-0001	 1.68769130139887E-0003
 5.53932131104721E-0001	 1.32487384824091E-0003
 5.60279327548932E-0001	 9.16288852148372E-0004
 5.66527553576700E-0001	 4.88575735788564E-0004
 5.72682882542801E-0001	 6.38005598191681E-0005
 5.78754709860352E-0001	-3.40898461350030E-0004
 5.84753806065181E-0001	-7.12756734822005E-0004
 5.90691132688896E-0001	-1.04249082256274E-0003
 5.96577243145136E-0001	-1.32339262167575E-0003
 6.02422079902247E-0001	-1.55055460168683E-0003
 6.08235022843635E-0001	-1.72027402640625E-0003
 6.14025087849153E-0001	-1.82964384212700E-0003
 6.19801203853547E-0001	-1.87632368036505E-0003
 6.25572513950112E-0001	-1.85847808957597E-0003
 6.31348658396951E-0001	-1.77486480427388E-0003
 6.37140008165419E-0001	-1.62505453384002E-0003
 6.42957825760555E-0001	-1.40976744386143E-0003
 6.48814331433377E-0001	-1.13131987226991E-0003
 6.54722643173908E-0001	-7.94184116515610E-0004
 6.60696534775458E-0001	-4.05667141090630E-0004
 6.66749916944813E-0001	 2.33006332048986E-0005
 6.72895896776875E-0001	 4.77325693633294E-0004
 6.79145231762861E-0001	 9.35832618052079E-0004
 6.85504024609108E-0001	 1.37283672789973E-0003
 6.91970723917732E-0001	 1.75783818715121E-0003
 6.98533041093506E-0001	 2.05860160276930E-0003
 7.05166191860583E-0001	 2.24617960358283E-0003
 7.11834282010274E-0001	 2.30125568928839E-0003
 7.18495674082602E-0001	 2.21927859442609E-0003
 7.25110789723208E-0001	 2.01160840931867E-0003
 7.31648978109454E-0001	 1.70195712418953E-0003
 7.38091764533294E-0001	 1.32016148955142E-0003
 7.44432241795639E-0001	 8.96266839762060E-0004
 7.50672210351688E-0001	 4.56730303030897E-0004
 7.56818871577533E-0001	 2.29093702750072E-0005
 7.62882130704845E-0001	-3.88882912187618E-0004
 7.68872808190642E-0001	-7.66566195089617E-0004
 7.74801647875753E-0001	-1.10128133471740E-0003
 7.80678889716741E-0001	-1.38646444194951E-0003
 7.86514196088971E-0001	-1.61711275065216E-0003
 7.92316781366427E-0001	-1.78925954214707E-0003
 7.98095648258586E-0001	-1.89964263577891E-0003
 8.03859869375949E-0001	-1.94554412555574E-0003
 8.09618872508166E-0001	-1.92478012858558E-0003
 8.15382700252030E-0001	-1.83582185441748E-0003
 8.21162223028419E-0001	-1.67803350062371E-0003
 8.26969288873373E-0001	-1.45202005082408E-0003
 8.32816790282243E-0001	-1.16008897046894E-0003
 8.38718613125240E-0001	-8.06840808145845E-0004
 8.44689400639008E-0001	-3.99907231557687E-0004
 8.50744014261979E-0001	 4.91630388662564E-0005
 8.56896508025212E-0001	 5.23933741836829E-0004
 8.63158382711097E-0001	 1.00223421936256E-0003
 8.69535930463890E-0001	 1.45589988075408E-0003
 8.76026777374966E-0001	 1.85188412586370E-0003
 8.82616443042225E-0001	 2.15564753821661E-0003
 8.89276702212934E-0001	 2.33711187953158E-0003
 8.95967843031668E-0001	 2.37777941393305E-0003
 9.02645375836854E-0001	 2.27582447191307E-0003
 9.09268801821587E-0001	 2.04621218637564E-0003
 9.15808438491386E-0001	 1.71579086273373E-0003
 9.22247823023342E-0001	 1.31624092459910E-0003
 9.28582147475733E-0001	 8.78114292085163E-0004
 9.34814804683163E-0001	 4.27466737944539E-0004
 9.40953903488525E-0001	-1.51416149824563E-0005
 9.47009656435454E-0001	-4.34204254189685E-0004
 9.52992782407553E-0001	-8.18236032917313E-0004
 9.58913718058533E-0001	-1.15867715595392E-0003
 9.64782361021780E-0001	-1.44897543823654E-0003
 9.70608116116702E-0001	-1.68391503385999E-0003
 9.76400091192395E-0001	-1.85917756199163E-0003
 9.82167353050011E-0001	-1.97109566359731E-0003
 9.87919195683053E-0001	-2.01656047944657E-0003
 9.93665395815977E-0001	-1.99305490673599E-0003
 9.99416441471364E-0001	-1.89879543390694E-0003
 1.00518372347501E+0000	-1.73297553097302E-0003
 1.01097967886067E+0000	-1.49611445131593E-0003
 1.01681786673319E+0000	-1.19052772357420E-0003
 1.02271293625307E+0000	-8.20947463875738E-0004
 1.02868040654127E+0000	-3.95324401242981E-0004
 1.03473611443508E+0000	 7.41777018432219E-0005
 1.04089510313385E+0000	 5.70062370860350E-0004
 1.04716965944945E+0000	 1.06850440625190E-0003
 1.05356626727916E+0000	 1.53904995094188E-0003
 1.06008163722130E+0000	 1.94598000790622E-0003
 1.06669888859030E+0000	 2.25240420052766E-0003
 1.07338611666336E+0000	 2.42725533645039E-0003
 1.08009970993051E+0000	 2.45318303359277E-0003
 1.08679252946196E+0000	 2.33141414497594E-0003
 1.09342355118689E+0000	 2.08061053426960E-0003
 1.09996440610869E+0000	 1.73055719161383E-0003
 1.10640076870408E+0000	 1.31443034688975E-0003
 1.11272983518870E+0000	 8.62973538881711E-0004
 1.11895637220716E+0000	 4.01656882304634E-0004
 1.12508915356847E+0000	-4.98009291533118E-0005
 1.13113849523462E+0000	-4.76637797663278E-0004
 1.13711487705487E+0000	-8.67838590871322E-0004
 1.14302836335840E+0000	-1.21499276996836E-0003
 1.14888850980583E+0000	-1.51141510808406E-0003
 1.15470451467929E+0000	-1.75155925671737E-0003
 1.16048546133866E+0000	-1.93067808247231E-0003
 1.16624057275530E+0000	-2.04466577346244E-0003
 1.17197944800140E+0000	-2.09002781410738E-0003
 1.17771227530768E+0000	-2.06394628972097E-0003
 1.18345002396993E+0000	-1.96442831609402E-0003
 1.18920461554617E+0000	-1.79054142971292E-0003
 1.19498906731406E+0000	-1.54275306617926E-0003
 1.20081758677117E+0000	-1.22340409206245E-0003
 1.20670556949499E+0000	-8.37358227304107E-0004
 1.21266940515234E+0000	-3.92872936874388E-0004
 1.21872591948303E+0000	 9.72867226725771E-0005
 1.22489117719367E+0000	 6.14561938577444E-0004
 1.23117828691235E+0000	 1.13343503711095E-0003
 1.23759392520091E+0000	 1.62108194715361E-0003
 1.24413380277360E+0000	 2.03902251000751E-0003
 1.25077845924599E+0000	 2.34801345800650E-0003
 1.25749213782688E+0000	 2.51617959448973E-0003
 1.26422734819710E+0000	 2.52764230495959E-0003
 1.27093460142663E+0000	 2.38692893306413E-0003
 1.27757277197278E+0000	 2.11635886132190E-0003
 1.28411509496286E+0000	 1.74833705697100E-0003
 1.29054940931970E+0000	 1.31712987821086E-0003
 1.29687472535915E+0000	 8.53358185770530E-0004
 1.30309689670134E+0000	 3.81757836861281E-0004
 1.30922508125004E+0000	-7.87887131699327E-0005
 1.31526948153274E+0000	-5.14152235087004E-0004
 1.32124020730546E+0000	-9.13620881924922E-0004
 1.32714690435441E+0000	-1.26875467021445E-0003
 1.33299881051416E+0000	-1.57257692214230E-0003
 1.33880499001121E+0000	-1.81909312086316E-0003
 1.34457459793076E+0000	-2.00305905619451E-0003
 1.35031711071331E+0000	-2.11990952865500E-0003
 1.35604251362416E+0000	-2.16578109457932E-0003
 1.36176146113915E+0000	-2.13759548902177E-0003
 1.36748542905213E+0000	-2.03319992355147E-0003
 1.37322686806765E+0000	-1.85158152832890E-0003
 1.37899935412004E+0000	-1.59318790863792E-0003
 1.38481771063986E+0000	-1.26039819574349E-0003
 1.39069804614415E+0000	-8.58200286703197E-0004
 1.39665759560642E+0000	-3.95133440550631E-0004
 1.40271416396625E+0000	 1.15471381808241E-0004
 1.40888484598439E+0000	 6.54027290729375E-0004
 1.41518359138035E+0000	 1.19334324002345E-0003
 1.42161727543627E+0000	 1.69822365175611E-0003
 1.42818057069988E+0000	 2.12743310275997E-0003
 1.43485136342942E+0000	 2.43945960643847E-0003
 1.44159004075310E+0000	 2.60183368579716E-0003
 1.44834544608014E+0000	 2.60040066067388E-0003
 1.45506616916192E+0000	 2.44305255345407E-0003
 1.46171140788098E+0000	 2.15550370572923E-0003
 1.46825618163405E+0000	 1.77229360940372E-0003
 1.47469036955438E+0000	 1.32829835557066E-0003
 1.48101447113135E+0000	 8.53702992562927E-0004
 1.48723504314884E+0000	 3.72403256536037E-0004
 1.49336128752963E+0000	-9.74906424445811E-0005
 1.49940304882900E+0000	-5.42311087666066E-0004
 1.50536993210505E+0000	-9.51431824512623E-0004
 1.51127113032360E+0000	-1.31616872637618E-0003
 1.51711560535744E+0000	-1.62907633180281E-0003
 1.52291237463461E+0000	-1.88358985919148E-0003
 1.52867076773970E+0000	-2.07390381257992E-0003
 1.53440060934144E+0000	-2.19497880391138E-0003
 1.54011234275381E+0000	-2.24260277456448E-0003
 1.54581713086418E+0000	-2.21347699220046E-0003
 1.55152696775845E+0000	-2.10533421133368E-0003
 1.55725481797620E+0000	-1.91712084340394E-0003
 1.56301477923846E+0000	-1.64929010226704E-0003
 1.56882223916180E+0000	-1.30426463655014E-0003
 1.57469395964748E+0000	-8.87137686102535E-0004
 1.58064796078645E+0000	-4.06684805051559E-0004
 1.58670297361394E+0000	 1.23271150611817E-0004
 1.59287708608128E+0000	 6.82218510745955E-0004
 1.59918507872379E+0000	 1.24142380723420E-0003
 1.60563405113368E+0000	 1.76347545927118E-0003
 1.61221771045169E+0000	 2.20456527620877E-0003
 1.61891144471815E+0000	 2.52112793415092E-0003
 1.62567209656083E+0000	 2.68030845011278E-0003
 1.63244534776316E+0000	 2.66973208272237E-0003
 1.63917842971753E+0000	 2.50038616179171E-0003
 1.64583121997768E+0000	 2.20079026681310E-0003
 1.65238050663881E+0000	 1.80692623980025E-0003
 1.65881786978092E+0000	 1.35372707349072E-0003
 1.66514479911579E+0000	 8.70644372496551E-0004
 1.67136804936133E+0000	 3.80684815885998E-0004
 1.67749645021302E+0000	-9.86785183158410E-0005
 1.68353920372888E+0000	-5.53997656724555E-0004
 1.68950526333641E+0000	-9.74453738956084E-0004
 1.69540334030083E+0000	-1.35086016308265E-0003
 1.70124217435647E+0000	-1.67510055226264E-0003
 1.70703083220381E+0000	-1.93990839302663E-0003
 1.71277892089949E+0000	-2.13885181844131E-0003
 1.71849669920029E+0000	-2.26640291434429E-0003
 1.72419512528482E+0000	-2.31801848358571E-0003
 1.72988589522933E+0000	-2.29021186310280E-0003
 1.73558151586895E+0000	-2.18063634085472E-0003
 1.74129543289989E+0000	-1.98822602401745E-0003
 1.74704220900476E+0000	-1.71345448233178E-0003
 1.75283771741711E+0000	-1.35878203997323E-0003
 1.75869927541487E+0000	-9.29372380881196E-0004
 1.76464557451497E+0000	-4.34161567494857E-0004
 1.77069615124638E+0000	 1.12669088767570E-0004
 1.77686997972752E+0000	 6.89895229864174E-0004
 1.78318261887950E+0000	 1.26754976471566E-0003
 1.78964146101698E+0000	 1.80640815969104E-0003
 1.79623951853760E+0000	 2.26053847145248E-0003
 1.80295021774380E+0000	 2.58470135322098E-0003
 1.80972764453414E+0000	 2.74578424514528E-0003
 1.81651519243078E+0000	 2.73288857599399E-0003
 1.82325938980749E+0000	 2.55933774212216E-0003
 1.82992097925810E+0000	 2.25546438593233E-0003
 1.83647821896626E+0000	 1.85779194629483E-0003
 1.84292378921559E+0000	 1.40071008809117E-0003
 1.84925947859265E+0000	 9.12675818295764E-0004
 1.85549160478202E+0000	 4.15825217787821E-0004
 1.86162812548341E+0000	-7.27953209820221E-0005
 1.86767726756233E+0000	-5.39642464060722E-0004
 1.87364716508646E+0000	-9.73363845805375E-0004
 1.87954601570139E+0000	-1.36396597629000E-0003
 1.88538239437983E+0000	-1.70243164118021E-0003
 1.89116551382424E+0000	-1.98064788130192E-0003
 1.89690535425472E+0000	-2.19148572676195E-0003
 1.90261267890597E+0000	-2.32890954111291E-0003
 1.90829899682555E+0000	-2.38805411344455E-0003
 1.91397653944087E+0000	-2.36526448578955E-0003
 1.91965829858481E+0000	-2.25813346922919E-0003
 1.92535814633255E+0000	-2.06559462087664E-0003
 1.93109102841552E+0000	-1.78814090512157E-0003
 1.93687319165459E+0000	-1.42824862438273E-0003
 1.94272236255005E+0000	-9.91095333004570E-0004
 1.94865772279466E+0000	-4.85662285069720E-0004
 1.95469940820872E+0000	 7.37213097870520E-0005
 1.96086708383875E+0000	 6.65471791801530E-0004
 1.96717698523072E+0000	 1.25892781278930E-0003
 1.97363693190910E+0000	 1.81377260338162E-0003
 1.98023978473172E+0000	 2.28272939151287E-0003
 1.98695804636921E+0000	 2.61943592154378E-0003
 1.99374441587157E+0000	 2.79048776270962E-0003
 2.00054125798916E+0000	 2.78567037138643E-0003
 2.00729507698079E+0000	 2.61930977976847E-0003
 2.01396741638992E+0000	 2.32215392621483E-0003
 2.02053739017232E+0000	 1.93019633494812E-0003
 2.02699792603688E+0000	 1.47666495229422E-0003
 2.03335025080290E+0000	 9.88800770400659E-0004
 2.03959949658414E+0000	 4.87939062371457E-0004
 2.04575216862239E+0000	-9.03763472797161E-0006
 2.05181512930643E+0000	-4.88123595850950E-0004
 2.05779548955239E+0000	-9.37044533033830E-0004
 2.06370088007472E+0000	-1.34465798789309E-0003
 2.06953975345707E+0000	-1.70079009651677E-0003
 2.07532154937754E+0000	-1.99631997038458E-0003
 2.08105669688331E+0000	-2.22333813281494E-0003
 2.08675650977201E+0000	-2.37526884413921E-0003
 2.09243305734392E+0000	-2.44691763007160E-0003
 2.09809908189051E+0000	-2.43446080075871E-0003
 2.10376800717070E+0000	-2.33542708950997E-0003
 2.10945405239846E+0000	-2.14873812982262E-0003
 2.11517243800085E+0000	-1.87488312637840E-0003
 2.12093963880308E+0000	-1.51631060695617E-0003
 2.12677359731522E+0000	-1.07812833703997E-0003
 2.13269373848429E+0000	-5.69203659983251E-0004
 2.13872050792636E+0000	-3.72302008469667E-0006
 2.14487398074504E+0000	 5.96866847028128E-0004
 2.15117092066159E+0000	 1.20197965263418E-0003
 2.15761977659526E+0000	 1.77124066326492E-0003
 2.16421407115116E+0000	 2.25712787457872E-0003
 2.17092690888521E+0000	 2.61286496039753E-0003
 2.17771151682709E+0000	 2.80455213882054E-0003
 2.18451082250043E+0000	 2.82140719628967E-0003
 2.19127197804135E+0000	 2.67692926817318E-0003
 2.19795704547103E+0000	 2.40057165887077E-0003
 2.20454514898760E+0000	 2.02661438059056E-0003
 2.21102845840521E+0000	 1.58648989761527E-0003
 2.21740669004660E+0000	 1.10599790622531E-0003
 2.22368297542830E+0000	 6.05725423741764E-0004
 2.22986171778474E+0000	 1.02633643696413E-0004
 2.23594795277267E+0000	-3.88452231332384E-0004
 2.24194749482644E+0000	-8.53943777761784E-0004
 2.24786729286263E+0000	-1.28119377278305E-0003
 2.25371566579879E+0000	-1.65859651599071E-0003
 2.25950231387904E+0000	-1.97583856802774E-0003
 2.26523814859533E+0000	-2.22412009332664E-0003
 2.27093504354966E+0000	-2.39626354234182E-0003
 2.27660560599976E+0000	-2.48670653896992E-0003
 2.28226303779214E+0000	-2.49142376990413E-0003
 2.28792111892091E+0000	-2.40784381798778E-0003
 2.29359431687597E+0000	-2.23483359367512E-0003
 2.29929799963520E+0000	-1.97282577209759E-0003
 2.30504870309448E+0000	-1.62416915493411E-0003
 2.31086436442259E+0000	-1.19378839548603E-0003
 2.31676436638980E+0000	-6.90239924031911E-0004
 2.32276912599286E+0000	-1.27219182192103E-0004
 2.32889879618323E+0000	 4.74552636195017E-0004
 2.33517048839221E+0000	 1.08547484500743E-0003
 2.34159350986664E+0000	 1.66633941261254E-0003
 2.34816299173185E+0000	 2.17068260183721E-0003
 2.35485442155541E+0000	 2.55215453011974E-0003
 2.36162377269034E+0000	 2.77612550335630E-0003
 2.36841633887906E+0000	 2.82981059028097E-0003
 2.37518064662193E+0000	 2.72384683358993E-0003
 2.38187896541595E+0000	 2.48456432081990E-0003
 2.38848957964474E+0000	 2.14330277448189E-0003
 2.39500294681798E+0000	 1.72902066913406E-0003
 2.40141639031603E+0000	 1.26575306329546E-0003
 2.40773025340827E+0000	 7.73243691085726E-0004
 2.41394614948137E+0000	 2.68616394494782E-0004
 2.42006672921322E+0000	-2.32257027328422E-0004
 2.42609611002803E+0000	-7.14163030264149E-0004
 2.43204031203573E+0000	-1.16262586305770E-0003
 2.43790738943795E+0000	-1.56432563111255E-0003
 2.44370723770577E+0000	-1.90753786471920E-0003
 2.44945120868506E+0000	-2.18241340455339E-0003
 2.45515169104311E+0000	-2.38105592867399E-0003
 2.46082177175869E+0000	-2.49744141493853E-0003
 2.46647503864791E+0000	-2.52725857565929E-0003
 2.47212553976358E+0000	-2.46775326594567E-0003
 2.47778788653463E+0000	-2.31765338674244E-0003
 2.48347746721318E+0000	-2.07724553698618E-0003
 2.48921071619183E+0000	-1.74867468846058E-0003
 2.49500535242777E+0000	-1.33654207122398E-0003
 2.50088044336486E+0000	-8.48876060670298E-0004
 2.50685605367595E+0000	-2.98523169848797E-0004
 2.51295209380828E+0000	 2.95103046537110E-0004
 2.51918583728671E+0000	 9.04270703036352E-0004
 2.52556763094725E+0000	 1.49212316157811E-0003
 2.53209504820882E+0000	 2.01454458639353E-0003
 2.53874758179454E+0000	 2.42653010200484E-0003
 2.54548604983316E+0000	 2.69269107500652E-0003
 2.55225992593284E+0000	 2.79708435971263E-0003
 2.55901999008446E+0000	 2.74570478320263E-0003
 2.56572865668691E+0000	 2.56010438032753E-0003
 2.57236282576258E+0000	 2.26753073699806E-0003
 2.57891061984710E+0000	 1.89374514199981E-0003
 2.58536639056855E+0000	 1.46051262345562E-0003
 2.59172710910323E+0000	 9.86339535263831E-0004
 2.59799096588632E+0000	 4.88247378520948E-0004
 2.60415757707461E+0000	-1.69342348359850E-0005
 2.61022877341243E+0000	-5.12279977098050E-0004
 2.61620917433820E+0000	-9.81277812514153E-0004
 2.62210622692088E+0000	-1.40863478038670E-0003
 2.62792978547414E+0000	-1.78095744789873E-0003
 2.63369147717440E+0000	-2.08711510136914E-0003
 2.63940408234561E+0000	-2.31829071009022E-0003
 2.64508106610018E+0000	-2.46782202873226E-0003
 2.65073631094469E+0000	-2.53095365129560E-0003
 2.65638404485712E+0000	-2.50460344830865E-0003
 2.66203893161244E+0000	-2.38722387693960E-0003
 2.66771627609390E+0000	-2.17882308809539E-0003
 2.67343228431982E+0000	-1.88120479488238E-0003
 2.67920429515918E+0000	-1.49848648182243E-0003
 2.68505085676771E+0000	-1.03795467638257E-0003
 2.69099144256429E+0000	-5.11294363524961E-0004
 2.69704548243597E+0000	 6.38568009111749E-0005
 2.70323025810709E+0000	 6.62313031239048E-0004
 2.70955723188894E+0000	 1.25046783700236E-0003
 2.71602691709344E+0000	 1.78757716496539E-0003
 2.72262387089471E+0000	 2.23085612134510E-0003
 2.72931527232177E+0000	 2.54447947885680E-0003
 2.73605629484116E+0000	 2.70886735886044E-0003
 2.74280097030650E+0000	 2.72430613905717E-0003
 2.74951220022251E+0000	 2.60644153279100E-0003
 2.75616548371415E+0000	 2.37757967516563E-0003
 2.76274656484397E+0000	 2.05966171299156E-0003
 2.76924682613875E+0000	 1.67156063509485E-0003
 2.77565977179707E+0000	 1.22980862041522E-0003
 2.78197982150527E+0000	 7.50554563128930E-0004
 2.78820293796223E+0000	 2.50960825936313E-0004
 2.79432789402610E+0000	-2.50685904389923E-0004
 2.80035714333540E+0000	-7.35900391388824E-0004
 2.80629687699903E+0000	-1.18726644596600E-0003
 2.81215641383250E+0000	-1.58945488718397E-0003
 2.81794730426359E+0000	-1.92974624729804E-0003
 2.82368247793097E+0000	-2.19809988709193E-0003
 2.82937561214406E+0000	-2.38693656658306E-0003
 2.83504076797377E+0000	-2.49080741860083E-0003
 2.84069226762095E+0000	-2.50608094052564E-0003
 2.84634475757804E+0000	-2.43073642512320E-0003
 2.85201339428780E+0000	-2.26432342158178E-0003
 2.85771408518517E+0000	-2.00813319837292E-0003
 2.86346370637487E+0000	-1.66562505097509E-0003
 2.86928018849427E+0000	-1.24314956441509E-0003
 2.87518230362135E+0000	-7.50996610929398E-0004
 2.88118889190369E+0000	-2.04733577108513E-0004
 2.88731715857748E+0000	 3.73375607555552E-0004
 2.89357965971803E+0000	 9.53450288582452E-0004
 2.89997995590116E+0000	 1.49870271049913E-0003
 2.90650801043075E+0000	 1.96922240981255E-0003
 2.91313803014880E+0000	 2.32931666391838E-0003
 2.91983180052556E+0000	 2.55601071169020E-0003
 2.92654746644178E+0000	 2.64371200060086E-0003
 2.93324900291203E+0000	 2.60180362623657E-0003
 2.93991093093385E+0000	 2.44738007209570E-0003
 2.94651714559972E+0000	 2.19836157595206E-0003
 2.95305677848130E+0000	 1.87033132030558E-0003
 2.95952055841226E+0000	 1.47702983804883E-0003
 2.96589946147020E+0000	 1.03253979630671E-0003
 2.97218555950844E+0000	 5.53079644570894E-0004
 2.97837382957153E+0000	 5.72755717929452E-0005
 2.98446356739861E+0000	-4.34995133588784E-0004
 2.99045871922738E+0000	-9.04343743283884E-0004
 2.99636724079063E+0000	-1.33335078198005E-0003
 3.00219998837919E+0000	-1.70739018447526E-0003
 3.00796961494267E+0000	-2.01482249994899E-0003
 3.01368973153113E+0000	-2.24678008109106E-0003
 3.01937440286452E+0000	-2.39678060555393E-0003
 3.02503793902970E+0000	-2.46034261479196E-0003
 3.03069490652055E+0000	-2.43470931973151E-0003
 3.03636027755968E+0000	-2.31874045253880E-0003
 3.04204964199409E+0000	-2.11300800360952E-0003
 3.04777940609076E+0000	-1.82012395802830E-0003
 3.05356688689001E+0000	-1.44532780997539E-0003
 3.05943016983894E+0000	-9.97354843148532E-0004
 3.06538752468228E+0000	-4.89566143008596E-0004
 3.07145608217167E+0000	 5.88016974481227E-0005
 3.07764943486484E+0000	 6.21684027864118E-0004
 3.08397403782390E+0000	 1.16639395400508E-0003
 3.09042505594731E+0000	 1.65621322210840E-0003
 3.09698364279481E+0000	 2.05612543608261E-0003
 3.10361840960530E+0000	 2.34037732286745E-0003
 3.11029205115047E+0000	 2.49795111823895E-0003
 3.11697004728988E+0000	 2.53226430568090E-0003
 3.12362635487820E+0000	 2.45556219518135E-0003
 3.13024368487154E+0000	 2.28222825882737E-0003
 3.13681004777732E+0000	 2.02487333171653E-0003
 3.14331485774192E+0000	 1.69417458389583E-0003
 3.14974697152596E+0000	 1.30108295409528E-0003
 3.15609525249227E+0000	 8.59222742449827E-0004
 3.16235071012925E+0000	 3.85825863265249E-0004
 3.16850862826297E+0000	-9.91858514042038E-0005
 3.17456954432774E+0000	-5.75206268985347E-0004
 3.18053891042937E+0000	-1.02294276041482E-0003
 3.18642595260485E+0000	-1.42571837149481E-0003
 3.19224235986245E+0000	-1.76996465684883E-0003
 3.19800120881672E+0000	-2.04513149068744E-0003
 3.20371626605580E+0000	-2.24331220955656E-0003
 3.20940164502988E+0000	-2.35881689542711E-0003
 3.21507172801041E+0000	-2.38783479267560E-0003
 3.22074125462514E+0000	-2.32825732455781E-0003
 3.22642549043316E+0000	-2.17969436515532E-0003
 3.23214040014059E+0000	-1.94370176713112E-0003
 3.23790274753979E+0000	-1.62423736369358E-0003
 3.24373001869834E+0000	-1.22836249189584E-0003
 3.24964000965880E+0000	-7.67184898133997E-0004
 3.25564983999448E+0000	-2.56958266844955E-0004
 3.26177409400009E+0000	 2.79943666652022E-0004
 3.26802188874719E+0000	 8.14812620146737E-0004
 3.27439317208784E+0000	 1.31416922512810E-0003
 3.28087561022597E+0000	 1.74402608650566E-0003
 3.28744443293652E+0000	 2.07642614762618E-0003
 3.29406692347603E+0000	 2.29546063575483E-0003
 3.30071010539766E+0000	 2.39900577131328E-0003
 3.30734730487767E+0000	 2.39503901500977E-0003
 3.31396016936979E+0000	 2.29537748654085E-0003
 3.32053634042315E+0000	 2.11084895569150E-0003
 3.32706548075206E+0000	 1.84993240602261E-0003
 3.33353639297443E+0000	 1.52040986231003E-0003
 3.33993661458420E+0000	 1.13216335749564E-0003
 3.34625423763972E+0000	 6.99109997129266E-0004
 3.35248052941842E+0000	 2.39182635296137E-0004
 3.35861180650969E+0000	-2.27383941986012E-0004
 3.36464984471599E+0000	-6.80352861644415E-0004
 3.37060107562284E+0000	-1.10134231592712E-0003
 3.37647525775821E+0000	-1.47481299358775E-0003
 3.38228420901337E+0000	-1.78828500212423E-0003
 3.38804088771405E+0000	-2.03209757719647E-0003
 3.39375886643263E+0000	-2.19900753233719E-0003
 3.39945212130173E+0000	-2.28382162718321E-0003
 3.40513502803039E+0000	-2.28316342888804E-0003
 3.41082246654717E+0000	-2.19541562008826E-0003
 3.41652995581084E+0000	-2.02085256565020E-0003
 3.42227374974470E+0000	-1.76197408941674E-0003
 3.42807081328473E+0000	-1.42405573246091E-0003
 3.43393855710900E+0000	-1.01592448457912E-0003
 3.43989414096114E+0000	-5.50922100110504E-0004
 3.44595308325715E+0000	-4.78837775864136E-0005
 3.45212692676878E+0000	 4.68310253998069E-0004
 3.45841999806384E+0000	 9.67424135577669E-0004
 3.46482607492134E+0000	 1.41677579029367E-0003
 3.47132684556477E+0000	 1.78663850313673E-0003
 3.47789424737516E+0000	 2.05648074115618E-0003
 3.48449675821159E+0000	 2.21862576330445E-0003
 3.49110652630223E+0000	 2.27687222962646E-0003
 3.49770335520323E+0000	 2.24118925549445E-0003
 3.50427413342403E+0000	 2.12211577797836E-0003
 3.51080937015109E+0000	 1.92780462444788E-0003
 3.51729955856291E+0000	 1.66436313141996E-0003
 3.52373337955950E+0000	 1.33832424172614E-0003
 3.53009836296770E+0000	 9.59333092865658E-0004
 3.53638323639571E+0000	 5.41417913447400E-0004
 3.54258043370267E+0000	 1.02304139950926E-0004
 3.54868750461564E+0000	-3.38581661392683E-0004
 3.55470710055072E+0000	-7.62284810346883E-0004
 3.56064599769472E+0000	-1.15186064500652E-0003
 3.56651383185222E+0000	-1.49307068612310E-0003
 3.57232201671713E+0000	-1.77444027327307E-0003
 3.57808302549154E+0000	-1.98699456828515E-0003
 3.58381001824366E+0000	-2.12392704161570E-0003
 3.58951671697584E+0000	-2.18034766144972E-0003
 3.59521742381171E+0000	-2.15317471383536E-0003
 3.60092709907585E+0000	-2.04119064178437E-0003
 3.60666143518463E+0000	-1.84527084151936E-0003
 3.61243686275041E+0000	-1.56879988288990E-0003
 3.61827039858024E+0000	-1.21829412751787E-0003
 3.62417918859201E+0000	-8.04229121823222E-0004
 3.63017952282628E+0000	-3.41987520665953E-0004
 3.63628505466589E+0000	 1.47350308665467E-0004
 3.64250407439428E+0000	 6.36975744779056E-0004
 3.64883618466037E+0000	 1.09599981771482E-0003
 3.65526968011606E+0000	 1.49352424473020E-0003
 3.66178173247309E+0000	 1.80459494355948E-0003
 3.66834271240116E+0000	 2.01545189690693E-0003
 3.67492319141853E+0000	 2.12483763033325E-0003
 3.68149981499457E+0000	 2.14051557634886E-0003
 3.68805712496299E+0000	 2.07351561806186E-0003
 3.69458547738392E+0000	 1.93356902427119E-0003
 3.70107731039899E+0000	 1.72756447058214E-0003
 3.70752412088958E+0000	 1.46080119519934E-0003
 3.71391550113882E+0000	 1.13960099838216E-0003
 3.72024031032113E+0000	 7.73560481396400E-0004
 3.72648899115635E+0000	 3.76259254299990E-0004
 3.73265566260887E+0000	-3.57094795757402E-0005
 3.73873908396842E+0000	-4.44619785561137E-0004
 3.74474242403204E+0000	-8.33432358037657E-0004
 3.75067233445308E+0000	-1.18697368664765E-0003
 3.75653789668827E+0000	-1.49240911682938E-0003
 3.76234978916017E+0000	-1.73923845310939E-0003
 3.76811977257211E+0000	-1.91909048405102E-0003
 3.77386044311512E+0000	-2.02551341253237E-0003
 3.77958515692756E+0000	-2.05386069418503E-0003
 3.78530803959341E+0000	-2.00130706479968E-0003
 3.79104401897230E+0000	-1.86700480359016E-0003
 3.79680883172462E+0000	-1.65239280548671E-0003
 3.80261894071829E+0000	-1.36168230900464E-0003
 3.80849125732660E+0000	-1.00254215366401E-0003
 3.81444249226925E+0000	-5.86965068338904E-0004
 3.82048788442529E+0000	-1.32173155170706E-0004
 3.82663905653329E+0000	 3.38828755697875E-0004
 3.83290099041874E+0000	 7.97794640658362E-0004
 3.83926880514155E+0000	 1.21380972120146E-0003
 3.84572603063489E+0000	 1.55826811818984E-0003
 3.85224640900959E+0000	 1.81091745747157E-0003
 3.85879961001970E+0000	 1.96385359608298E-0003
 3.86535826261115E+0000	 2.02087390485857E-0003
 3.87190249190957E+0000	 1.99274505290702E-0003
 3.87842019460761E+0000	 1.89156600686154E-0003
 3.88490419619532E+0000	 1.72715234298761E-0003
 3.89134865908497E+0000	 1.50639210453358E-0003
 3.89774664589656E+0000	 1.23484640696679E-0003
 3.90408965450229E+0000	 9.19135177788997E-0004
 3.91036886650441E+0000	 5.68696065389467E-0004
 3.91657711713276E+0000	 1.96134176391808E-0004
 3.92271048765027E+0000	-1.83736348467223E-0004
 3.92876892097422E+0000	-5.55442492383433E-0004
 3.93475592780632E+0000	-9.04239548844484E-0004
 3.94067782888716E+0000	-1.21695125109743E-0003
 3.94654297232391E+0000	-1.48227640227815E-0003
 3.95236116114136E+0000	-1.69077522902938E-0003
 3.95814332912635E+0000	-1.83475573688579E-0003
 3.96390139949239E+0000	-1.90819901028977E-0003
 3.96964824174591E+0000	-1.90678062976578E-0003
 3.97539766357861E+0000	-1.82800113314144E-0003
 3.98116439744169E+0000	-1.67143177366276E-0003
 3.98696404326758E+0000	-1.43909562817034E-0003
 3.99281290101624E+0000	-1.13601736481017E-0003
 3.99872756863943E+0000	-7.70964750202979E-0004
 4.00472410135121E+0000	-3.57340000824989E-0004
 4.01081646363869E+0000	 8.59848815855902E-0005
 4.01701406147975E+0000	 5.34390932563228E-0004
 4.02331851705437E+0000	 9.58643899544972E-0004
 4.02972069493133E+0000	 1.32830989768791E-0003
 4.03619993932749E+0000	 1.61738967838024E-0003
 4.04272728279725E+0000	 1.81014871998521E-0003
 4.04927207940014E+0000	 1.90383682472554E-0003
 4.05580873102627E+0000	 1.90652088965776E-0003
 4.06232005201248E+0000	 1.83164586612875E-0003
 4.06879649775944E+0000	 1.69270874338650E-0003
 4.07523298383740E+0000	 1.50037349027333E-0003
 4.08162556031177E+0000	 1.26233590147644E-0003
 4.08796941555229E+0000	 9.84948757628319E-0004
 4.09425862974424E+0000	 6.75255759539628E-0004
 4.10048725170756E+0000	 3.42337493171775E-0004
 4.10665081774722E+0000	-2.51042945324418E-0006
 4.11274748476404E+0000	-3.46563955621889E-0004
 4.11877840047822E+0000	-6.76825657825864E-0004
 4.12474742936420E+0000	-9.80997385578785E-0004
 4.13066059528950E+0000	-1.24802959763251E-0003
 4.13652556024101E+0000	-1.46830048139122E-0003
 4.14235128665085E+0000	-1.63360832543273E-0003
 4.14814787991874E+0000	-1.73714449409199E-0003
 4.15392653896680E+0000	-1.77353743961230E-0003
 4.15969954297324E+0000	-1.73899165352508E-0003
 4.16548023050421E+0000	-1.63151834923630E-0003
 4.17128294696721E+0000	-1.45126207426613E-0003
 4.17712292858651E+0000	-1.20094905779560E-0003
 4.18301605084520E+0000	-8.86495895233036E-0004
 4.18897829945168E+0000	-5.17796260856741E-0004
 4.19502473732955E+0000	-1.09614351967956E-0004
 4.20116769377360E+0000	 3.17688469014103E-0004
 4.20741402403725E+0000	 7.38198868767700E-0004
 4.21376179218719E+0000	 1.12218940100164E-0003
 4.22019768679044E+0000	 1.44029047702878E-0003
 4.22669727283836E+0000	 1.66955388105845E-0003
 4.23322942369471E+0000	 1.79883362829302E-0003
 4.23976352794240E+0000	 1.83024549503497E-0003
 4.24627572494405E+0000	 1.77578567820367E-0003
 4.25275124150908E+0000	 1.65149284641792E-0003
 4.25918287145560E+0000	 1.47248667591818E-0003
 4.26556765107574E+0000	 1.25063954924738E-0003
 4.27190379496223E+0000	 9.94725160824687E-0004
 4.27818899084719E+0000	 7.11938555136281E-0004
 4.28442019679331E+0000	 4.09598630713888E-0004
 4.29059445614014E+0000	 9.62084118670254E-0005
 4.29670999623491E+0000	-2.18405748389651E-0004
 4.30276700503460E+0000	-5.23653163385922E-0004
 4.30876784981981E+0000	-8.08971157629746E-0004
 4.31471685906312E+0000	-1.06445928460106E-0003
 4.32061994403226E+0000	-1.28120638674549E-0003
 4.32648428754632E+0000	-1.45137586181567E-0003
 4.33231818880822E+0000	-1.56820155232853E-0003
 4.33813103685207E+0000	-1.62602190840509E-0003
 4.34393333787033E+0000	-1.62041045210176E-0003
 4.34973673220476E+0000	-1.54840486316290E-0003
 4.35555396783384E+0000	-1.40882001878535E-0003
 4.36139881467129E+0000	-1.20264568040879E-0003
 4.36728588996888E+0000	-9.33555265894634E-0004
 4.37323031601513E+0000	-6.08562961561542E-0004
 4.37924705315679E+0000	-2.38834126656834E-0004
 4.38534966683633E+0000	 1.59459722247662E-0004
 4.39154826691293E+0000	 5.64588434929338E-0004
 4.39784655969416E+0000	 9.49712242960763E-0004
 4.40423858694669E+0000	 1.28527479546977E-0003
 4.41070673612174E+0000	 1.54385520781703E-0003
 4.41722312899860E+0000	 1.70640761848863E-0003
 4.42375515384966E+0000	 1.76689371375709E-0003
 4.43027293178130E+0000	 1.73238901470308E-0003
 4.43675482822316E+0000	 1.61866001828538E-0003
 4.44318876548416E+0000	 1.44415279879028E-0003
 4.44957008707430E+0000	 1.22547858344326E-0003
 4.45589817885934E+0000	 9.75584313331543E-0004
 4.46217364279721E+0000	 7.04101478662250E-0004
 4.46839678985519E+0000	 4.18749550254060E-0004
 4.47456740892646E+0000	 1.26788396059414E-0004
 4.48068533488358E+0000	-1.64087684602701E-0004
 4.48675122603168E+0000	-4.45572941953870E-0004
 4.49276710630458E+0000	-7.09091672782576E-0004
 4.49873651317215E+0000	-9.46308540306604E-0004
 4.50466434814165E+0000	-1.14952593120141E-0003
 4.51055663498047E+0000	-1.31186745046616E-0003
 4.51642035145131E+0000	-1.42730607259873E-0003
 4.52226339264073E+0000	-1.49066134512122E-0003
 4.52809463031675E+0000	-1.49766849006376E-0003
 4.53392399408044E+0000	-1.44516192135707E-0003
 4.53976251150597E+0000	-1.33136595332127E-0003
 4.54562227481539E+0000	-1.15627091400205E-0003
 4.55151631813512E+0000	-9.22089413019663E-0004
 4.55745837272656E+0000	-6.33813309767142E-0004
 4.56346241355375E+0000	-2.99898655721281E-0004
 4.56954182840610E+0000	 6.69399615963360E-0005
 4.57570796491989E+0000	 4.48985369579417E-0004
 4.58196783503319E+0000	 8.23255712343208E-0004
 4.58832106311197E+0000	 1.16250255637329E-0003
 4.59475692466793E+0000	 1.43835204660418E-0003
 4.60125329066777E+0000	 1.62672780269555E-0003
 4.60777936995513E+0000	 1.71387660557397E-0003
 4.61430219470467E+0000	 1.69977474977199E-0003
 4.62079389903919E+0000	 1.59667148111895E-0003
 4.62723611271817E+0000	 1.42378893315948E-0003
 4.63362013451231E+0000	 1.20143608856841E-0003
 4.63994426039114E+0000	 9.47130239207791E-0004
 4.64621044141151E+0000	 6.74312299909092E-0004
 4.65242171600254E+0000	 3.92894921422972E-0004
 4.65858088114633E+0000	 1.10584784081078E-0004
 4.66469024050631E+0000	-1.65833235421478E-0004
 4.67075199706440E+0000	-4.29688108734623E-0004
 4.67676882520878E+0000	-6.74183435279490E-0004
 4.68274428672236E+0000	-8.92568941194253E-0004
 4.68868296646933E+0000	-1.07846202691216E-0003
 4.69459039131744E+0000	-1.22610628684887E-0003
 4.70047288227537E+0000	-1.33048463926809E-0003
 4.70633746805887E+0000	-1.38732818519966E-0003
 4.71219190730537E+0000	-1.39312087066156E-0003
 4.71804478739188E+0000	-1.34518900097186E-0003
 4.72390562883711E+0000	-1.24191518766514E-0003
 4.72978492936614E+0000	-1.08306944319855E-0003
 4.73569410764894E+0000	-8.70232026291490E-0004
 4.74164532247482E+0000	-6.07294013519966E-0004
 4.74765112676329E+0000	-3.01042363640987E-0004
 4.75372386126573E+0000	 3.81653100734515E-0005
 4.75987461403175E+0000	 3.95695275225897E-0004
 4.76611152044281E+0000	 7.52132961022239E-0004
 4.77243727871979E+0000	 1.08350538909644E-0003
 4.77884619963428E+0000	 1.36304340685006E-0003
 4.78532196228608E+0000	 1.56514967404576E-0003
 4.79183798439232E+0000	 1.67111161174859E-0003
 4.79836170857452E+0000	 1.67425094893517E-0003
 4.80486165718780E+0000	 1.58145942387327E-0003
 4.81131381543903E+0000	 1.41003512778987E-0003
 4.81770440772806E+0000	 1.18185959040442E-0003
 4.82402885028782E+0000	 9.18087301374299E-0004
 4.83028869333400E+0000	 6.36163043878483E-0004
 4.83648846683053E+0000	 3.49157206145440E-0004
 4.84263344702108E+0000	 6.65258716197978E-0005
 4.84872854339341E+0000	-2.04619410084266E-0004
 4.85477807984265E+0000	-4.58349036527185E-0004
 4.86078609916341E+0000	-6.89165593099369E-0004
 4.86675682742847E+0000	-8.91722030759766E-0004
 4.87269503680497E+0000	-1.06088756046188E-0003
 4.87860619852422E+0000	-1.19196401398582E-0003
 4.88449645983213E+0000	-1.28088195831285E-0003
 4.89037255485406E+0000	-1.32429892186011E-0003
 4.89624175465006E+0000	-1.31962140284180E-0003
 4.90211190260822E+0000	-1.26503019234187E-0003
 4.90799151192641E+0000	-1.15959006020922E-0003
 4.91388985861285E+0000	-1.00348668378019E-0003
 4.91981699808857E+0000	-7.98388349006289E-0004
 4.92578365184648E+0000	-5.47904412753937E-0004
 4.93180092504676E+0000	-2.58112874597201E-0004
 4.93787980269569E+0000	 6.18614859666357E-0005
 4.94403032418749E+0000	 3.99253815619038E-0004
 4.95026027590080E+0000	 7.37175116871388E-0004
 4.95657324573266E+0000	 1.05456264976119E-0003
 4.96296610452620E+0000	 1.32716865601626E-0003
 4.96942657108229E+0000	 1.53030482776897E-0003
 4.97593232168040E+0000	 1.64351849520489E-0003
 4.98245328376850E+0000	 1.65592851080611E-0003
 4.98895730820139E+0000	 1.56954170426622E-0003
 4.99541694425787E+0000	 1.39837401899147E-0003
 5.00181403417287E+0000	 1.16382887327999E-0003
 5.00814052222832E+0000	 8.89018457379361E-0004
 5.01439633592779E+0000	 5.94551345219314E-0004
 5.02058622820927E+0000	 2.96646912297230E-0004
 5.02671701068642E+0000	 7.10155030652173E-0006
 5.03279575150611E+0000	-2.65766546770858E-0004
 5.03882893480027E+0000	-5.15907255307424E-0004
 5.04482233648391E+0000	-7.38495366786116E-0004
 5.05078131202830E+0000	-9.29255270298303E-0004
 5.05671121487637E+0000	-1.08418245736559E-0003
 5.06261773960896E+0000	-1.19956863426239E-0003
 5.06850709451029E+0000	-1.27217707467245E-0003
 5.07438601764588E+0000	-1.29942677298924E-0003
 5.08026171835950E+0000	-1.27951045741016E-0003
 5.08614183322755E+0000	-1.21145281808312E-0003
 5.09203444286342E+0000	-1.09517208797330E-0003
 5.09794813414242E+0000	-9.31619978752419E-0004
 5.10389204408721E+0000	-7.23046619992801E-0004
 5.10987580468132E+0000	-4.73392008525156E-0004
 5.11590931718104E+0000	-1.88769254947728E-0004
 5.12200229815947E+0000	 1.22012025121688E-0004
 5.12816353527083E+0000	 4.46944975226820E-0004
 5.13439976482339E+0000	 7.70450613670321E-0004
 5.14071407266772E+0000	 1.07334558920289E-0003
 5.14710382757803E+0000	 1.33356706084480E-0003
 5.15355852987960E+0000	 1.52822792702945E-0003
 5.16005860037575E+0000	 1.63734494494961E-0003
 5.16657655497045E+0000	 1.64860183725414E-0003
 5.17308129791750E+0000	 1.56115270704402E-0003
 5.17954429076477E+0000	 1.38618485456569E-0003
 5.18594479029930E+0000	 1.14369091546485E-0003
 5.19227197201548E+0000	 8.57247648403491E-0004
 5.19852388972847E+0000	 5.49321667745972E-0004
 5.20470474170202E+0000	 2.38525578630646E-0004
 5.21082198064065E+0000	-6.11646600152539E-0005
 5.21688411313029E+0000	-3.39918957960939E-0004
 5.22289939422684E+0000	-5.91006672776373E-0004
 5.22887529356203E+0000	-8.09688157252430E-0004
 5.23481850351994E+0000	-9.92318935211195E-0004
 5.24073524943514E+0000	-1.13578605608433E-0003
 5.24663168767545E+0000	-1.23728378861284E-0003
 5.25251423230318E+0000	-1.29435190207715E-0003
 5.25838973122506E+0000	-1.30505428249839E-0003
 5.26426549674632E+0000	-1.26818060711981E-0003
 5.27014925311981E+0000	-1.18340250611211E-0003
 5.27604907579796E+0000	-1.05138224739708E-0003
 5.28197336511455E+0000	-8.73885197503040E-0004
 5.28793084080981E+0000	-6.53964747234031E-0004
 5.29393049109791E+0000	-3.96265683572470E-0004
 5.29998138270308E+0000	-1.07443448694567E-0004
 5.30609224066499E+0000	 2.03355214750447E-0004
 5.31227072579719E+0000	 5.24046624992757E-0004
 5.31852235819768E+0000	 8.39335332480748E-0004
 5.32484906300832E+0000	 1.13080923236452E-0003
 5.33124740216325E+0000	 1.37771047396129E-0003
 5.33770680352368E+0000	 1.55878195636293E-0003
 5.34420854727228E+0000	 1.65544924232031E-0003
 5.35072663717781E+0000	 1.65592515112633E-0003
 5.35723129419651E+0000	 1.55875101539249E-0003
 5.36369434516526E+0000	 1.37381818698450E-0003
 5.37009429275379E+0000	 1.12002660782549E-0003
 5.37641894275696E+0000	 8.20733504486166E-0004
 5.38266509087555E+0000	 4.99158244081383E-0004
 5.38883629749223E+0000	 1.75293081859010E-0004
 5.39494015125575E+0000	-1.35357381093971E-0004
 5.40098595506529E+0000	-4.21677105872046E-0004
 5.40698317587564E+0000	-6.76123335112674E-0004
 5.41294063380355E+0000	-8.93692554759371E-0004
 5.41886626437533E+0000	-1.07096837803224E-0003
 5.42476726092026E+0000	-1.20540696445044E-0003
 5.43065041419837E+0000	-1.29492028073154E-0003
 5.43652248974838E+0000	-1.33774623782759E-0003
 5.44239052408938E+0000	-1.33253842627525E-0003
 5.44826197987231E+0000	-1.27857642144982E-0003
 5.45414476336031E+0000	-1.17600151453978E-0003
 5.46004715317010E+0000	-1.02602022316215E-0003
 5.46597770003890E+0000	-8.31072242794240E-0004
 5.47194512992605E+0000	-5.95006173757411E-0004
 5.47795822897962E+0000	-3.23322817831000E-0004
 5.48402563276508E+0000	-2.35208843597631E-0005
 5.49015540949990E+0000	 2.94480336617199E-0004
 5.49635433300396E+0000	 6.17943087786876E-0004
 5.50262678618134E+0000	 9.31113122938387E-0004
 5.50897331724636E+0000	 1.21545882548852E-0003
 5.51538900191437E+0000	 1.45063074939325E-0003
 5.52186198082150E+0000	 1.61641555353786E-0003
 5.52837284295529E+0000	 1.69576703263769E-0003
 5.53489571942223E+0000	 1.67845373933032E-0003
 5.54140158625262E+0000	 1.56407402470027E-0003
 5.54786312740625E+0000	 1.36286309686080E-0003
 5.55425932862179E+0000	 1.09359216088171E-0003
 5.56057799015186E+0000	 7.79473397812285E-0004
 5.56681563558972E+0000	 4.43894199907400E-0004
 5.57297560972432E+0000	 1.07385532822583E-0004
 5.57906556980385E+0000	-2.13783985188667E-0004
 5.58509524359742E+0000	-5.07721556949798E-0004
 5.59107482710812E+0000	-7.66277907706485E-0004
 5.59701405198934E+0000	-9.84126305503758E-0004
 5.60292180200117E+0000	-1.15784577158373E-0003
 5.60880612134613E+0000	-1.28516933609572E-0003
 5.61467446367195E+0000	-1.36447374263688E-0003
 5.62053404537966E+0000	-1.39453092295812E-0003
 5.62639218690578E+0000	-1.37449645876902E-0003
 5.63225655734251E+0000	-1.30407374374286E-0003
 5.63813528173017E+0000	-1.18377330085996E-0003
 5.64403691642294E+0000	-1.01519286558238E-0003
 5.64997033012601E+0000	-8.01274540519382E-0004
 5.65594453257950E+0000	-5.46538902850854E-0004
 5.66196846382064E+0000	-2.57332412136881E-0004
 5.66805070245843E+0000	 5.78692514666257E-0005
 5.67419899525050E+0000	 3.88099780452165E-0004
 5.68041948632265E+0000	 7.19566853991320E-0004
 5.68671556326051E+0000	 1.03553600529067E-0003
 5.69308635570791E+0000	 1.31672000070113E-0003
 5.69952511970396E+0000	 1.54248671249730E-0003
 5.70601799249542E+0000	 1.69309339331661E-0003
 5.71254382296572E+0000	 1.75284014114250E-0003
 5.71907577096443E+0000	 1.71348596521285E-0003
 5.72558485135686E+0000	 1.57670227335587E-0003
 5.73204458393651E+0000	 1.35430434226256E-0003
 5.73843507882164E+0000	 1.06590775908769E-0003
 5.74474509829105E+0000	 7.34984465288973E-0004
 5.75097178995373E+0000	 3.84926719921143E-0004
 5.75711885510046E+0000	 3.62846394795132E-0005
 5.76319420857095E+0000	-2.94529756629602E-0004
 5.76920788104383E+0000	-5.95378214517643E-0004
 5.77517048756031E+0000	-8.57847984807293E-0004
 5.78109229607299E+0000	-1.07641931216861E-0003
 5.78698279870646E+0000	-1.24761061757228E-0003
 5.79285065344271E+0000	-1.36924995222243E-0003
 5.79870386811670E+0000	-1.43994747451274E-0003
 5.80455011188193E+0000	-1.45879730263690E-0003
 5.81039705343741E+0000	-1.42530322158758E-0003
 5.81625264329714E+0000	-1.33949405288915E-0003
 5.82212528328205E+0000	-1.20217277710386E-0003
 5.82802385876443E+0000	-1.01523504444886E-0003
 5.83395764004108E+0000	-7.82002056203654E-0004
 5.83993607700582E+0000	-5.07538377938822E-0004
 5.84596850494336E+0000	-1.98957247476978E-0004
 5.85206374377122E+0000	 1.34264695434822E-0004
 5.85822951828292E+0000	 4.79959898920265E-0004
 5.86447158519545E+0000	 8.23001919851104E-0004
 5.87079247495089E+0000	 1.14529497873494E-0003
 5.87718989080889E+0000	 1.42634469004155E-0003
 5.88365506655388E+0000	 1.64476394716121E-0003
 5.89017169818551E+0000	 1.78088539612209E-0003
 5.89671624725827E+0000	 1.82018879479040E-0003
 5.90326019662884E+0000	 1.75662321119896E-0003
 5.90977408362882E+0000	 1.59450466558390E-0003
 5.91623214393323E+0000	 1.34799013982478E-0003
 5.92261591714118E+0000	 1.03821101226622E-0003
 5.92891570001869E+0000	 6.89264391289293E-0004
 5.93512987245306E+0000	 3.24550686185908E-0004
 5.94126295141260E+0000	-3.56362971766263E-0005
 5.94732333488152E+0000	-3.75151001792639E-0004
 5.95332135405780E+0000	-6.82018851161357E-0004
 5.95926787088828E+0000	-9.47880471172240E-0004
 5.96517342356779E+0000	-1.16720343359209E-0003
 5.97104782543953E+0000	-1.33648291185056E-0003
 5.97690010005466E+0000	-1.45355746403317E-0003
 5.98273864071672E+0000	-1.51710502446367E-0003
 5.98857149509458E+0000	-1.52634558980444E-0003
 5.99440668813578E+0000	-1.48095012234313E-0003
 6.00025251013925E+0000	-1.38113383991234E-0003
 6.00611771363964E+0000	-1.22789526611506E-0003
 6.01201158314728E+0000	-1.02335244716906E-0003
 6.01794386290027E+0000	-7.71127576489340E-0004
 6.02392454349354E+0000	-4.76741938768127E-0004
 6.02996351015716E+0000	-1.48001114442767E-0004
 6.03607003563165E+0000	 2.04635689963977E-0004
 6.04225205953049E+0000	 5.67720698387361E-0004
 6.04851515676324E+0000	 9.24601337779130E-0004
 6.05486111543365E+0000	 1.25553500972571E-0003
 6.06128619255091E+0000	 1.53849003384762E-0003
 6.06777942690399E+0000	 1.75101723259098E-0003
 6.07432176295655E+0000	 1.87331785289243E-0003
 6.08088688631617E+0000	 1.89201537047232E-0003
 6.08744423842712E+0000	 1.80341586507330E-0003
 6.09396365296814E+0000	 1.61481170164195E-0003
 6.10042006462626E+0000	 1.34309264493062E-0003
 6.10679662601899E+0000	 1.01123028696485E-0003
 6.11308547406828E+0000	 6.44115223333645E-0004
 6.11928654441113E+0000	 2.65143656234433E-0004
 6.12540542268409E+0000	-1.05807370428981E-0004
 6.13145112207156E+0000	-4.53103171990546E-0004
 6.13743427527070E+0000	-7.65191561445533E-0004
 6.14336588183632E+0000	-1.03398274654794E-0003
 6.14925656853750E+0000	-1.25406974954852E-0003
 6.15511625878678E+0000	-1.42197039298749E-0003
 6.16095414114153E+0000	-1.53549120817548E-0003
 6.16677883679705E+0000	-1.59326494292438E-0003
 6.17259867782638E+0000	-1.59448239237570E-0003
 6.17842201963384E+0000	-1.53881712989830E-0003
 6.18425752354688E+0000	-1.42652501442881E-0003
 6.19011435896824E+0000	-1.25868855271198E-0003
 6.19600228822948E+0000	-1.03756954817298E-0003
 6.20193160946677E+0000	-7.67032113565828E-0004
 6.20791294066980E+0000	-4.53001578790795E-0004
 6.21395682720070E+0000	-1.03930727697997E-0004
 6.22007314027885E+0000	 2.68754321679827E-0004
 6.22627020449363E+0000	 6.50277602510758E-0004
 6.23255356665516E+0000	 1.02232461257749E-0003
 6.23892435117129E+0000	 1.36329135700453E-0003
 6.24537732420442E+0000	 1.64936752967665E-0003
 6.25189915559557E+0000	 1.85685598574631E-0003
 6.25846778913776E+0000	 1.96577209377315E-0003
 6.26505390932929E+0000	 1.96398259052599E-0003
 6.27162480487051E+0000	 1.85035068150465E-0003
 6.27814963321293E+0000	 1.63534962085225E-0003
