 8.65774696341295E-0004	-1.50347694787690E-0003
 6.67769237075547E-0003	-1.62660267957754E-0003
 1.24767925754607E-0002	-1.68546779537342E-0003
 1.82741460758120E-0002	-1.68045996350468E-0003
 2.40801141107830E-0002	-1.61329256222032E-0003
 2.99043842320369E-0002	-1.48676018788310E-0003
 3.57560688312214E-0002	-1.30456653510041E-0003
 4.16438548627830E-0002	-1.07124507076552E-0003
 4.75761817150856E-0002	-7.92204162780279E-0004
 5.35613999975000E-0002	-4.73933094524421E-0004
 5.96078290924396E-0002	-1.24394988052300E-0004
 6.57235921724482E-0002	 2.46402977934280E-0004
 7.19160783756137E-0002	 6.25743020206838E-0004
 7.81908912204991E-0002	 9.97627424138578E-0004
 8.45502354270942E-0002	 1.34263764867944E-0003
 9.09909159894745E-0002	 1.63865007270319E-0003
 9.75024595761276E-0002	 1.86276642654483E-0003
 1.04066169130014E-0001	 1.99445778611536E-0003
 1.10655916244293E-0001	 2.01931371227129E-0003
 1.17240971218947E-0001	 1.93224060858665E-0003
 1.23790307772696E-0001	 1.73888773872290E-0003
 1.30277077893957E-0001	 1.45468743288142E-0003
 1.36681847054963E-0001	 1.10190371572615E-0003
 1.42993827373591E-0001	 7.05859081349523E-0004
 1.49210281134371E-0001	 2.91568552846390E-0004
 1.55334856474802E-0001	-1.18531409253303E-0004
 1.61375646263798E-0001	-5.05701211651834E-0004
 1.67343467128767E-0001	-8.55160734405486E-0004
 1.73250544563108E-0001	-1.15585534553748E-0003
 1.79109600136057E-0001	-1.39999909563091E-0003
 1.84933262753977E-0001	-1.58255928640428E-0003
 1.90733717484699E-0001	-1.70076471254145E-0003
 1.96522522156531E-0001	-1.75367197352885E-0003
 2.02310542929668E-0001	-1.74180121916550E-0003
 2.08107977464648E-0001	-1.66684486815574E-0003
 2.13924445999320E-0001	-1.53145385829782E-0003
 2.19769135849202E-0001	-1.33911218143843E-0003
 2.25650982536527E-0001	-1.09411924708714E-0003
 2.31578859336147E-0001	-8.01707990877312E-0004
 2.37561724896801E-0001	-4.68329903770812E-0004
 2.43608645390577E-0001	-1.02128829792401E-0004
 2.49728566795898E-0001	 2.86407816016230E-0004
 2.55929677005475E-0001	 6.83703686839665E-0004
 2.62218197188529E-0001	 1.07246051964912E-0003
 2.68596533598311E-0001	 1.43150889509050E-0003
 2.75060972152710E-0001	 1.73664986190583E-0003
 2.81599515863871E-0001	 1.96293915543801E-0003
 2.88190874844292E-0001	 2.08842922031091E-0003
 2.94805632094034E-0001	 2.09857594577731E-0003
 3.01409898012853E-0001	 1.98977407798081E-0003
 3.07970544363852E-0001	 1.77049030303736E-0003
 3.14460203742004E-0001	 1.45946958703396E-0003
 3.20860380921345E-0001	 1.08187151567246E-0003
 3.27162108835128E-0001	 6.64944278396506E-0004
 3.33364706872629E-0001	 2.34573642989143E-0004
 3.39473663098831E-0001	-1.86768371397582E-0004
 3.45498482326637E-0001	-5.80829585967668E-0004
 3.51450930086223E-0001	-9.33566364242242E-0004
 3.57343773535976E-0001	-1.23471616361852E-0003
 3.63189956170967E-0001	-1.47722129635940E-0003
 3.69002098347255E-0001	-1.65664682605689E-0003
 3.74792226782322E-0001	-1.77065522825395E-0003
 3.80571662873883E-0001	-1.81855931024415E-0003
 3.86351024081077E-0001	-1.80095879667250E-0003
 3.92140309418804E-0001	-1.71946343155816E-0003
 3.97949048938674E-0001	-1.57650929293052E-0003
 4.03786498760913E-0001	-1.37528126664433E-0003
 4.09661858428343E-0001	-1.11976103261159E-0003
 4.15584475801077E-0001	-8.14924867444767E-0004
 4.21563984730711E-0001	-4.67116607991319E-0004
 4.27610289792577E-0001	-8.46124876833815E-0005
 4.33733270151990E-0001	 3.21635895395929E-0004
 4.39942031054935E-0001	 7.37166350919940E-0004
 4.46243519695576E-0001	 1.14329967008311E-0003
 4.52640412051764E-0001	 1.51697976200117E-0003
 4.59128463334880E-0001	 1.83175966425354E-0003
 4.65694029917608E-0001	 2.06049370317820E-0003
 4.72313008813354E-0001	 2.17976299275839E-0003
 4.78952467571656E-0001	 2.17500807460200E-0003
 4.85575260332912E-0001	 2.04437741470108E-0003
 4.92146272241438E-0001	 1.79943254536047E-0003
 4.98637890504241E-0001	 1.46236591098822E-0003
 5.05032847554041E-0001	 1.06116789275759E-0003
 5.11324178415062E-0001	 6.24807826030968E-0004
 5.17513298479059E-0001	 1.79801684890722E-0004
 5.23607464456331E-0001	-2.51542333331677E-0004
 5.29617464490714E-0001	-6.51587347040070E-0004
 5.35555870021458E-0001	-1.00708530969578E-0003
 5.41435857327113E-0001	-1.30857238382219E-0003
 5.47270480008914E-0001	-1.54969047835992E-0003
 5.53072260837959E-0001	-1.72655146850549E-0003
 5.58853000882782E-0001	-1.83718652654266E-0003
 5.64623738323537E-0001	-1.88109064567926E-0003
 5.70394815262271E-0001	-1.85886368934506E-0003
 5.76176025752487E-0001	-1.77195151998527E-0003
 5.81976823694789E-0001	-1.62249659868091E-0003
 5.87806567526897E-0001	-1.41331302874478E-0003
 5.93674771789806E-0001	-1.14800471419663E-0003
 5.99591324359985E-0001	-8.31246900568589E-0004
 6.05566610511599E-0001	-4.69250446824138E-0004
 6.11611456304682E-0001	-7.04206228597739E-0005
 6.17736759941900E-0001	 3.53804841025543E-0004
 6.23952627129888E-0001	 7.88025413674554E-0004
 6.30266800319207E-0001	 1.21209018707595E-0003
 6.36682256867590E-0001	 1.60092218007605E-0003
 6.43194176390101E-0001	 1.92566196365573E-0003
 6.49787110832069E-0001	 2.15682211434577E-0003
 6.56433888079214E-0001	 2.26949185522145E-0003
 6.63097814627442E-0001	 2.24927105441553E-0003
 6.69738413119232E-0001	 2.09638977751096E-0003
 6.76318753487262E-0001	 1.82581420956272E-0003
 6.82811306389919E-0001	 1.46330593159262E-0003
 6.89200343805078E-0001	 1.03958376503776E-0003
 6.95481077191145E-0001	 5.85101965494860E-0004
 7.01657037943515E-0001	 1.26753111745778E-0004
 7.07737163729059E-0001	-3.13516590855225E-0004
 7.13733387304373E-0001	-7.18806419600370E-0004
 7.19658937034307E-0001	-1.07671486802604E-0003
 7.25527261366743E-0001	-1.37857445396696E-0003
 7.31351409006849E-0001	-1.61868675238329E-0003
 7.37143715827022E-0001	-1.79364498250679E-0003
 7.42915695046471E-0001	-1.90176698103172E-0003
 7.48678067272812E-0001	-1.94263876884260E-0003
 7.54440892866181E-0001	-1.91676724654199E-0003
 7.60213781317312E-0001	-1.82534674748287E-0003
 7.66006154319135E-0001	-1.67015107268098E-0003
 7.71827534705803E-0001	-1.45356692560609E-0003
 7.77687825428688E-0001	-1.17878571646280E-0003
 7.83597532288021E-0001	-8.50169681023964E-0004
 7.89567868768272E-0001	-4.73806319582056E-0004
 7.95610654334439E-0001	-5.82593471413615E-0005
 8.01737871221609E-0001	 3.84498918132880E-0004
 8.07960681685963E-0001	 8.38059624334104E-0004
 8.14287663913403E-0001	 1.28070149594413E-0003
 8.20722101147325E-0001	 1.68519159467717E-0003
 8.27258525802245E-0001	 2.02009625862986E-0003
 8.33879496026911E-0001	 2.25345461695473E-0003
 8.40554479955700E-0001	 2.35887026278003E-0003
 8.47242760589967E-0001	 2.32232873916325E-0003
 8.53900477491793E-0001	 2.14652397757248E-0003
 8.60489109904911E-0001	 1.85015639354509E-0003
 8.66981583277943E-0001	 1.46265534444956E-0003
 8.73364028489319E-0001	 1.01732822706138E-0003
 8.79633989335386E-0001	 5.45854803225173E-0004
 8.85797109920248E-0001	 7.52483725128048E-0005
 8.91863905307509E-0001	-3.73094678333277E-0004
 8.97847306997710E-0001	-7.83116858193069E-0004
 9.03761049534521E-0001	-1.14330116331724E-0003
 9.09618717362123E-0001	-1.44576208127173E-0003
 9.15433241975381E-0001	-1.68540858055849E-0003
 9.21216688764340E-0001	-1.85923650327834E-0003
 9.26980231299991E-0001	-1.96575507469519E-0003
 9.32734254214485E-0001	-2.00453926634763E-0003
 9.38488550574552E-0001	-1.97590423254699E-0003
 9.44252589047587E-0001	-1.88070712363987E-0003
 9.50035825326223E-0001	-1.72028870757410E-0003
 9.55848026089752E-0001	-1.49657005771596E-0003
 9.61699565675730E-0001	-1.21231868786663E-0003
 9.67601646342874E-0001	-8.71596268382388E-0004
 9.73566379130010E-0001	-4.80398420720154E-0004
 9.79606635597895E-0001	-4.74935056159902E-0005
 9.85735530721399E-0001	 4.14552415312182E-0004
 9.91965322561240E-0001	 8.88247428857590E-0004
 9.98305450245058E-0001	 1.35020119348406E-0003
 1.00475949448081E+0000	 1.77089187412789E-0003
 1.01132125542921E+0000	 2.11615182732722E-0003
 1.01797108865692E+0000	 2.35142119147945E-0003
 1.02467479049161E+0000	 2.44884754787295E-0003
 1.03138735787473E+0000	 2.39507215652050E-0003
 1.03806153533182E+0000	 2.19567010342199E-0003
 1.04465749226191E+0000	 1.87339612141572E-0003
 1.05114900841674E+0000	 1.46139753883677E-0003
 1.05752437823748E+0000	 9.95381833132012E-0004
 1.06378359678011E+0000	 5.07972472467516E-0004
 1.06993438256075E+0000	 2.60505298114891E-0005
 1.07598870148885E+0000	-4.29709616401347E-0004
 1.08196032589822E+0000	-8.44182314598969E-0004
 1.08786334053891E+0000	-1.20675557756832E-0003
 1.09371132847169E+0000	-1.51029517786045E-0003
 1.09951699386866E+0000	-1.75024930304953E-0003
 1.10529205440756E+0000	-1.92392226332104E-0003
 1.11104730352167E+0000	-2.02990585289661E-0003
 1.11679278748081E+0000	-2.06765263887869E-0003
 1.12253806537979E+0000	-2.03718458893676E-0003
 1.12829252728725E+0000	-1.93894120701773E-0003
 1.13406574343745E+0000	-1.77377822677463E-0003
 1.13986781090030E+0000	-1.54312977274802E-0003
 1.14570965686102E+0000	-1.24934553591048E-0003
 1.15160324928493E+0000	-8.96212936507565E-0004
 1.15756165185575E+0000	-4.89674348444532E-0004
 1.16359883150221E+0000	-3.87482340520076E-0005
 1.16972907154255E+0000	 4.43354288049129E-0004
 1.17596575659988E+0000	 9.37996532563977E-0004
 1.18231920933120E+0000	 1.42003649531354E-0003
 1.18879330330203E+0000	 1.85754728756555E-0003
 1.19538103034867E+0000	 2.21348270793284E-0003
 1.20206034632551E+0000	 2.45057348272910E-0003
 1.20879308323164E+0000	 2.53956171856858E-0003
 1.21552973389556E+0000	 2.46803379096623E-0003
 1.22221970576084E+0000	 2.24484806794282E-0003
 1.22882219322263E+0000	 1.89706380514940E-0003
 1.23531222610177E+0000	 1.46150347399603E-0003
 1.24168051203394E+0000	 9.76019660190009E-0004
 1.24792954691906E+0000	 4.73876027265549E-0004
 1.25406902884897E+0000	-1.84212120739134E-0005
 1.26011221064298E+0000	-4.81068149003833E-0004
 1.26607352496585E+0000	-8.99933445899397E-0004
 1.27196723755952E+0000	-1.26530565438656E-0003
 1.27780678580113E+0000	-1.57074744059702E-0003
 1.28360453507083E+0000	-1.81215538313578E-0003
 1.28937178253955E+0000	-1.98702725866373E-0003
 1.29511891112339E+0000	-2.09391145425316E-0003
 1.30085564073448E+0000	-2.13201566162011E-0003
 1.30659134557921E+0000	-2.10096388049601E-0003
 1.31233541259692E+0000	-2.00070204403618E-0003
 1.31809761407243E+0000	-1.83155928303360E-0003
 1.32388846223758E+0000	-1.59447401197089E-0003
 1.32971950766117E+0000	-1.29139420445374E-0003
 1.33560353497920E+0000	-9.25862409385903E-0004
 1.34155459360354E+0000	-5.03799211896728E-0004
 1.34758776808032E+0000	-3.44998216946133E-0005
 1.35371853032555E+0000	 4.68158110168273E-0004
 1.35996141640081E+0000	 9.84370411944348E-0004
 1.36632766196670E+0000	 1.48720701204534E-0003
 1.37282145299748E+0000	 1.94227082674697E-0003
 1.37943494442710E+0000	 2.30954286247696E-0003
 1.38614357101874E+0000	 2.54897294920893E-0003
 1.39290501306323E+0000	 2.62995913500535E-0003
 1.39966516568122E+0000	 2.54127945797849E-0003
 1.40637026080184E+0000	 2.29535957802717E-0003
 1.41297887670083E+0000	 1.92364436755309E-0003
 1.41946761718464E+0000	 1.46643922594559E-0003
 1.42582973055970E+0000	 9.63409026132372E-0004
 1.43207014676805E+0000	 4.48144954475981E-0004
 1.43820036379478E+0000	-5.34356609317221E-0005
 1.44423470301766E+0000	-5.22507501250956E-0004
 1.45018804313170E+0000	-9.45955877649331E-0004
 1.45607464063283E+0000	-1.31492817679544E-0003
 1.46190763091690E+0000	-1.62359492919455E-0003
 1.46769892501461E+0000	-1.86817821882001E-0003
 1.47345933017803E+0000	-2.04622608194321E-0003
 1.47919879808046E+0000	-2.15609535889021E-0003
 1.48492674757253E+0000	-2.19661238039182E-0003
 1.49065243007145E+0000	-2.16689343049573E-0003
 1.49638531325835E+0000	-2.06631795758374E-0003
 1.50213545915294E+0000	-1.89465480510617E-0003
 1.50791386989450E+0000	-1.65234615904956E-0003
 1.51373276973406E+0000	-1.34095795351967E-0003
 1.51960578230655E+0000	-9.63811294954494E-0004
 1.52554794224862E+0000	-5.26816647712926E-0004
 1.53157544050679E+0000	-3.95355235884359E-0005
 1.53770493110164E+0000	 4.83522921674248E-0004
 1.54395211422629E+0000	 1.02144079618963E-0003
 1.55032918016981E+0000	 1.54555930992627E-0003
 1.55684069789532E+0000	 2.01905736429328E-0003
 1.56347806735547E+0000	 2.39896094202249E-0003
 1.57021426664098E+0000	 2.64244215412682E-0003
 1.57700288215206E+0000	 2.71759436063363E-0003
 1.58378535151510E+0000	 2.61446861231893E-0003
 1.59050501025209E+0000	 2.34905642541791E-0003
 1.59712012201292E+0000	 1.95697110909962E-0003
 1.60360900250848E+0000	 1.48161090311624E-0003
 1.60996735511224E+0000	 9.64054407090757E-0004
 1.61620230703806E+0000	 4.37932901805829E-0004
 1.62232686503263E+0000	-7.15768007491793E-0005
 1.62835613389909E+0000	-5.46669171161929E-0004
 1.63430518442243E+0000	-9.75208296071990E-0004
 1.64018804998240E+0000	-1.34910581092073E-0003
 1.64601739532848E+0000	-1.66300388059221E-0003
 1.65180455896988E+0000	-1.91328544876846E-0003
 1.65755979477704E+0000	-2.09737087709411E-0003
 1.66329261447384E+0000	-2.21325193776262E-0003
 1.66901217514225E+0000	-2.25922261388906E-0003
 1.67472767853641E+0000	-2.23377773895571E-0003
 1.68044876042400E+0000	-2.13566130688497E-0003
 1.68618585299085E+0000	-1.96405577596524E-0003
 1.69195050368719E+0000	-1.71891273281487E-0003
 1.69775562950042E+0000	-1.40143528082751E-0003
 1.70361567352879E+0000	-1.01473418346822E-0003
 1.70954660511589E+0000	-5.64691410655623E-0004
 1.71556565694423E+0000	-6.10697273526011E-0005
 1.72169061041394E+0000	 4.81111631712027E-0004
 1.72793831362373E+0000	 1.03999893156735E-0003
 1.73432196477971E+0000	 1.58542805976850E-0003
 1.74084667049410E+0000	 2.07839697015350E-0003
 1.74750335634206E+0000	 2.47319130354181E-0003
 1.75426294826379E+0000	 2.72432301670942E-0003
 1.76107542557159E+0000	 2.79853201511622E-0003
 1.76787825871533E+0000	 2.68687454018791E-0003
 1.77461225573574E+0000	 2.40840741340785E-0003
 1.78123547312327E+0000	 2.00226738003881E-0003
 1.78772774474388E+0000	 1.51433933683979E-0003
 1.79408683523984E+0000	 9.86695024974086E-0004
 1.80032161795521E+0000	 4.52798482242814E-0004
 1.80644619124914E+0000	-6.29590109726722E-0005
 1.81247609016310E+0000	-5.43735047579211E-0004
 1.81842628763757E+0000	-9.78253469347958E-0004
 1.82431036177942E+0000	-1.35902835588973E-0003
 1.83014033185349E+0000	-1.68098034195330E-0003
 1.83592684979094E+0000	-1.94044109462411E-0003
 1.84167956502436E+0000	-2.13448899805360E-0003
 1.84740755734912E+0000	-2.26055411567782E-0003
 1.85311977675428E+0000	-2.31623768992498E-0003
 1.85882545666409E+0000	-2.29930144691807E-0003
 1.86453448494418E+0000	-2.20779397134247E-0003
 1.87025772739040E+0000	-2.04029559571617E-0003
 1.87600730132123E+0000	-1.79627922938929E-0003
 1.88179679148218E+0000	-1.47660174759901E-0003
 1.88764138438272E+0000	-1.08415813650825E-0003
 1.89355786553892E+0000	-6.24746228440734E-0004
 1.89956436846356E+0000	-1.08196931533169E-0004
 1.90567967205211E+0000	 4.50193985827009E-0004
 1.91192170191657E+0000	 1.02798470352987E-0003
 1.91830471929388E+0000	 1.59396470064943E-0003
 1.92483463487179E+0000	 2.10748463170258E-0003
 1.93150246980481E+0000	 2.52059406439677E-0003
 1.93827800423788E+0000	 2.78541504880760E-0003
 1.94510870893092E+0000	 2.86711712414856E-0003
 1.95192902133501E+0000	 2.75694969497754E-0003
 1.95867762118777E+0000	 2.47583684392686E-0003
 1.96531212295177E+0000	 2.06527457117025E-0003
 1.97181322354344E+0000	 1.57282823158892E-0003
 1.97817997921243E+0000	 1.04117957103309E-0003
 1.98442232420972E+0000	 5.03553963043672E-0004
 1.99055490885713E+0000	-1.63429408391600E-0005
 1.99659328862977E+0000	-5.02454561530059E-0004
 2.00255202548313E+0000	-9.44152227337981E-0004
 2.00844400375341E+0000	-1.33431830343001E-0003
 2.01428042676420E+0000	-1.66790156147178E-0003
 2.02007115876127E+0000	-1.94092657517913E-0003
 2.02582521238450E+0000	-2.14988651003256E-0003
 2.03155126274811E+0000	-2.29144015826031E-0003
 2.03725812049672E+0000	-2.36233748111256E-0003
 2.04295513313209E+0000	-2.35950761417574E-0003
 2.04865251054420E+0000	-2.28025981672674E-0003
 2.05436158617028E+0000	-2.12257001669160E-0003
 2.06009502864870E+0000	-1.88545026585759E-0003
 2.06586701036696E+0000	-1.56942263465065E-0003
 2.07169331845473E+0000	-1.17714115930384E-0003
 2.07759135708854E+0000	-7.14223733777038E-0004
 2.08357992905674E+0000	-1.90364943354843E-0004
 2.08967858525704E+0000	 3.79216006569617E-0004
 2.09590617823475E+0000	 9.72025743298904E-0004
 2.10227806531625E+0000	 1.55654056562061E-0003
 2.10880133464958E+0000	 2.09134913975704E-0003
 2.11546799746113E+0000	 2.52712867141109E-0003
 2.12224817971811E+0000	 2.81407794141399E-0003
 2.12908865598725E+0000	 2.91538795290316E-0003
 2.13592226456362E+0000	 2.82105724285608E-0003
 2.14268596231517E+0000	 2.55189442212109E-0003
 2.14933628208048E+0000	 2.15004169200991E-0003
 2.15585362305340E+0000	 1.66375813967744E-0003
 2.16223717697646E+0000	 1.13602186046969E-0003
 2.16849703083569E+0000	 5.99907037786876E-0004
 2.17464774401753E+0000	 7.86883279814242E-0005
 2.18070444584211E+0000	-4.12066474789117E-0004
 2.18668096806704E+0000	-8.62079128096760E-0004
 2.19258926943635E+0000	-1.26430739906694E-0003
 2.19843957945459E+0000	-1.61343765370505E-0003
 2.20424088946269E+0000	-1.90490660188401E-0003
 2.21000155904958E+0000	-2.13436890105281E-0003
 2.21572989707768E+0000	-2.29750676099690E-0003
 2.22143464310479E+0000	-2.39007562509494E-0003
 2.22712532703204E+0000	-2.40809290615590E-0003
 2.23281252144588E+0000	-2.34810308150333E-0003
 2.23850801944117E+0000	-2.20748634192345E-0003
 2.24422497125600E+0000	-1.98481206142515E-0003
 2.24997799920360E+0000	-1.68026784111850E-0003
 2.25578328467760E+0000	-1.29621875418038E-0003
 2.26165858148433E+0000	-8.37970141371897E-0004
 2.26762304769193E+0000	-3.14817956309724E-0004
 2.27369668744191E+0000	 2.58541743926915E-0004
 2.27989903655742E+0000	 8.60252359128751E-0004
 2.28624652196596E+0000	 1.45944469770588E-0003
 2.29274782211874E+0000	 2.01515424802002E-0003
 2.29939706172446E+0000	 2.47791293638940E-0003
 2.30616668308761E+0000	 2.79672083942834E-0003
 2.31300521982666E+0000	 2.93232299193579E-0003
 2.31984586381513E+0000	 2.87155566927602E-0003
 2.32662436964366E+0000	 2.63246407989013E-0003
 2.33329527871327E+0000	 2.25560869989429E-0003
 2.33983712971507E+0000	 1.78874885242090E-0003
 2.34624777062482E+0000	 1.27487044999497E-0003
 2.35253634867932E+0000	 7.47101535764687E-0004
 2.35871661425496E+0000	 2.28658667112763E-0004
 2.36480280987875E+0000	-2.64998341548874E-0004
 2.37080772857124E+0000	-7.23598391255049E-0004
 2.37674218656524E+0000	-1.13986412676351E-0003
 2.38261529203208E+0000	-1.50792983264091E-0003
 2.38843508123560E+0000	-1.82237594853574E-0003
 2.39420923886822E+0000	-2.07778510382483E-0003
 2.39994573007171E+0000	-2.26868143910381E-0003
 2.40565326405363E+0000	-2.38970624071369E-0003
 2.41134158286378E+0000	-2.43590439678901E-0003
 2.41702161585115E+0000	-2.40303893504131E-0003
 2.42270555773645E+0000	-2.28790019602897E-0003
 2.42840692167666E+0000	-2.08861941074556E-0003
 2.43414059726596E+0000	-1.80502842689123E-0003
 2.43992291325034E+0000	-1.43912967514360E-0003
 2.44577166498845E+0000	-9.95757090846615E-0004
 2.45170600799903E+0000	-4.83519805061105E-0004
 2.45774602346842E+0000	 8.38862091356863E-0005
 2.46391160837404E+0000	 6.85978714776633E-0004
 2.47022013607565E+0000	 1.29360452333868E-0003
 2.47668219885241E+0000	 1.86762354110380E-0003
 2.48329513436717E+0000	 2.35990919907965E-0003
 2.49003579777207E+0000	 2.71930462274277E-0003
 2.49685727352108E+0000	 2.90389423239331E-0003
 2.50369553401997E+0000	 2.89545168393797E-0003
 2.51048603089583E+0000	 2.70632602694362E-0003
 2.51718050557442E+0000	 2.37286751670434E-0003
 2.52375394857647E+0000	 1.94085364945912E-0003
 2.53020120553342E+0000	 1.45288138834559E-0003
 2.53652927192723E+0000	 9.42344447887637E-0004
 2.54275033216574E+0000	 4.32810317829867E-0004
 2.54887729557521E+0000	-5.99740768482962E-0005
 2.55492163916384E+0000	-5.25424598678687E-0004
 2.56089284101855E+0000	-9.55772481740106E-0004
 2.56679873809122E+0000	-1.34438043018268E-0003
 2.57264630099218E+0000	-1.68477495097007E-0003
 2.57844246768160E+0000	-1.97029316683280E-0003
 2.58419481774343E+0000	-2.19416248747439E-0003
 2.58991199974066E+0000	-2.34981326709082E-0003
 2.59560392728097E+0000	-2.43126007170983E-0003
 2.60128181738826E+0000	-2.43345342498740E-0003
 2.60695815752495E+0000	-2.35257234697370E-0003
 2.61264666989729E+0000	-2.18627997933860E-0003
 2.61836231068924E+0000	-1.93399639714335E-0003
 2.62412130757900E+0000	-1.59726058150634E-0003
 2.62994120090219E+0000	-1.18026572721192E-0003
 2.63584080192838E+0000	-6.90661985493420E-0004
 2.64183989729744E+0000	-1.40719395014342E-0004
 2.64795838953989E+0000	 4.51103996935182E-0004
 2.65421436713975E+0000	 1.05832355586975E-0003
 2.66062043911278E+0000	 1.64491902335054E-0003
 2.66717791276960E+0000	 2.16563336294827E-0003
 2.67386977301427E+0000	 2.57049061329432E-0003
 2.68065626957390E+0000	 2.81529578615265E-0003
 2.68747885786109E+0000	 2.87552203125398E-0003
 2.69427422943631E+0000	 2.75520967123418E-0003
 2.70099111539447E+0000	 2.48372304665215E-0003
 2.70759955435855E+0000	 2.10302720884391E-0003
 2.71408977053277E+0000	 1.65466008159031E-0003
 2.72046537136938E+0000	 1.17235971647082E-0003
 2.72673623245399E+0000	 6.80394947684483E-0004
 2.73291354585349E+0000	 1.95134419158395E-0004
 2.73900727128048E+0000	-2.72306469400459E-0004
 2.74502540225331E+0000	-7.13556049385601E-0004
 2.75097435138970E+0000	-1.12115045154826E-0003
 2.75685985316648E+0000	-1.48751801654583E-0003
 2.76268792386103E+0000	-1.80469454188044E-0003
 2.76846559137745E+0000	-2.06454205583195E-0003
 2.77420128970285E+0000	-2.25920618844624E-0003
 2.77990495684463E+0000	-2.38159828743427E-0003
 2.78558794856974E+0000	-2.42578471092697E-0003
 2.79126288700948E+0000	-2.38725839011847E-0003
 2.79694353120980E+0000	-2.26312993357681E-0003
 2.80264471402733E+0000	-2.05230616376150E-0003
 2.80838235073537E+0000	-1.75573560051574E-0003
 2.81417348892517E+0000	-1.37680638656946E-0003
 2.82003632560985E+0000	-9.21988977427880E-0004
 2.82599004736116E+0000	-4.01817737330794E-0004
 2.83205423128099E+0000	 1.67725498841758E-0004
 2.83824737061288E+0000	 7.63495329143301E-0004
 2.84458392097355E+0000	 1.35356365500196E-0003
 2.85106936358848E+0000	 1.89684459074047E-0003
 2.85769373165421E+0000	 2.34600861535453E-0003
 2.86442632712338E+0000	 2.65567944107441E-0003
 2.87121665968614E+0000	 2.79494892670755E-0003
 2.87800485975821E+0000	 2.75789829804773E-0003
 2.88473740523418E+0000	 2.56439829590237E-0003
 2.89137866786417E+0000	 2.25049820592569E-0003
 2.89791291404917E+0000	 1.85563917525296E-0003
 2.90433920715198E+0000	 1.41375620112231E-0003
 2.91066444350630E+0000	 9.50070469644353E-0004
 2.91689784609909E+0000	 4.81832826667854E-0004
 2.92304782259986E+0000	 2.07805346316440E-0005
 2.92912087550614E+0000	-4.24205292843963E-0004
 2.93512190062994E+0000	-8.45035930073778E-0004
 2.94105518711274E+0000	-1.23325418184721E-0003
 2.94692553258625E+0000	-1.57974638194703E-0003
 2.95273908005154E+0000	-1.87507157395962E-0003
 2.95850372375687E+0000	-2.11006970146141E-0003
 2.96422913388116E+0000	-2.27646701249449E-0003
 2.96992655282476E+0000	-2.36732655742492E-0003
 2.97560852194791E+0000	-2.37731660643914E-0003
 2.98128865043711E+0000	-2.30284829721711E-0003
 2.98698148070686E+0000	-2.14216582470291E-0003
 2.99270245841156E+0000	-1.89547799040411E-0003
 2.99846797990762E+0000	-1.56521854722380E-0003
 3.00429545377167E+0000	-1.15652448237986E-0003
 3.01020325774847E+0000	-6.78023386225046E-0004
 3.01621037847169E+0000	-1.43002749816401E-0004
 3.02233537723907E+0000	 4.29055262234763E-0004
 3.02859416438206E+0000	 1.01084601497047E-0003
 3.03499605429797E+0000	 1.56633536157992E-0003
 3.04153812857505E+0000	 2.05217527183660E-0003
 3.04819956935168E+0000	 2.42341758312604E-0003
 3.05493990473067E+0000	 2.64390876004708E-0003
 3.06170523391923E+0000	 2.69747089767336E-0003
 3.06844153997541E+0000	 2.59268322612994E-0003
 3.07510773049096E+0000	 2.35751410097339E-0003
 3.08168122138643E+0000	 2.02791196266019E-0003
 3.08815548622563E+0000	 1.63762094955006E-0003
 3.09453382601745E+0000	 1.21302385344959E-0003
 3.10082339591546E+0000	 7.72560221708298E-0004
 3.10703128023558E+0000	 3.28678713456805E-0004
 3.11316278449175E+0000	-1.09452130731002E-0004
 3.11922143587043E+0000	-5.33580863575444E-0004
 3.12520998079290E+0000	-9.34911240309388E-0004
 3.13113167117038E+0000	-1.30365654321629E-0003
 3.13699129702543E+0000	-1.62938526643598E-0003
 3.14279570705023E+0000	-1.90176017480920E-0003
 3.14855383716942E+0000	-2.11129872575978E-0003
 3.15427642838579E+0000	-2.24993623200714E-0003
 3.15997563999757E+0000	-2.31133960830091E-0003
 3.16566470756286E+0000	-2.29102777245653E-0003
 3.17135772037324E+0000	-2.18639729036683E-0003
 3.17706953452324E+0000	-1.99675494442555E-0003
 3.18281579860606E+0000	-1.72345028025353E-0003
 3.18861303719960E+0000	-1.37019596974811E-0003
 3.19447869490612E+0000	-9.43662846581424E-0004
 3.20043097275626E+0000	-4.54425724765923E-0004
 3.20648817666593E+0000	 8.17193724470040E-0005
 3.21266715689512E+0000	 6.42213565734127E-0004
 3.21898034041567E+0000	 1.19649311894880E-0003
 3.22543110991244E+0000	 1.70619930276343E-0003
 3.23200830577822E+0000	 2.12856939876765E-0003
 3.23868253108326E+0000	 2.42423100746151E-0003
 3.24540826327571E+0000	 2.56779979662831E-0003
 3.25213351775786E+0000	 2.55575366663418E-0003
 3.25881290373099E+0000	 2.40595211822711E-0003
 3.26541658938942E+0000	 2.14908293612834E-0003
 3.27193141504278E+0000	 1.81800749240894E-0003
 3.27835631242820E+0000	 1.44048904670264E-0003
 3.28469623463198E+0000	 1.03671385519281E-0003
 3.29095736831202E+0000	 6.20239013630952E-0004
 3.29714451328837E+0000	 2.00488799913324E-0004
 3.30326045329084E+0000	-2.14611447658647E-0004
 3.30930670687026E+0000	-6.16715972558837E-0004
 3.31528489961932E+0000	-9.96215201829969E-0004
 3.32119806046971E+0000	-1.34238871830025E-0003
 3.32705140676168E+0000	-1.64416786919280E-0003
 3.33285252589400E+0000	-1.89104848028160E-0003
 3.33861111501616E+0000	-2.07382728645571E-0003
 3.34433852493844E+0000	-2.18503938097565E-0003
 3.35004731085166E+0000	-2.21912968988281E-0003
 3.35575090405009E+0000	-2.17246331714199E-0003
 3.36146344206961E+0000	-2.04329129242868E-0003
 3.36719974446848E+0000	-1.83177612304621E-0003
 3.37297538805772E+0000	-1.54016894266166E-0003
 3.37880680122843E+0000	-1.17322332095809E-0003
 3.38471124510294E+0000	-7.38922151282185E-0004
 3.39070646657096E+0000	-2.49560912579454E-0004
 3.39680969480222E+0000	 2.76871215042249E-0004
 3.40303555054408E+0000	 8.15313230066089E-0004
 3.40939249397781E+0000	 1.33301130524781E-0003
 3.41587796773220E+0000	 1.79099557837796E-0003
 3.42247372460400E+0000	 2.14916783801887E-0003
 3.42914453807196E+0000	 2.37514219068906E-0003
 3.43584347724985E+0000	 2.45364337104596E-0003
 3.44252306457153E+0000	 2.39071224307740E-0003
 3.44914649554194E+0000	 2.20950198153493E-0003
 3.45569286949725E+0000	 1.94066949788034E-0003
 3.46215547346560E+0000	 1.61335253460002E-0003
 3.46853642130277E+0000	 1.25030295208432E-0003
 3.47484120244798E+0000	 8.67159352980803E-0004
 3.48107495731470E+0000	 4.74219735071794E-0004
 3.48724084295476E+0000	 7.90881021703573E-0005
 3.49334013374803E+0000	-3.10944526616502E-0004
 3.49937338873939E+0000	-6.87440391323770E-0004
 3.50534192292590E+0000	-1.04046478985429E-0003
 3.51124895629201E+0000	-1.35911376459555E-0003
 3.51710013993009E+0000	-1.63245470621375E-0003
 3.52290349881710E+0000	-1.85043960708429E-0003
 3.52866902373945E+0000	-2.00454237474743E-0003
 3.53440816419979E+0000	-2.08807533801631E-0003
 3.54013339629457E+0000	-2.09626476599911E-0003
 3.54585794685630E+0000	-2.02620751148202E-0003
 3.55159568638773E+0000	-1.87682748036774E-0003
 3.55736115950303E+0000	-1.64893472382476E-0003
 3.56316968789869E+0000	-1.34547672821425E-0003
 3.56903744086995E+0000	-9.72060267983870E-0004
 3.57498130903390E+0000	-5.37800139833497E-0004
 3.58101833191563E+0000	-5.64913531649413E-0005
 3.58716433249889E+0000	 4.52043556695105E-0004
 3.59343137028875E+0000	 9.60876232541998E-0004
 3.59982382529313E+0000	 1.43608199934613E-0003
 3.60633368543111E+0000	 1.83940923587230E-0003
 3.61293706502097E+0000	 2.13459551648821E-0003
 3.61959521131590E+0000	 2.29639688354301E-0003
 3.62626197069766E+0000	 2.31814566549042E-0003
 3.63289510498446E+0000	 2.21274760830190E-0003
 3.63946522707490E+0000	 2.00620575443959E-0003
 3.64595814410984E+0000	 1.72812308306726E-0003
 3.65237153120700E+0000	 1.40438998463337E-0003
 3.65870949494346E+0000	 1.05408894048831E-0003
 3.66497784327656E+0000	 6.89827776030027E-0004
 3.67118120883536E+0000	 3.19869484912077E-0004
 3.67732208116063E+0000	-4.93132757481034E-0005
 3.68340130413535E+0000	-4.10972676168678E-0004
 3.68941937087587E+0000	-7.56994003921236E-0004
 3.69537781304024E+0000	-1.07783431336361E-0003
 3.70128016580361E+0000	-1.36318824360043E-0003
 3.70713231826580E+0000	-1.60292350772516E-0003
 3.71294235286173E+0000	-1.78790725796541E-0003
 3.71872011330316E+0000	-1.91054088763939E-0003
 3.72447672790839E+0000	-1.96499809353048E-0003
 3.73022423372310E+0000	-1.94725853631228E-0003
 3.73597536304726E+0000	-1.85505838825446E-0003
 3.74174349239589E+0000	-1.68787383597693E-0003
 3.74754271047914E+0000	-1.44703920123105E-0003
 3.75338792322944E+0000	-1.13608626958908E-0003
 3.75929486794328E+0000	-7.61371590268474E-0004
 3.76527984690759E+0000	-3.33019771561776E-0004
 3.77135891312616E+0000	 1.33874349114530E-0004
 3.77754617098608E+0000	 6.18019713844689E-0004
 3.78385088193806E+0000	 1.09123892252483E-0003
 3.79027339850702E+0000	 1.51932582084926E-0003
 3.79680087217093E+0000	 1.86573271922591E-0003
 3.80340510266999E+0000	 2.09864934183908E-0003
 3.81004550986468E+0000	 2.19961685758731E-0003
 3.81667791108049E+0000	 2.16906296213597E-0003
 3.82326519673076E+0000	 2.02477824202538E-0003
 3.82978405739756E+0000	 1.79426216622063E-0003
 3.83622527858479E+0000	 1.50590636699104E-0003
 3.84258962497003E+0000	 1.18318319783163E-0003
 3.84888268022173E+0000	 8.42765340349542E-0004
 3.85511079422636E+0000	 4.95424312430038E-0004
 3.86127882401797E+0000	 1.48210379380251E-0004
 3.86738954630292E+0000	-1.93215967490566E-0004
 3.87344427816903E+0000	-5.22814928975064E-0004
 3.87944409799606E+0000	-8.33305374859193E-0004
 3.88539106844090E+0000	-1.11619481386508E-0003
 3.89128904986278E+0000	-1.36240461187056E-0003
 3.89714397622102E+0000	-1.56309442313216E-0003
 3.90296370046144E+0000	-1.71037463876918E-0003
 3.90875761784889E+0000	-1.79776283616216E-0003
 3.91453626102971E+0000	-1.82038572775646E-0003
 3.92031099308207E+0000	-1.77501051001099E-0003
 3.92609385297429E+0000	-1.66001885085999E-0003
 3.93189754888847E+0000	-1.47543736657060E-0003
 3.93773554634843E+0000	-1.22312657282793E-0003
 3.94362215214173E+0000	-9.07210322545756E-0004
 3.94957244493836E+0000	-5.34795330432574E-0004
 3.95560184549576E+0000	-1.16973131864887E-0004
 3.96172505774930E+0000	 3.30010484326504E-0004
 3.96795407926307E+0000	 7.83732990874389E-0004
 3.97429507911111E+0000	 1.21536349567032E-0003
 3.98074438905683E+0000	 1.59125610387312E-0003
 3.98728486498436E+0000	 1.87745294866915E-0003
 3.99388512053147E+0000	 2.04708358755779E-0003
 4.00050407365502E+0000	 2.08810002541548E-0003
 4.00710028102227E+0000	 2.00680300476814E-0003
 4.01364148274830E+0000	 1.82447979696472E-0003
 4.02010937444835E+0000	 1.56936457601015E-0003
 4.02649854349338E+0000	 1.26876372515771E-0003
 4.03281209734856E+0000	 9.44474490069528E-0004
 4.03905694092365E+0000	 6.11690027159958E-0004
 4.04524030377470E+0000	 2.80130636758577E-0004
 4.05136789710162E+0000	-4.39044640548610E-0005
 4.05744349100842E+0000	-3.55472931906694E-0004
 4.06346948070520E+0000	-6.49457078342281E-0004
 4.06944793024160E+0000	-9.19807902503390E-0004
 4.07538161303125E+0000	-1.15953216316353E-0003
 4.08127472278732E+0000	-1.36117974964890E-0003
 4.08713314758392E+0000	-1.51751556469389E-0003
 4.09296438250960E+0000	-1.62212146824659E-0003
 4.09877724370209E+0000	-1.66979944970809E-0003
 4.10458154679575E+0000	-1.65676494648965E-0003
 4.11038786594775E+0000	-1.58069647939840E-0003
 4.11620742859598E+0000	-1.44074553668545E-0003
 4.12205214036226E+0000	-1.23762046643584E-0003
 4.12793467685733E+0000	-9.73847784135535E-0004
 4.13386852451022E+0000	-6.54285529731051E-0004
 4.13986780120204E+0000	-2.86913892554869E-0004
 4.14594664037020E+0000	 1.16149474836563E-0004
 4.15211788732767E+0000	 5.37587983616389E-0004
 4.15839087198427E+0000	 9.54164849895715E-0004
 4.16476819888530E+0000	 1.33703365216048E-0003
 4.17124203335103E+0000	 1.65405264884385E-0003
 4.17779136756854E+0000	 1.87487312097742E-0003
 4.18438266671197E+0000	 1.97819437001148E-0003
 4.19097557141023E+0000	 1.95820337972518E-0003
 4.19753211616659E+0000	 1.82617874134227E-0003
 4.20402480838541E+0000	 1.60590075074155E-0003
 4.21043971571137E+0000	 1.32580442976092E-0003
 4.21677455820715E+0000	 1.01216823308003E-0003
 4.22303441399010E+0000	 6.85532171050729E-0004
 4.22922749603117E+0000	 3.60097366859015E-0004
 4.23536216230829E+0000	 4.48960278627927E-0005
 4.24144534638757E+0000	-2.54362232294597E-0004
 4.24748217413402E+0000	-5.33483063899051E-0004
 4.25347639677547E+0000	-7.88430389492131E-0004
 4.25943123362923E+0000	-1.01460085878032E-0003
 4.26535024926568E+0000	-1.20670958749821E-0003
 4.27123799960247E+0000	-1.35911301526538E-0003
 4.27710033790591E+0000	-1.46632961804847E-0003
 4.28294441345758E+0000	-1.52354780644778E-0003
 4.28877847936654E+0000	-1.52699510730006E-0003
 4.29461164633473E+0000	-1.47413771604835E-0003
 4.30045369373460E+0000	-1.36375642701444E-0003
 4.30631499751338E+0000	-1.19599427156466E-0003
 4.31220656907733E+0000	-9.72491228952044E-0004
 4.31814012976211E+0000	-6.96710834577977E-0004
 4.32412808159483E+0000	-3.74521625734603E-0004
 4.33018318628703E+0000	-1.50247621154449E-0005
 4.33631773756384E+0000	 3.68481758662322E-0004
 4.34254201784365E+0000	 7.57651612121777E-0004
 4.34886190886321E+0000	 1.12879794834498E-0003
 4.35527578177213E+0000	 1.45384693346892E-0003
 4.36177137587919E+0000	 1.70333628812152E-0003
 4.36832424705237E+0000	 1.85179243628515E-0003
 4.37489981370357E+0000	 1.88432407586676E-0003
 4.38145975273431E+0000	 1.80137884309746E-0003
 4.38797048300243E+0000	 1.61855201746798E-0003
 4.39440952640711E+0000	 1.36129940135066E-0003
 4.40076713251469E+0000	 1.05771443455867E-0003
 4.40704388015766E+0000	 7.32854737548197E-0004
 4.41324666085918E+0000	 4.06012462530724E-0004
 4.41938497867470E+0000	 9.04461696013926E-0005
 4.42546838120193E+0000	-2.05497908206533E-0004
 4.43150509288128E+0000	-4.76758585018586E-0004
 4.43750162907274E+0000	-7.19979815880613E-0004
 4.44346309151039E+0000	-9.32289632608405E-0004
 4.44939383257579E+0000	-1.11058076089156E-0003
 4.45529819859950E+0000	-1.25129507894587E-0003
 4.46118113095001E+0000	-1.35060020711383E-0003
 4.46704850867961E+0000	-1.40478331949752E-0003
 4.47290722585572E+0000	-1.41068664960003E-0003
 4.47876507847501E+0000	-1.36605888563058E-0003
 4.48463057420190E+0000	-1.26977163933797E-0003
 4.49051277249453E+0000	-1.12192672233292E-0003
 4.49642121962364E+0000	-9.23940396737555E-0004
 4.50236597263602E+0000	-6.78720868697220E-0004
 4.50835762374869E+0000	-3.91043299105830E-0004
 4.51440716363259E+0000	-6.81677388095310E-0005
 4.52052548084161E+0000	 2.79353744842995E-0004
 4.52672230049464E+0000	 6.36860433429298E-0004
 4.53300443036978E+0000	 9.85080334091599E-0004
 4.53937333887742E+0000	 1.30042085328362E-0003
 4.54582241089977E+0000	 1.55665120599013E-0003
 4.55233477644774E+0000	 1.72846848179042E-0003
 4.55888319478508E+0000	 1.79675386423559E-0003
 4.56543337648386E+0000	 1.75394353324080E-0003
 4.57195053367639E+0000	 1.60678989167057E-0003
 4.57840656097985E+0000	 1.37457555442256E-0003
 4.58478449963383E+0000	 1.08360838836579E-0003
 4.59107888152443E+0000	 7.60957990814668E-0004
 4.59729308230896E+0000	 4.29984181958390E-0004
 4.60343570933145E+0000	 1.08388830411034E-0004
 4.60951744647235E+0000	-1.91789380354633E-0004
 4.61554888910425E+0000	-4.63126151517441E-0004
 4.62153936987850E+0000	-7.01391464568611E-0004
 4.62749658381760E+0000	-9.04174469511877E-0004
 4.63342678036360E+0000	-1.06978759922242E-0003
 4.63933528803056E+0000	-1.19656602861448E-0003
 4.64522714992133E+0000	-1.28258333473510E-0003
 4.65110768531364E+0000	-1.32572052042038E-0003
 4.65698285788112E+0000	-1.32396562463209E-0003
 4.66285941269747E+0000	-1.27579976733155E-0003
 4.66874482052698E+0000	-1.18054670366320E-0003
 4.67464711872022E+0000	-1.03861825250029E-0003
 4.68057474978599E+0000	-8.51660536203461E-0004
 4.68653646581230E+0000	-6.22674353619313E-0004
 4.69254129366923E+0000	-3.56222289343819E-0004
 4.69859846149637E+0000	-5.88213020405320E-0005
 4.70471710653223E+0000	 2.60459019999041E-0004
 4.71090555805826E+0000	 5.89303091986807E-0004
 4.71717004426665E+0000	 9.11620044085749E-0004
 4.72351281611314E+0000	 1.20756418193656E-0003
 4.72992991771762E+0000	 1.45455620324774E-0003
 4.73640916925279E+0000	 1.62969320298398E-0003
 4.74292931629969E+0000	 1.71359969548381E-0003
 4.74946146779299E+0000	 1.69500657282570E-0003
 4.75597335357894E+0000	 1.57435424728144E-0003
 4.76243538372511E+0000	 1.36442697859086E-0003
 4.76882604266673E+0000	 1.08732681487439E-0003
 4.77513440263579E+0000	 7.69228354358446E-0004
 4.78135939735638E+0000	 4.35336431041572E-0004
 4.78750712738251E+0000	 1.06651893794098E-0004
 4.79358774746225E+0000	-2.01240216936130E-0004
 4.79961288289170E+0000	-4.77945133839344E-0004
 4.80559387842833E+0000	-7.17284688555673E-0004
 4.81154083647620E+0000	-9.16072197843929E-0004
 4.81746228855105E+0000	-1.07293357431241E-0003
 4.82336532741573E+0000	-1.18734528521239E-0003
 4.82925602960502E+0000	-1.25898250904706E-0003
 4.83514000213671E+0000	-1.28740961346305E-0003
 4.84102290188005E+0000	-1.27208554703196E-0003
 4.84691081144203E+0000	-1.21260342246398E-0003
 4.85281041184555E+0000	-1.10905001218210E-0003
 4.85872895844161E+0000	-9.62369483185384E-0004
 4.86467412337037E+0000	-7.74650497542223E-0004
 4.87065379453221E+0000	-5.49319135414048E-0004
 4.87667590069346E+0000	-2.91291493051574E-0004
 4.88274826086173E+0000	-7.18634578372106E-0006
 4.88887835381540E+0000	 2.94317763508869E-0004
 4.89507282123961E+0000	 6.01996278031200E-0004
 4.90133651920828E+0000	 9.01640474437732E-0004
 4.90767105761421E+0000	 1.17600127215543E-0003
 4.91407300219523E+0000	 1.40551451480362E-0003
 4.92053219615695E+0000	 1.57011648185496E-0003
 4.92703089889739E+0000	 1.65217867263192E-0003
 4.93354451606291E+0000	 1.64011453172980E-0003
 4.94004440854129E+0000	 1.53161530718403E-0003
 4.94650244034975E+0000	 1.33510563349178E-0003
 4.95289583630099E+0000	 1.06844968115944E-0003
 4.95921048914341E+0000	 7.55262405362176E-0004
 4.96544168572045E+0000	 4.20404992315616E-0004
 4.97159262098598E+0000	 8.63234627720907E-0005
 4.97767186079330E+0000	-2.28996138247604E-0004
 4.98369080139184E+0000	-5.12585149199205E-0004
 4.98966166789489E+0000	-7.56079513823813E-0004
 4.99559618037687E+0000	-9.54829023572074E-0004
 5.00150482075372E+0000	-1.10686089842714E-0003
 5.00739658104729E+0000	-1.21189483129065E-0003
 5.01327907215455E+0000	-1.27052751037912E-0003
 5.01915887490844E+0000	-1.28365989263522E-0003
 5.02504201239681E+0000	-1.25220465376533E-0003
 5.03093442186826E+0000	-1.17707099902025E-0003
 5.03684231757389E+0000	-1.05937917089206E-0003
 5.04277236994310E+0000	-9.00817452309894E-0004
 5.04873167942628E+0000	-7.04035296980294E-0004
 5.05472758121928E+0000	-4.72980216328275E-0004
 5.06076735637745E+0000	-2.13135518937295E-0004
 5.06685791946348E+0000	 6.83147831502941E-0005
 5.07300548870982E+0000	 3.62316809792445E-0004
 5.07921514207634E+0000	 6.57715689873746E-0004
 5.08549009049902E+0000	 9.41024572342304E-0004
 5.09183054915921E+0000	 1.19643705372405E-0003
 5.09823229974917E+0000	 1.40645040535066E-0003
 5.10468533867927E+0000	 1.55340088238735E-0003
 5.11117322856643E+0000	 1.62191330309708E-0003
 5.11767375148899E+0000	 1.60183397195906E-0003
 5.12416114658108E+0000	 1.49083306378440E-0003
 5.13060965516592E+0000	 1.29571719225904E-0003
 5.13699746014212E+0000	 1.03176348169947E-0003
 5.14330975641476E+0000	 7.20128112606832E-0004
 5.14954000968993E+0000	 3.84239153362112E-0004
 5.15568932718475E+0000	 4.64211821818117E-0005
 5.16176461970838E+0000	-2.74392945914629E-0004
 5.16777641671325E+0000	-5.63688563495273E-0004
 5.17373692822085E+0000	-8.11418694406307E-0004
 5.17965859525631E+0000	-1.01147506511167E-0003
 5.18555314487758E+0000	-1.16089686472890E-0003
 5.19143107897831E+0000	-1.25901676920010E-0003
 5.19730151292350E+0000	-1.30666316902168E-0003
 5.20317228589659E+0000	-1.30549668458686E-0003
 5.20905026500689E+0000	-1.25753870327288E-0003
 5.21494175626993E+0000	-1.16493171858502E-0003
 5.22085292407908E+0000	-1.02994495448889E-0003
 5.22679011747801E+0000	-8.55201207213707E-0004
 5.23276001742519E+0000	-6.44057910557116E-0004
 5.23876955954322E+0000	-4.01041782169790E-0004
 5.24482564418018E+0000	-1.32230521853055E-0004
 5.25093469693755E+0000	 1.54491388426502E-0004
 5.25710215483093E+0000	 4.49311928592496E-0004
 5.26333190243461E+0000	 7.40462741587275E-0004
 5.26962559112748E+0000	 1.01426280176244E-0003
 5.27598173410218E+0000	 1.25534622023425E-0003
 5.28239459085674E+0000	 1.44734878873532E-0003
 5.28885314059738E+0000	 1.57434267821407E-0003
 5.29534070788065E+0000	 1.62304021021002E-0003
 5.30183578269474E+0000	 1.58532793433217E-0003
 5.30831418662410E+0000	 1.46034537635884E-0003
 5.31475218314823E+0000	 1.25534370023771E-0003
 5.32112972162329E+0000	 9.84942679325904E-0004
 5.32743292292507E+0000	 6.68957852349092E-0004
 5.33365519467325E+0000	 3.29461026259053E-0004
 5.33979689512016E+0000	-1.20665471564995E-0005
 5.34586396392260E+0000	-3.36831160097647E-0004
 5.35186613595259E+0000	-6.29846943838600E-0004
 5.35781523663791E+0000	-8.80216842574197E-0004
 5.36372381352469E+0000	-1.08086017724050E-0003
 5.36960416225579E+0000	-1.22794947969844E-0003
 5.37546770982854E+0000	-1.32023429223106E-0003
 5.38132469600081E+0000	-1.35835702348752E-0003
 5.38718410051642E+0000	-1.34422700185184E-0003
 5.39305377030355E+0000	-1.28050517481374E-0003
 5.39894069628086E+0000	-1.17024789627007E-0003
 5.40485137429802E+0000	-1.01675121946284E-0003
 5.41079216484960E+0000	-8.23618525261482E-0004
 5.41676955148071E+0000	-5.95039786591116E-0004
 5.42279020142150E+0000	-3.36223156312717E-0004
 5.42886076476117E+0000	-5.38726138598966E-0005
 5.43498740900666E+0000	 2.43418234333131E-0004
 5.44117515243120E+0000	 5.44966383405735E-0004
 5.44742709288454E+0000	 8.38043793546891E-0004
 5.45374359837485E+0000	 1.10816075711237E-0003
 5.46012146176217E+0000	 1.33960435679454E-0003
 5.46655303646942E+0000	 1.51635984907586E-0003
 5.47302555818822E+0000	 1.62361150760000E-0003
 5.47952111566325E+0000	 1.64983923005384E-0003
 5.48601775468354E+0000	 1.58909064222336E-0003
 5.49249179405224E+0000	 1.44264759395169E-0003
 5.49892083116670E+0000	 1.21939393435476E-0003
 5.50528657632538E+0000	 9.34707340832326E-0004
 5.51157677983422E+0000	 6.08258500544445E-0004
 5.51778592498287E+0000	 2.61389522335031E-0004
 5.52391478296314E+0000	-8.52797905782920E-0005
 5.52996920479759E+0000	-4.13595628179729E-0004
 5.53595860559550E+0000	-7.08835580385398E-0004
 5.54189450643345E+0000	-9.60002029381278E-0004
 5.54778933346793E+0000	-1.15965602163012E-0003
 5.55365552885201E+0000	-1.30349680398067E-0003
 5.55950494794606E+0000	-1.38983157387047E-0003
 5.56534849536292E+0000	-1.41901950340463E-0003
 5.57119596025160E+0000	-1.39293826399828E-0003
 5.57705602322546E+0000	-1.31451037056314E-0003
 5.58293640953607E+0000	-1.18732973234368E-0003
 5.58884415201554E+0000	-1.01543366693995E-0003
 5.59478590541280E+0000	-8.03262721334421E-0004
 5.60076822693050E+0000	-5.55832536832369E-0004
 5.60679771637844E+0000	-2.79103678908023E-0004
 5.61288090880147E+0000	 1.95214639866511E-0005
 5.61902384791274E+0000	 3.30706513353193E-0004
 5.62523134309414E+0000	 6.42862908620618E-0004
 5.63150600392272E+0000	 9.42160474271904E-0004
 5.63784720764344E+0000	 1.21295310149349E-0003
 5.64425015216649E+0000	 1.43863249217050E-0003
 5.65070512112430E+0000	 1.60291252199877E-0003
 5.65719714838764E+0000	 1.69157225876461E-0003
 5.66370642585896E+0000	 1.69457510570846E-0003
 5.67020981143353E+0000	 1.60813737835118E-0003
 5.67668341322197E+0000	 1.43600119150729E-0003
 5.68310562709477E+0000	 1.18929664988140E-0003
 5.68945971046538E+0000	 8.84975790538579E-0004
 5.69573523690324E+0000	 5.43390855418076E-0004
 5.70192831248279E+0000	 1.85767262893081E-0004
 5.70804084261197E+0000	-1.67876630724612E-0004
 5.71407927861485E+0000	-5.00122796310779E-0004
 5.72005322588842E+0000	-7.96866313527291E-0004
 5.72597417028434E+0000	-1.04749078789222E-0003
 5.73185444743335E+0000	-1.24469109536234E-0003
 5.73770647929221E+0000	-1.38410618380953E-0003
 5.74354224732752E+0000	-1.46387438338676E-0003
 5.74937295712836E+0000	-1.48417446097494E-0003
 5.75520885858925E+0000	-1.44678426982972E-0003
 5.76105920116955E+0000	-1.35467888602064E-0003
 5.76693231176275E+0000	-1.21169575583200E-0003
 5.77283577711299E+0000	-1.02230553993056E-0003
 5.77877669342373E+0000	-7.91534017152640E-0004
 5.78476191672252E+0000	-5.25074282647460E-0004
 5.79079821591860E+0000	-2.29602492687588E-0004
 5.79689220883003E+0000	 8.67401989429504E-0005
 5.80304996857006E+0000	 4.13809132668475E-0004
 5.80927624297545E+0000	 7.39045943397543E-0004
 5.81557333792678E+0000	 1.04742302907298E-0003
 5.82193984759915E+0000	 1.32193691770775E-0003
 5.82836950978730E+0000	 1.54473364232624E-0003
 5.83485048049282E+0000	 1.69881405627939E-0003
 5.84136529901519E+0000	 1.77016385343812E-0003
 5.84789180881395E+0000	 1.75002815965140E-0003
 5.85440520216069E+0000	 1.63681610066580E-0003
 5.86088097395913E+0000	 1.43693720935424E-0003
 5.86729803660893E+0000	 1.16409733182294E-0003
 5.87364105767179E+0000	 8.37228346523536E-0004
 5.87990146873305E+0000	 4.77792428526400E-0004
 5.88607721104044E+0000	 1.07270174212795E-0004
 5.89217166972953E+0000	-2.54688177525645E-0004
 5.89819228901730E+0000	-5.91348736545100E-0004
 5.90414921456662E+0000	-8.89342962528650E-0004
 5.91005414144078E+0000	-1.13867602928069E-0003
 5.91591942466171E+0000	-1.33247626485470E-0003
 5.92175743960526E+0000	-1.46662151680065E-0003
 5.92758014906269E+0000	-1.53932858299277E-0003
 5.93339883003640E+0000	-1.55075111696957E-0003
 5.93922392486473E+0000	-1.50260585619736E-0003
 5.94506499733312E+0000	-1.39783839007291E-0003
 5.95093078533131E+0000	-1.24034531157670E-0003
 5.95682934045600E+0000	-1.03478274606526E-0003
 5.96276822923823E+0000	-7.86502870696582E-0004
 5.96875474244070E+0000	-5.01661032043190E-0004
 5.97479602391599E+0000	-1.87518387434361E-0004
 5.98089899893573E+0000	 1.47078259483673E-0004
 5.98706997073385E+0000	 4.91130005175877E-0004
 5.99331378817776E+0000	 8.31016652985481E-0004
 5.99963259113042E+0000	 1.15039211250963E-0003
 6.00602431230727E+0000	 1.43072839647919E-0003
 6.01248130091334E+0000	 1.65268598355452E-0003
 6.01898953641349E+0000	 1.79826146492746E-0003
 6.02552885598533E+0000	 1.85339806657387E-0003
 6.03207444400789E+0000	 1.81052099470072E-0003
 6.03859953385867E+0000	 1.67030440484943E-0003
 6.04507882118629E+0000	 1.44200291940157E-0003
 6.05149166106223E+0000	 1.14209074541817E-0003
 6.05782412457626E+0000	 7.91645172547893E-0004
 6.06406953098256E+0000	 4.13382702221174E-0004
 6.07022772512450E+0000	 2.91707443564788E-0005
 6.07630368854211E+0000	-3.41605225104758E-0004
 6.08230601306917E+0000	-6.82848339346592E-0004
 6.08824554674993E+0000	-9.81952774751989E-0004
 6.09413432760517E+0000	-1.22964142940716E-0003
 6.09998480769634E+0000	-1.41962184014329E-0003
 6.10580932221699E+0000	-1.54817763586746E-0003
 6.11161974755476E+0000	-1.61376107871585E-0003
 6.11742729916749E+0000	-1.61661762696909E-0003
 6.12324243438430E+0000	-1.55845413444851E-0003
 6.12907484049971E+0000	-1.44215640865567E-0003
 6.13493349912873E+0000	-1.27156720891296E-0003
 6.14082681840464E+0000	-1.05134823546372E-0003
 6.14676281173933E+0000	-7.86962396732729E-0004
 6.15274927554689E+0000	-4.84817021242816E-0004
 6.15879388266210E+0000	-1.52595804666616E-0004
 6.16490407177371E+0000	 2.00231298359492E-0004
 6.17108659155808E+0000	 5.61802229082208E-0004
 6.17734657780417E+0000	 9.17346289022672E-0004
 6.18368613841351E+0000	 1.24905473313985E-0003
 6.19010261843295E+0000	 1.53669583807390E-0003
 6.19658698041607E+0000	 1.75924422113199E-0003
 6.20312293628427E+0000	 1.89749994293401E-0003
 6.20968743679500E+0000	 1.93724083246575E-0003
 6.21625278934223E+0000	 1.87207872974399E-0003
 6.22279011715816E+0000	 1.70508208706571E-0003
 6.22927329256609E+0000	 1.44851637232032E-0003
 6.23568218740689E+0000	 1.12173134808729E-0003
 6.24200436850908E+0000	 7.47968342611325E-0004
 6.24823509568037E+0000	 3.51164491146132E-0004
 6.25437612715230E+0000	-4.64615393951709E-0005
 6.26043403560537E+0000	-4.25803474557166E-0004
 6.26641856516943E+0000	-7.71402690351569E-0004
 6.27234128631568E+0000	-1.07142382004448E-0003
 6.27821460463311E+0000	-1.31733588802374E-0003
