-1.87690674065460E-0003	-4.32589962644832E-0005
 4.27159321114047E-0003	 3.66829402518396E-0004
 1.05101705479096E-0002	 7.72296805091537E-0004
 1.68386172267903E-0002	 1.15177261514622E-0003
 2.32507362450737E-0002	 1.48330982034991E-0003
 2.97339218431265E-0002	 1.74657622057925E-0003
 3.62698175240311E-0002	 1.92523304454074E-0003
 4.28360740467683E-0002	 2.00883114503705E-0003
 4.94087475496692E-0002	 1.99364862668760E-0003
 5.59645871737314E-0002	 1.88235788141476E-0003
 6.24826355691229E-0002	 1.68295436695037E-0003
 6.89450859784975E-0002	 1.40756780622585E-0003
 7.53377483957954E-0002	 1.07149174680644E-0003
 8.16504614163299E-0002	 6.92344412289990E-0004
 8.78774770437664E-0002	 2.89111106455072E-0004
 9.40176056803247E-0002	-1.19016000625476E-0004
 1.00073938048061E-0001	-5.13834651091925E-0004
 1.06053163140383E-0001	-8.79108039603860E-0004
 1.11964669051519E-0001	-1.20115651720436E-0003
 1.17819645969525E-0001	-1.46906029799583E-0003
 1.23630342658910E-0001	-1.67457608609950E-0003
 1.29409535900060E-0001	-1.81190177210294E-0003
 1.35170203874634E-0001	-1.87740409313595E-0003
 1.40925359070696E-0001	-1.86938789395643E-0003
 1.46687984785960E-0001	-1.78795240944908E-0003
 1.52471019404685E-0001	-1.63495650259503E-0003
 1.58287334890377E-0001	-1.41410007005625E-0003
 1.64149654661902E-0001	-1.13111815303871E-0003
 1.70070349268318E-0001	-7.94070597572231E-0004
 1.76061039348187E-0001	-4.13684835283043E-0004
 1.82131935489880E-0001	-3.66539677872806E-0006
 1.88290874145151E-0001	 4.19177222299499E-0004
 1.94542090858027E-0001	 8.35182319126572E-0004
 2.00884912849053E-0001	 1.22268805926152E-0003
 2.07312712579537E-0001	 1.55957761431798E-0003
 2.13812545558777E-0001	 1.82539143567286E-0003
 2.20365787729426E-0001	 2.00358395106252E-0003
 2.26949759429114E-0001	 2.08332899906086E-0003
 2.33539914821442E-0001	 2.06039832031080E-0003
 2.40111971995948E-0001	 1.93705033988004E-0003
 2.46643551607244E-0001	 1.72128956802519E-0003
 2.53115318054256E-0001	 1.42594034093780E-0003
 2.59511871082877E-0001	 1.06769927576404E-0003
 2.65822518034718E-0001	 6.66037010806732E-0004
 2.72041781988652E-0001	 2.41821755153967E-0004
 2.78169406088212E-0001	-1.84221085877407E-0004
 2.84209782215701E-0001	-5.92907329008913E-0004
 2.90170972018675E-0001	-9.67575904981002E-0004
 2.96063602003168E-0001	-1.29456223869158E-0003
 3.01899871594987E-0001	-1.56324429293949E-0003
 3.07692798921122E-0001	-1.76582190064979E-0003
 3.13455725898605E-0001	-1.89698636889024E-0003
 3.19202043350135E-0001	-1.95359549391338E-0003
 3.24945073183762E-0001	-1.93442345931435E-0003
 3.30698042232842E-0001	-1.84002019093574E-0003
 3.36474087751225E-0001	-1.67269232854691E-0003
 3.42286239695878E-0001	-1.43660432582596E-0003
 3.48147325915749E-0001	-1.13798776605229E-0003
 3.54069742739386E-0001	-7.85433283586362E-0004
 3.60065029124873E-0001	-3.90215487903439E-0004
 3.66143187974289E-0001	 3.34380785377366E-0005
 3.72311731041040E-0001	 4.68274314025142E-0004
 3.78574502211529E-0001	 8.94321045033932E-0004
 3.84930457977255E-0001	 1.28974700253854E-0003
 3.91372712864946E-0001	 1.63234585895883E-0003
 3.97888208713929E-0001	 1.90151090496664E-0003
 4.04458259012553E-0001	 2.08033525140083E-0003
 4.11059947517960E-0001	 2.15735180028004E-0003
 4.17668050149071E-0001	 2.12754137048200E-0003
 4.24257021870406E-0001	 1.99255777801626E-0003
 4.30802763860874E-0001	 1.76040002631424E-0003
 4.37284175396400E-0001	 1.44475090924639E-0003
 4.43684566754072E-0001	 1.06396822349625E-0003
 4.49992803340258E-0001	 6.39604738077649E-0004
 4.56203866860966E-0001	 1.94524583790541E-0004
 4.62318622322536E-0001	-2.49030733559927E-0004
 4.68342887763476E-0001	-6.70997307860607E-0004
 4.74286142311499E-0001	-1.05441747759611E-0003
 4.80160233356577E-0001	-1.38575279641064E-0003
 4.85978317375098E-0001	-1.65475620893629E-0003
 4.91754117572814E-0001	-1.85411423863271E-0003
 4.97501477859989E-0001	-1.97902901675139E-0003
 5.03234145340759E-0001	-2.02684896552723E-0003
 5.08965702969187E-0001	-1.99680573679561E-0003
 5.14709579903934E-0001	-1.88988073823225E-0003
 5.20479076658987E-0001	-1.70880403403933E-0003
 5.26287349400158E-0001	-1.45817574214243E-0003
 5.32147300817510E-0001	-1.14468945105142E-0003
 5.38071324975820E-0001	-7.77423136468334E-0004
 5.44070854888015E-0001	-3.68140632725331E-0004
 5.50155673425945E-0001	 6.84863625501817E-0005
 5.56332983867519E-0001	 5.14864091473498E-0004
 5.62606306645515E-0001	 9.50823148458381E-0004
 5.68974367194478E-0001	 1.35445714479255E-0003
 5.75430229069526E-0001	 1.70349244722458E-0003
 5.81960948385038E-0001	 1.97707343791972E-0003
 5.88547938243971E-0001	 2.15769116381973E-0003
 5.95168048642205E-0001	 2.23291043937442E-0003
 6.01795176284023E-0001	 2.19662490902697E-0003
 6.08402155960012E-0001	 2.04975254135113E-0003
 6.14962793247828E-0001	 1.80039724985263E-0003
 6.21453990301978E-0001	 1.46341426247524E-0003
 6.27857774059598E-0001	 1.05919680732770E-0003
 6.34162780130999E-0001	 6.11651574776841E-0004
 6.40364742433264E-0001	 1.45722906027721E-0004
 6.46465895976029E-0001	-3.14913837442733E-0004
 6.52473623277910E-0001	-7.49483077363036E-0004
 6.58398851028052E-0001	-1.14090574725015E-0003
 6.64254604824891E-0001	-1.47590659283947E-0003
 6.70054921542036E-0001	-1.74469996666639E-0003
 6.75814146311081E-0001	-1.94050135444301E-0003
 6.81546549715500E-0001	-2.05903466718098E-0003
 6.87266172431080E-0001	-2.09813060631842E-0003
 6.92986807844176E-0001	-2.05745918762248E-0003
 6.98722046223821E-0001	-1.93840832862325E-0003
 7.04485316413515E-0001	-1.74410257435848E-0003
 7.10289869504607E-0001	-1.47954429856044E-0003
 7.16148653929110E-0001	-1.15184857131689E-0003
 7.22074035466132E-0001	-7.70528343221349E-0004
 7.28077323591127E-0001	-3.47766450484978E-0004
 7.34168084339717E-0001	 1.01413645418861E-0004
 7.40353256527464E-0001	 5.59188295849911E-0004
 7.46636144409722E-0001	 1.00529957380070E-0003
 7.53015423708606E-0001	 1.41783084293788E-0003
 7.59484342308393E-0001	 1.77440696455514E-0003
 7.66030296307557E-0001	 2.05374650950498E-0003
 7.72634916591157E-0001	 2.23742215936970E-0003
 7.79274736075064E-0001	 2.31165196304466E-0003
 7.85922457026358E-0001	 2.26894519520914E-0003
 7.92548829265642E-0001	 2.10942066217425E-0003
 7.99125134143562E-0001	 1.84152354642555E-0003
 8.05626079238333E-0001	 1.48172925204427E-0003
 8.12032518416973E-0001	 1.05291999056923E-0003
 8.18333185351543E-0001	 5.81625959124968E-0004
 8.24524934619921E-0001	 9.48960832473957E-0005
 8.30611639285081E-0001	-3.82315125388376E-0004
 8.36602366865309E-0001	-8.28742030985422E-0004
 8.42509490310988E-0001	-1.22738610855321E-0003
 8.48347141692161E-0001	-1.56537856424093E-0003
 8.54130140896441E-0001	-1.83347658085293E-0003
 8.59873359528306E-0001	-2.02545781613214E-0003
 8.65591413461718E-0001	-2.13756993898904E-0003
 8.71298571763208E-0001	-2.16811055868735E-0003
 8.77008786343396E-0001	-2.11716420470779E-0003
 8.82735765362607E-0001	-1.98649707762657E-0003
 8.88493027254126E-0001	-1.77959588364632E-0003
 8.94293881122602E-0001	-1.50182623434444E-0003
 9.00151285933155E-0001	-1.16067416882898E-0003
 9.06077549429684E-0001	-7.66019398970098E-0004
 9.12083842845417E-0001	-3.30372036062557E-0004
 9.18179532783783E-0001	 1.31009158840123E-0004
 9.24371366265649E-0001	 6.00201331856501E-0004
 9.30662580344911E-0001	 1.05697311859001E-0003
 9.37052029174089E-0001	 1.47944681935101E-0003
 9.43533418977901E-0001	 1.84507092026038E-0003
 9.50094728119712E-0001	 2.13190063076220E-0003
 9.56717906477657E-0001	 2.32020552215808E-0003
 9.63379029700059E-0001	 2.39442202944853E-0003
 9.70049201004789E-0001	 2.34536283100233E-0003
 9.76696533067760E-0001	 2.17233412755850E-0003
 9.83289322285178E-0001	 1.88446110651731E-0003
 9.89799935098447E-0001	 1.50038334941984E-0003
 9.96208263392631E-0001	 1.04595454646096E-0003
 1.00250355051587E+0000	 5.50551026836503E-0004
 1.00868416568634E+0000	 4.32708751594589E-0005
 1.01475586207804E+0000	-4.49871914173709E-0004
 1.02072946543859E+0000	-9.07373668444514E-0004
 1.02661874999495E+0000	-1.31251960292634E-0003
 1.03243885268427E+0000	-1.65297665661519E-0003
 1.03820526274333E+0000	-1.92010843792968E-0003
 1.04393327580308E+0000	-2.10827255020700E-0003
 1.04963776928269E+0000	-2.21423158743125E-0003
 1.05533317393676E+0000	-2.23672844286314E-0003
 1.06103354481281E+0000	-2.17623525335591E-0003
 1.06675265747381E+0000	-2.03486615990748E-0003
 1.07250406944700E+0000	-1.81643358090511E-0003
 1.07830109548315E+0000	-1.52661786992882E-0003
 1.08415665334172E+0000	-1.17320760127450E-0003
 1.09008294993189E+0000	-7.66352811059132E-0004
 1.09609099993046E+0000	-3.18761271491481E-0004
 1.10218999962077E+0000	 1.54232779739209E-0004
 1.10838660735695E+0000	 6.34779079265467E-0004
 1.11468418999823E+0000	 1.10281739761547E-0003
 1.12108206780064E+0000	 1.53656814888181E-0003
 1.12757474146336E+0000	 1.91321476981726E-0003
 1.13415106846644E+0000	 2.20987265597377E-0003
 1.14079345265504E+0000	 2.40506162062562E-0003
 1.14747736876465E+0000	 2.48092970311161E-0003
 1.15417187082986E+0000	 2.42623011904558E-0003
 1.16084182445311E+0000	 2.23944582287240E-0003
 1.16745206471721E+0000	 1.93076736895637E-0003
 1.17397251808158E+0000	 1.52157310048415E-0003
 1.18038239156384E+0000	 1.04113554414102E-0003
 1.18667187089182E+0000	 5.21813879613435E-0004
 1.19284119230513E+0000	-5.38164474290289E-0006
 1.19889815581379E+0000	-5.13636657264394E-0004
 1.20485534604041E+0000	-9.81457739623499E-0004
 1.21072784255284E+0000	-1.39258868772880E-0003
 1.21653165763412E+0000	-1.73532687873110E-0003
 1.22228282460115E+0000	-2.00167590005583E-0003
 1.22799695754376E+0000	-2.18656938977510E-0003
 1.23368911085657E+0000	-2.28726255261996E-0003
 1.23937380749055E+0000	-2.30291468393133E-0003
 1.24506514270266E+0000	-2.23435475507745E-0003
 1.25077689508067E+0000	-2.08401056182580E-0003
 1.25652259025273E+0000	-1.85597568169747E-0003
 1.26231547071465E+0000	-1.55618002466959E-0003
 1.26816833461626E+0000	-1.19261703632190E-0003
 1.27409322369757E+0000	-7.75566763882265E-0004
 1.28010096895741E+0000	-3.17747811381534E-0004
 1.28620063604152E+0000	 1.65654993220610E-0004
 1.29239893075101E+0000	 6.57100237389482E-0004
 1.29869960069850E+0000	 1.13689907766493E-0003
 1.30510279133137E+0000	 1.58347074962210E-0003
 1.31160422085723E+0000	 1.97366806052783E-0003
 1.31819402307737E+0000	 2.28338637358772E-0003
 1.32485529344486E+0000	 2.48890591175226E-0003
 1.33156284094018E+0000	 2.56949433793893E-0003
 1.33828325086966E+0000	 2.51138041606628E-0003
 1.34497752521987E+0000	 2.31213297361603E-0003
 1.35160655934355E+0000	 1.98333820257201E-0003
 1.35813775510178E+0000	 1.54961633664628E-0003
 1.36454989937384E+0000	 1.04399711686746E-0003
 1.37083447685927E+0000	 5.01850670730988E-0004
 1.37699382057812E+0000	-4.40951591506422E-0005
 1.38303782135486E+0000	-5.66478511438785E-0004
 1.38898073277252E+0000	-1.04401640495177E-0003
 1.39483879165718E+0000	-1.46102471469748E-0003
 1.40062873323575E+0000	-1.80647024266456E-0003
 1.40636700348641E+0000	-2.07298754799577E-0003
 1.41206942976312E+0000	-2.25605342630079E-0003
 1.41775115896118E+0000	-2.35337526517395E-0003
 1.42342673244731E+0000	-2.36448885361564E-0003
 1.42911021175888E+0000	-2.29054125169233E-0003
 1.43481529538008E+0000	-2.13423041432932E-0003
 1.44055537991903E+0000	-1.89987139118222E-0003
 1.44634352655879E+0000	-1.59355255840215E-0003
 1.45219230412891E+0000	-1.22333386044443E-0003
 1.45811350060783E+0000	-7.99427976798175E-0004
 1.46411772680850E+0000	-3.34306613327799E-0004
 1.47021396826859E+0000	 1.57297876903233E-0004
 1.47640914578231E+0000	 6.58467133995095E-0004
 1.48270768743641E+0000	 1.15015816502383E-0003
 1.48911098893152E+0000	 1.61116249116061E-0003
 1.49561650183361E+0000	 2.01800910201718E-0003
 1.50221616897379E+0000	 2.34515190440355E-0003
 1.50889419698892E+0000	 2.56615354644761E-0003
 1.51562486378083E+0000	 2.65673782233690E-0003
 1.52237202838998E+0000	 2.59998474233392E-0003
 1.52909229831552E+0000	 2.39224866081307E-0003
 1.53574216037904E+0000	 2.04662083048970E-0003
 1.54228634422413E+0000	 1.59125008380102E-0003
 1.54870333684710E+0000	 1.06307803327955E-0003
 1.55498607290500E+0000	 5.00410637416489E-0004
 1.56113900301208E+0000	-6.25041110696709E-0005
 1.56717399150082E+0000	-5.97939022423075E-0004
 1.57310677301970E+0000	-1.08492181004083E-0003
 1.57895454747461E+0000	-1.50835798626667E-0003
 1.58473460672707E+0000	-1.85784583173804E-0003
 1.59046367937217E+0000	-2.12658637509257E-0003
 1.59615770617877E+0000	-2.31052919527695E-0003
 1.60183184480973E+0000	-2.40776868846161E-0003
 1.60750057802148E+0000	-2.41815992778588E-0003
 1.61317784908827E+0000	-2.34311457934599E-0003
 1.61887717527504E+0000	-2.18554055872396E-0003
 1.62461170301674E+0000	-1.94989170933105E-0003
 1.63039417605482E+0000	-1.64229063471037E-0003
 1.63623679896717E+0000	-1.27067963734343E-0003
 1.64215100000735E+0000	-8.44948645983960E-0004
 1.64814712853252E+0000	-3.76998525493778E-0004
 1.65423414863086E+0000	 1.19262360035373E-0004
 1.66041937922529E+0000	 6.27920901883150E-0004
 1.66670824528371E+0000	 1.13092890218211E-0003
 1.67310383996651E+0000	 1.60772171407701E-0003
 1.67960591837203E+0000	 2.03464807129366E-0003
 1.68620889884905E+0000	 2.38466345425938E-0003
 1.69289877318518E+0000	 2.62826893637726E-0003
 1.69964978547254E+0000	 2.73698762545454E-0003
 1.70642318532320E+0000	 2.68992924615440E-0003
 1.71317090210771E+0000	 2.48154855261674E-0003
 1.71984457522063E+0000	 2.12608869536564E-0003
 1.72640592843120E+0000	 1.65510684377440E-0003
 1.73283294226964E+0000	 1.10935878091881E-0003
 1.73911979684531E+0000	 5.29944606638508E-0004
 1.74527279163425E+0000	-4.74876641201711E-0005
 1.75130546116785E+0000	-5.94881689364864E-0004
 1.75723473902472E+0000	-1.09152310572334E-0003
 1.76307856065612E+0000	-1.52279579792911E-0003
 1.76885460723023E+0000	-1.87879492156571E-0003
 1.77457977178521E+0000	-2.15315549166121E-0003
 1.78027002216662E+0000	-2.34218304078983E-0003
 1.78594045453934E+0000	-2.44426153167701E-0003
 1.79160541923300E+0000	-2.45948364890322E-0003
 1.79727865363840E+0000	-2.38945035515656E-0003
 1.80297338474524E+0000	-2.23719622046658E-0003
 1.80870237730420E+0000	-2.00720422472837E-0003
 1.81447791180895E+0000	-1.70547513554259E-0003
 1.82031168766641E+0000	-1.33961395230872E-0003
 1.82621466645196E+0000	-9.18896756286961E-0004
 1.83219689599181E+0000	-4.54298347382340E-0004
 1.83826737222560E+0000	 4.14934330775079E-0005
 1.84443397046910E+0000	 5.53979055485038E-0004
 1.85070337543371E+0000	 1.06650367172234E-0003
 1.85708075196155E+0000	 1.55952785820621E-0003
 1.86356868074622E+0000	 2.00957098527174E-0003
 1.87016478548649E+0000	 2.38834328364236E-0003
 1.87685779622471E+0000	 2.66328028859312E-0003
 1.88362295773381E+0000	 2.80124211897463E-0003
 1.89041969669008E+0000	 2.77638994490821E-0003
 1.89719549249843E+0000	 2.58003137888878E-0003
 1.90389679931405E+0000	 2.22644497915169E-0003
 1.91048168366331E+0000	 1.74983256161379E-0003
 1.91692688445918E+0000	 1.19433932215081E-0003
 1.92322711699739E+0000	 6.03697418528393E-0004
 1.92938990247815E+0000	 1.49949062966420E-0005
 1.93542994215217E+0000	-5.43203414912423E-0004
 1.94136500121903E+0000	-1.05019002113514E-0003
 1.94721350455041E+0000	-1.49156016665784E-0003
 1.95299336846346E+0000	-1.85765839418188E-0003
 1.95872155671401E+0000	-2.14234253407299E-0003
 1.96441400307383E+0000	-2.34210281488201E-0003
 1.97008569133875E+0000	-2.45547653399651E-0003
 1.97575078226809E+0000	-2.48268245341712E-0003
 1.98142273304781E+0000	-2.42540995906175E-0003
 1.98711438396389E+0000	-2.28671341556098E-0003
 1.99283800155191E+0000	-2.07097416198736E-0003
 1.99860527646487E+0000	-1.78389970033426E-0003
 2.00442728420371E+0000	-1.43253416051932E-0003
 2.01031443127591E+0000	-1.02526240566796E-0003
 2.01627642565161E+0000	-5.71812052849957E-0004
 2.02232231492337E+0000	-8.33023066819004E-0005
 2.02846060179735E+0000	 4.27546403551949E-0004
 2.03469934262237E+0000	 9.45870383041627E-0004
 2.04104594419996E+0000	 1.45363039603359E-0003
 2.04750612751307E+0000	 1.92811583420926E-0003
 2.05408135225770E+0000	 2.34048882597784E-0003
 2.06076422373683E+0000	 2.65570653046028E-0003
 2.06753263939760E+0000	 2.83601761951965E-0003
 2.07434596117519E+0000	 2.84972203723463E-0003
 2.08114834135816E+0000	 2.68312544807412E-0003
 2.08788103022300E+0000	 2.34838750671561E-0003
 2.09449743751085E+0000	 1.88066888236866E-0003
 2.10097164693883E+0000	 1.32662188037824E-0003
 2.10729756551899E+0000	 7.32424347053620E-0004
 2.11348288670185E+0000	 1.36846496791017E-0004
 2.11954275496046E+0000	-4.30603471149266E-0004
 2.12549531443433E+0000	-9.48748281084267E-0004
 2.13135922133572E+0000	-1.40295470251553E-0003
 2.13715249525792E+0000	-1.78344500982941E-0003
 2.14289211219089E+0000	-2.08400197528824E-0003
 2.14859394867248E+0000	-2.30106900581445E-0003
 2.15427286212623E+0000	-2.43315793124002E-0003
 2.15994280216157E+0000	-2.48047108164787E-0003
 2.16561690769416E+0000	-2.44466277671240E-0003
 2.17130757572443E+0000	-2.32868608573866E-0003
 2.17702650359329E+0000	-2.13668775836762E-0003
 2.18278471573131E+0000	-1.87392750537804E-0003
 2.18859259299813E+0000	-1.54670950162608E-0003
 2.19445992981609E+0000	-1.16232812391866E-0003
 2.20039604974204E+0000	-7.29052641774008E-0004
 2.20641000504328E+0000	-2.56213235283018E-0004
 2.21251085114366E+0000	 2.45496264255851E-0004
 2.21870789459479E+0000	 7.63332010305492E-0004
 2.22501063768431E+0000	 1.28126159840692E-0003
 2.23142788556075E+0000	 1.77814711341626E-0003
 2.23796523028472E+0000	 2.22575964499322E-0003
 2.24462019281643E+0000	 2.58791977609295E-0003
 2.25137540047961E+0000	 2.82320701291361E-0003
 2.25819297540769E+0000	 2.89370691907280E-0003
 2.26501617947915E+0000	 2.77858462164204E-0003
 2.27178184145844E+0000	 2.48464594779645E-0003
 2.27843762949501E+0000	 2.04512574724377E-0003
 2.28495290772527E+0000	 1.50758122584915E-0003
 2.29131872680715E+0000	 9.20276962495471E-0004
 2.29754140572387E+0000	 3.24048598975283E-0004
 2.30363553653083E+0000	-2.49980301522828E-0004
 2.30961907285465E+0000	-7.79462340955586E-0004
 2.31551061554607E+0000	-1.24891861097468E-0003
 2.32132817173313E+0000	-1.64794699853062E-0003
 2.32708870823565E+0000	-1.96986470256635E-0003
 2.33280806753364E+0000	-2.21077234027172E-0003
 2.33850101750736E+0000	-2.36893371264528E-0003
 2.34418132948884E+0000	-2.44436450874066E-0003
 2.34986184518286E+0000	-2.43854741490189E-0003
 2.35555452676876E+0000	-2.35421668283493E-0003
 2.36127050176965E+0000	-2.19517713750217E-0003
 2.36702012280540E+0000	-1.96614149533041E-0003
 2.37281306547968E+0000	-1.67258705379901E-0003
 2.37865848713987E+0000	-1.32064973964763E-0003
 2.38456526563898E+0000	-9.17093116012646E-0004
 2.39054232703793E+0000	-4.69417535430968E-0004
 2.39659904192665E+0000	 1.37853982783581E-0005
 2.40274559711941E+0000	 5.22081826340683E-0004
 2.40899310097605E+0000	 1.04187781440989E-0003
 2.41535293649402E+0000	 1.55445284895902E-0003
 2.42183457944662E+0000	 2.03360939073548E-0003
 2.42844099033241E+0000	 2.44401667496805E-0003
 2.43516144937610E+0000	 2.74261632785909E-0003
 2.44196430985099E+0000	 2.88614849707841E-0003
 2.44879584662979E+0000	 2.84509395400377E-0003
 2.45559076043211E+0000	 2.61711146066530E-0003
 2.46229055860063E+0000	 2.22934153784061E-0003
 2.46885756786731E+0000	 1.72751479216999E-0003
 2.47527729648698E+0000	 1.16106558698770E-0003
 2.48155256339596E+0000	 5.73180670026736E-0004
 2.48769603423329E+0000	-2.60873839696177E-0006
 2.49372470035626E+0000	-5.41907241957356E-0004
 2.49965673420687E+0000	-1.02760782539757E-0003
 2.50550999656760E+0000	-1.44804908014183E-0003
 2.51130144415036E+0000	-1.79559265778690E-0003
 2.51704695122439E+0000	-2.06562976345399E-0003
 2.52276128951394E+0000	-2.25590722523333E-0003
 2.52845815154494E+0000	-2.36605920619062E-0003
 2.53415017754668E+0000	-2.39725728779966E-0003
 2.53984898389095E+0000	-2.35192090298263E-0003
 2.54556520973613E+0000	-2.23345603097423E-0003
 2.55130860599087E+0000	-2.04601303765826E-0003
 2.55708818997261E+0000	-1.79427469241991E-0003
 2.56291248267955E+0000	-1.48330206741009E-0003
 2.56878983659418E+0000	-1.11848045630919E-0003
 2.57472885109764E+0000	-7.05625246288691E-0004
 2.58073885170829E+0000	-2.51336737221099E-0004
 2.58683035665360E+0000	 2.36266046785748E-0004
 2.59301533725864E+0000	 7.46271160816073E-0004
 2.59930686828546E+0000	 1.26303835511010E-0003
 2.60571746997518E+0000	 1.76372056871489E-0003
 2.61225521346203E+0000	 2.21600452264932E-0003
 2.61891701774204E+0000	 2.57803699558483E-0003
 2.62568053233740E+0000	 2.80368572239875E-0003
 2.63249981552610E+0000	 2.85500711684827E-0003
 2.63931172196514E+0000	 2.71749935432425E-0003
 2.64605302084380E+0000	 2.40729164619481E-0003
 2.65267740192695E+0000	 1.96409715516551E-0003
 2.65916190104225E+0000	 1.43642942489958E-0003
 2.66550312902051E+0000	 8.69530275918257E-0004
 2.67170992803381E+0000	 2.99978609665896E-0004
 2.67779720267407E+0000	-2.44849530728614E-0004
 2.68378212279928E+0000	-7.45312818097051E-0004
 2.68968217429394E+0000	-1.18772636517356E-0003
 2.69551427730182E+0000	-1.56289541007084E-0003
 2.70129442258829E+0000	-1.86504966203519E-0003
 2.70703752710778E+0000	-2.09109130823471E-0003
 2.71275737168770E+0000	-2.24004647693182E-0003
 2.71846657118875E+0000	-2.31263279237503E-0003
 2.72417657162837E+0000	-2.31088568374698E-0003
 2.72989768988462E+0000	-2.23781406000074E-0003
 2.73563921879103E+0000	-2.09708087383846E-0003
 2.74140961741879E+0000	-1.89272487277880E-0003
 2.74721679685594E+0000	-1.62895459491682E-0003
 2.75306850109195E+0000	-1.31005515846943E-0003
 2.75897277374574E+0000	-9.40458980326619E-0004
 2.76493848834323E+0000	-5.25052911898325E-0004
 2.77097588359225E+0000	-6.98300932048613E-0005
 2.77709695720416E+0000	 4.16969652180111E-0004
 2.78331540527087E+0000	 9.23096500311800E-0004
 2.78964554220508E+0000	 1.42991492229462E-0003
 2.79609936961279E+0000	 1.90986941579340E-0003
 2.80268100203623E+0000	 2.32518883437710E-0003
 2.80937881428732E+0000	 2.63051605982900E-0003
 2.81615876438249E+0000	 2.78223962582453E-0003
 2.82296554304901E+0000	 2.75324861519887E-0003
 2.82973535894235E+0000	 2.54457211289509E-0003
 2.83641387012348E+0000	 2.18460668168306E-0003
 2.84296745402607E+0000	 1.71712433418917E-0003
 2.84938352788181E+0000	 1.18783409524068E-0003
 2.85566461554706E+0000	 6.36353371248397E-0004
 2.86182187113586E+0000	 9.37640720058441E-0005
 2.86787051002461E+0000	-4.16836479047360E-0004
 2.87382718689274E+0000	-8.78872346588126E-0004
 2.87970864363186E+0000	-1.28086784330981E-0003
 2.88553103566557E+0000	-1.61532578005318E-0003
 2.89130958383059E+0000	-1.87788619239448E-0003
 2.89705837790667E+0000	-2.06668012605715E-0003
 2.90279026016911E+0000	-2.18180017176780E-0003
 2.90851677031255E+0000	-2.22483419027948E-0003
 2.91424815888208E+0000	-2.19843490361681E-0003
 2.91999348564670E+0000	-2.10592217750079E-0003
 2.92576081704130E+0000	-1.95093453365589E-0003
 2.93155752773219E+0000	-1.73715921693592E-0003
 2.93739070182579E+0000	-1.46817672966399E-0003
 2.94326762303916E+0000	-1.14746273748511E-0003
 2.94919633526958E+0000	-7.78607202251649E-0004
 2.95518622926226E+0000	-3.65841147814580E-0004
 2.96124854543986E+0000	 8.50058352448214E-0005
 2.96739655839093E+0000	 5.64990414658570E-0004
 2.97364501637972E+0000	 1.05993763340442E-0003
 2.98000817440759E+0000	 1.54794829093244E-0003
 2.98649563921422E+0000	 1.99739357324400E-0003
 2.99310574279110E+0000	 2.36732654972598E-0003
 2.99981812063833E+0000	 2.61304980266865E-0003
 3.00659040341497E+0000	 2.69792688162892E-0003
 3.01336462037978E+0000	 2.60685815410038E-0003
 3.02008240862773E+0000	 2.35218875561784E-0003
 3.02669964156158E+0000	 1.96761851132456E-0003
 3.03319222755975E+0000	 1.49580899755620E-0003
 3.03955353895894E+0000	 9.78042590925165E-0004
 3.04578867995895E+0000	 4.49138214790672E-0004
 3.05190938036315E+0000	-6.36691277158037E-0005
 3.05793058602889E+0000	-5.40043067406407E-0004
 3.06386845208925E+0000	-9.65393936230274E-0004
 3.06973920258989E+0000	-1.32979037497647E-0003
 3.07555846674932E+0000	-1.62705440416426E-0003
 3.08134087373146E+0000	-1.85401774461181E-0003
 3.08709980009343E+0000	-2.00988912185182E-0003
 3.09284722657335E+0000	-2.09569070254035E-0003
 3.09859369371766E+0000	-2.11373961610463E-0003
 3.10434836059099E+0000	-2.06716977193168E-0003
 3.11011917319567E+0000	-1.95950595010017E-0003
 3.11591314449566E+0000	-1.79431345054236E-0003
 3.12173674226429E+0000	-1.57495296982645E-0003
 3.12759637773127E+0000	-1.30447779795161E-0003
 3.13349898240587E+0000	-9.85726825895725E-0004
 3.13945263896029E+0000	-6.21693846424195E-0004
 3.14546717927616E+0000	-2.16280182671217E-0004
 3.15155456955990E+0000	 2.24458646849731E-0004
 3.15772876655323E+0000	 6.90512419665879E-0004
 3.16400455647701E+0000	 1.16566293919767E-0003
 3.17039473844589E+0000	 1.62525909840843E-0003
 3.17690513722048E+0000	 2.03522702564203E-0003
 3.18352790952169E+0000	 2.35441643651898E-0003
 3.19023591315763E+0000	 2.54228356331822E-0003
 3.19698311347188E+0000	 2.57087552586616E-0003
 3.20371399292938E+0000	 2.43492429874131E-0003
 3.21037776705435E+0000	 2.15298408169325E-0003
 3.21693883190126E+0000	 1.75943993926286E-0003
 3.22337919826865E+0000	 1.29388371269002E-0003
 3.22969527515885E+0000	 7.93503388381868E-0004
 3.23589312446193E+0000	 2.89610705095377E-0004
 3.24198448492107E+0000	-1.93108831383852E-0004
 3.24798403849809E+0000	-6.36133682074269E-0004
 3.25390765718829E+0000	-1.02627482482479E-0003
 3.25977128780423E+0000	-1.35481117738223E-0003
 3.26559023416609E+0000	-1.61669019968119E-0003
 3.27137869477458E+0000	-1.80980629627355E-0003
 3.27714947843291E+0000	-1.93434552765595E-0003
 3.28291385917133E+0000	-1.99218353587615E-0003
 3.28868155421389E+0000	-1.98633074486181E-0003
 3.29446081965519E+0000	-1.92042860157000E-0003
 3.30025866253807E+0000	-1.79830917727669E-0003
 3.30608117015167E+0000	-1.62363795372470E-0003
 3.31193395953907E+0000	-1.39967101236833E-0003
 3.31782274668011E+0000	-1.12917887458649E-0003
 3.32375401304751E+0000	-8.14618213975097E-0004
 3.32973569678943E+0000	-4.58655770588911E-0004
 3.33577775744875E+0000	-6.51460324306057E-0005
 3.34189236587434E+0000	 3.59380718134365E-0004
 3.34809336006806E+0000	 8.03769319052514E-0004
 3.35439449546064E+0000	 1.25009742860518E-0003
 3.36080600034760E+0000	 1.67203811789774E-0003
 3.36732933487143E+0000	 2.03509491832403E-0003
 3.37395132734200E+0000	 2.30054591707200E-0003
 3.38064089248083E+0000	 2.43393222138935E-0003
 3.38735221851285E+0000	 2.41551004247212E-0003
 3.39403482773796E+0000	 2.24674565641318E-0003
 3.40064529103371E+0000	 1.94868842111928E-0003
 3.40715434003187E+0000	 1.55422502005665E-0003
 3.41354774795571E+0000	 1.09961350788027E-0003
 3.41982347689063E+0000	 6.18742818345954E-0004
 3.42598794617431E+0000	 1.40401346461750E-0004
 3.43205283096597E+0000	-3.12509682221561E-0004
 3.43803268630522E+0000	-7.22794319934247E-0004
 3.44394327724456E+0000	-1.07837048242555E-0003
 3.44980043443063E+0000	-1.37153734228074E-0003
 3.45561928773077E+0000	-1.59822338988554E-0003
 3.46141377125458E+0000	-1.75726733666934E-0003
 3.46719632673620E+0000	-1.84974996262603E-0003
 3.47297775858298E+0000	-1.87837942913967E-0003
 3.47876721379276E+0000	-1.84692725323662E-0003
 3.48457227555210E+0000	-1.75971225927039E-0003
 3.49039917393920E+0000	-1.62113493740513E-0003
 3.49625313100164E+0000	-1.43527944165580E-0003
 3.50213886248039E+0000	-1.20563022211201E-0003
 3.50806123911081E+0000	-9.34990988486795E-0004
 3.51402605548754E+0000	-6.25725771192916E-0004
 3.52004077122284E+0000	-2.80438714657473E-0004
 3.52611500188689E+0000	 9.68429392285083E-0005
 3.53226046504233E+0000	 4.99014622463537E-0004
 3.53849002889217E+0000	 9.13945375802771E-0004
 3.54481548341583E+0000	 1.32265251427389E-0003
 3.55124378327966E+0000	 1.69842765934566E-0003
 3.55777210136697E+0000	 2.00822113848760E-0003
 3.56438332136552E+0000	 2.21755294056806E-0003
 3.57104494530126E+0000	 2.29867337672985E-0003
 3.57771379598505E+0000	 2.23877393347680E-0003
 3.58434527448222E+0000	 2.04362078411561E-0003
 3.59090242328282E+0000	 1.73475930649104E-0003
 3.59736078670651E+0000	 1.34286221471654E-0003
 3.60370873605028E+0000	 9.01116294875488E-0004
 3.60994524064403E+0000	 4.40687654634226E-0004
 3.61607695004757E+0000	-1.16727044509651E-0005
 3.62211551391050E+0000	-4.34541647058596E-0004
 3.62807542224711E+0000	-8.11863459329336E-0004
 3.63397238325225E+0000	-1.13252142407720E-0003
 3.63982216845730E+0000	-1.38969301178543E-0003
 3.64563983021873E+0000	-1.58013919843118E-0003
 3.65143919774024E+0000	-1.70350925515022E-0003
 3.65723257254984E+0000	-1.76169564515494E-0003
 3.66303056504515E+0000	-1.75824397858363E-0003
 3.66884203712419E+0000	-1.69780539291121E-0003
 3.67467414291520E+0000	-1.58561171194297E-0003
 3.68053249028558E+0000	-1.42696223509170E-0003
 3.68642147139964E+0000	-1.22674355053679E-0003
 3.69234481006077E+0000	-9.89060747847808E-0004
 3.69830632442330E+0000	-7.17118562915982E-0004
 3.70431080557750E+0000	-4.13513703489099E-0004
 3.71036480044196E+0000	-8.10526376681786E-0005
 3.71647700909064E+0000	 2.75901831745197E-0004
 3.72265798087342E+0000	 6.49693791845287E-0004
 3.72891880617850E+0000	 1.02754992386147E-0003
 3.73526856922087E+0000	 1.39020089210868E-0003
 3.74171058851539E+0000	 1.71180240966502E-0003
 3.74823815241765E+0000	 1.96222382438332E-0003
 3.75483152324372E+0000	 2.11230212233977E-0003
 3.76145855400353E+0000	 2.14099083325077E-0003
 3.76807992491445E+0000	 2.04130549102821E-0003
 3.77465701466738E+0000	 1.82193551787377E-0003
 3.78115868323272E+0000	 1.50413963968542E-0003
 3.78756462747840E+0000	 1.11630130966226E-0003
 3.79386551488961E+0000	 6.88762296964699E-0004
 3.80006129734427E+0000	 2.50142734412201E-0004
 3.80615890140304E+0000	-1.74806076508824E-0004
 3.81216994940767E+0000	-5.66173320409693E-0004
 3.81810880359353E+0000	-9.09062328321391E-0004
 3.82399103440858E+0000	-1.19327875504995E-0003
 3.82983230658329E+0000	-1.41277184770656E-0003
 3.83564761747920E+0000	-1.56499230983947E-0003
 3.84145079992928E+0000	-1.65026169007010E-0003
 3.84725420446387E+0000	-1.67119316038803E-0003
 3.85306849340275E+0000	-1.63216277420195E-0003
 3.85890250797637E+0000	-1.53880211589384E-0003
 3.86476321013978E+0000	-1.39747087927603E-0003
 3.87065574934176E+0000	-1.21468286563428E-0003
 3.87658374194888E+0000	-9.96513639609946E-0004
 3.88254984179384E+0000	-7.48106523576249E-0004
 3.88855659541118E+0000	-4.73474036486009E-0004
 3.89460742953649E+0000	-1.75800569417325E-0004
 3.90070747889670E+0000	 1.41646234544969E-0004
 3.90686390116854E+0000	 4.74062009780317E-0004
 3.91308535844650E+0000	 8.13360986422662E-0004
 3.91938043940605E+0000	 1.14656066879442E-0003
 3.92575496439526E+0000	 1.45490280979542E-0003
 3.93220847315287E+0000	 1.71450016165746E-0003
 3.93873085386809E+0000	 1.89923496291952E-0003
 3.94530078444306E+0000	 1.98588455621005E-0003
 3.95188756259980E+0000	 1.95996146576078E-0003
 3.95845629901349E+0000	 1.81964795204618E-0003
 3.96497431707977E+0000	 1.57599415947650E-0003
 3.97141607848968E+0000	 1.24982786536569E-0003
 3.97776541558048E+0000	 8.67343228393739E-0004
 3.98401549147481E+0000	 4.56071675996277E-0004
 3.99016746616777E+0000	 4.19364708847400E-0005
 3.99622864456805E+0000	-3.52575705230050E-0004
 4.00221057226794E+0000	-7.09321584016302E-0004
 4.00812733855408E+0000	-1.01472784900613E-0003
 4.01399420950900E+0000	-1.25957517819389E-0003
 4.01982661297545E+0000	-1.43854593669135E-0003
 4.02563943013600E+0000	-1.54968861079198E-0003
 4.03144651552230E+0000	-1.59389227505258E-0003
 4.03726036097456E+0000	-1.57440936814507E-0003
 4.04309183198760E+0000	-1.49641838918385E-0003
 4.04894993580004E+0000	-1.36658117846323E-0003
 4.05484163206176E+0000	-1.19253052465380E-0003
 4.06077176341046E+0000	-9.82242062705806E-0004
 4.06674323628243E+0000	-7.43318883899625E-0004
 4.07275757017701E+0000	-4.82338921860193E-0004
 4.07881581601187E+0000	-2.04522655456341E-0004
 4.08491964682983E+0000	 8.60193758273320E-0005
 4.09107224954539E+0000	 3.85348040213212E-0004
 4.09727859874345E+0000	 6.88197497528946E-0004
 4.10354479013479E+0000	 9.86280031270481E-0004
 4.10987629962489E+0000	 1.26692307007901E-0003
 4.11627529951659E+0000	 1.51268196832469E-0003
 4.12273757371423E+0000	 1.70258691454574E-0003
 4.12925012270454E+0000	 1.81537149447569E-0003
 4.13579086907020E+0000	 1.83415139831465E-0003
 4.14233129647319E+0000	 1.75087695886888E-0003
 4.14884129762949E+0000	 1.56855234688515E-0003
 4.15529419677731E+0000	 1.30039782685186E-0003
 4.16167013822587E+0000	 9.66848073876072E-0004
 4.16795735909132E+0000	 5.91966300092836E-0004
 4.17415188362963E+0000	 2.00360730339654E-0004
 4.18025636866510E+0000	-1.85041132244255E-0004
 4.18627861466971E+0000	-5.44396852974880E-0004
 4.19223004499213E+0000	-8.61677877237459E-0004
 4.19812433089610E+0000	-1.12488624768676E-0003
 4.20397625696251E+0000	-1.32592406427690E-0003
 4.20980085247835E+0000	-1.46026783617458E-0003
 4.21561276068335E+0000	-1.52656946713177E-0003
 4.22142578412035E+0000	-1.52626363048058E-0003
 4.22725253046010E+0000	-1.46321518836890E-0003
 4.23310408800156E+0000	-1.34339346026307E-0003
 4.23898968763685E+0000	-1.17451592037023E-0003
 4.24491636548954E+0000	-9.65575084999564E-0004
 4.25088872401281E+0000	-7.26176498888873E-0004
 4.25690896445580E+0000	-4.65702903279140E-0004
 4.26297736091660E+0000	-1.92475056304284E-0004
 4.26909320500631E+0000	 8.67739661540939E-0005
 4.27525599738608E+0000	 3.66782849540028E-0004
 4.28146643754738E+0000	 6.42868372783585E-0004
 4.28772671750062E+0000	 9.09437689318768E-0004
 4.29403978978502E+0000	 1.15837877525302E-0003
 4.30040757377964E+0000	 1.37795935332423E-0003
 4.30682842227665E+0000	 1.55288293546782E-0003
 4.31329459016687E+0000	 1.66598294370255E-0003
 4.31979082231746E+0000	 1.70152580821299E-0003
 4.32629511740262E+0000	 1.64921524110124E-0003
 4.33278184081246E+0000	 1.50726206663867E-0003
 4.33922603334987E+0000	 1.28315150140369E-0003
 4.34560715260075E+0000	 9.92037384218854E-0004
 4.35191114330372E+0000	 6.53872637890083E-0004
 4.35813085573193E+0000	 2.90523013280939E-0004
 4.36426542902568E+0000	-7.64825747822438E-0005
 4.37031922422367E+0000	-4.27473071153963E-0004
 4.37630064362233E+0000	-7.45564962450229E-0004
 4.38222099100240E+0000	-1.01715308294317E-0003
 4.38809344711013E+0000	-1.23207959182905E-0003
 4.39393220175445E+0000	-1.38357754931381E-0003
 4.39975175743901E+0000	-1.46807809681753E-0003
 4.40556639010796E+0000	-1.48496030322423E-0003
 4.41138972513120E+0000	-1.43630250442914E-0003
 4.41723436706059E+0000	-1.32666237824272E-0003
 4.42311151626099E+0000	-1.16287036364640E-0003
 4.42903052517506E+0000	-9.53770778114854E-0004
 4.43499840588977E+0000	-7.09803085580190E-0004
 4.44101940086754E+0000	-4.42318812125672E-0004
 4.44709483277442E+0000	-1.62623004119389E-0004
 4.45322346831671E+0000	 1.19080207984946E-0004
 4.45940247398696E+0000	 3.94459958333595E-0004
 4.46562872637566E+0000	 6.57134283731223E-0004
 4.47189994669349E+0000	 9.01867625363965E-0004
 4.47821507614390E+0000	 1.12311951610365E-0003
 4.48457355174808E+0000	 1.31353075795311E-0003
 4.49097355521933E+0000	 1.46307181393817E-0003
 4.49740974758009E+0000	 1.55947300612951E-0003
 4.50387138271405E+0000	 1.59019803035353E-0003
 4.51034184027030E+0000	 1.54557279078628E-0003
 4.51680021245948E+0000	 1.42192208782043E-0003
 4.52322455996978E+0000	 1.22329158619411E-0003
 4.52959548758463E+0000	 9.61023950275794E-0004
 4.53589865924997E+0000	 6.51662279491741E-0004
 4.54212573718426E+0000	 3.14330083054936E-0004
 4.54827410047795E+0000	-3.14888228685215E-0005
 4.55434598116278E+0000	-3.67452885108251E-0004
 4.56034748108821E+0000	-6.77251409977414E-0004
 4.56628766700325E+0000	-9.47096532533936E-0004
 4.57217777841700E+0000	-1.16598220392973E-0003
 4.57803053268278E+0000	-1.32579515872189E-0003
 4.58385951596901E+0000	-1.42131953995233E-0003
 4.58967865810077E+0000	-1.45016798381048E-0003
 4.59550178435838E+0000	-1.41267570787164E-0003
 4.60134221946236E+0000	-1.31179249830374E-0003
 4.60721239674527E+0000	-1.15299077018792E-0003
 4.61312341074669E+0000	-9.44171189614921E-0004
 4.61908446224708E+0000	-6.95491852509438E-0004
 4.62510220436155E+0000	-4.18990642715827E-0004
 4.63118011717072E+0000	-1.27859909808310E-0004
 4.63731817696414E+0000	 1.64667132336152E-0004
 4.64351313118073E+0000	 4.46625139874204E-0004
 4.64975951154652E+0000	 7.08365244120521E-0004
 4.65605112286368E+0000	 9.42824622607772E-0004
 4.66238237151583E+0000	 1.14479051604468E-0003
 4.66874875044874E+0000	 1.30945656344622E-0003
 4.67514614998144E+0000	 1.43099209541140E-0003
 4.68156921103397E+0000	 1.50192706912030E-0003
 4.68800942776477E+0000	 1.51388480690048E-0003
 4.69445397408658E+0000	 1.45965050354834E-0003
 4.70088609400323E+0000	 1.33586573445025E-0003
 4.70728721388472E+0000	 1.14512978564424E-0003
 4.71363997275797E+0000	 8.96468151985779E-0004
 4.71993086634190E+0000	 6.04042391783938E-0004
 4.72615160617006E+0000	 2.84900983796014E-0004
 4.73229915819089E+0000	-4.32152583055853E-0005
 4.73837499375067E+0000	-3.63430450640738E-0004
 4.74438412443146E+0000	-6.60597481265066E-0004
 4.75033424903691E+0000	-9.21687606054142E-0004
 4.75623509764564E+0000	-1.13594989521969E-0003
 4.76209792769094E+0000	-1.29499483083711E-0003
 4.76793509995195E+0000	-1.39286142996421E-0003
 4.77375968607846E+0000	-1.42607371902996E-0003
 4.77958508842425E+0000	-1.39368003602879E-0003
 4.78542466504598E+0000	-1.29727730969231E-0003
 4.79129134457518E+0000	-1.14103126905457E-0003
 4.79719719447897E+0000	-9.31697127025208E-0004
 4.80315288631984E+0000	-6.78612973492150E-0004
 4.80916700772148E+0000	-3.93577239430434E-0004
 4.81524523657323E+0000	-9.04521605283517E-0005
 4.82138953752921E+0000	 2.15682443075549E-0004
 4.82759771651926E+0000	 5.09878052222803E-0004
 4.83386372559998E+0000	 7.78925044844573E-0004
 4.84017887433482E+0000	 1.01264620166646E-0003
 4.84653359659708E+0000	 1.20424912373358E-0003
 4.85291898293054E+0000	 1.34952141159388E-0003
 4.85932731505720E+0000	 1.44531284763438E-0003
 4.86575136278801E+0000	 1.48818610245362E-0003
 4.87218287457660E+0000	 1.47405565727130E-0003
 4.87861114546301E+0000	 1.39915165242997E-0003
 4.88502259209322E+0000	 1.26196810903500E-0003
 4.89140182586528E+0000	 1.06526091973648E-0003
 4.89773390720158E+0000	 8.17026525886333E-0004
 4.90400677701886E+0000	 5.29940520340685E-0004
 4.91021285000366E+0000	 2.19616601571981E-0004
 4.91634938502079E+0000	-9.74408965433826E-0005
 4.92241792088544E+0000	-4.05460214256778E-0004
 4.92842332509154E+0000	-6.90341167072340E-0004
 4.93437288519650E+0000	-9.40025427610753E-0004
 4.94027563312709E+0000	-1.14455022364343E-0003
 4.94614190641341E+0000	-1.29600524249403E-0003
 4.95198306236081E+0000	-1.38851829063566E-0003
 4.95781125014961E+0000	-1.41830837400294E-0003
 4.96363917353834E+0000	-1.38379351209683E-0003
 4.96947981021383E+0000	-1.28572499506478E-0003
 4.97534607336757E+0000	-1.12732579498165E-0003
 4.98125040061979E+0000	-9.14420516580060E-0004
 4.98720423894363E+0000	-6.55540450956665E-0004
 4.99321737656121E+0000	-3.61954803677964E-0004
 4.99929708486664E+0000	-4.75123714071674E-0005
 5.00544711940818E+0000	 2.71897319015017E-0004
 5.01166681034994E+0000	 5.79456789624762E-0004
 5.01795067502894E+0000	 8.59117288710404E-0004
 5.02428900009955E+0000	 1.09750153034491E-0003
 5.03066946938970E+0000	 1.28527363408761E-0003
 5.03707927235373E+0000	 1.41730163319174E-0003
 5.04350671988189E+0000	 1.49156034706358E-0003
 5.04994163880974E+0000	 1.50748215237866E-0003
 5.05637455805275E+0000	 1.46476614413478E-0003
 5.06279539324807E+0000	 1.36332774722314E-0003
 5.06919258714782E+0000	 1.20438759871662E-0003
 5.07555339235035E+0000	 9.92042466887679E-0004
 5.08186532644002E+0000	 7.34362427780609E-0004
 5.08811813861173E+0000	 4.43328417159946E-0004
 5.09430537273735E+0000	 1.33619936650187E-0004
 5.10042496259189E+0000	-1.79135133152107E-0004
 5.10647889661590E+0000	-4.79938391239040E-0004
 5.11247236861131E+0000	-7.55434479764473E-0004
 5.11841285134796E+0000	-9.94343396302265E-0004
 5.12430935530049E+0000	-1.18750103128828E-0003
 5.13017194885000E+0000	-1.32773150966988E-0003
 5.13601149711013E+0000	-1.40971938038962E-0003
 5.14183952625777E+0000	-1.42997153629578E-0003
 5.14766811751125E+0000	-1.38689187195901E-0003
 5.15350975687513E+0000	-1.28094880457234E-0003
 5.15937709430149E+0000	-1.11489716336349E-0003
 5.16528258558955E+0000	-8.94013827021693E-0004
 5.17123799572611E+0000	-6.26308252040989E-0004
 5.17725373543004E+0000	-3.22658947049703E-0004
 5.18333799910400E+0000	 3.21118783491562E-0006
 5.18949570939115E+0000	 3.35077066224505E-0004
 5.19572740058776E+0000	 6.55086480548035E-0004
 5.20202839362057E+0000	 9.45321263532706E-0004
 5.20838879098313E+0000	 1.18989709439376E-0003
 5.21479467821375E+0000	 1.37698281432329E-0003
 5.22123032734019E+0000	 1.49986093624381E-0003
 5.22768050711825E+0000	 1.55651497254486E-0003
 5.23413185719852E+0000	 1.54808657082079E-0003
 5.24057289017959E+0000	 1.47720593359613E-0003
 5.24699304912811E+0000	 1.34714309419996E-0003
 5.25338173300333E+0000	 1.16209246388702E-0003
 5.25972808700573E+0000	 9.28183080070723E-0004
 5.26602180588562E+0000	 6.54409279660051E-0004
 5.27225456082716E+0000	 3.52782651563138E-0004
 5.27842132009741E+0000	 3.75214218244233E-0005
 5.28452098517065E+0000	-2.76353117885074E-0004
 5.29055622246945E+0000	-5.74427348302688E-0004
 5.29653275673186E+0000	-8.43896037399757E-0004
 5.30245850117213E+0000	-1.07404590771534E-0003
 5.30834279849712E+0000	-1.25633553814421E-0003
 5.31419589166820E+0000	-1.38425862415985E-0003
 5.32002862604972E+0000	-1.45315724352728E-0003
 5.32585232080529E+0000	-1.46009829909614E-0003
 5.33167872246927E+0000	-1.40387111323368E-0003
 5.33751995243692E+0000	-1.28511775142088E-0003
 5.34338837244811E+0000	-1.10657295955928E-0003
 5.34929631012650E+0000	-8.73367533677488E-0004
 5.35525560387073E+0000	-5.93334264194447E-0004
 5.36127693939254E+0000	-2.77242161704106E-0004
 5.36736896235748E+0000	 6.11386494885765E-0005
 5.37353718145868E+0000	 4.05282464989581E-0004
 5.37978276359481E+0000	 7.36657172908822E-0004
 5.38610150243999E+0000	 1.03616020429223E-0003
 5.39248345450746E+0000	 1.28622327659774E-0003
 5.39891375096163E+0000	 1.47312925216250E-0003
 5.40537465512889E+0000	 1.58866811991335E-0003
 5.41184817931025E+0000	 1.63035748880077E-0003
 5.41831813417929E+0000	 1.60021559971340E-0003
 5.42477085184337E+0000	 1.50293227010761E-0003
 5.43119471149555E+0000	 1.34450395608878E-0003
 5.43757926578542E+0000	 1.13188502176212E-0003
 5.44391480359374E+0000	 8.73458456889782E-0004
 5.45019271909028E+0000	 5.79662380840379E-0004
 5.45640647163396E+0000	 2.63127561583052E-0004
 5.46255257670237E+0000	-6.19223394299276E-0005
 5.46863112500367E+0000	-3.80791592133982E-0004
 5.47464566136936E+0000	-6.79507541505233E-0004
 5.48060258422022E+0000	-9.45721973866275E-0004
 5.48651036071623E+0000	-1.16918337130584E-0003
 5.49237880313400E+0000	-1.34184171144623E-0003
 5.49821853213900E+0000	-1.45773212727611E-0003
 5.50404065035752E+0000	-1.51278222232014E-0003
 5.50985658963698E+0000	-1.50465171385853E-0003
 5.51567806661287E+0000	-1.43267339139521E-0003
 5.52151706850979E+0000	-1.29792924506836E-0003
 5.52738578692091E+0000	-1.10346337809710E-0003
 5.53329642013186E+0000	-8.54601708129559E-0004
 5.53926077502288E+0000	-5.59316802994737E-0004
 5.54528961888981E+0000	-2.28544377428208E-0004
 5.55139176235231E+0000	 1.23674633286988E-0004
 5.55757290466311E+0000	 4.80386385208600E-0004
 5.56383436088462E+0000	 8.22438011312058E-0004
 5.57017193981280E+0000	 1.12988008538497E-0003
 5.57657542663661E+0000	 1.38406379460436E-0003
 5.58302918168550E+0000	 1.57006512805224E-0003
 5.58951404314591E+0000	 1.67863653650192E-0003
 5.59601001920725E+0000	 1.70683951012403E-0003
 5.60249869510340E+0000	 1.65713287773698E-0003
 5.60896445427654E+0000	 1.53558134081929E-0003
 5.61539442676374E+0000	 1.35023975550521E-0003
 5.62177782489078E+0000	 1.11038852614600E-0003
 5.62810547502522E+0000	 8.26571125797282E-0004
 5.63436995920476E+0000	 5.10888782158731E-0004
 5.64056624242686E+0000	 1.76985878052248E-0004
 5.64669234665637E+0000	-1.60508779171412E-0004
 5.65274966754918E+0000	-4.86934056166846E-0004
 5.65874279059490E+0000	-7.88598758100000E-0004
 5.66467892364560E+0000	-1.05354181696470E-0003
 5.67056717759855E+0000	-1.27193470908874E-0003
 5.67641789760735E+0000	-1.43616921048009E-0003
 5.68224215453224E+0000	-1.54074886914268E-0003
 5.68805142140599E+0000	-1.58210645875998E-0003
 5.69385740833371E+0000	-1.55844177937037E-0003
 5.69967200485889E+0000	-1.46964325173243E-0003
 5.70550726628919E+0000	-1.31733167211383E-0003
 5.71137537023943E+0000	-1.10504158358949E-0003
 5.71728846062810E+0000	-8.38528128427400E-0004
 5.72325829358877E+0000	-5.26150345872241E-0004
 5.72929561166284E+0000	-1.79235310685273E-0004
 5.73540920921975E+0000	 1.87723662358103E-0004
 5.74160472297244E+0000	 5.57225261876505E-0004
 5.74788329353655E+0000	 9.09480269008114E-0004
 5.75424039495333E+0000	 1.22384782186260E-0003
 5.76066528175617E+0000	 1.48096649115186E-0003
 5.76714153267782E+0000	 1.66521881559092E-0003
 5.77364888087933E+0000	 1.76678295714582E-0003
 5.78016589136442E+0000	 1.78245490845668E-0003
 5.78667249561043E+0000	 1.71495226182810E-0003
 5.79315148028686E+0000	 1.57124337311678E-0003
 5.79958874844770E+0000	 1.36087991359159E-0003
 5.80597290010229E+0000	 1.09501781518528E-0003
 5.81229486614981E+0000	 7.86146196400537E-0004
 5.81854798474940E+0000	 4.48070332265539E-0004
 5.82472842351835E+0000	 9.56730740597235E-0005
 5.83083558691680E+0000	-2.55721370452870E-0004
 5.83687220118248E+0000	-5.91235989132927E-0004
 5.84284399551827E+0000	-8.97301483364327E-0004
 5.84875909930855E+0000	-1.16227089493771E-0003
 5.85462735032890E+0000	-1.37671763469626E-0003
 5.86045967471692E+0000	-1.53346839408242E-0003
 5.86626762163400E+0000	-1.62747695321936E-0003
 5.87206306636960E+0000	-1.65564422161614E-0003
 5.87785805418931E+0000	-1.61666446049191E-0003
 5.88366473866429E+0000	-1.51095069514144E-0003
 5.88949535951315E+0000	-1.34067231207155E-0003
 5.89536219578667E+0000	-1.10992170067899E-0003
 5.90127741746107E+0000	-8.25006032737027E-0004
 5.90725274712184E+0000	-4.94826271479146E-0004
 5.91329884554774E+0000	-1.31253947860618E-0004
 5.91942436797606E+0000	 2.50648199095476E-0004
 5.92563471889090E+0000	 6.32773887389567E-0004
 5.93193066834586E+0000	 9.94717054098701E-0004
 5.93830716085364E+0000	 1.31526375640666E-0003
 5.94475278317659E+0000	 1.57457434432576E-0003
 5.95125033877020E+0000	 1.75666008731446E-0003
 5.95777866771545E+0000	 1.85142926804633E-0003
 5.96431527528518E+0000	 1.85555382355825E-0003
 5.97083885438123E+0000	 1.77189980272268E-0003
 5.97733087508642E+0000	 1.60801088417688E-0003
 5.98377606242903E+0000	 1.37452181008965E-0003
 5.99016223453677E+0000	 1.08411441419928E-0003
 5.99648013036645E+0000	 7.51033945135176E-0004
 6.00272353433329E+0000	 3.90779101139550E-0004
 6.00888958214289E+0000	 1.95955970153013E-0005
 6.01497894175306E+0000	-3.46312028393306E-0004
 6.02099565750293E+0000	-6.91676254240590E-0004
 6.02694665600743E+0000	-1.00292814247345E-0003
 6.03284106186983E+0000	-1.26867490956657E-0003
 6.03868950056032E+0000	-1.47987778580176E-0003
 6.04450351379943E+0000	-1.62980563499785E-0003
 6.05029514005399E+0000	-1.71386974802547E-0003
 6.05607665627604E+0000	-1.72943384604191E-0003
 6.06186044589319E+0000	-1.67566663203082E-0003
 6.06765894567490E+0000	-1.55347919020225E-0003
 6.07348461931689E+0000	-1.36557197181425E-0003
 6.07934989920269E+0000	-1.11660322891682E-0003
 6.08526702594453E+0000	-8.13474438910965E-0004
 6.09124770157275E+0000	-4.65698507159892E-0004
 6.09730246917193E+0000	-8.57660205499244E-0005
 6.10343976037687E+0000	 3.10644138645977E-0004
 6.10966463573565E+0000	 7.04829801067069E-0004
 6.11597739033443E+0000	 1.07584402954616E-0003
 6.12237237710502E+0000	 1.40203449926794E-0003
 6.12883752429136E+0000	 1.66325449066041E-0003
 6.13535496255945E+0000	 1.84331510524309E-0003
 6.14190283807559E+0000	 1.93197010093306E-0003
 6.14845785423678E+0000	 1.92576565645202E-0003
 6.15499769994337E+0000	 1.82757044574985E-0003
 6.16150265297786E+0000	 1.64525147585600E-0003
 6.16795623473479E+0000	 1.39025657294935E-0003
 6.17434533374163E+0000	 1.07659309697641E-0003
 6.18066029708033E+0000	 7.20174781648581E-0004
 6.18689517215283E+0000	 3.38209915864893E-0004
 6.19304793655669E+0000	-5.16120793496684E-0005
 6.19912046182550E+0000	-4.32104401503704E-0004
 6.20511810477913E+0000	-7.87519258650178E-0004
 6.21104901608863E+0000	-1.10422860506850E-0003
 6.21692335140850E+0000	-1.37106801901042E-0003
 6.22275255148844E+0000	-1.57938673430635E-0003
 6.22854878438978E+0000	-1.72290912764158E-0003
 6.23432457156537E+0000	-1.79751796465089E-0003
 6.24009257366699E+0000	-1.80104549902729E-0003
 6.24586549088333E+0000	-1.73312853480734E-0003
 6.25165602661637E+0000	-1.59515942547435E-0003
 6.25747686218365E+0000	-1.39034901212656E-0003
 6.26334058653407E+0000	-1.12390610310155E-0003
 6.26925951545681E+0000	-8.03323762171890E-0004
 6.27524532247492E+0000	-4.38735760636149E-0004
