-3.54831091984141E-0004	-2.11735675352002E-0003
 5.36622296654814E-0003	-2.00867183831528E-0003
 1.11122932351832E-0002	-1.82121681776898E-0003
 1.68974459794557E-0002	-1.55904127335412E-0003
 2.27357749098021E-0002	-1.22841548654017E-0003
 2.86411859855060E-0002	-8.38243800949665E-0004
 3.46269345781983E-0002	-4.00555733958918E-0004
 4.07048130911516E-0002	 6.90333076284150E-0005
 4.68839242645622E-0002	 5.51092192591237E-0004
 5.31690965854980E-0002	 1.02266352147810E-0003
 5.95592153716723E-0002	 1.45836109895268E-0003
 6.60459748062992E-0002	 1.83237242564184E-0003
 7.26136034713112E-0002	 2.12107357535825E-0003
 7.92398087224555E-0002	 2.30560098859365E-0003
 8.58976592335341E-0002	 2.37373444871533E-0003
 9.25578305259330E-0002	 2.32087870662459E-0003
 9.91908401295886E-0002	 2.15034900155170E-0003
 1.05769269629908E-0001	 1.87313472081206E-0003
 1.12269986480872E-0001	 1.50700263849570E-0003
 1.18676037755616E-0001	 1.07474886411227E-0003
 1.24977692382692E-0001	 6.01777751165186E-0004
 1.31172357349307E-0001	 1.13577309811780E-0004
 1.37263551236501E-0001	-3.66312211651548E-0004
 1.43259401830889E-0001	-8.17535326763051E-0004
 1.49171124372470E-0001	-1.22339807770403E-0003
 1.55011760347716E-0001	-1.57080546609754E-0003
 1.60795272238627E-0001	-1.84990871380306E-0003
 1.66535972213566E-0001	-2.05365567398597E-0003
 1.72248213673928E-0001	-2.17736514812952E-0003
 1.77946267447611E-0001	-2.21838910508342E-0003
 1.83644314402601E-0001	-2.17589233967429E-0003
 1.89356498243610E-0001	-2.05076216111495E-0003
 1.95096989051029E-0001	-1.84565401611932E-0003
 2.00880006839344E-0001	-1.56517564575429E-0003
 2.06719744511190E-0001	-1.21620553373446E-0003
 2.12630113411326E-0001	-8.08322854966852E-0004
 2.18624220641933E-0001	-3.54286645253688E-0004
 2.24713494442786E-0001	 1.29564066975668E-0004
 2.30906432805565E-0001	 6.23199105500445E-0004
 2.37207088060563E-0001	 1.10333699946778E-0003
 2.43613597345255E-0001	 1.54463857516841E-0003
 2.50117212162616E-0001	 1.92162449368573E-0003
 2.56702196550350E-0001	 2.21095860171315E-0003
 2.63346611784447E-0001	 2.39357497263220E-0003
 2.70023658454659E-0001	 2.45633938069128E-0003
 2.76703289419603E-0001	 2.39333302302569E-0003
 2.83354204175404E-0001	 2.20691150579941E-0003
 2.89946504875400E-0001	 1.90824939794669E-0003
 2.96454816135440E-0001	 1.51669333203100E-0003
 3.02860981092897E-0001	 1.05757663937861E-0003
 3.09155376340977E-0001	 5.59004664418650E-0004
 3.15336566015645E-0001	 4.86559298060595E-0005
 3.21409771560836E-0001	-4.48555189899383E-0004
 3.27384911702814E-0001	-9.11690130015739E-0004
 3.33274796829183E-0001	-1.32406838341304E-0003
 3.39093751519530E-0001	-1.67298104170097E-0003
 3.44856702425629E-0001	-1.94915576032862E-0003
 3.50578653375974E-0001	-2.14618444887209E-0003
 3.56274439914671E-0001	-2.26002721887766E-0003
 3.61958665902623E-0001	-2.28864269580038E-0003
 3.67645745540286E-0001	-2.23176179408202E-0003
 3.73349991075201E-0001	-2.09080845025121E-0003
 3.79085694531437E-0001	-1.86896647231533E-0003
 3.84867150245911E-0001	-1.57138850077135E-0003
 3.90708555369007E-0001	-1.20553377118400E-0003
 3.96623712686812E-0001	-7.81598278123097E-0004
 4.02625455578033E-0001	-3.12957456859601E-0004
 4.08724739383350E-0001	 1.83521276766395E-0004
 4.14929422296432E-0001	 6.87498959838896E-0004
 4.21242898693894E-0001	 1.17572555601695E-0003
 4.27662895052881E-0001	 1.62323069248340E-0003
 4.34180765181052E-0001	 2.00499762235528E-0003
 4.40781421005714E-0001	 2.29776982760710E-0003
 4.47443715868947E-0001	 2.48171050399988E-0003
 4.54141018934125E-0001	 2.54200556291072E-0003
 4.60842125595332E-0001	 2.47075363558725E-0003
 4.67513177906843E-0001	 2.26909503223553E-0003
 4.74121099256585E-0001	 1.94863999258377E-0003
 4.80637928057810E-0001	 1.53089452217834E-0003
 4.87044396558872E-0001	 1.04430603002402E-0003
 4.93331353785056E-0001	 5.20006211699515E-0004
 4.99498919309369E-0001	-1.21064893838899E-0005
 5.05554294802785E-0001	-5.25909459305026E-0004
 5.11509309098257E-0001	-1.00011442123198E-0003
 5.17378361858544E-0001	-1.41826867637898E-0003
 5.23176981240081E-0001	-1.76820841276606E-0003
 5.28920947050978E-0001	-2.04133789627777E-0003
 5.34625838336953E-0001	-2.23194562295852E-0003
 5.40306863326832E-0001	-2.33665249805765E-0003
 5.45978859546116E-0001	-2.35402308039253E-0003
 5.51656382494954E-0001	-2.28434265902148E-0003
 5.57353821830924E-0001	-2.12955378934039E-0003
 5.63085492660657E-0001	-1.89334381176756E-0003
 5.68865648014678E-0001	-1.58137123758516E-0003
 5.74708350763511E-0001	-1.20160672979127E-0003
 5.80627136660602E-0001	-7.64737748300096E-0004
 5.86634408520367E-0001	-2.84542563525120E-0004
 5.92740544145335E-0001	 2.21911203564542E-0004
 5.98952791376048E-0001	 7.34414308763422E-0004
 6.05274142568890E-0001	 1.23023020878072E-0003
 6.11702445732373E-0001	 1.68513940590480E-0003
 6.18229907062091E-0001	 2.07468628412964E-0003
 6.24842863453303E-0001	 2.37537741268704E-0003
 6.31521498027601E-0001	 2.56588969139229E-0003
 6.38239423014719E-0001	 2.62881304070355E-0003
 6.44963831594290E-0001	 2.55347399054751E-0003
 6.51657534685031E-0001	 2.33944676618668E-0003
 6.58283551834079E-0001	 1.99896070072254E-0003
 6.64810984145580E-0001	 1.55618480539129E-0003
 6.71219521453613E-0001	 1.04314898043540E-0003
 6.77500770240175E-0001	 4.94221179728403E-0004
 6.83656673010735E-0001	-5.85263391790614E-0005
 6.89696544825885E-0001	-5.87941870298259E-0004
 6.95634121547109E-0001	-1.07258279942046E-0003
 7.01485300750261E-0001	-1.49637445578835E-0003
 7.07266683448978E-0001	-1.84778852811897E-0003
 7.12994764691895E-0001	-2.11894540328276E-0003
 7.18685569033579E-0001	-2.30483450285296E-0003
 7.24354559645753E-0001	-2.40272112893238E-0003
 7.30016698656604E-0001	-2.41174894973292E-0003
 7.35686575050524E-0001	-2.33272573436553E-0003
 7.41378539494264E-0001	-2.16807542977170E-0003
 7.47106794620151E-0001	-1.92193918286070E-0003
 7.52885388952175E-0001	-1.60040321165931E-0003
 7.58728059132912E-0001	-1.21181682870059E-0003
 7.64647868081518E-0001	-7.67136549295087E-0004
 7.70656610008669E-0001	-2.80195986075042E-0004
 7.76764010131703E-0001	 2.32225788740826E-0004
 7.82976833718057E-0001	 7.50646402686645E-0004
 7.89298089184064E-0001	 1.25344179438287E-0003
 7.95726470378915E-0001	 1.71757294931957E-0003
 8.02255966211875E-0001	 2.11922952481988E-0003
 8.08875271054414E-0001	 2.43432202910676E-0003
 8.15566590713027E-0001	 2.63927146208081E-0003
 8.22304030399633E-0001	 2.71306222740517E-0003
 8.29052905027307E-0001	 2.64128698150177E-0003
 8.35772024812418E-0001	 2.42135348441964E-0003
 8.42419782798791E-0001	 2.06601046214805E-0003
 8.48961888794262E-0001	 1.60232599001033E-0003
 8.55376864776973E-0001	 1.06617222273516E-0003
 8.61657110671374E-0001	 4.95250912547079E-0004
 8.67806410930882E-0001	-7.62437756654866E-0005
 8.73836126692557E-0001	-6.20235252344900E-0004
 8.79761763524933E-0001	-1.11520820473275E-0003
 8.85600550493650E-0001	-1.54549851679371E-0003
 8.91369997131017E-0001	-1.90020140414307E-0003
 8.97087165957815E-0001	-2.17211228757853E-0003
 9.02768397717158E-0001	-2.35686625094176E-0003
 9.08429294137216E-0001	-2.45231404646648E-0003
 9.14084829006796E-0001	-2.45812099876533E-0003
 9.19749503696821E-0001	-2.37556089726938E-0003
 9.25437488353727E-0001	-2.20747647920181E-0003
 9.31162700482766E-0001	-1.95837853099299E-0003
 9.36938775520875E-0001	-1.63464993615952E-0003
 9.42778887650503E-0001	-1.24480588869852E-0003
 9.48695393972587E-0001	-7.99738579231410E-0004
 9.54699311908119E-0001	-3.12854486669867E-0004
 9.60799700629132E-0001	 1.99981529861634E-0004
 9.67003079112258E-0001	 7.20717992611762E-0004
 9.73313013181776E-0001	 1.22949822858173E-0003
 9.79729862556674E-0001	 1.70491536475919E-0003
 9.86250389032595E-0001	 2.12393325922725E-0003
 9.92866660543450E-0001	 2.46162273805837E-0003
 9.99563805469019E-0001	 2.69153463393831E-0003
 1.00631704978840E+0000	 2.78810362846334E-0003
 1.01309001501279E+0000	 2.73205295703424E-0003
 1.01983718714941E+0000	 2.51757597105688E-0003
 1.02651167457594E+0000	 2.15725291600192E-0003
 1.03307510818216E+0000	 1.68076409236642E-0003
 1.03950430227453E+0000	 1.12776856476667E-0003
 1.04579204466202E+0000	 5.39317262002679E-0004
 1.05194362087733E+0000	-4.82365179822053E-0005
 1.05797213127642E+0000	-6.05822724037353E-0004
 1.06389458217466E+0000	-1.11174734397131E-0003
 1.06972931172233E+0000	-1.55062379469776E-0003
 1.07549456210117E+0000	-1.91202772846538E-0003
 1.08120782565485E+0000	-2.18929101751128E-0003
 1.08688564716226E+0000	-2.37856936069823E-0003
 1.09254366587806E+0000	-2.47819082142093E-0003
 1.09819676255939E+0000	-2.48824918492332E-0003
 1.10385922814596E+0000	-2.41039826959206E-0003
 1.10954489859072E+0000	-2.24780602625376E-0003
 1.11526721387031E+0000	-2.00522844299837E-0003
 1.12103916767997E+0000	-1.68915791031958E-0003
 1.12687312714288E+0000	-1.30798883320252E-0003
 1.13278052795633E+0000	-8.72131366712050E-0004
 1.13877149379252E+0000	-3.94007438133725E-0004
 1.14485447874734E+0000	 1.12095854646810E-0004
 1.15103605115904E+0000	 6.30245942282505E-0004
 1.15732086520977E+0000	 1.14296125488076E-0003
 1.16371165638724E+0000	 1.63091782375179E-0003
 1.17020878675047E+0000	 2.07213185180203E-0003
 1.17680864073028E+0000	 2.44094552593811E-0003
 1.18350037159003E+0000	 2.70790934188835E-0003
 1.19026153805078E+0000	 2.84233962528583E-0003
 1.19705509905351E+0000	 2.81891463972053E-0003
 1.20383163064111E+0000	 2.62696949921500E-0003
 1.21053854662866E+0000	 2.27728987378755E-0003
 1.21713239546863E+0000	 1.80102914571468E-0003
 1.22358711325584E+0000	 1.24110761888621E-0003
 1.22989483513066E+0000	 6.41865245410252E-0004
 1.23606153899251E+0000	 4.20191837546026E-0005
 1.24210148140287E+0000	-5.28043960540312E-0004
 1.24803277034017E+0000	-1.04609756330074E-0003
 1.25387459085251E+0000	-1.49669532775820E-0003
 1.25964575026467E+0000	-1.86959543016257E-0003
 1.26536406313371E+0000	-2.15841551480615E-0003
 1.27104620268580E+0000	-2.35962783848314E-0003
 1.27670777948216E+0000	-2.47187445412135E-0003
 1.28236350547654E+0000	-2.49554474948303E-0003
 1.28802736033113E+0000	-2.43255488972807E-0003
 1.29371270924167E+0000	-2.28627411328265E-0003
 1.29943234019211E+0000	-2.06154568225087E-0003
 1.30519840422226E+0000	-1.76474802518520E-0003
 1.31102226380607E+0000	-1.40383768039812E-0003
 1.31691428688848E+0000	-9.88319958687441E-0004
 1.32288366344828E+0000	-5.29121356638324E-0004
 1.32893834729201E+0000	-3.84040788372259E-0005
 1.33508519961865E+0000	 4.70535027442575E-0004
 1.34133028997757E+0000	 9.83040601726627E-0004
 1.34767908054168E+0000	 1.48229800498010E-0003
 1.35413593244606E+0000	 1.94788628189847E-0003
 1.36070217143050E+0000	 2.35408767614412E-0003
 1.36737211561656E+0000	 2.66914563589240E-0003
 1.37412747802610E+0000	 2.85751443424828E-0003
 1.38093274532573E+0000	 2.88701860830865E-0003
 1.38773625704024E+0000	 2.74002309591495E-0003
 1.39448001560731E+0000	 2.42272569652007E-0003
 1.40111431815553E+0000	 1.96537888912636E-0003
 1.40760832836220E+0000	 1.41288367802926E-0003
 1.41395169303594E+0000	 8.12619068887996E-0004
 1.42014968606449E+0000	 2.06032215587767E-0004
 1.42621679802629E+0000	-3.74564842744327E-0004
 1.43217168498195E+0000	-9.05777381784082E-0004
 1.43803407343238E+0000	-1.37153160063103E-0003
 1.44382318406166E+0000	-1.76129680141598E-0003
 1.44955708961559E+0000	-2.06860102772780E-0003
 1.45525257058004E+0000	-2.28994212504153E-0003
 1.46092519909857E+0000	-2.42405358089254E-0003
 1.46658949758558E+0000	-2.47144749682540E-0003
 1.47225908748805E+0000	-2.43415728653093E-0003
 1.47794678321401E+0000	-2.31561097272371E-0003
 1.48366461176199E+0000	-2.12057241672198E-0003
 1.48942376126643E+0000	-1.85509203003934E-0003
 1.49523448842018E+0000	-1.52641618112174E-0003
 1.50110604589389E+0000	-1.14282600795228E-0003
 1.50704671625519E+0000	-7.13422855280777E-0004
 1.51306403603620E+0000	-2.47952218203383E-0004
 1.51916523402539E+0000	 2.43155131552715E-0004
 1.52535777251725E+0000	 7.48287376015692E-0004
 1.53164967505822E+0000	 1.25348982704939E-0003
 1.53804908509121E+0000	 1.74060009450788E-0003
 1.54456230417067E+0000	 2.18504508149514E-0003
 1.55118960523138E+0000	 2.55438980376742E-0003
 1.55791889157122E+0000	 2.80970879017723E-0003
 1.56471941320000E+0000	 2.91223690148113E-0003
 1.57154061392004E+0000	 2.83548744568965E-0003
 1.57832082319598E+0000	 2.57736028851754E-0003
 1.58500339045066E+0000	 2.16332659129391E-0003
 1.59155033808599E+0000	 1.63776826819172E-0003
 1.59794615452787E+0000	 1.05030545256424E-0003
 1.60419329281736E+0000	 4.45457089746317E-0004
 1.61030509692643E+0000	-1.41713913570488E-0004
 1.61629998344541E+0000	-6.85741195409511E-0004
 1.62219782683900E+0000	-1.16911781971853E-0003
 1.62801810473544E+0000	-1.58036697766284E-0003
 1.63377912364059E+0000	-1.91241596978782E-0003
 1.63949781174187E+0000	-2.16140289300628E-0003
 1.64518976515863E+0000	-2.32586799687970E-0003
 1.65086937387741E+0000	-2.40623584845410E-0003
 1.65654993764079E+0000	-2.40449480245727E-0003
 1.66224373183490E+0000	-2.32399181819808E-0003
 1.66796201668199E+0000	-2.16927283361702E-0003
 1.67371501092954E+0000	-1.94591210662855E-0003
 1.67951187829907E+0000	-1.66029405677211E-0003
 1.68536079799483E+0000	-1.31934603607000E-0003
 1.69126919758689E+0000	-9.30274510034129E-0004
 1.69724420007911E+0000	-5.00424118879543E-0004
 1.70329326325946E+0000	-3.74386409703180E-0005
 1.70942486815797E+0000	 4.50073836573851E-0004
 1.71564895639528E+0000	 9.51209183743652E-0004
 1.72197663541613E+0000	 1.45073855426864E-0003
 1.72841848472593E+0000	 1.92664036178764E-0003
 1.73498071443240E+0000	 2.34802847133009E-0003
 1.74165884884669E+0000	 2.67527714136017E-0003
 1.74843030582720E+0000	 2.86501184610105E-0003
 1.75525037423079E+0000	 2.88151284646086E-0003
 1.76205762900621E+0000	 2.71091099098502E-0003
 1.76878946184459E+0000	 2.36880794253779E-0003
 1.77539879553172E+0000	 1.89487546963921E-0003
 1.78186175047301E+0000	 1.33897212037199E-0003
 1.78817505274077E+0000	 7.48534484793013E-0004
 1.79434888712622E+0000	 1.62173104424124E-0004
 1.80040025371614E+0000	-3.91502060640231E-0004
 1.80634858494516E+0000	-8.92535264634796E-0004
 1.81221338781544E+0000	-1.32765873443877E-0003
 1.81801318179029E+0000	-1.68854102822136E-0003
 1.82376512998690E+0000	-1.97046941137373E-0003
 1.82948498693488E+0000	-2.17143662091897E-0003
 1.83518715562729E+0000	-2.29153114978036E-0003
 1.84088475151844E+0000	-2.33252498689832E-0003
 1.84658963443946E+0000	-2.29756672109553E-0003
 1.85231241098453E+0000	-2.19090663120895E-0003
 1.85806244104485E+0000	-2.01760302554322E-0003
 1.86384790590496E+0000	-1.78318975445450E-0003
 1.86967600722008E+0000	-1.49332719090390E-0003
 1.87555335642404E+0000	-1.15351113590654E-0003
 1.88148657334736E+0000	-7.68964886589193E-0004
 1.88748304031907E+0000	-3.44871255065157E-0004
 1.89355166391911E+0000	 1.12901039572325E-0004
 1.89970339124365E+0000	 5.96462782217641E-0004
 1.90595110546850E+0000	 1.09393233094044E-0003
 1.91230836919141E+0000	 1.58697103443545E-0003
 1.91878632830931E+0000	 2.04836152041740E-0003
 1.92538818771805E+0000	 2.44094881832980E-0003
 1.93210169399073E+0000	 2.72032661496901E-0003
 1.93889271430521E+0000	 2.84373884091144E-0003
 1.94570592514581E+0000	 2.78427323716691E-0003
 1.95247665669006E+0000	 2.54284149919983E-0003
 1.95914879448484E+0000	 2.14866601754572E-0003
 1.96568730987218E+0000	 1.64791424026882E-0003
 1.97207974124865E+0000	 1.08950146132220E-0003
 1.97833033686569E+0000	 5.15840889109821E-0004
 1.98445289844176E+0000	-4.03273508014649E-0005
 1.99046544617485E+0000	-5.55471469756311E-0004
 1.99638708810183E+0000	-1.01352242165889E-0003
 2.00223645664381E+0000	-1.40407463209080E-0003
 2.00803103582705E+0000	-1.72094600848303E-0003
 2.01378692178423E+0000	-1.96113563106147E-0003
 2.01951875798546E+0000	-2.12409203662668E-0003
 2.02523971777239E+0000	-2.21118223278831E-0003
 2.03096148733447E+0000	-2.22526354221299E-0003
 2.03669425355485E+0000	-2.17028372770269E-0003
 2.04244673535487E+0000	-2.05086502634145E-0003
 2.04822631721662E+0000	-1.87186572245180E-0003
 2.05403934570701E+0000	-1.63795815966966E-0003
 2.05989162805385E+0000	-1.35330819701499E-0003
 2.06578912446802E+0000	-1.02147528580029E-0003
 2.07173876101278E+0000	-6.45661412136531E-0004
 2.07774922235366E+0000	-2.29417501367535E-0004
 2.08383152179739E+0000	 2.22123125208471E-0004
 2.08999907605804E+0000	 7.00465055760341E-0004
 2.09626690173919E+0000	 1.19149305182192E-0003
 2.10264938928687E+0000	 1.67302487900298E-0003
 2.10915601816285E+0000	 2.11298935465305E-0003
 2.11578479262256E+0000	 2.46997429769035E-0003
 2.12251487764200E+0000	 2.69868289242169E-0003
 2.12930293823203E+0000	 2.76157608272889E-0003
 2.13608889523055E+0000	 2.64284060693432E-0003
 2.14281128492479E+0000	 2.35556525718063E-0003
 2.14942335904416E+0000	 1.93634228664479E-0003
 2.15590038388085E+0000	 1.43199604830625E-0003
 2.16223729851293E+0000	 8.87645406241299E-0004
 2.16844215035100E+0000	 3.40562230188512E-0004
 2.17452996098561E+0000	-1.81145324983279E-0004
 2.18051860966605E+0000	-6.57514720591421E-0004
 2.18642651734639E+0000	-1.07509809265856E-0003
 2.19227147790145E+0000	-1.42546656744804E-0003
 2.19807010364788E+0000	-1.70404248559384E-0003
 2.20383755893526E+0000	-1.90922830866292E-0003
 2.20958741239934E+0000	-2.04173762294846E-0003
 2.21533153927189E+0000	-2.10403242396893E-0003
 2.22108006888761E+0000	-2.09979253680498E-0003
 2.22684141258192E+0000	-2.03337623962926E-0003
 2.23262242721161E+0000	-1.90927314716438E-0003
 2.23842876687736E+0000	-1.73159709534469E-0003
 2.24426544706569E+0000	-1.50370851224504E-0003
 2.25013759487436E+0000	-1.22807879406348E-0003
 2.25605129984824E+0000	-9.06503205205917E-0004
 2.26201443049215E+0000	-5.40736433747826E-0004
 2.26803725008531E+0000	-1.33583147464033E-0004
 2.27413263725730E+0000	 3.09558322946461E-0004
 2.28031565642248E+0000	 7.78736784280058E-0004
 2.28660210027363E+0000	 1.25721010629031E-0003
 2.29300547663222E+0000	 1.71935693220612E-0003
 2.29953195913727E+0000	 2.12980539773226E-0003
 2.30617361844186E+0000	 2.44574135672415E-0003
 2.31290239123326E+0000	 2.62453249759880E-0003
 2.31966978050264E+0000	 2.63623540790519E-0003
 2.32641619234274E+0000	 2.47511945065910E-0003
 2.33308661687266E+0000	 2.16202635435892E-0003
 2.33964316051005E+0000	 1.73588408189391E-0003
 2.34606837405757E+0000	 1.24120725241885E-0003
 2.35236136609178E+0000	 7.18827263666185E-0004
 2.35853177853997E+0000	 2.01818268554312E-0004
 2.36459478185984E+0000	-2.85019334171612E-0004
 2.37056781648777E+0000	-7.24147263446121E-0004
 2.37646871026765E+0000	-1.10394065106153E-0003
 2.38231463990788E+0000	-1.41746837814970E-0003
 2.38812154775771E+0000	-1.66150037242587E-0003
 2.39390378817041E+0000	-1.83570060312865E-0003
 2.39967389574022E+0000	-1.94192920598437E-0003
 2.40544244593529E+0000	-1.98358422617707E-0003
 2.41121802934226E+0000	-1.96494107007711E-0003
 2.41700738800250E+0000	-1.89048894167770E-0003
 2.42281576334733E+0000	-1.76431187350373E-0003
 2.42864747697291E+0000	-1.58960534757748E-0003
 2.43450671268802E+0000	-1.36844145157270E-0003
 2.44039840774203E+0000	-1.10188378890119E-0003
 2.44632911601726E+0000	-7.90511056895874E-0004
 2.45230768975300E+0000	-4.35356376866013E-0004
 2.45834562823223E+0000	-3.92334328641672E-0005
 2.46445692747549E+0000	 3.91594281473719E-0004
 2.47065719627644E+0000	 8.45473446233272E-0004
 2.47696167492196E+0000	 1.30335162261479E-0003
 2.48338169522019E+0000	 1.73726006708166E-0003
 2.48991935553773E+0000	 2.11052010400238E-0003
 2.49656129526935E+0000	 2.38156999481942E-0003
 2.50327462582814E+0000	 2.51274138630416E-0003
 2.51000953893160E+0000	 2.48199916589193E-0003
 2.51671021798632E+0000	 2.29122064073059E-0003
 2.52332884683603E+0000	 1.96510308113878E-0003
 2.52983463829164E+0000	 1.54192986164856E-0003
 2.53621485166262E+0000	 1.06290624499955E-0003
 2.54247074639184E+0000	 5.65061642917025E-0004
 2.54861248681370E+0000	 7.83208328521911E-0005
 2.55465505597016E+0000	-3.74819920408068E-0004
 2.56061552095247E+0000	-7.78512549926600E-0004
 2.56651133212335E+0000	-1.12249523191481E-0003
 2.57235927624817E+0000	-1.40107077930303E-0003
 2.57817481192234E+0000	-1.61220134678289E-0003
 2.58397162897927E+0000	-1.75669807425346E-0003
 2.58976136014208E+0000	-1.83745620690114E-0003
 2.59555343634389E+0000	-1.85869298018893E-0003
 2.60135511929472E+0000	-1.82517561682330E-0003
 2.60717176130781E+0000	-1.74147326746984E-0003
 2.61300732589463E+0000	-1.61131721535608E-0003
 2.61886515282256E+0000	-1.43718800597831E-0003
 2.62474888311213E+0000	-1.22024610135892E-0003
 2.63066340148177E+0000	-9.60678687141838E-0004
 2.63661563182616E+0000	-6.58468370339751E-0004
 2.64261503677173E+0000	-3.14533866645931E-0004
 2.64867369552048E+0000	 6.78286627478645E-0005
 2.65480582146548E+0000	 4.81274786910618E-0004
 2.66102650510326E+0000	 9.12617210030390E-0004
 2.66734935456738E+0000	 1.34117726142024E-0003
 2.67378269574732E+0000	 1.73794874431892E-0003
 2.68032441738486E+0000	 2.06684265052250E-0003
 2.68695681442258E+0000	 2.28958526317351E-0003
 2.69364460274410E+0000	 2.37464047776851E-0003
 2.70033952035771E+0000	 2.30716750927927E-0003
 2.70699118028847E+0000	 2.09421561755922E-0003
 2.71355859123840E+0000	 1.76169533334360E-0003
 2.72001641927904E+0000	 1.34578142337175E-0003
 2.72635493576681E+0000	 8.84251236705252E-0004
 2.73257646745115E+0000	 4.10950507438001E-0004
 2.73869124501083E+0000	-4.65799381142049E-0005
 2.74471400054304E+0000	-4.67520448262004E-0004
 2.75066153856155E+0000	-8.37276121376038E-0004
 2.75655109248247E+0000	-1.14665364203020E-0003
 2.76239922621513E+0000	-1.39097385152864E-0003
 2.76822109282714E+0000	-1.56921102041223E-0003
 2.77402992973798E+0000	-1.68316665035924E-0003
 2.77983673392245E+0000	-1.73665158696472E-0003
 2.78565011680914E+0000	-1.73465088481582E-0003
 2.79147637904449E+0000	-1.68247613523910E-0003
 2.79731985689876E+0000	-1.58496182028158E-0003
 2.80318356296328E+0000	-1.44581689443291E-0003
 2.80907007590375E+0000	-1.26727137244816E-0003
 2.81498255257873E+0000	-1.05013576311046E-0003
 2.82092568091704E+0000	-7.94320150525173E-0004
 2.82690639053968E+0000	-4.99773701963798E-0004
 2.83293417893169E+0000	-1.67748473426686E-0004
 2.83902094904833E+0000	 1.97719167645431E-0004
 2.84518024329346E+0000	 5.88210079814910E-0004
 2.85142568777930E+0000	 9.89354982274758E-0004
 2.85776838767615E+0000	 1.37963662935690E-0003
 2.86421311244690E+0000	 1.73028695863753E-0003
 2.87075368346789E+0000	 2.00744582368390E-0003
 2.87736921207015E+0000	 2.17763553871511E-0003
 2.88402403076432E+0000	 2.21601355889393E-0003
 2.89067335259703E+0000	 2.11405326424166E-0003
 2.89727300413747E+0000	 1.88218328633397E-0003
 2.90378831075048E+0000	 1.54597070133247E-0003
 2.91019832751238E+0000	 1.13881152962191E-0003
 2.91649543434750E+0000	 6.95118754539125E-0004
 2.92268251388857E+0000	 2.45918784467628E-0004
 2.92876965231966E+0000	-1.83254189155797E-0004
 2.93477126995035E+0000	-5.72953569745223E-0004
 2.94070390614892E+0000	-9.09588731734134E-0004
 2.94658460898441E+0000	-1.18479991651143E-0003
 2.95242980146984E+0000	-1.39468291828297E-0003
 2.95825449185930E+0000	-1.53897994172464E-0003
 2.96407172512234E+0000	-1.62026974075331E-0003
 2.96989222182967E+0000	-1.64314391331206E-0003
 2.97572420656356E+0000	-1.61334765780205E-0003
 2.98157347378720E+0000	-1.53689267421208E-0003
 2.98744375326219E+0000	-1.41920924437238E-0003
 2.99333740096841E+0000	-1.26446945085083E-0003
 2.99925635667461E+0000	-1.07524491457031E-0003
 3.00520321042207E+0000	-8.52628237708244E-0004
 3.01118216059587E+0000	-5.96852689833862E-0004
 3.01719965737801E+0000	-3.08337564288748E-0004
 3.02326458660057E+0000	 1.09782157872980E-0005
 3.02938790286877E+0000	 3.56160492837189E-0004
 3.03558162043110E+0000	 7.17804293324118E-0004
 3.04185702167837E+0000	 1.08076079878147E-0003
 3.04822193257875E+0000	 1.42346627408080E-0003
 3.05467712636993E+0000	 1.71859509264636E-0003
 3.06121257085074E+0000	 1.93596084043584E-0003
 3.06780524341320E+0000	 2.04808030100910E-0003
 3.07442067089925E+0000	 2.03714441999287E-0003
 3.08101885778992E+0000	 1.90026672048544E-0003
 3.08756230896107E+0000	 1.65014419793665E-0003
 3.09402242354124E+0000	 1.31117013384626E-0003
 3.10038221497680E+0000	 9.13620524958958E-0004
 3.10663586332246E+0000	 4.88485492103599E-0004
 3.11278662869450E+0000	 6.39794742346892E-0005
 3.11884431337364E+0000	-3.36363174793208E-0004
 3.12482287575385E+0000	-6.94434232306993E-0004
 3.13073844004584E+0000	-9.97544349623526E-0004
 3.13660776132551E+0000	-1.23798221187571E-0003
 3.14244710188391E+0000	-1.41236874866889E-0003
 3.14827142582484E+0000	-1.52094026497905E-0003
 3.15409381909657E+0000	-1.56680934171230E-0003
 3.15992508001860E+0000	-1.55519428296258E-0003
 3.16577348325201E+0000	-1.49258909226142E-0003
 3.17164477530545E+0000	-1.38587280133894E-0003
 3.17754248281260E+0000	-1.24142432997320E-0003
 3.18346857826814E+0000	-1.06438961340350E-0003
 3.18942444841174E+0000	-8.58291967520030E-0004
 3.19541198869766E+0000	-6.25140266612479E-0004
 3.20143457163912E+0000	-3.66075093449149E-0004
 3.20749764955858E+0000	-8.24595500117693E-0005
 3.21360883000178E+0000	 2.22762851009676E-0004
 3.21977733740396E+0000	 5.43639355655959E-0004
 3.22601279906159E+0000	 8.69907270462074E-0004
 3.23232328741446E+0000	 1.18608649173046E-0003
 3.23871261977767E+0000	 1.47140312326748E-0003
 3.24517722648359E+0000	 1.70117944369614E-0003
 3.25170352787718E+0000	 1.85023887091922E-0003
 3.25826736834583E+0000	 1.89807527608366E-0003
 3.26483675190773E+0000	 1.83411919634869E-0003
 3.27137741137444E+0000	 1.66064396024850E-0003
 3.27785887541234E+0000	 1.39198490561497E-0003
 3.28425864294506E+0000	 1.05096787515307E-0003
 3.29056371591275E+0000	 6.64549449506362E-0004
 3.29677016386560E+0000	 2.60097385187353E-0004
 3.30288166445160E+0000	-1.37254012444816E-0004
 3.30890764942131E+0000	-5.06241689390320E-0004
 3.31486141669376E+0000	-8.30279303341136E-0004
 3.32075843438696E+0000	-1.09762608965793E-0003
 3.32661495677461E+0000	-1.30113348512208E-0003
 3.33244696675854E+0000	-1.43776541569535E-0003
 3.33826938590677E+0000	-1.50802524421724E-0003
 3.34409547181668E+0000	-1.51534324922979E-0003
 3.34993634911989E+0000	-1.46541416405877E-0003
 3.35580067796545E+0000	-1.36544615345485E-0003
 3.36169452791361E+0000	-1.22330412983205E-0003
 3.36762156134043E+0000	-1.04660259268477E-0003
 3.37358360099133E+0000	-8.41900605308060E-0004
 3.37958154787169E+0000	-6.14216657050238E-0004
 3.38561646883166E+0000	-3.67053990974378E-0004
 3.39169057075101E+0000	-1.02999218697176E-0004
 3.39780778069602E+0000	 1.75207011072276E-0004
 3.40397374183654E+0000	 4.63344195198437E-0004
 3.41019513964793E+0000	 7.54387114830487E-0004
 3.41647833908807E+0000	 1.03744915125988E-0003
 3.42282736856349E+0000	 1.29731580003314E-0003
 3.42924143847595E+0000	 1.51499687664943E-0003
 3.43571253840445E+0000	 1.66974211839462E-0003
 3.44222412728977E+0000	 1.74260144600995E-0003
 3.44875203533233E+0000	 1.72072498743309E-0003
 3.45526786801344E+0000	 1.60071431801513E-0003
 3.46174373604103E+0000	 1.38949938123595E-0003
 3.46815637876386E+0000	 1.10262493250798E-0003
 3.47448947495998E+0000	 7.61178827285112E-0004
 3.48073421910463E+0000	 3.88711028846422E-0004
 3.48688884628981E+0000	 8.76161901808834E-0006
 3.49295764053248E+0000	-3.56965505443278E-0004
 3.49894967661124E+0000	-6.89871495136983E-0004
 3.50487744879657E+0000	-9.75214298690665E-0004
 3.51075554428334E+0000	-1.20239444087312E-0003
 3.51659948820015E+0000	-1.36488632910363E-0003
 3.52242480785519E+0000	-1.45995524291026E-0003
 3.52824628844553E+0000	-1.48827087984719E-0003
 3.53407735849923E+0000	-1.45346533595894E-0003
 3.53992955788804E+0000	-1.36162085588598E-0003
 3.54581209405078E+0000	-1.22063782145239E-0003
 3.55173156177902E+0000	-1.03944715336672E-0003
 3.55769195225731E+0000	-8.27103518374098E-0004
 3.56369506110206E+0000	-5.91907412388292E-0004
 3.56974129549321E+0000	-3.40794319122576E-0004
 3.57583071074437E+0000	-7.92209188913046E-0005
 3.58196397106391E+0000	 1.88354963245450E-0004
 3.58814291236887E+0000	 4.57499550346485E-0004
 3.59437048578819E+0000	 7.22587297601094E-0004
 3.60065000308079E+0000	 9.75663088892632E-0004
 3.60698372748697E+0000	 1.20571305074680E-0003
 3.61337097686769E+0000	 1.39869005224521E-0003
 3.61980611398626E+0000	 1.53863497057838E-0003
 3.62627710874812E+0000	 1.61005080165354E-0003
 3.63276554578053E+0000	 1.60115436900189E-0003
 3.63924859609975E+0000	 1.50691461763151E-0003
 3.64570247990507E+0000	 1.33054635683684E-0003
 3.65210604028196E+0000	 1.08287131361556E-0003
 3.65844313233513E+0000	 7.80163545092185E-0004
 3.66470349276936E+0000	 4.41661439410180E-0004
 3.67088258942096E+0000	 8.75376319364248E-0005
 3.67698106372661E+0000	-2.62556496416457E-0004
 3.68300405169897E+0000	-5.90571323065032E-0004
 3.68896040714380E+0000	-8.80901617537358E-0004
 3.69486182008061E+0000	-1.12099051757472E-0003
 3.70072189333282E+0000	-1.30166472803954E-0003
 3.70655526900702E+0000	-1.41722539515808E-0003
 3.71237685888742E+0000	-1.46536785802215E-0003
 3.71820117384023E+0000	-1.44700283348584E-0003
 3.72404171083370E+0000	-1.36601023646591E-0003
 3.72991036073078E+0000	-1.22890271160632E-0003
 3.73581684564133E+0000	-1.04433776601693E-0003
 3.74176826692945E+0000	-8.22422508334292E-0004
 3.74776890911137E+0000	-5.73823524669803E-0004
 3.75382044623377E+0000	-3.08817180578826E-0004
 3.75992259252275E+0000	-3.65317323519326E-0005
 3.76607405007789E+0000	 2.35351230266892E-0004
 3.77227343643273E+0000	 5.00301920780889E-0004
 3.77851983624124E+0000	 7.52145910155795E-0004
 3.78481273517613E+0000	 9.84052485425142E-0004
 3.79115128220494E+0000	 1.18767821797667E-0003
 3.79753300733452E+0000	 1.35282649111957E-0003
 3.80395229197551E+0000	 1.46792628019007E-0003
 3.81039908557003E+0000	 1.52149773609877E-0003
 3.81685852214668E+0000	 1.50444873542833E-0003
 3.82331197193977E+0000	 1.41253789336536E-0003
 3.82973946973374E+0000	 1.24798022008645E-0003
 3.83612266563282E+0000	 1.01943587370536E-0003
 3.84244713345404E+0000	 7.40489283350029E-0004
 3.84870337827490E+0000	 4.27492306814084E-0004
 3.85488671920178E+0000	 9.76893253856995E-0005
 3.86099666983623E+0000	-2.31994517870248E-0004
 3.86703631658049E+0000	-5.45646663194788E-0004
 3.87301183933043E+0000	-8.28846926954137E-0004
 3.87893208732637E+0000	-1.06911053153133E-0003
 3.88480810419713E+0000	-1.25630178787898E-0003
 3.89065257904182E+0000	-1.38295991316752E-0003
 3.89647926126472E+0000	-1.44450510533185E-0003
 3.90230237700618E+0000	-1.43933884494067E-0003
 3.90813605042132E+0000	-1.36886775033779E-0003
 3.91399370262313E+0000	-1.23745760182099E-0003
 3.91988740063524E+0000	-1.05227992849181E-0003
 3.92582716895530E+0000	-8.22973926991029E-0004
 3.93182035187347E+0000	-5.61043720908175E-0004
 3.93787119380084E+0000	-2.78975827037349E-0004
 3.94398082545355E+0000	 1.08036985280268E-0005
 3.95014774507445E+0000	 2.96868782938287E-0004
 3.95636867513650E+0000	 5.69323614342280E-0004
 3.96263947079393E+0000	 8.19752087436178E-0004
 3.96895570146001E+0000	 1.04067168235335E-0003
 3.97531266362205E+0000	 1.22480279027717E-0003
 3.98170481901119E+0000	 1.36454370516396E-0003
 3.98812486887808E+0000	 1.45197925047145E-0003
 3.99456283276525E+0000	 1.47960740017977E-0003
 4.00100560369689E+0000	 1.44174860941707E-0003
 4.00743742754470E+0000	 1.33627976614718E-0003
 4.01384145743296E+0000	 1.16601706932107E-0003
 4.02020198691660E+0000	 9.39052542361363E-0004
 4.02650652688908E+0000	 6.67808353414815E-0004
 4.03274696863148E+0000	 3.67246646391907E-0004
 4.03891963816632E+0000	 5.30302111896946E-0005
 4.04502462303451E+0000	-2.59763481325717E-0004
 4.05106493927933E+0000	-5.57253873250205E-0004
 4.05704591096096E+0000	-8.26938356446946E-0004
 4.06297482753112E+0000	-1.05775944793270E-0003
 4.06886075469623E+0000	-1.24024454617506E-0003
 4.07471435221265E+0000	-1.36674572129394E-0003
 4.08054762030344E+0000	-1.43172537704404E-0003
 4.08637356234112E+0000	-1.43203272561320E-0003
 4.09220577331543E+0000	-1.36714648240122E-0003
 4.09805794977718E+0000	-1.23937635924171E-0003
 4.10394329621503E+0000	-1.05400222941549E-0003
 4.10987380312148E+0000	-8.19290683644206E-0004
 4.11585941301927E+0000	-5.46285893475777E-0004
 4.12190717607849E+0000	-2.48262082305836E-0004
 4.12802059711193E+0000	 6.02087260868232E-0005
 4.13419941730152E+0000	 3.64463902556687E-0004
 4.14043997473507E+0000	 6.50940980428521E-0004
 4.14673604694843E+0000	 9.07992071450973E-0004
 4.15307983473282E+0000	 1.12610834711290E-0003
 4.15946268617693E+0000	 1.29763701907212E-0003
 4.16587533481136E+0000	 1.41631627900376E-0003
 4.17230769948938E+0000	 1.47699534377897E-0003
 4.17874849550120E+0000	 1.47577575196772E-0003
 4.18518498660246E+0000	 1.41062074797578E-0003
 4.19160319800220E+0000	 1.28228105293129E-0003
 4.19798879003510E+0000	 1.09518030971838E-0003
 4.20432851045524E+0000	 8.57785509635091E-0004
 4.21061179203745E+0000	 5.82121779858366E-0004
 4.21683190088262E+0000	 2.82489961854586E-0004
 4.22298624617079E+0000	-2.61462588929246E-0005
 4.22907589956119E+0000	-3.29526632045185E-0004
 4.23510471467505E+0000	-6.14873062556747E-0004
 4.24107848546366E+0000	-8.71096969031683E-0004
 4.24700439731961E+0000	-1.08868369816812E-0003
 4.25289079185284E+0000	-1.25952992233067E-0003
 4.25874712294426E+0000	-1.37690328324853E-0003
 4.26458395672565E+0000	-1.43556523561541E-0003
 4.27041291409320E+0000	-1.43202008354203E-0003
 4.27624650865237E+0000	-1.36483538886376E-0003
 4.28209785963025E+0000	-1.23499191864621E-0003
 4.28798025653541E+0000	-1.04623013799028E-0003
 4.29390654001647E+0000	-8.05343918996535E-0004
 4.29988826960510E+0000	-5.22328555496360E-0004
 4.30593470122695E+0000	-2.10238822075809E-0004
 4.31205170700810E+0000	 1.15401307821938E-0004
 4.31824090382745E+0000	 4.37712924180672E-0004
 4.32449931803523E+0000	 7.39972516742361E-0004
 4.33081978843246E+0000	 1.00715089529247E-0003
 4.33719199965945E+0000	 1.22702629256859E-0003
 4.34360373962616E+0000	 1.39061138113032E-0003
 4.35004193100144E+0000	 1.49199532889084E-0003
 4.35649322370841E+0000	 1.52794891650073E-0003
 4.36294422853195E+0000	 1.49762029851891E-0003
 4.36938161473495E+0000	 1.40247044882601E-0003
 4.37579229270253E+0000	 1.24643440492444E-0003
 4.38216385118265E+0000	 1.03617968224938E-0003
 4.38848531889217E+0000	 7.81231385637965E-0004
 4.39474813396592E+0000	 4.93700015267194E-0004
 4.40094700920605E+0000	 1.87481244338870E-0004
 4.40708034372995E+0000	-1.22933425012839E-0004
 4.41315002151165E+0000	-4.23676765084833E-0004
 4.41916072576222E+0000	-7.02395060575102E-0004
 4.42511908239485E+0000	-9.48640677885211E-0004
 4.43103293584193E+0000	-1.15383902647952E-0003
 4.43691091669073E+0000	-1.31103967151110E-0003
 4.44276229822256E+0000	-1.41466823666197E-0003
 4.44859703693042E+0000	-1.46041819353532E-0003
 4.45442586733925E+0000	-1.44532756920017E-0003
 4.46026034704734E+0000	-1.36802099015596E-0003
 4.46611278437121E+0000	-1.22907263257236E-0003
 4.47199600121118E+0000	-1.03144369828992E-0003
 4.47792288296191E+0000	-7.80942568399182E-0004
 4.48390566120785E+0000	-4.86625763840248E-0004
 4.48995489442168E+0000	-1.60998389709232E-0004
 4.49607819328297E+0000	 1.80192227177911E-0004
 4.50227889586324E+0000	 5.18782490795601E-0004
 4.50855507945255E+0000	 8.35713714055673E-0004
 4.51489935068835E+0000	 1.11302227598988E-0003
 4.52129963207470E+0000	 1.33575708119115E-0003
 4.52774071482888E+0000	 1.49323206794354E-0003
 4.53420599985444E+0000	 1.57935586832598E-0003
 4.54067889400721E+0000	 1.59224856635625E-0003
 4.54714367814625E+0000	 1.53357465610606E-0003
 4.55358596560515E+0000	 1.40791259435449E-0003
 4.55999294825930E+0000	 1.22227979984656E-0003
 4.56635359133776E+0000	 9.85813894859091E-0004
 4.57265890093431E+0000	 7.09540120107356E-0004
 4.57890231819929E+0000	 4.06081288379659E-0004
 4.58508015996854E+0000	 8.91532261346733E-0005
 4.59119190840370E+0000	-2.27202460326695E-0004
 4.59724016174083E+0000	-5.29521397882816E-0004
 4.60323020256692E+0000	-8.05718898897600E-0004
 4.60916931422516E+0000	-1.04558959360649E-0003
 4.61506606552180E+0000	-1.24094118482919E-0003
 4.62092975589845E+0000	-1.38544442828141E-0003
 4.62677011280544E+0000	-1.47436008416074E-0003
 4.63259722587580E+0000	-1.50430289349453E-0003
 4.63842163195175E+0000	-1.47315054459468E-0003
 4.64425444151542E+0000	-1.38014052809943E-0003
 4.65010740646382E+0000	-1.22614756597266E-0003
 4.65599284764060E+0000	-1.01410677609818E-0003
 4.66192336969694E+0000	-7.49531882120049E-0004
 4.66791128815114E+0000	-4.41052215781147E-0004
 4.67396769751171E+0000	-1.00837405336281E-0004
 4.68010115988412E+0000	 2.55305991576292E-0004
 4.68631613681088E+0000	 6.08452305022187E-0004
 4.69261152493674E+0000	 9.37928965375257E-0004
 4.69897986783551E+0000	 1.22350972704752E-0003
 4.70540776043058E+0000	 1.44793762473420E-0003
 4.71187749715021E+0000	 1.59895750094166E-0003
 4.71836939185778E+0000	 1.67020443377866E-0003
 4.72486393711117E+0000	 1.66090405713207E-0003
 4.73134327403166E+0000	 1.57487403541902E-0003
 4.73779194598885E+0000	 1.41938251224806E-0003
 4.74419717338171E+0000	 1.20416562985289E-0003
 4.75054888337706E+0000	 9.40680229538344E-0004
 4.75683966153137E+0000	 6.41569908737474E-0004
 4.76306474021878E+0000	 3.20263428473197E-0004
 4.76922205762203E+0000	-9.42009315419595E-0006
 4.77531231683584E+0000	-3.33761915731696E-0004
 4.78133891915682E+0000	-6.39736103235163E-0004
 4.78730768284000E+0000	-9.15604448170237E-0004
 4.79322635905505E+0000	-1.15137424545975E-0003
 4.79910405053382E+0000	-1.33902230284209E-0003
 4.80495067349400E+0000	-1.47247800532936E-0003
 4.81077657428160E+0000	-1.54744074663651E-0003
 4.81659234638843E+0000	-1.56114939077520E-0003
 4.82240882460078E+0000	-1.51221897992264E-0003
 4.82823718350652E+0000	-1.40062657046625E-0003
 4.83408904427405E+0000	-1.22788360195135E-0003
 4.83997648990716E+0000	-9.97391915233086E-0004
 4.84591189179748E+0000	-7.14948206382665E-0004
 4.85190744969460E+0000	-3.89327376233691E-0004
 4.85797434871283E+0000	-3.28200057652503E-0005
 4.86412147128039E+0000	 3.38490413676073E-0004
 4.87035372371622E+0000	 7.05027700943879E-0004
 4.87667028731963E+0000	 1.04494079046454E-0003
 4.88306341243191E+0000	 1.33636686405069E-0003
 4.88951847833689E+0000	 1.56035435607984E-0003
 4.89601564277035E+0000	 1.70351158700584E-0003
 4.90253260088224E+0000	 1.75939580151402E-0003
 4.90904740033425E+0000	 1.72830924532846E-0003
 4.91554043492259E+0000	 1.61599378508098E-0003
 4.92199540817253E+0000	 1.43202030413405E-0003
 4.92839956197795E+0000	 1.18839924005457E-0003
 4.93474354203070E+0000	 8.98554676714008E-0004
 4.94102114053131E+0000	 5.76612199534296E-0004
 4.94722904368231E+0000	 2.36905157534219E-0004
 4.95336663819006E+0000	-1.06406996575927E-0004
 4.95943586179661E+0000	-4.39702963360150E-0004
 4.96544103333340E+0000	-7.50290974042872E-0004
 4.97138859628750E+0000	-1.02680533531112E-0003
 4.97728675258457E+0000	-1.25954231157601E-0003
 4.98314502018791E+0000	-1.44066885768908E-0003
 4.98897378781389E+0000	-1.56427395872290E-0003
 4.99478394681924E+0000	-1.62628319510564E-0003
 5.00058665639994E+0000	-1.62430011759301E-0003
 5.00639325634121E+0000	-1.55745985855777E-0003
 5.01221529612299E+0000	-1.42637822855408E-0003
 5.01806461122082E+0000	-1.23325780416083E-0003
 5.02395335186446E+0000	-9.82179044120460E-0004
 5.02989385467937E+0000	-6.79565289626770E-0004
 5.03589823918549E+0000	-3.34764134019271E-0004
 5.04197761156433E+0000	 3.93769537061894E-0005
 5.04814079004141E+0000	 4.26158502292761E-0004
 5.05439258029745E+0000	 8.05233721966225E-0004
 5.06073188032401E+0000	 1.15375943882977E-0003
 5.06715024714644E+0000	 1.44871294020672E-0003
 5.07363176207587E+0000	 1.67006888773141E-0003
 5.08015470139645E+0000	 1.80385169237557E-0003
 5.08669461978670E+0000	 1.84385936361544E-0003
 5.09322765221441E+0000	 1.79150236890764E-0003
 5.09973289006856E+0000	 1.65423308155187E-0003
 5.10619346691415E+0000	 1.44355124843291E-0003
 5.11259669806530E+0000	 1.17331043556148E-0003
 5.11893378740785E+0000	 8.58527246497340E-0004
 5.12519942791070E+0000	 5.14590339991208E-0004
 5.13139142217974E+0000	 1.56718777301463E-0004
 5.13751035237409E+0000	-2.00439446524953E-0004
 5.14355928921864E+0000	-5.43139073935586E-0004
 5.14954351023373E+0000	-8.58835518952763E-0004
 5.15547019664566E+0000	-1.13645154364313E-0003
 5.16134809554324E+0000	-1.36659236028065E-0003
 5.16718715805242E+0000	-1.54168373809818E-0003
 5.17299818457492E+0000	-1.65601873085191E-0003
 5.17879251762419E+0000	-1.70571989290219E-0003
 5.18458181865480E+0000	-1.68864823827816E-0003
 5.19037794782896E+0000	-1.60431092695620E-0003
 5.19619293762844E+0000	-1.45383095985607E-0003
 5.20203901719176E+0000	-1.24003982460286E-0003
 5.20792860975008E+0000	-9.67735976999331E-0004
 5.21387419542236E+0000	-6.44117733206146E-0004
 5.21988791001097E+0000	-2.79346728840250E-0004
 5.22598074554995E+0000	 1.12878569792567E-0004
 5.23216125345122E+0000	 5.14967055190061E-0004
 5.23843377321287E+0000	 9.05647496010437E-0004
 5.24479647060106E+0000	 1.26116057615347E-0003
 5.25123983874770E+0000	 1.55767477959507E-0003
 5.25774654889358E+0000	 1.77463206985362E-0003
 5.26429322458624E+0000	 1.89799843024454E-0003
 5.27085376393206E+0000	 1.92210984955983E-0003
 5.27740292738981E+0000	 1.84946277008426E-0003
 5.28391890896991E+0000	 1.68893974977974E-0003
 5.29038445791490E+0000	 1.45357056539598E-0003
 5.29678693863259E+0000	 1.15866278227933E-0003
 5.30311793435590E+0000	 8.20528311085697E-0004
 5.30937277474597E+0000	 4.55656305539116E-0004
 5.31555010270971E+0000	 8.01338934161347E-0005
 5.32165147520473E+0000	-2.90797758429910E-0004
 5.32768097699297E+0000	-6.43094330828557E-0004
 5.33364483828764E+0000	-9.64179421710215E-0004
 5.33955105772401E+0000	-1.24314031608200E-0003
 5.34540903889875E+0000	-1.47085191067488E-0003
 5.35122925248068E+0000	-1.64003480679621E-0003
 5.35702293725332E+0000	-1.74525755999181E-0003
 5.36280185353998E+0000	-1.78289810752343E-0003
 5.36857810089170E+0000	-1.75108664963900E-0003
 5.37436400607722E+0000	-1.64966209644312E-0003
 5.38017207390945E+0000	-1.48018436942162E-0003
 5.38601497017341E+0000	-1.24605027604852E-0003
 5.39190547376263E+0000	-9.52754394185150E-0004
 5.39785629868291E+0000	-6.08310962756082E-0004
 5.40387965466114E+0000	-2.23800845081119E-0004
 5.40998640365264E+0000	 1.86077719714064E-0004
 5.41618470884789E+0000	 6.02695635844634E-0004
 5.42247821165923E+0000	 1.00378628829639E-0003
 5.42886405354562E+0000	 1.36476284932901E-0003
 5.43533143298026E+0000	 1.66127783424671E-0003
 5.44186159286174E+0000	 1.87267575204428E-0003
 5.44842977358125E+0000	 1.98526376493216E-0003
 5.45500869033914E+0000	 1.99408437920137E-0003
 5.46157220373776E+0000	 1.90258200344404E-0003
 5.46809790089177E+0000	 1.72071286972717E-0003
 5.47456819116145E+0000	 1.46263161319788E-0003
 5.48097034363112E+0000	 1.14478332560577E-0003
 5.48729608910756E+0000	 7.84600640885451E-0004
 5.49354115740115E+0000	 3.99629176159831E-0004
 5.49970483715476E+0000	 6.87488913090028E-0006
 5.50578952866082E+0000	-3.77719282424872E-0004
 5.51180026943838E+0000	-7.39676596973840E-0004
 5.51774424863870E+0000	-1.06626118879419E-0003
 5.52363034280856E+0000	-1.34663031609348E-0003
 5.52946870222509E+0000	-1.57188648683871E-0003
 5.53527040528519E+0000	-1.73506008280820E-0003
 5.54104718637585E+0000	-1.83105370945811E-0003
 5.54681123433027E+0000	-1.85657591553485E-0003
 5.55257505446462E+0000	-1.81008859082425E-0003
 5.55835138445673E+0000	-1.69179261195117E-0003
 5.56415314806260E+0000	-1.50368059928078E-0003
 5.56999341585780E+0000	-1.24969050605200E-0003
 5.57588531601941E+0000	-9.35991689215108E-0004
 5.58184180255532E+0000	-5.71415329666798E-0004
 5.58787515295407E+0000	-1.67991258676966E-0004
 5.59399605339589E+0000	 2.58536727026952E-0004
 5.60021217582263E+0000	 6.88473032658140E-0004
 5.60652631017957E+0000	 1.09859395728228E-0003
 5.61293441830717E+0000	 1.46363826986370E-0003
 5.61942433912505E+0000	 1.75901862063396E-0003
 5.62597600944691E+0000	 1.96430707369702E-0003
 5.63256361598963E+0000	 2.06637618189911E-0003
 5.63915911875992E+0000	 2.06096274325534E-0003
 5.64573581955561E+0000	 1.95219644443598E-0003
 5.65227081679650E+0000	 1.75071697921285E-0003
 5.65874606766916E+0000	 1.47145597830012E-0003
 5.66514850174563E+0000	 1.13180200894394E-0003
 5.67146974405141E+0000	 7.50280653839779E-0004
 5.67770574100942E+0000	 3.45576557395345E-0004
 5.68385633268715E+0000	-6.42616775078188E-0005
 5.68992474002036E+0000	-4.62471336538116E-0004
 5.69591697579469E+0000	-8.34051022647066E-0004
 5.70184123583012E+0000	-1.16604269304177E-0003
 5.70770733577013E+0000	-1.44763965664538E-0003
 5.71352623875640E+0000	-1.67016726343723E-0003
 5.71930969216908E+0000	-1.82699056833890E-0003
 5.72506997021661E+0000	-1.91339741936616E-0003
 5.73081970668530E+0000	-1.92649453494049E-0003
 5.73657179697469E+0000	-1.86514425261947E-0003
 5.74233934672435E+0000	-1.72996414851628E-0003
 5.74813564076943E+0000	-1.52341122484612E-0003
 5.75397409553302E+0000	-1.24997404518145E-0003
 5.75986813637806E+0000	-9.16493120254652E-0004
 5.76583090935351E+0000	-5.32610561403443E-0004
 5.77187470366086E+0000	-1.11299965956711E-0004
 5.77800995169344E+0000	 3.30665240057141E-0004
 5.78424373191451E+0000	 7.72576732727897E-0004
 5.79057788022972E+0000	 1.19037781406021E-0003
 5.79700713210998E+0000	 1.55834095129985E-0003
 5.80351804703747E+0000	 1.85189487412610E-0003
 5.81008949996487E+0000	 2.05104505568478E-0003
 5.81669498151816E+0000	 2.14326563242801E-0003
 5.82330602771140E+0000	 2.12479784206690E-0003
 5.82989553685548E+0000	 2.00010597091498E-0003
 5.83644003856469E+0000	 1.78015586764897E-0003
 5.84292078522329E+0000	 1.48043733419642E-0003
 5.84932407455577E+0000	 1.11925837066281E-0003
 5.85564121251993E+0000	 7.16365686391557E-0004
 5.86186827829636E+0000	 2.91770276675965E-0004
 5.86800569063407E+0000	-1.35273116174751E-0004
 5.87405757811079E+0000	-5.47082448219757E-0004
 5.88003102776244E+0000	-9.28096121528724E-0004
 5.88593532602135E+0000	-1.26514276093139E-0003
 5.89178128905620E+0000	-1.54748417370248E-0003
 5.89758073476358E+0000	-1.76671152479566E-0003
 5.90334610655701E+0000	-1.91657311676311E-0003
 5.90909023234789E+0000	-1.99279553341678E-0003
 5.91482618981981E+0000	-1.99294113094512E-0003
 5.92056724572357E+0000	-1.91633035489154E-0003
 5.92632683664421E+0000	-1.76404903210522E-0003
 5.93211855626419E+0000	-1.53905776946165E-0003
 5.93795610490580E+0000	-1.24641944340533E-0003
 5.94385313782989E+0000	-8.93654569982304E-0004
 5.94982292031288E+0000	-4.91211803758977E-0004
 5.95587767038271E+0000	-5.29874011128929E-0005
 5.96202747142770E+0000	 4.03267432924782E-0004
 5.96827871353158E+0000	 8.55937231773907E-0004
 5.97463222310002E+0000	 1.28030833001565E-0003
 5.98108155409241E+0000	 1.65041548471852E-0003
 5.98761217890470E+0000	 1.94191005359168E-0003
 5.99420222910869E+0000	 2.13530266122544E-0003
 6.00082482963664E+0000	 2.21852598864439E-0003
 6.00745127858947E+0000	 2.18799505208223E-0003
 6.01405401444733E+0000	 2.04812903912449E-0003
 6.02060872656204E+0000	 1.80996155887818E-0003
 6.02709560955693E+0000	 1.48950461755373E-0003
 6.03350005035245E+0000	 1.10615584869753E-0003
 6.03981292420224E+0000	 6.81154536629400E-0004
 6.04603049889325E+0000	 2.36089389635553E-0004
 6.05215392978102E+0000	-2.08424092963869E-0004
 6.05818843396679E+0000	-6.33741063084916E-0004
 6.06414232164661E+0000	-1.02377913086022E-0003
 6.07002606588779E+0000	-1.36523509984640E-0003
 6.07585153026697E+0000	-1.64753012500262E-0003
 6.08163139953248E+0000	-1.86260334375838E-0003
 6.08737880502098E+0000	-2.00465431855272E-0003
 6.09310710984886E+0000	-2.06990407757164E-0003
 6.09882981090509E+0000	-2.05641813574725E-0003
 6.10456051547105E+0000	-1.96401740185981E-0003
 6.11031295241019E+0000	-1.79429369543801E-0003
 6.11610097618391E+0000	-1.55074276417187E-0003
 6.12193851281336E+0000	-1.23902450830037E-0003
 6.12783937851936E+0000	-8.67350172022086E-0004
 6.13381687687097E+0000	-4.46968503794955E-0004
 6.13988306168873E+0000	 7.33569781583921E-0006
 6.14604757026403E+0000	 4.76912856525584E-0004
 6.15231603033625E+0000	 9.39383432427416E-0004
 6.15868825963380E+0000	 1.36958214244797E-0003
 6.16515676429470E+0000	 1.74152425760534E-0003
 6.17170621099167E+0000	 2.03121047438661E-0003
 6.17831433784695E+0000	 2.21958080521797E-0003
 6.18495416049244E+0000	 2.29472033080188E-0003
 6.19159675006187E+0000	 2.25278891091213E-0003
 6.19821381629115E+0000	 2.09780520026087E-0003
 6.20477977417790E+0000	 1.84075728217987E-0003
 6.21127335763169E+0000	 1.49835043202494E-0003
 6.21767883376586E+0000	 1.09142902192904E-0003
 6.22398668003483E+0000	 6.43102207008577E-0004
 6.23019356258733E+0000	 1.76799001801580E-0004
 6.23630164630384E+0000	-2.85406377460673E-0004
 6.24231747757237E+0000	-7.23947297150483E-0004
 6.24825075152420E+0000	-1.12234118066344E-0003
 6.25411320685731E+0000	-1.46729711306574E-0003
 6.25991777005992E+0000	-1.74852723687384E-0003
 6.26567796947035E+0000	-1.95842247420251E-0003
 6.27140758279042E+0000	-2.09170834012887E-0003
 6.27712046157738E+0000	-2.14515164047180E-0003
