 1.74354167223149E-0003	 1.63256454109915E-0003
 8.15851038777248E-0003	 1.20086498952528E-0003
 1.44652008805319E-0002	 7.37688059533012E-0004
 2.06683885887508E-0002	 2.68132883755918E-0004
 2.67768526910112E-0002	-1.87996120071521E-0004
 3.28011382568264E-0002	-6.15605134604640E-0004
 3.87522217446047E-0002	-1.00331505431901E-0003
 4.46408727328033E-0002	-1.34246354266013E-0003
 5.04774702780555E-0002	-1.62629131449790E-0003
 5.62720767423264E-0002	-1.84936423002474E-0003
 6.20346329567567E-0002	-2.00721641886998E-0003
 6.77751917027180E-0002	-2.09617504373385E-0003
 7.35041454966534E-0002	-2.11332541424459E-0003
 7.92324299093905E-0002	-2.05658466692401E-0003
 8.49716969855650E-0002	-1.92486684629283E-0003
 9.07344563347503E-0002	-1.71833849884061E-0003
 9.65341746795063E-0002	-1.43877979152844E-0003
 1.02385306937371E-0001	-1.09007978289633E-0003
 1.08303199996913E-0001	-6.78902049548192E-0004
 1.14303759236652E-0001	-2.15549185978010E-0004
 1.20402694867743E-0001	 2.84988948061467E-0004
 1.26614083783835E-0001	 8.01936694027694E-0004
 1.32947954719079E-0001	 1.30796136000254E-0003
 1.39406786270644E-0001	 1.76948518686376E-0003
 1.45981432216740E-0001	 2.14916171135491E-0003
 1.52648094024370E-0001	 2.41131734681289E-0003
 1.59368812254048E-0001	 2.52963700275799E-0003
 1.66097039453985E-0001	 2.49407892263368E-0003
 1.72786784110761E-0001	 2.31323332235131E-0003
 1.79401128533287E-0001	 2.01079816243666E-0003
 1.85916558610240E-0001	 1.61851145920188E-0003
 1.92322642478330E-0001	 1.16922534005198E-0003
 1.98618947285655E-0001	 6.92385727712974E-0004
 2.04811349447368E-0001	 2.12167645527429E-0004
 2.10909006235604E-0001	-2.52555382178717E-0004
 2.16922362294040E-0001	-6.87352193464292E-0004
 2.22862074074691E-0001	-1.08114566232929E-0003
 2.28738578784098E-0001	-1.42524144390455E-0003
 2.34562046598221E-0001	-1.71260257173093E-0003
 2.40342522946421E-0001	-1.93737980206605E-0003
 2.46090139074642E-0001	-2.09465616506793E-0003
 2.51815325784036E-0001	-2.18035185524086E-0003
 2.57529003777702E-0001	-2.19124352495106E-0003
 2.63242746090128E-0001	-2.12506890042547E-0003
 2.68968916587194E-0001	-1.98070696629185E-0003
 2.74720786158203E-0001	-1.75844245885511E-0003
 2.80512616207166E-0001	-1.46033957928185E-0003
 2.86359676289391E-0001	-1.09076236896951E-0003
 2.92278125303602E-0001	-6.57084352933054E-0004
 2.98284627671127E-0001	-1.70617321321238E-0004
 3.04395494921067E-0001	 3.52265780696698E-0004
 3.10625056955788E-0001	 8.88980812171031E-0004
 3.16982953081031E-0001	 1.41000726460726E-0003
 3.23470277717250E-0001	 1.87946416585670E-0003
 3.30075278849096E-0001	 2.25817594820047E-0003
 3.36770558284545E-0001	 2.50994886328229E-0003
 3.43514477317905E-0001	 2.60988759840187E-0003
 3.50258028985482E-0001	 2.55111574950659E-0003
 3.56954825637177E-0001	 2.34599760283598E-0003
 3.63569405908738E-0001	 2.02124393335816E-0003
 3.70080570944580E-0001	 1.61010020865120E-0003
 3.76480036671706E-0001	 1.14552136508619E-0003
 3.82768781378009E-0001	 6.56228352283645E-0004
 3.88953273006873E-0001	 1.65452750763542E-0004
 3.95042644338242E-0001	-3.08681804039051E-0004
 4.01046990823929E-0001	-7.52117710267926E-0004
 4.06976555448423E-0001	-1.15376393662061E-0003
 4.12841478913404E-0001	-1.50461216970824E-0003
 4.18651847467715E-0001	-1.79713739534563E-0003
 4.24417859613222E-0001	-2.02495186452791E-0003
 4.30150012731475E-0001	-2.18264777045369E-0003
 4.35859268050875E-0001	-2.26576636635361E-0003
 4.41557186753671E-0001	-2.27084989683498E-0003
 4.47256045528299E-0001	-2.19555589347326E-0003
 4.52968941560884E-0001	-2.03883515334676E-0003
 4.58709888748069E-0001	-1.80119295121978E-0003
 4.64493890300397E-0001	-1.48506750542913E-0003
 4.70336946241297E-0001	-1.09536987924050E-0003
 4.76255912691576E-0001	-6.40231448488780E-0004
 4.82268066625176E-0001	-1.31986689339980E-0004
 4.88390143231079E-0001	 4.11647403069589E-0004
 4.94636526250603E-0001	 9.66398426098048E-0004
 5.01016276838777E-0001	 1.50079625818328E-0003
 5.07528997905218E-0001	 1.97704182360453E-0003
 5.14160421421536E-0001	 2.35464397601638E-0003
 5.20879958666444E-0001	 2.59740933649063E-0003
 5.27643041940592E-0001	 2.68215229157327E-0003
 5.34399107930481E-0001	 2.60498138950888E-0003
 5.41102077715430E-0001	 2.38134507858735E-0003
 5.47718168153909E-0001	 2.04000303338199E-0003
 5.54228200474822E-0001	 1.61481852039982E-0003
 5.60625407933027E-0001	 1.13827812626877E-0003
 5.66911454550328E-0001	 6.38188033999441E-0004
 5.73092762809413E-0001	 1.36961508985582E-0004
 5.79177988807171E-0001	-3.47704379828810E-0004
 5.85176636766217E-0001	-8.01720351009164E-0004
 5.91098482807049E-0001	-1.21358789830708E-0003
 5.96953458077539E-0001	-1.57366583967093E-0003
 6.02751733518137E-0001	-1.87372805993061E-0003
 6.08503855468753E-0001	-2.10674430159546E-0003
 6.14220865380349E-0001	-2.26680426999285E-0003
 6.19914389450651E-0001	-2.34912428542692E-0003
 6.25596709105973E-0001	-2.35010390814056E-0003
 6.31280829054525E-0001	-2.26742630036715E-0003
 6.36980553647589E-0001	-2.10021672772146E-0003
 6.42710569062436E-0001	-1.84928872904174E-0003
 6.48486509246932E-0001	-1.51751846592592E-0003
 6.54324954885448E-0001	-1.11039458109969E-0003
 6.60243271003208E-0001	-6.36789104995349E-0004
 6.66259123368259E-0001	-1.09970893885538E-0004
 6.72389426312772E-0001	 4.51193391189128E-0004
 6.78648393180294E-0001	 1.02108688971889E-0003
 6.85044388617220E-0001	 1.56681696428835E-0003
 6.91575649016548E-0001	 2.04935889093264E-0003
 6.98225912374296E-0001	 2.42763282387932E-0003
 7.04962380477782E-0001	 2.66593367595974E-0003
 7.11738828757345E-0001	 2.74271060521830E-0003
 7.18504288890684E-0001	 2.65627048758169E-0003
 7.25213584258254E-0001	 2.42384409077275E-0003
 7.31834468900185E-0001	 2.07486468896083E-0003
 7.38349059917957E-0001	 1.64276856820064E-0003
 7.44751114513130E-0001	 1.15904102054598E-0003
 7.51042007698015E-0001	 6.50524080392171E-0004
 7.57227340112987E-0001	 1.39110921370197E-0004
 7.63314787651662E-0001	-3.57442213766400E-0004
 7.69313030812411E-0001	-8.24482748949175E-0004
 7.75231366962979E-0001	-1.24963215105306E-0003
 7.81079651472283E-0001	-1.62226422004038E-0003
 7.86868341401698E-0001	-1.93323941292138E-0003
 7.92608535365455E-0001	-2.17479952665144E-0003
 7.98311983366533E-0001	-2.34054196527290E-0003
 8.03991079848971E-0001	-2.42542773770159E-0003
 8.09658863527874E-0001	-2.42581076455992E-0003
 8.15329041861243E-0001	-2.33950026390851E-0003
 8.21016045324280E-0001	-2.16588322281499E-0003
 8.26735100649250E-0001	-1.90614339466859E-0003
 8.32502292150037E-0001	-1.56361950390562E-0003
 8.38334552088866E-0001	-1.14434827716772E-0003
 8.44249478454942E-0001	-6.57832304335087E-0004
 8.50264815347498E-0001	-1.18044030500506E-0004
 8.56397349132069E-0001	 4.55404833160857E-0004
 8.62660903887510E-0001	 1.03618451829128E-0003
 8.69063167739183E-0001	 1.59085337843475E-0003
 8.75601472756383E-0001	 2.08018367558818E-0003
 8.82258632777709E-0001	 2.46340669882158E-0003
 8.89001268549782E-0001	 2.70565592107987E-0003
 8.95783287525858E-0001	 2.78645177181268E-0003
 9.02554644666924E-0001	 2.70482988109690E-0003
 9.09271472104405E-0001	 2.47788371808931E-0003
 9.15902523135990E-0001	 2.13396412246164E-0003
 9.22430061950037E-0001	 1.70490230514985E-0003
 9.28847027677988E-0001	 1.22068502374815E-0003
 9.35153287339420E-0001	 7.07264303167666E-0004
 9.41352698154245E-0001	 1.86466218538525E-0004
 9.47451389419978E-0001	-3.23260551626850E-0004
 9.53456980537590E-0001	-8.06054333572636E-0004
 9.59378301917871E-0001	-1.24811492414971E-0003
 9.65225292010581E-0001	-1.63745126734682E-0003
 9.71008904487606E-0001	-1.96379741003509E-0003
 9.76740982272376E-0001	-2.21859132495432E-0003
 9.82434117840982E-0001	-2.39495537733718E-0003
 9.88101535064458E-0001	-2.48766319049944E-0003
 9.93757018987456E-0001	-2.49310842752902E-0003
 9.99414903310372E-0001	-2.40930624465821E-0003
 1.00509010888619E+0000	-2.23596390032488E-0003
 1.01079821112852E+0000	-1.97465896183667E-0003
 1.01655549673173E+0000	-1.62916456157178E-0003
 1.02237894543546E+0000	-1.20596026074317E-0003
 1.02828603482920E+0000	-7.14958303310174E-0004
 1.03429421076636E+0000	-1.70444341662941E-0004
 1.04041979625975E+0000	 4.07848033220592E-0004
 1.04667605778305E+0000	 9.93781438522394E-0004
 1.05307020465168E+0000	 1.55453460430506E-0003
 1.05959946402269E+0000	 2.05194266090753E-0003
 1.06624726850728E+0000	 2.44653208603731E-0003
 1.07298178648559E+0000	 2.70446561184010E-0003
 1.07975921296033E+0000	 2.80538237084732E-0003
 1.08653187964395E+0000	 2.74709052540714E-0003
 1.09325753879260E+0000	 2.54420002403878E-0003
 1.09990519396529E+0000	 2.22193234486421E-0003
 1.10645586874003E+0000	 1.80916915834917E-0003
 1.11290011317281E+0000	 1.33382538804528E-0003
 1.11923486339937E+0000	 8.21030102224261E-0004
 1.12546114846541E+0000	 2.93040278839034E-0004
 1.13158287364292E+0000	-2.30297941400707E-0004
 1.13760629652749E+0000	-7.31198131258660E-0004
 1.14353975762093E+0000	-1.19384700217585E-0003
 1.14939340958149E+0000	-1.60448063759294E-0003
 1.15517887928181E+0000	-1.95147739116994E-0003
 1.16090890343474E+0000	-2.22537966635518E-0003
 1.16659700365733E+0000	-2.41882969363636E-0003
 1.17225724746280E+0000	-2.52645124719732E-0003
 1.17790411141018E+0000	-2.54472626566805E-0003
 1.18355243827404E+0000	-2.47191432517715E-0003
 1.18921746443832E+0000	-2.30805591265011E-0003
 1.19491488281202E+0000	-2.05509424634667E-0003
 1.20066089471472E+0000	-1.71714654834198E-0003
 1.20647218595100E+0000	-1.30095177669802E-0003
 1.21236573302257E+0000	-8.16511597926463E-0004
 1.21835830231847E+0000	-2.77912824042690E-0004
 1.22446545192765E+0000	 2.95748778118504E-0004
 1.23069980649216E+0000	 8.79564938918833E-0004
 1.23706842471819E+0000	 1.44260100410054E-0003
 1.24356937677953E+0000	 1.94906028385264E-0003
 1.25018838174024E+0000	 2.36173863177652E-0003
 1.25689736683345E+0000	 2.64800444678680E-0003
 1.26365704610400E+0000	 2.78668750182524E-0003
 1.27042371620863E+0000	 2.77246162828056E-0003
 1.27715728020488E+0000	 2.61510581773783E-0003
 1.28382649397784E+0000	 2.33453902776340E-0003
 1.29040993748704E+0000	 1.95508970483490E-0003
 1.29689424500062E+0000	 1.50170240398402E-0003
 1.30327189724779E+0000	 9.98454061199293E-0004
 1.30953981705520E+0000	 4.68328792678615E-0004
 1.31569879300740E+0000	-6.68214851678493E-0005
 1.32175322872773E+0000	-5.86589672794470E-0004
 1.32771079705189E+0000	-1.07253528607600E-0003
 1.33358187243095E+0000	-1.50867010580492E-0003
 1.33937883170690E+0000	-1.88173191612017E-0003
 1.34511537524054E+0000	-2.18121123470931E-0003
 1.35080598011897E+0000	-2.39919463651476E-0003
 1.35646552953674E+0000	-2.53012123799696E-0003
 1.36210911033489E+0000	-2.57053897287733E-0003
 1.36775194346854E+0000	-2.51892284488972E-0003
 1.37340940253624E+0000	-2.37559535647160E-0003
 1.37909707296781E+0000	-2.14277519103658E-0003
 1.38483080095367E+0000	-1.82477267754195E-0003
 1.39062667161471E+0000	-1.42834529114126E-0003
 1.39650083719170E+0000	-9.63217296228699E-0004
 1.40246908677163E+0000	-4.42745485554693E-0004
 1.40854601181815E+0000	 1.15337415009741E-0004
 1.41474359224002E+0000	 6.88273444407015E-0004
 1.42106905771892E+0000	 1.24808042395449E-0003
 1.42752208822756E+0000	 1.76240997370074E-0003
 1.43409196321880E+0000	 2.19720015738717E-0003
 1.44075607730385E+0000	 2.52140819737139E-0003
 1.44748154583727E+0000	 2.71271002812035E-0003
 1.45423029259854E+0000	 2.76152692188083E-0003
 1.46096546244315E+0000	 2.67111424960119E-0003
 1.46765591697458E+0000	 2.45415464668091E-0003
 1.47427741868452E+0000	 2.12857392216103E-0003
 1.48081170933459E+0000	 1.71485159071718E-0003
 1.48724545750770E+0000	 1.23507191194585E-0003
 1.49357004245604E+0000	 7.12629594182612E-0004
 1.49978190015735E+0000	 1.71587877141413E-0004
 1.50588270131403E+0000	-3.64518645719015E-0004
 1.51187892932956E+0000	-8.74038459864266E-0004
 1.51778091936146E+0000	-1.33824180305720E-0003
 1.52360168335246E+0000	-1.74182665849904E-0003
 1.52935583030021E+0000	-2.07294287744428E-0003
 1.53505874787042E+0000	-2.32291335589204E-0003
 1.54072607692373E+0000	-2.48583499028130E-0003
 1.54637343420135E+0000	-2.55819066825601E-0003
 1.55201631260697E+0000	-2.53854794868399E-0003
 1.55767008965490E+0000	-2.42738076946373E-0003
 1.56335008382351E+0000	-2.22702881434932E-0003
 1.56907160535291E+0000	-1.94179931703094E-0003
 1.57484994802618E+0000	-1.57821138584355E-0003
 1.58070026006753E+0000	-1.14537727903766E-0003
 1.58663721482356E+0000	-6.55501697287480E-0004
 1.59267437624794E+0000	-1.24448440023587E-0004
 1.59882312914287E+0000	 4.27745064117373E-0004
 1.60509105414794E+0000	 9.76655560036839E-0004
 1.61147975990829E+0000	 1.49400556919551E-0003
 1.61798256591292E+0000	 1.94951060450886E-0003
 1.62458304083612E+0000	 2.31434748489977E-0003
 1.63125572791442E+0000	 2.56556750423420E-0003
 1.63796955054243E+0000	 2.68956305804811E-0003
 1.64469248334592E+0000	 2.68274976798701E-0003
 1.65139501260163E+0000	 2.54957440264210E-0003
 1.65805116688239E+0000	 2.29991189788919E-0003
 1.66463811148477E+0000	 1.94774281627608E-0003
 1.67113612139705E+0000	 1.51119471254863E-0003
 1.67752974207897E+0000	 1.01263840349901E-0003
 1.68380948061961E+0000	 4.77669488988328E-0004
 1.68997282709200E+0000	-6.70564373134870E-0005
 1.69602397909851E+0000	-5.96270944912592E-0004
 1.70197250939734E+0000	-1.08794060527283E-0003
 1.70783163108417E+0000	-1.52416602422255E-0003
 1.71361661492226E+0000	-1.89127104758824E-0003
 1.71934361966163E+0000	-2.17941379379348E-0003
 1.72502896019312E+0000	-2.38202043716646E-0003
 1.73068872513951E+0000	-2.49523470853617E-0003
 1.73633863043240E+0000	-2.51747873414108E-0003
 1.74199401016407E+0000	-2.44915938528919E-0003
 1.74766986949862E+0000	-2.29252384192576E-0003
 1.75338094294308E+0000	-2.05165653933673E-0003
 1.75914171076902E+0000	-1.73260692554562E-0003
 1.76496632637607E+0000	-1.34363652010343E-0003
 1.77086839780399E+0000	-8.95568800208174E-0004
 1.77686054754106E+0000	-4.02208039567385E-0004
 1.78295365161896E+0000	 1.19251839462243E-0004
 1.78915565648693E+0000	 6.48000995387929E-0004
 1.79546995489395E+0000	 1.15988793260939E-0003
 1.80189356597089E+0000	 1.62862749410047E-0003
 1.80841581334430E+0000	 2.02822362224443E-0003
 1.81501848928903E+0000	 2.33621542781141E-0003
 1.82167798360064E+0000	 2.53642987098809E-0003
 1.82836846498394E+0000	 2.61980982608793E-0003
 1.83506422712152E+0000	 2.58326170809663E-0003
 1.84174012112487E+0000	 2.42815675609298E-0003
 1.84837094150414E+0000	 2.16022903965768E-0003
 1.85493168744814E+0000	 1.79097548922050E-0003
 1.86139976077114E+0000	 1.33894412355207E-0003
 1.86775827770060E+0000	 8.29143218315062E-0004
 1.87399859692076E+0000	 2.90279806012442E-0004
 1.88012080141828E+0000	-2.48901839816929E-0004
 1.88613230345218E+0000	-7.62634440508863E-0004
 1.89204558714993E+0000	-1.22975409690673E-0003
 1.89787602874751E+0000	-1.63406355053113E-0003
 1.90364025755254E+0000	-1.96392880625514E-0003
 1.90935512200938E+0000	-2.21157301626362E-0003
 1.91503713748662E+0000	-2.37235859164309E-0003
 1.92070225434807E+0000	-2.44419395227271E-0003
 1.92636581117801E+0000	-2.42710713353310E-0003
 1.93204257728573E+0000	-2.32298409949824E-0003
 1.93774682013668E+0000	-2.13545468507969E-0003
 1.94349235220063E+0000	-1.86990807282476E-0003
 1.94929251820627E+0000	-1.53362308561745E-0003
 1.95516007875233E+0000	-1.13599971985117E-0003
 1.96110693041598E+0000	-6.88869313592693E-0004
 1.96714358100502E+0000	-2.06828578843499E-0004
 1.97327829174889E+0000	 2.92529084470177E-0004
 1.97951585560796E+0000	 7.88724909568536E-0004
 1.98585617371416E+0000	 1.25918337759253E-0003
 1.99229312750405E+0000	 1.68093814013709E-0003
 1.99881449196266E+0000	 2.03301759785348E-0003
 2.00540331838567E+0000	 2.29855812837537E-0003
 2.01204017597101E+0000	 2.46549177275766E-0003
 2.01870472855407E+0000	 2.52562553710397E-0003
 2.02537554363989E+0000	 2.47343971863558E-0003
 2.03202871586332E+0000	 2.30641496292222E-0003
 2.03863732423825E+0000	 2.02744195102806E-0003
 2.04517348557691E+0000	 1.64781237605404E-0003
 2.05161276422739E+0000	 1.18827738131342E-0003
 2.05793865318776E+0000	 6.76852658406686E-0004
 2.06414476916463E+0000	 1.44403722251917E-0004
 2.07023419431945E+0000	-3.79752086659093E-0004
 2.07621705976129E+0000	-8.70678990183502E-0004
 2.08210779372775E+0000	-1.30887386428273E-0003
 2.08792289182770E+0000	-1.68009605877474E-0003
 2.09367943985856E+0000	-1.97463270875505E-0003
 2.09939428055626E+0000	-2.18644573149800E-0003
 2.10508362264585E+0000	-2.31242083038636E-0003
 2.11076291373053E+0000	-2.35179349872118E-0003
 2.11644685113429E+0000	-2.30575664615263E-0003
 2.12214945030685E+0000	-2.17722997263961E-0003
 2.12788411932228E+0000	-1.97076902797886E-0003
 2.13366370052575E+0000	-1.69259762841441E-0003
 2.13950043850814E+0000	-1.35075184670328E-0003
 2.14540581970767E+0000	-9.55318552709885E-0004
 2.15139020929138E+0000	-5.18725012904272E-0004
 2.15746220395287E+0000	-5.59756307140583E-0005
 2.16362766498811E+0000	 4.15362266088299E-0004
 2.16988854941058E+0000	 8.75702113723912E-0004
 2.17624192638947E+0000	 1.30472667345848E-0003
 2.18267978812528E+0000	 1.68327443096124E-0003
 2.18919007199096E+0000	 1.99508692064159E-0003
 2.19575850378189E+0000	 2.22740197793454E-0003
 2.20236998286969E+0000	 2.37002681458834E-0003
 2.20900827516963E+0000	 2.41385760380582E-0003
 2.21565406849674E+0000	 2.35065375713037E-0003
 2.22228307863985E+0000	 2.17528339865600E-0003
 2.22886651735059E+0000	 1.88978174747021E-0003
 2.23537496349128E+0000	 1.50667742969359E-0003
 2.24178410438160E+0000	 1.04897488839613E-0003
 2.24807925052070E+0000	 5.46446801842311E-0004
 2.25425659983654E+0000	 3.03648673734622E-0005
 2.26032158598198E+0000	-4.70834876554668E-0004
 2.26628594709247E+0000	-9.33848261620413E-0004
 2.27216492349606E+0000	-1.34102374016493E-0003
 2.27797520440353E+0000	-1.67986752840644E-0003
 2.28373366387224E+0000	-1.94217709158624E-0003
 2.28945669396555E+0000	-2.12317087083290E-0003
 2.29515991998478E+0000	-2.22076800954839E-0003
 2.30085813373596E+0000	-2.23505559745644E-0003
 2.30656533767889E+0000	-2.16793388600000E-0003
 2.31229483276554E+0000	-2.02291946201714E-0003
 2.31805930252002E+0000	-1.80509058612987E-0003
 2.32387084785351E+0000	-1.52116427847444E-0003
 2.32974091523094E+0000	-1.17969090457577E-0003
 2.33568004252386E+0000	-7.91328045103075E-0004
 2.34169733934130E+0000	-3.69100539900826E-0004
 2.34779965619177E+0000	 7.15320995507007E-0005
 2.35399052670049E+0000	 5.13058616470747E-0004
 2.36026920442695E+0000	 9.36974036094698E-0004
 2.36663034396559E+0000	 1.32545241505004E-0003
 2.37306479507413E+0000	 1.66304748769303E-0003
 2.37956134565798E+0000	 1.93746016918163E-0003
 2.38610836736567E+0000	 2.13877180450522E-0003
 2.39269403008276E+0000	 2.25766237401371E-0003
 2.39930456859363E+0000	 2.28418064473395E-0003
 2.40592156708102E+0000	 2.20868865498242E-0003
 2.41252040199783E+0000	 2.02540732313843E-0003
 2.41907187326408E+0000	 1.73703039447178E-0003
 2.42554717793265E+0000	 1.35750049972104E-0003
 2.43192386002566E+0000	 9.10857667601344E-0004
 2.43818963480980E+0000	 4.26761008188994E-0004
 2.44434277555120E+0000	-6.47561065685201E-0005
 2.45038998851279E+0000	-5.37104138739697E-0004
 2.45634347112593E+0000	-9.68904908505104E-0004
 2.46221833067966E+0000	-1.34420125200879E-0003
 2.46803077669007E+0000	-1.65185875071526E-0003
 2.47379703861006E+0000	-1.88471302541214E-0003
 2.47953280913785E+0000	-2.03875507633175E-0003
 2.48525302040772E+0000	-2.11246948344488E-0003
 2.49097181310974E+0000	-2.10635199983029E-0003
 2.49670260641881E+0000	-2.02260154411399E-0003
 2.50245820463193E+0000	-1.86497714102926E-0003
 2.50825088398353E+0000	-1.63881315518475E-0003
 2.51409239428789E+0000	-1.35118259315197E-0003
 2.51999379238138E+0000	-1.01117647726325E-0003
 2.52596501316091E+0000	-6.30216182860608E-0004
 2.53201410962704E+0000	-2.22231830930837E-0004
 2.53814620124042E+0000	 1.96550744452461E-0004
 2.54436239016230E+0000	 6.08483030745854E-0004
 2.55065916721982E+0000	 9.96086891175421E-0004
 2.55702888142339E+0000	 1.34394153581506E-0003
 2.56346138802953E+0000	 1.63994155646739E-0003
 2.56994611545666E+0000	 1.87506414379055E-0003
 2.57647320352898E+0000	 2.04166450190116E-0003
 2.58303273277062E+0000	 2.13145563904061E-0003
 2.58961224645430E+0000	 2.13483009510377E-0003
 2.59619403228545E+0000	 2.04265465976191E-0003
 2.60275425099694E+0000	 1.85027069328663E-0003
 2.60926534590164E+0000	 1.56175415025680E-0003
 2.61570116007486E+0000	 1.19178737279138E-0003
 2.62204222074782E+0000	 7.63831555112776E-0004
 2.62827865362233E+0000	 3.05722524608782E-0004
 2.63441006190121E+0000	-1.54948375756326E-0004
 2.64044343576052E+0000	-5.93997600919334E-0004
 2.64639053519479E+0000	-9.92037888239039E-0004
 2.65226565529789E+0000	-1.33458549953485E-0003
 2.65808406608695E+0000	-1.61151384430963E-0003
 2.66386107163509E+0000	-1.81630072523675E-0003
 2.66961152475899E+0000	-1.94530795641365E-0003
 2.67534964131877E+0000	-1.99719478675530E-0003
 2.68108899704746E+0000	-1.97249945238682E-0003
 2.68684262162626E+0000	-1.87339907392680E-0003
 2.69262311832799E+0000	-1.70365229362206E-0003
 2.69844273321671E+0000	-1.46872372948720E-0003
 2.70431328104584E+0000	-1.17607052775384E-0003
 2.71024581752645E+0000	-8.35525911565182E-0004
 2.71624995458526E+0000	-4.59633160432585E-0004
 2.72233279084538E+0000	-6.36758570090558E-0005
 2.72849762330704E+0000	 3.34921363871508E-0004
 2.73474290548606E+0000	 7.18045453481046E-0004
 2.74106213491209E+0000	 1.06901235642497E-0003
 2.74744513567641E+0000	 1.37454391061824E-0003
 2.75388039659260E+0000	 1.62550015488435E-0003
 2.76035723551719E+0000	 1.81581254327789E-0003
 2.76686643798692E+0000	 1.94023386100116E-0003
 2.77339888528837E+0000	 1.99239414438776E-0003
 2.77994291432768E+0000	 1.96460820563076E-0003
 2.78648202504278E+0000	 1.85000947732424E-0003
 2.79299465058865E+0000	 1.64626605321777E-0003
 2.79945675676581E+0000	 1.35895957116898E-0003
 2.80584631531225E+0000	 1.00261347173976E-0003
 2.81214747025038E+0000	 5.98754269152353E-0004
 2.81835261914140E+0000	 1.72179607188320E-0004
 2.82446214071483E+0000	-2.52746335474536E-0004
 2.83048266143651E+0000	-6.54606893282521E-0004
 2.83642493474375E+0000	-1.01606950237566E-0003
 2.84230200543923E+0000	-1.32401512761290E-0003
 2.84812789348546E+0000	-1.56912601170501E-0003
 2.85391677746196E+0000	-1.74527762898186E-0003
 2.85968256823461E+0000	-1.84893641756857E-0003
 2.86543875712226E+0000	-1.87866586753954E-0003
 2.87119844058612E+0000	-1.83479211577011E-0003
 2.87697443664040E+0000	-1.71925804914548E-0003
 2.88277940740667E+0000	-1.53568330146711E-0003
 2.88862588736416E+0000	-1.28963082121956E-0003
 2.89452609397727E+0000	-9.89044068525095E-0004
 2.90049138313215E+0000	-6.44747219891193E-0004
 2.90653124292762E+0000	-2.70786501733897E-0004
 2.91265185621908E+0000	 1.15738431476913E-0004
 2.91885455333757E+0000	 4.95740541191900E-0004
 2.92513484478504E+0000	 8.50249844144094E-0004
 2.93148284517616E+0000	 1.16306912410576E-0003
 2.93788536498815E+0000	 1.42281048364665E-0003
 2.94432885630203E+0000	 1.62313835114787E-0003
 2.95080164187952E+0000	 1.76104922473680E-0003
 2.95729422545494E+0000	 1.83429527488917E-0003
 2.96379767699172E+0000	 1.83956135967403E-0003
 2.97030118061125E+0000	 1.77250799900948E-0003
 2.97679027208912E+0000	 1.62976760986004E-0003
 2.98324698066698E+0000	 1.41192206260953E-0003
 2.98965209897571E+0000	 1.12586619534987E-0003
 2.99598858737186E+0000	 7.85253706799566E-0004
 3.00224453264862E+0000	 4.08855509869907E-0004
 3.00841456237924E+0000	 1.77660435537921E-0005
 3.01449962331942E+0000	-3.67324421304257E-0004
 3.02050572844953E+0000	-7.28035527693354E-0004
 3.02644238365254E+0000	-1.04923546146715E-0003
 3.03232116847281E+0000	-1.31922956104635E-0003
 3.03815467169450E+0000	-1.52950426133638E-0003
 3.04395580633153E+0000	-1.67427889280775E-0003
 3.04973745020851E+0000	-1.75003561990706E-0003
 3.05551233516154E+0000	-1.75513436699369E-0003
 3.06129310372894E+0000	-1.68958164570566E-0003
 3.06709244698224E+0000	-1.55500050924365E-0003
 3.07292322256730E+0000	-1.35483074094065E-0003
 3.07879842682411E+0000	-1.09476012395272E-0003
 3.08473086536227E+0000	-7.83332704352643E-0004
 3.09073235465197E+0000	-4.32579734588696E-0004
 3.09681234422732E+0000	-5.83671360287580E-0005
 3.10297605582908E+0000	 3.20001485531771E-0004
 3.10922263852197E+0000	 6.81381266511981E-0004
 3.11554427872579E+0000	 1.00562117269734E-0003
 3.12192719904897E+0000	 1.27681587237712E-0003
 3.12835459445862E+0000	 1.48543470015812E-0003
 3.13481021250695E+0000	 1.62812817727527E-0003
 3.14128073082811E+0000	 1.70543844027315E-0003
 3.14775592364733E+0000	 1.71892701417901E-0003
 3.15422701950210E+0000	 1.66934692403339E-0003
 3.16068453333191E+0000	 1.55663533772774E-0003
 3.16711689508666E+0000	 1.38146138226088E-0003
 3.17351062764238E+0000	 1.14733710075204E-0003
 3.17985197590209E+0000	 8.62121906258126E-0004
 3.18612917028038E+0000	 5.38182726660805E-0004
 3.19233432341085E+0000	 1.91238479809635E-0004
 3.19846434346701E+0000	-1.61495323807908E-0004
 3.20452082417724E+0000	-5.03141021092016E-0004
 3.21050925046797E+0000	-8.18512207269387E-0004
 3.21643793655295E+0000	-1.09485849203402E-0003
 3.22231700806467E+0000	-1.32209201526969E-0003
 3.22815759543979E+0000	-1.49266701169273E-0003
 3.23397129577776E+0000	-1.60128170857161E-0003
 3.23976989561066E+0000	-1.64454093150473E-0003
 3.24556531217688E+0000	-1.62068648420263E-0003
 3.25136968836389E+0000	-1.52947845615133E-0003
 3.25719555431988E+0000	-1.37229118502825E-0003
 3.26305594005483E+0000	-1.15246461883198E-0003
 3.26896428634873E+0000	-8.75912730119150E-0004
 3.27493396302972E+0000	-5.51916536165182E-0004
 3.28097719250853E+0000	-1.93897041059050E-0004
 3.28710326107179E+0000	 1.80232792096993E-0004
 3.29331618748833E+0000	 5.48724717402157E-0004
 3.29961255216231E+0000	 8.88193452155781E-0004
 3.30598071017321E+0000	 1.17727453329857E-0003
 3.31240245005558E+0000	 1.40053555320372E-0003
 3.31885687696000E+0000	 1.55070099777490E-0003
 3.32532471101251E+0000	 1.62798726247176E-0003
 3.33179089019921E+0000	 1.63719094800370E-0003
 3.33824467152415E+0000	 1.58442091116989E-0003
 3.34467798530031E+0000	 1.47509004719500E-0003
 3.35108343757712E+0000	 1.31365889518653E-0003
 3.35745306931361E+0000	 1.10464952596544E-0003
 3.36377829946765E+0000	 8.54029306513723E-0004
 3.37005083360659E+0000	 5.70159218705212E-0004
 3.37626395725250E+0000	 2.63911802572436E-0004
 3.38241363152187E+0000	-5.19773225668869E-0005
 3.38849905717792E+0000	-3.63979559179871E-0004
 3.39452266657754E+0000	-6.58882157517489E-0004
 3.40048969397101E+0000	-9.24672177573073E-0004
 3.40640753483878E+0000	-1.15108702665740E-0003
 3.41228507973381E+0000	-1.32984061509484E-0003
 3.41813215127360E+0000	-1.45459910181530E-0003
 3.42395911611490E+0000	-1.52080639261076E-0003
 3.42977669692643E+0000	-1.52546486439475E-0003
 3.43559597105197E+0000	-1.46697297675737E-0003
 3.44142850728702E+0000	-1.34511318547616E-0003
 3.44728655428455E+0000	-1.16126969180962E-0003
 3.45318314950576E+0000	-9.18929570785435E-0004
 3.45913196606652E+0000	-6.24470002715324E-0004
 3.46514666613236E+0000	-2.88137296036418E-0004
 3.47123952058895E+0000	 7.50471377050557E-0005
 3.47741917544801E+0000	 4.44966076642249E-0004
 3.48368783181628E+0000	 7.97401277968689E-0004
 3.49003879226378E+0000	 1.10694598787563E-0003
 3.49645591651774E+0000	 1.35157218797930E-0003
 3.50291613998761E+0000	 1.51717465081421E-0003
 3.50939445243064E+0000	 1.59973023358878E-0003
 3.51586893323626E+0000	 1.60395136549110E-0003
 3.52232349947931E+0000	 1.53958710763621E-0003
 3.52874782420271E+0000	 1.41764762271828E-0003
 3.53513553245974E+0000	 1.24813415341654E-0003
 3.54148215583597E+0000	 1.03951892668823E-0003
 3.54778378644904E+0000	 7.99356720042586E-0004
 3.55403666761481E+0000	 5.35228470358228E-0004
 3.56023749032658E+0000	 2.55443473091499E-0004
 3.56638400014586E+0000	-3.07348498220540E-0005
 3.57247557288150E+0000	-3.13305826424795E-0004
 3.57851356422935E+0000	-5.82023181705808E-0004
 3.58450138000677E+0000	-8.26974442269890E-0004
 3.59044430634131E+0000	-1.03910321303904E-0003
 3.59634918344517E+0000	-1.21058799874101E-0003
 3.60222401886948E+0000	-1.33504505386876E-0003
 3.60807762989291E+0000	-1.40756706632439E-0003
 3.61391938670440E+0000	-1.42464468387552E-0003
 3.61975910136817E+0000	-1.38404453556807E-0003
 3.62560707331227E+0000	-1.28473577316867E-0003
 3.63147425926215E+0000	-1.12696624173855E-0003
 3.63737248217204E+0000	-9.12584661199381E-0004
 3.64331452953124E+0000	-6.45677243456673E-0004
 3.64931392118800E+0000	-3.33520562041732E-0004
 3.65538406780880E+0000	 1.22766834706261E-0005
 3.66153654417804E+0000	 3.74790483067406E-0004
 3.66777838306621E+0000	 7.31607183858727E-0004
 3.67410881718256E+0000	 1.05633452964746E-0003
 3.68051674828266E+0000	 1.32240241042595E-0003
 3.68698080575443E+0000	 1.50855579439825E-0003
 3.69347307147021E+0000	 1.60376272249943E-0003
 3.69996524165584E+0000	 1.60883737231028E-0003
 3.70643416342329E+0000	 1.53400969931487E-0003
 3.71286434989951E+0000	 1.39428687352028E-0003
 3.71924738981833E+0000	 1.20522410772236E-0003
 3.72557975539739E+0000	 9.80536810818243E-0004
 3.73186054416181E+0000	 7.31513415021709E-0004
 3.73808994487554E+0000	 4.67487308949727E-0004
 3.74426853650319E+0000	 1.96632434578397E-0004
 3.75039719049464E+0000	-7.33651010969096E-0005
 3.75647728205558E+0000	-3.34926554454899E-0004
 3.76251098305549E+0000	-5.80485336092754E-0004
 3.76850150356328E+0000	-8.02599768887599E-0004
 3.77445322226639E+0000	-9.94185102000960E-0004
 3.78037169121039E+0000	-1.14878668440321E-0003
 3.78626352902917E+0000	-1.26083043339861E-0003
 3.79213623948541E+0000	-1.32580356214104E-0003
 3.79799800959587E+0000	-1.34034237348851E-0003
 3.80385754904517E+0000	-1.30223543970007E-0003
 3.80972402556911E+0000	-1.21038608099472E-0003
 3.81560712650284E+0000	-1.06481281992054E-0003
 3.82151723138376E+0000	-8.66793712817533E-0004
 3.82746561193643E+0000	-6.19268392592520E-0004
 3.83346448729042E+0000	-3.27582251482345E-0004
 3.83952666823117E+0000	-5.67423387638462E-0007
 3.84566445843944E+0000	 3.48222115196905E-0004
 3.85188751961874E+0000	 6.99590390802284E-0004
 3.85819970055771E+0000	 1.02891476800286E-0003
 3.86459554154728E+0000	 1.30848056547205E-0003
 3.87105815049502E+0000	 1.51235464993785E-0003
 3.87756050299153E+0000	 1.62258414388473E-0003
 3.88407075375487E+0000	 1.63376507910523E-0003
 3.89055935552714E+0000	 1.55331025552715E-0003
 3.89700440712391E+0000	 1.39751609603974E-0003
 3.90339325628500E+0000	 1.18609753581383E-0003
 3.90972102287164E+0000	 9.37888320750311E-0004
 3.91598791042543E+0000	 6.68722130512830E-0004
 3.92219676671942E+0000	 3.91088279538194E-0004
 3.92835147229076E+0000	 1.14712295358915E-0004
 3.93445613203242E+0000	-1.52613736481747E-0004
 3.94051481976623E+0000	-4.04307726101797E-0004
 3.94653162486454E+0000	-6.34499056211665E-0004
 3.95251082650864E+0000	-8.37750920465564E-0004
 3.95845709561269E+0000	-1.00895982317369E-0003
 3.96437567026612E+0000	-1.14338693796501E-0003
 3.97027247216697E+0000	-1.23678048086600E-0003
 3.97615414539995E+0000	-1.28554675751152E-0003
 3.98202801740633E+0000	-1.28692485608332E-0003
 3.98790200572032E+0000	-1.23912619887732E-0003
 3.99378451534742E+0000	-1.14142089955919E-0003
 3.99968438123537E+0000	-9.94187498254084E-0004
 4.00561089894319E+0000	-7.98986682590789E-0004
 4.01157394408467E+0000	-5.58763126252311E-0004
 4.01758409955942E+0000	-2.78302008835686E-0004
 4.02365259384431E+0000	 3.49645460035553E-0005
 4.02979073298746E+0000	 3.69829185187354E-0004
 4.03600844899973E+0000	 7.10134080094900E-0004
 4.04231170987233E+0000	 1.03418968632905E-0003
 4.04869902245395E+0000	 1.31578356250000E-0003
 4.05515819760002E+0000	 1.52771369347732E-0003
 4.06166548683228E+0000	 1.64770837283859E-0003
 4.06818889340767E+0000	 1.66458057199672E-0003
 4.07469508683924E+0000	 1.58123484665871E-0003
 4.08115659773216E+0000	 1.41270175207541E-0003
 4.08755584744855E+0000	 1.18070395281857E-0003
 4.09388515802894E+0000	 9.07987214532596E-0004
 4.10014427388615E+0000	 6.14628790841361E-0004
 4.10633735930974E+0000	 3.16634879683567E-0004
 4.11247062119384E+0000	 2.60698281333088E-0005
 4.11855084376038E+0000	-2.48147263068726E-0004
 4.12458467435046E+0000	-4.99341917659278E-0004
 4.13057839070481E+0000	-7.22333891338773E-0004
 4.13653792774618E+0000	-9.12899759077039E-0004
 4.14246902531531E+0000	-1.06742822981349E-0003
 4.14837742387453E+0000	-1.18273113582349E-0003
 4.15426906845263E+0000	-1.25598276277355E-0003
 4.16015028951387E+0000	-1.28476873153206E-0003
 4.16602793038213E+0000	-1.26722190307549E-0003
 4.17190939912740E+0000	-1.20221143709530E-0003
 4.17780264246871E+0000	-1.08954416361621E-0003
 4.18371606456798E+0000	-9.30144649800492E-0004
 4.18965843421220E+0000	-7.26206320129905E-0004
 4.19563882599909E+0000	-4.81350423088839E-0004
 4.20166660621760E+0000	-2.00883094331839E-0004
 4.20775138492754E+0000	 1.07725249990629E-0004
 4.21390271608313E+0000	 4.34051512797333E-0004
 4.22012918892333E+0000	 7.63706086126922E-0004
 4.22643653576852E+0000	 1.07751106438011E-0003
 4.23282466976036E+0000	 1.35171251786643E-0003
 4.23928432636166E+0000	 1.56028528525065E-0003
 4.24579504305932E+0000	 1.67982769744411E-0003
 4.25232663352596E+0000	 1.69584808997733E-0003
 4.25884483988767E+0000	 1.60738262988205E-0003
 4.26531891217149E+0000	 1.42708730358345E-0003
 4.27172731349702E+0000	 1.17682579275012E-0003
 4.27805937103210E+0000	 8.81573356029388E-0004
 4.28431353635499E+0000	 5.64573502819846E-0004
 4.29049427124703E+0000	 2.44891959818673E-0004
 4.29660916236966E+0000	-6.30452050095046E-0005
 4.30266691724862E+0000	-3.48839126696406E-0004
 4.30867624026864E+0000	-6.05162100627813E-0004
 4.31464534077676E+0000	-8.26854444014381E-0004
 4.32058181549702E+0000	-1.01021910813178E-0003
 4.32649272156340E+0000	-1.15252485584224E-0003
 4.33238473656788E+0000	-1.25168062407246E-0003
 4.33826435786793E+0000	-1.30604401551581E-0003
 4.34413811795607E+0000	-1.31434522811378E-0003
 4.35001279286371E+0000	-1.27572173781439E-0003
 4.35589557173111E+0000	-1.18985797723102E-0003
 4.36179415289092E+0000	-1.05721065192792E-0003
 4.36771674212531E+0000	-8.79284849834544E-0004
 4.37367195029481E+0000	-6.58919902435650E-0004
 4.37966861236925E+0000	-4.00555593127334E-0004
 4.38571556328387E+0000	-1.10484011778149E-0004
 4.39182138307334E+0000	 2.02855474087479E-0004
 4.39799403691119E+0000	 5.28444910325803E-0004
 4.40424018824541E+0000	 8.52080847642651E-0004
 4.41056384119399E+0000	 1.15578068198561E-0003
 4.41696406755020E+0000	 1.41779585713112E-0003
 4.42343212287906E+0000	 1.61418409757777E-0003
 4.42994923701172E+0000	 1.72268075725347E-0003
 4.43648708609394E+0000	 1.72832577188394E-0003
 4.44301217643073E+0000	 1.62842653742363E-0003
 4.44949285741700E+0000	 1.43387448578563E-0003
 4.45590557266664E+0000	 1.16589866105244E-0003
 4.46223760559874E+0000	 8.50294460170537E-0004
 4.46848617027829E+0000	 5.12120101741158E-0004
 4.47465554428025E+0000	 1.72542330556625E-0004
 4.48075400290765E+0000	-1.52167958195221E-0004
 4.48679147975024E+0000	-4.50286038118929E-0004
 4.49277813275299E+0000	-7.13722715973012E-0004
 4.49872363583769E+0000	-9.37051025223498E-0004
 4.50463693811145E+0000	-1.11669465113928E-0003
 4.51052627818589E+0000	-1.25033350744009E-0003
 4.51639931665853E+0000	-1.33650267930931E-0003
 4.52226331629859E+0000	-1.37433948193392E-0003
 4.52812534292341E+0000	-1.36344399924153E-0003
 4.53399247672710E+0000	-1.30384079729914E-0003
 4.53987201855357E+0000	-1.19604666486909E-0003
 4.54577166010849E+0000	-1.04125126616363E-0003
 4.55169957467904E+0000	-8.41604494459707E-0004
 4.55766438399448E+0000	-6.00583366522606E-0004
 4.56367496961965E+0000	-3.23391828931478E-0004
 4.56974012111745E+0000	-1.73386946449035E-0005
 4.57586803726177E+0000	 3.07847388270179E-0004
 4.58206569404054E+0000	 6.39770282967525E-0004
 4.58833802926184E+0000	 9.63165496175063E-0004
 4.59468677698914E+0000	 1.25980205569459E-0003
 4.60110875038044E+0000	 1.50880742028806E-0003
 4.60759367831903E+0000	 1.68809332495562E-0003
 4.61412247528090E+0000	 1.77756683847824E-0003
 4.62066758031124E+0000	 1.76390065574486E-0003
 4.62719661487066E+0000	 1.64500851071739E-0003
 4.63367859522472E+0000	 1.43158497272178E-0003
 4.64008988521110E+0000	 1.14453967513872E-0003
 4.64641722827596E+0000	 8.09786957493404E-0004
 4.65265733622688E+0000	 4.53064292607458E-0004
 4.65881436492507E+0000	 9.65595812282568E-0005
 4.66489693105602E+0000	-2.42399687483317E-0004
 4.67091567597692E+0000	-5.51222315243505E-0004
 4.67688167295961E+0000	-8.21243555602389E-0004
 4.68280557654387E+0000	-1.04675508534919E-0003
 4.68869728829378E+0000	-1.22414562257886E-0003
 4.69456592695677E+0000	-1.35124761911463E-0003
 4.70041994943043E+0000	-1.42689098690985E-0003
 4.70626732994047E+0000	-1.45062574926601E-0003
 4.71211575361767E+0000	-1.42257051981846E-0003
 4.71797281128097E+0000	-1.34335859940171E-0003
 4.72384619177307E+0000	-1.21417589110985E-0003
 4.72974385864057E+0000	-1.03690230303086E-0003
 4.73567417738767E+0000	-8.14371628588501E-0004
 4.74164593864332E+0000	-5.50751452329759E-0004
 4.74766821021731E+0000	-2.52017085313074E-0004
 4.75374995406728E+0000	 7.35431321788609E-0005
 4.75989936897266E+0000	 4.14890507842567E-0004
 4.76612296529201E+0000	 7.57985380721313E-0004
 4.77242442126529E+0000	 1.08582901449050E-0003
 4.77880327098939E+0000	 1.37888362072363E-0003
 4.78525344808356E+0000	 1.61601567291263E-0003
 4.79176182313048E+0000	 1.77628702066255E-0003
 4.79830733008905E+0000	 1.84196765847735E-0003
 4.80486183960665E+0000	 1.80255328119252E-0003
 4.81139370065198E+0000	 1.65833731448397E-0003
 4.81787330074024E+0000	 1.42142335835185E-0003
 4.82427830564452E+0000	 1.11322701042251E-0003
 4.83059632689354E+0000	 7.59699338131925E-0004
 4.83682454164647E+0000	 3.86562164201680E-0004
 4.84296738600861E+0000	 1.61296987285948E-0005
 4.84903376867009E+0000	-3.34009376022676E-0004
 4.85503472679100E+0000	-6.50962916480264E-0004
 4.86098183387463E+0000	-9.25816486937601E-0004
 4.86688630565191E+0000	-1.15271136065513E-0003
 4.87275861925309E+0000	-1.32799079667312E-0003
 4.87860845572018E+0000	-1.44952835620660E-0003
 4.88444481658001E+0000	-1.51626029124896E-0003
 4.89027621352835E+0000	-1.52789930692960E-0003
 4.89611087283636E+0000	-1.48479156230942E-0003
 4.90195692863048E+0000	-1.38788215428698E-0003
 4.90782259835640E+0000	-1.23876998051107E-0003
 4.91371633610115E+0000	-1.03985327888590E-0003
 4.91964694483038E+0000	-7.94582439188390E-0004
 4.92562360213143E+0000	-5.07837604085121E-0004
 4.93165572448839E+0000	-1.86429242378499E-0004
 4.93775257314292E+0000	 1.60322857201181E-0004
 4.94392250569925E+0000	 5.20043130237798E-0004
 4.95017182431344E+0000	 8.76975906224738E-0004
 4.95650327906278E+0000	 1.21212719207567E-0003
 4.96291442925659E+0000	 1.50409650809191E-0003
 4.96939617755365E+0000	 1.73072342442303E-0003
 4.97593185367946E+0000	 1.87156665320743E-0003
 4.98249734609620E+0000	 1.91111421655365E-0003
 4.98906293987353E+0000	 1.84223981193324E-0003
 4.99559720803575E+0000	 1.66869473282151E-0003
 5.00207213070320E+0000	 1.40513784173769E-0003
 5.00846746583966E+0000	 1.07425225426919E-0003
 5.01477267105484E+0000	 7.02199960074138E-0004
 5.02098619662625E+0000	 3.14359647422011E-0004
 5.02711321580541E+0000	-6.74193376125941E-0005
 5.03316303390996E+0000	-4.25908983449988E-0004
 5.03914693438180E+0000	-7.48422493391481E-0004
 5.04507670546050E+0000	-1.02613241376433E-0003
 5.05096379621875E+0000	-1.25320391421302E-0003
 5.05681894597748E+0000	-1.42598088853217E-0003
 5.06265212494605E+0000	-1.54233286526176E-0003
 5.06847265354685E+0000	-1.60119340921417E-0003
 5.07428940431110E+0000	-1.60228003828830E-0003
 5.08011102335950E+0000	-1.54596777891600E-0003
 5.08594613565872E+0000	-1.43328516157801E-0003
 5.09180351789132E+0000	-1.26600886356169E-0003
 5.09769223157012E+0000	-1.04684835414150E-0003
 5.10362170282695E+0000	-7.79729056009994E-0004
 5.10960171263112E+0000	-4.70192200634141E-0004
 5.11564222594977E+0000	-1.25920476937166E-0004
 5.12175295063211E+0000	 2.42640202146605E-0004
 5.12794249572290E+0000	 6.21670484713918E-0004
 5.13421702984032E+0000	 9.93603745449875E-0004
 5.14057847226647E+0000	 1.33733493596849E-0003
 5.14702250294750E+0000	 1.62938851511517E-0003
 5.15353696620077E+0000	 1.84624254974960E-0003
 5.16010137289490E+0000	 1.96761510667680E-0003
 5.16668805901569E+0000	 1.98009297543916E-0003
 5.17326520034749E+0000	 1.88016845971064E-0003
 5.17980131241069E+0000	 1.67558213449080E-0003
 5.18627005461804E+0000	 1.38414156968232E-0003
 5.19265367134012E+0000	 1.03022015096903E-0003
 5.19894399319610E+0000	 6.40322082536546E-0004
 5.20514122113022E+0000	 2.39334043848088E-0004
 5.21125157521442E+0000	-1.51690810036565E-0004
 5.21728486325540E+0000	-5.16276833572382E-0004
 5.22325254572521E+0000	-8.42294883024600E-0004
 5.22916644203640E+0000	-1.12126057706281E-0003
 5.23503800036178E+0000	-1.34750723705205E-0003
 5.24087798644688E+0000	-1.51742393491766E-0003
 5.24669645167815E+0000	-1.62884557544819E-0003
 5.25250286700392E+0000	-1.68062247134479E-0003
 5.25830633775481E+0000	-1.67236501643648E-0003
 5.26411583965336E+0000	-1.60434364705493E-0003
 5.26994043720277E+0000	-1.47751951392637E-0003
 5.27578946142890E+0000	-1.29368452076735E-0003
 5.28167263253087E+0000	-1.05569919965657E-0003
 5.28760011031823E+0000	-7.67830602698482E-0004
 5.29358243688711E+0000	-4.36203195661331E-0004
 5.29963030072448E+0000	-6.93714418260506E-0005
 5.30575400629083E+0000	 3.21013106535914E-0004
 5.31196249898600E+0000	 7.19552423330956E-0004
 5.31826181654403E+0000	 1.10672544721279E-0003
 5.32465298635977E+0000	 1.45920921928968E-0003
 5.33112972323380E+0000	 1.75139732901616E-0003
 5.33767672432406E+0000	 1.95838607540302E-0003
 5.34426958242348E+0000	 2.06006293172980E-0003
 5.35087697627523E+0000	 2.04517941387897E-0003
 5.35746490855988E+0000	 1.91398222054854E-0003
 5.36400186337118E+0000	 1.67836886918314E-0003
 5.37046329852314E+0000	 1.35943173489981E-0003
 5.37683412096441E+0000	 9.83295861713783E-0004
 5.38310872299659E+0000	 5.76781083984297E-0004
 5.38928921739678E+0000	 1.64173787035655E-0004
 5.39538297170552E+0000	-2.34437765794706E-0004
 5.40140031631374E+0000	-6.03524981298835E-0004
 5.40735282788250E+0000	-9.31697418966454E-0004
 5.41325223418939E+0000	-1.21094845141223E-0003
 5.41910982790226E+0000	-1.43585085016818E-0003
 5.42493624535298E+0000	-1.60284692113251E-0003
 5.43074148491247E+0000	-1.70969440672987E-0003
 5.43653506740706E+0000	-1.75508539660172E-0003
 5.44232626559351E+0000	-1.73843302454359E-0003
 5.44812434983765E+0000	-1.65980979268241E-0003
 5.45393881335755E+0000	-1.52001805632653E-0003
 5.45977955211435E+0000	-1.32077599377043E-0003
 5.46565697982692E+0000	-1.06501007568631E-0003
 5.47158205439915E+0000	-7.57255553164066E-0004
 5.47756617373969E+0000	-4.04174630217616E-0004
 5.48362086319008E+0000	-1.51964276719241E-0005
 5.48975712772830E+0000	 3.96755673179615E-0004
 5.49598430188112E+0000	 8.14579450000338E-0004
 5.50230825289632E+0000	 1.21665018151058E-0003
 5.50872897068478E+0000	 1.57732240710575E-0003
 5.51523799543265E+0000	 1.86887444505398E-0003
 5.52181670163892E+0000	 2.06518919747627E-0003
 5.52843672851211E+0000	 2.14659439048843E-0003
 5.53506324555914E+0000	 2.10425989044072E-0003
 5.54166035744681E+0000	 1.94230409984253E-0003
 5.54819679661866E+0000	 1.67672144023723E-0003
 5.55464999974689E+0000	 1.33170749578652E-0003
 5.56100759179050E+0000	 9.34931620624432E-0004
 5.56726649613054E+0000	 5.13361185059974E-0004
 5.57343067130561E+0000	 9.05664731304135E-0005
 5.57950855862110E+0000	-3.14408127407716E-0004
 5.58551093409238E+0000	-6.87038786672139E-0004
 5.59144940599925E+0000	-1.01671388430234E-0003
 5.59733551781328E+0000	-1.29592169210788E-0003
 5.60318031331090E+0000	-1.51946253089470E-0003
 5.60899421747792E+0000	-1.68379067528806E-0003
 5.61478711648793E+0000	-1.78652308322569E-0003
 5.62056855069523E+0000	-1.82611950906386E-0003
 5.62634795817816E+0000	-1.80172386893097E-0003
 5.63213492398971E+0000	-1.71315066480167E-0003
 5.63793940353085E+0000	-1.56099989514944E-0003
 5.64377189692343E+0000	-1.34688836882399E-0003
 5.64964355286480E+0000	-1.07379350517744E-0003
 5.65556617213853E+0000	-7.46514994757708E-0004
 5.66155205875532E+0000	-3.72264785117589E-0004
 5.66761362720108E+0000	 3.86145921335084E-0005
 5.67376262101487E+0000	 4.71850386064747E-0004
 5.68000875551365E+0000	 9.08518751671174E-0004
 5.68635763190061E+0000	 1.32476107085195E-0003
 5.69280799652357E+0000	 1.69253507407868E-0003
 5.69934893716077E+0000	 1.98208178588996E-0003
 5.70595828523729E+0000	 2.16635945799454E-0003
 5.71260373178861E+0000	 2.22656748737275E-0003
 5.71924724065060E+0000	 2.15666449468298E-0003
 5.72585150164042E+0000	 1.96474545949326E-0003
 5.73238592547310E+0000	 1.67069998334865E-0003
 5.73883013678462E+0000	 1.30145488956725E-0003
 5.74517445586824E+0000	 8.85862199344248E-0004
 5.75141817492421E+0000	 4.50790583232418E-0004
 5.75756689626274E+0000	 1.89763590463095E-0005
 5.76362995241104E+0000	-3.91603660914842E-0004
 5.76961842173646E+0000	-7.67399274853833E-0004
 5.77554383927258E+0000	-1.09851851935847E-0003
 5.78141749162815E+0000	-1.37787115098270E-0003
 5.78725012944770E+0000	-1.60040396957855E-0003
 5.79305194945155E+0000	-1.76249965669679E-0003
 5.79883273563809E+0000	-1.86155495868228E-0003
 5.80460208242255E+0000	-1.89572991130869E-0003
 5.81036964660038E+0000	-1.86385115427809E-0003
 5.81614539190773E+0000	-1.76545110773576E-0003
 5.82193980135702E+0000	-1.60092824315943E-0003
 5.82776403806333E+0000	-1.37182106380402E-0003
 5.83363003282557E+0000	-1.08119832074973E-0003
 5.83955046317142E+0000	-7.34177312819514E-0004
 5.84553856014751E+0000	-3.38584613351143E-0004
 5.85160763291719E+0000	 9.42434297515317E-0005
 5.85777014200400E+0000	 5.48583244107373E-0004
 5.86403610956628E+0000	 1.00356980698102E-0003
 5.87041071084955E+0000	 1.43300141620690E-0003
 5.87689118629703E+0000	 1.80640956528371E-0003
 5.88346385516157E+0000	 2.09214620449620E-0003
 5.89010278364210E+0000	 2.26262521456180E-0003
 5.89677177485765E+0000	 2.30043664103002E-0003
 5.90342999462894E+0000	 2.20273662480584E-0003
 5.91003930607526E+0000	 1.98166340556292E-0003
 5.91657028034346E+0000	 1.66070776872162E-0003
 5.92300492367239E+0000	 1.26906053556749E-0003
 5.92933616825332E+0000	 8.36333396501646E-0004
 5.93556543716280E+0000	 3.89031791463931E-0004
 5.94169970480538E+0000	-5.10414951371454E-0005
 5.94774896023548E+0000	-4.66956136503994E-0004
 5.95372441280814E+0000	-8.46043439580079E-0004
 5.95963741848727E+0000	-1.17900565858161E-0003
 5.96549895956348E+0000	-1.45904027119272E-0003
 5.97131949482770E+0000	-1.68111468421180E-0003
 5.97710903277255E+0000	-1.84143297196892E-0003
 5.98287732380300E+0000	-1.93709111447789E-0003
 5.98863410285678E+0000	-1.96590003298760E-0003
 5.99438933899205E+0000	-1.92635246197600E-0003
 6.00015346522382E+0000	-1.81771336708751E-0003
 6.00593757156318E+0000	-1.64022149886273E-0003
 6.01175354647496E+0000	-1.39540045457141E-0003
 6.01761414491019E+0000	-1.08648951986589E-0003
 6.02353294160968E+0000	-7.19014039033486E-0004
 6.02952409261401E+0000	-3.01514895915901E-0004
 6.03560177322114E+0000	 1.53567947477356E-0004
 6.04177909401628E+0000	 6.28939654263674E-0004
 6.04806625591891E+0000	 1.10167227955861E-0003
 6.05446779205866E+0000	 1.54313331418485E-0003
 6.06097912936945E+0000	 1.92044825929739E-0003
 6.06758348794668E+0000	 2.20030135185523E-0003
 6.07425098033440E+0000	 2.35501600359504E-0003
 6.08094165869542E+0000	 2.36912800996817E-0003
 6.08761237919036E+0000	 2.24337359768929E-0003
 6.09422480435006E+0000	 1.99392922838025E-0003
 6.10075112905747E+0000	 1.64752065236931E-0003
 6.10717588126196E+0000	 1.23509547429212E-0003
 6.11349446243470E+0000	 7.86598455066520E-0004
 6.11971013982221E+0000	 3.27929329577442E-0004
 6.12583095469061E+0000	-1.20104895918374E-0004
 6.13186730086084E+0000	-5.41553296711121E-0004
 6.13783034792952E+0000	-9.24487264686847E-0004
 6.14373118572617E+0000	-1.26003142447869E-0003
 6.14958047970449E+0000	-1.54150060693940E-0003
 6.15538844403382E+0000	-1.76373606514089E-0003
 6.16116498841546E+0000	-1.92265404730364E-0003
 6.16691994310800E+0000	-2.01498471542569E-0003
 6.17266330417068E+0000	-2.03816926863141E-0003
 6.17840546682335E+0000	-1.99038576013381E-0003
 6.18415743071264E+0000	-1.87068316150851E-0003
 6.18993096793705E+0000	-1.67921564106720E-0003
 6.19573874283772E+0000	-1.41758291884704E-0003
 6.20159436030068E+0000	-1.08929588697367E-0003
 6.20751229358488E+0000	-7.00395691164888E-0004
 6.21350759918970E+0000	-2.60250989319236E-0004
 6.21959526239671E+0000	 2.17475379646520E-0004
 6.22578894271724E+0000	 7.13795347775276E-0004
 6.23209885220573E+0000	 1.20360931906813E-0003
 6.23852862823473E+0000	 1.65580181919544E-0003
 6.24507155814157E+0000	 2.03517456290715E-0003
 6.25170745679730E+0000	 2.30704180731791E-0003
 6.25840237501218E+0000	 2.44414406171983E-0003
 6.26511286056374E+0000	 2.43350347280973E-0003
 6.27179402426701E+0000	 2.27972829401116E-0003
 6.27840795026725E+0000	 2.00291092045681E-0003
