-8.55607142600577E-0005	 2.42193077196602E-0003
 6.59893898136441E-0003	 2.41040399004117E-0003
 1.32707135681564E-0002	 2.26617561421293E-0003
 1.98929259143305E-0002	 1.99590855694318E-0003
 2.64328226452878E-0002	 1.61881267976872E-0003
 3.28668531235256E-0002	 1.16342530804742E-0003
 3.91829852634099E-0002	 6.62358042832238E-0004
 4.53799347794562E-0002	 1.47310266695005E-0004
 5.14645451734032E-0002	-3.54156452101258E-0004
 5.74488019804531E-0002	-8.19909706189368E-0004
 6.33473789622998E-0002	-1.23319535788893E-0003
 6.91759750190592E-0002	-1.58193473072089E-0003
 7.49503451311094E-0002	-1.85785012161951E-0003
 8.06858223275039E-0002	-2.05566651949342E-0003
 8.63971438299311E-0002	-2.17248290912325E-0003
 9.20984450113439E-0002	-2.20732767834686E-0003
 9.78033312227113E-0002	-2.16088116107969E-0003
 1.03524969627879E-0001	-2.03534036127619E-0003
 1.09276161696271E-0001	-1.83440188183019E-0003
 1.15069365655179E-0001	-1.56334118682679E-0003
 1.20916641200441E-0001	-1.22916544829102E-0003
 1.26829490644504E-0001	-8.40811571678679E-0004
 1.32818576530425E-0001	-4.09351395505679E-0004
 1.38893309942847E-0001	 5.18422697395401E-0005
 1.45061325050511E-0001	 5.27011496356937E-0004
 1.51327868163014E-0001	 9.98027658331752E-0004
 1.57695100502541E-0001	 1.44448240067622E-0003
 1.64161218408490E-0001	 1.84384095783764E-0003
 1.70719188620486E-0001	 2.17179922935388E-0003
 1.77354979373966E-0001	 2.40332203561848E-0003
 1.84045689960431E-0001	 2.51512152926986E-0003
 1.90758873372895E-0001	 2.49000248453957E-0003
 1.97454809033846E-0001	 2.32214761116151E-0003
 2.04092359469276E-0001	 2.02076792611239E-0003
 2.10636501154987E-0001	 1.60953269713846E-0003
 2.17064025593856E-0001	 1.12164633562824E-0003
 2.23365169831362E-0001	 5.93165435139742E-0004
 2.29541656506883E-0001	 5.75256445905245E-0005
 2.35603143244924E-0001	-4.57405724797496E-0004
 2.41563805736885E-0001	-9.30073916671404E-0004
 2.47439824411439E-0001	-1.34470723376159E-0003
 2.53247834397922E-0001	-1.69030706425619E-0003
 2.59004109380483E-0001	-1.95961474964299E-0003
 2.64724217482489E-0001	-2.14824950583276E-0003
 2.70422946796181E-0001	-2.25406643953168E-0003
 2.76114366641209E-0001	-2.27672137487514E-0003
 2.81811941792897E-0001	-2.21741023343452E-0003
 2.87528648730126E-0001	-2.07874982937667E-0003
 2.93277060357681E-0001	-1.86477106744631E-0003
 2.99069374315061E-0001	-1.58099866795711E-0003
 3.04917364942760E-0001	-1.23459146775436E-0003
 3.10832244775336E-0001	-8.34514508293036E-0004
 3.16824431582490E-0001	-3.91712169427033E-0004
 3.22903231175188E-0001	 8.07418299845852E-0005
 3.29076454302372E-0001	 5.67517467839042E-0004
 3.35349962243443E-0001	 1.05088326130996E-0003
 3.41727046603192E-0001	 1.51047846639467E-0003
 3.48207395627349E-0001	 1.92302163477847E-0003
 3.54785297666835E-0001	 2.26227403739247E-0003
 3.61446961322947E-0001	 2.50007490970212E-0003
 3.68167687727142E-0001	 2.60957936783363E-0003
 3.74910911352429E-0001	 2.57115603493408E-0003
 3.81631540426557E-0001	 2.37927414701020E-0003
 3.88283955806654E-0001	 2.04653740281670E-0003
 3.94831329998216E-0001	 1.60175754000435E-0003
 4.01251535648944E-0001	 1.08294544602615E-0003
 4.07537637678730E-0001	 5.29263922387689E-0004
 4.13694562599012E-0001	-2.46260483103186E-0005
 4.19734690149239E-0001	-5.50989449705976E-0004
 4.25674154087620E-0001	-1.02912571757367E-0003
 4.31530381418660E-0001	-1.44437478282967E-0003
 4.37320710128656E-0001	-1.78684688321442E-0003
 4.43061741495208E-0001	-2.05027371216423E-0003
 4.48769126641785E-0001	-2.23111134651167E-0003
 4.54457581864385E-0001	-2.32790098510404E-0003
 4.60141006942575E-0001	-2.34085019205863E-0003
 4.65832632923393E-0001	-2.27159005639071E-0003
 4.71545156112696E-0001	-2.12306850794094E-0003
 4.77290831418465E-0001	-1.89954632273597E-0003
 4.83081507722739E-0001	-1.60666637371517E-0003
 4.88928595933963E-0001	-1.25156844954802E-0003
 4.94842970415068E-0001	-8.43024433671392E-0004
 5.00834817081640E-0001	-3.91577901670552E-0004
 5.06913450140564E-0001	 9.03035857431006E-0005
 5.13087105529120E-0001	 5.88012051554275E-0004
 5.19362651275722E-0001	 1.08442057102503E-0003
 5.25745006789589E-0001	 1.55925234585953E-0003
 5.32235863755241E-0001	 1.98827835074927E-0003
 5.38831218048538E-0001	 2.34287295750217E-0003
 5.45517614522372E-0001	 2.59112740502033E-0003
 5.52268251613929E-0001	 2.70207076206903E-0003
 5.59041845878332E-0001	 2.65343892613650E-0003
 5.65787440256508E-0001	 2.44031269744690E-0003
 5.72454947373627E-0001	 2.07924603018240E-0003
 5.79006215896854E-0001	 1.60446909981985E-0003
 5.85420715787562E-0001	 1.05858122992155E-0003
 5.91694547923252E-0001	 4.83347415229129E-0004
 5.97835715818526E-0001	-8.58300960640756E-0005
 6.03859011017276E-0001	-6.21655936925679E-0004
 6.09782178413942E-0001	-1.10440853999334E-0003
 6.15623585513328E-0001	-1.52053824183950E-0003
 6.21401029357981E-0001	-1.86119468562605E-0003
 6.27131250972352E-0001	-2.12100133284305E-0003
 6.32829837527112E-0001	-2.29714431243886E-0003
 6.38511312296276E-0001	-2.38874433823101E-0003
 6.44189297489805E-0001	-2.39645515021824E-0003
 6.49876686180947E-0001	-2.32223422025519E-0003
 6.55585788034745E-0001	-2.16924037032690E-0003
 6.61328429783133E-0001	-1.94182075230113E-0003
 6.67116002941824E-0001	-1.64555507907612E-0003
 6.72959462924561E-0001	-1.28733048366902E-0003
 6.78869297039351E-0001	-8.75431134528863E-0004
 6.84855490048215E-0001	-4.19649946807361E-0004
 6.90927512308617E-0001	 6.85288069676901E-0005
 6.97094312961693E-0001	 5.75571828236392E-0004
 7.03364188896522E-0001	 1.08522018088551E-0003
 7.09744204185506E-0001	 1.57739732402363E-0003
 7.16238603112924E-0001	 2.02685924650366E-0003
 7.22845592795447E-0001	 2.40232878164097E-0003
 7.29552412864685E-0001	 2.66770978458013E-0003
 7.36330274408817E-0001	 2.78739937978741E-0003
 7.43133071361946E-0001	 2.73612640878718E-0003
 7.49903883275993E-0001	 2.50943991710885E-0003
 7.56588266235881E-0001	 2.12773805592035E-0003
 7.63146943701722E-0001	 1.63032992914060E-0003
 7.69560974565734E-0001	 1.06384917453073E-0003
 7.75829178510505E-0001	 4.72142717575177E-0004
 7.81962137841677E-0001	-1.08949546460629E-0004
 7.87976546154651E-0001	-6.52643939601682E-0004
 7.93891333982043E-0001	-1.14011357397035E-0003
 7.99725489482461E-0001	-1.55875939241136E-0003
 8.05497038089818E-0001	-1.90058902263392E-0003
 8.11222692478619E-0001	-2.16094163023292E-0003
 8.16917846029143E-0001	-2.33757198409312E-0003
 8.22596718662004E-0001	-2.43003301975032E-0003
 8.28272550700640E-0001	-2.43928554832140E-0003
 8.33957789963418E-0001	-2.36747296323999E-0003
 8.39664244914484E-0001	-2.21781048360550E-0003
 8.45403194042844E-0001	-1.99454784889446E-0003
 8.51185456066738E-0001	-1.70297262925465E-0003
 8.57021440398988E-0001	-1.34943292425424E-0003
 8.62921211032951E-0001	-9.41379551777638E-0004
 8.68894601378586E-0001	-4.87464812081902E-0004
 8.74951396027334E-0001	 2.21187044148019E-0006
 8.81101524402903E-0001	 5.15564598279293E-0004
 8.87355067491247E-0001	 1.03751795979231E-0003
 8.93721655863280E-0001	 1.54845272584118E-0003
 9.00208584703873E-0001	 2.02232123647112E-0003
 9.06816896088028E-0001	 2.42533873385913E-0003
 9.13535306988423E-0001	 2.71719731910540E-0003
 9.20333909157224E-0001	 2.85732565702807E-0003
 9.27162537689438E-0001	 2.81673382482251E-0003
 9.33958778454973E-0001	 2.59042930271897E-0003
 9.40663888042699E-0001	 2.20149756621553E-0003
 9.47237055722559E-0001	 1.69322690907301E-0003
 9.53660136013795E-0001	 1.11548159299767E-0003
 9.59933719932403E-0001	 5.13815129326116E-0004
 9.66070099945968E-0001	-7.54920932071121E-0005
 9.72087199915607E-0001	-6.25934945063397E-0004
 9.78004669486648E-0001	-1.11925578692161E-0003
 9.83841812255776E-0001	-1.54347407129477E-0003
 9.89616685307709E-0001	-1.89115546109391E-0003
 9.95345841235335E-0001	-2.15809736024626E-0003
 1.00104438195187E+0000	-2.34240460779372E-0003
 1.00672613961498E+0000	-2.44387316127274E-0003
 1.01240388802294E+0000	-2.46359883932257E-0003
 1.01808953713428E+0000	-2.40374189243314E-0003
 1.02379429182124E+0000	-2.26739212402131E-0003
 1.02952877558207E+0000	-2.05849121875794E-0003
 1.03530313709121E+0000	-1.78178197218768E-0003
 1.04112717321059E+0000	-1.44277377799800E-0003
 1.04701051166693E+0000	-1.04774552543363E-0003
 1.05296288915839E+0000	-6.03853129832430E-0004
 1.05899452054522E+0000	-1.19463715485931E-0004
 1.06511646500026E+0000	 3.95115310755486E-0004
 1.07134074103502E+0000	 9.26339592266628E-0004
 1.07767971747888E+0000	 1.45548865902240E-0003
 1.08414404211499E+0000	 1.95632659609808E-0003
 1.09073824866764E+0000	 2.39333017504423E-0003
 1.09745378700768E+0000	 2.72264950406045E-0003
 1.10426149342885E+0000	 2.89880195475999E-0003
 1.11110913201951E+0000	 2.88802951285109E-0003
 1.11793006407786E+0000	 2.68267383108223E-0003
 1.12466121793105E+0000	 2.30602052317120E-0003
 1.13125906382938E+0000	 1.80336587116047E-0003
 1.13770455142656E+0000	 1.22678687401426E-0003
 1.14399843335411E+0000	 6.23379682288995E-0004
 1.15015348740360E+0000	 3.02140569721693E-0005
 1.15618805543235E+0000	-5.25931837470573E-0004
 1.16212201521518E+0000	-1.02680145047992E-0003
 1.16797470771716E+0000	-1.46052941617131E-0003
 1.17376407062039E+0000	-1.81982208147720E-0003
 1.17950641420731E+0000	-2.10059776387023E-0003
 1.18521649872452E+0000	-2.30103871514165E-0003
 1.19090772770592E+0000	-2.42095844198703E-0003
 1.19659236343137E+0000	-2.46139188750771E-0003
 1.20228172252422E+0000	-2.42433239157462E-0003
 1.20798634095613E+0000	-2.31255598341506E-0003
 1.21371612008441E+0000	-2.12948969914134E-0003
 1.21948048363243E+0000	-1.87910019641447E-0003
 1.22528858844232E+0000	-1.56580680605117E-0003
 1.23114963273313E+0000	-1.19446182768104E-0003
 1.23707328457664E+0000	-7.70487511824482E-0004
 1.24307020060759E+0000	-3.00304340839394E-0004
 1.24915251299406E+0000	 2.07785815807092E-0004
 1.25533402242814E+0000	 7.42106146923754E-0004
 1.26162963078195E+0000	 1.28543338651749E-0003
 1.26805327937736E+0000	 1.81235831555612E-0003
 1.27461346735728E+0000	 2.28707405485592E-0003
 1.28130587750788E+0000	 2.66375062349400E-0003
 1.28810483788856E+0000	 2.89280579211788E-0003
 1.29495938848052E+0000	 2.93472538248007E-0003
 1.30180107418765E+0000	 2.77617448619925E-0003
 1.30856272745026E+0000	 2.43681094946357E-0003
 1.31519636265897E+0000	 1.96095270813749E-0003
 1.32167951879901E+0000	 1.40149229302878E-0003
 1.32801086219639E+0000	 8.06978999968164E-0004
 1.33420205947415E+0000	 2.15870932603905E-0004
 1.34027088983031E+0000	-3.43969211279887E-0004
 1.34623691901341E+0000	-8.53506984580980E-0004
 1.35211925912355E+0000	-1.30033433408339E-0003
 1.35793561770416E+0000	-1.67677371444830E-0003
 1.36370203267221E+0000	-1.97845630863753E-0003
 1.36943292819929E+0000	-2.20332610733433E-0003
 1.37514129384980E+0000	-2.35096689470837E-0003
 1.38083888931534E+0000	-2.42215179573762E-0003
 1.38653643517878E+0000	-2.41853285834399E-0003
 1.39224378602627E+0000	-2.34240842824533E-0003
 1.39797010686517E+0000	-2.19652802128700E-0003
 1.40372409056892E+0000	-1.98392109544965E-0003
 1.40951426034694E+0000	-1.70776993633121E-0003
 1.41534939107745E+0000	-1.37138615160663E-0003
 1.42123905148474E+0000	-9.78388356394714E-0004
 1.42719421417847E+0000	-5.33206621048273E-0004
 1.43322780256203E+0000	-4.20506520535260E-0005
 1.43935493402682E+0000	 4.85532433137295E-0004
 1.44559245092632E+0000	 1.03444492857067E-0003
 1.45195707831069E+0000	 1.58130934898268E-0003
 1.45846129446559E+0000	 2.09193325036550E-0003
 1.46510622041559E+0000	 2.52086106879794E-0003
 1.47187262684438E+0000	 2.81629286057453E-0003
 1.47871513367702E+0000	 2.93286200899006E-0003
 1.48556729003032E+0000	 2.84862442810882E-0003
 1.49235913063233E+0000	 2.57495020447198E-0003
 1.49903671306160E+0000	 2.15107318478906E-0003
 1.50557128672160E+0000	 1.62851495055954E-0003
 1.51195665585689E+0000	 1.05686586852399E-0003
 1.51820136031057E+0000	 4.76555744208441E-0004
 1.52432138110681E+0000	-8.25435240149363E-0005
 1.53033530817421E+0000	-5.99702817284923E-0004
 1.53626171996972E+0000	-1.06119502088687E-0003
 1.54211799423975E+0000	-1.45834786591676E-0003
 1.54791990406570E+0000	-1.78604369969065E-0003
 1.55368159309514E+0000	-2.04164766926916E-0003
 1.55941570571135E+0000	-2.22426574538596E-0003
 1.56513356198058E+0000	-2.33422765990655E-0003
 1.57084533578323E+0000	-2.37270721932629E-0003
 1.57656023666199E+0000	-2.34141702969113E-0003
 1.58228672193322E+0000	-2.24234319880414E-0003
 1.58803277826131E+0000	-2.07751843501631E-0003
 1.59380630918623E+0000	-1.84886778985186E-0003
 1.59961564454540E+0000	-1.55819469047505E-0003
 1.60547015082265E+0000	-1.20739821711437E-0003
 1.61138087416002E+0000	-7.99021546314367E-0004
 1.61736109350856E+0000	-3.37229604950671E-0004
 1.62342658867358E+0000	 1.70693148384505E-0004
 1.62959530286009E+0000	 7.12261237496591E-0004
 1.63588586154843E+0000	 1.26718456056855E-0003
 1.64231413406609E+0000	 1.80471746080115E-0003
 1.64888702034295E+0000	 2.28240240986842E-0003
 1.65559382294382E+0000	 2.64905633592870E-0003
 1.66239887976025E+0000	 2.85502222102362E-0003
 1.66924265969629E+0000	 2.86839189949761E-0003
 1.67605557972758E+0000	 2.68802142913756E-0003
 1.68277772673106E+0000	 2.34314431661691E-0003
 1.68937168801385E+0000	 1.88050952807598E-0003
 1.69582343488039E+0000	 1.34942592233752E-0003
 1.70213594957003E+0000	 7.92423913206150E-0004
 1.70832181799120E+0000	 2.42169515003362E-0004
 1.71439775733540E+0000	-2.77985992915920E-0004
 1.72038138845054E+0000	-7.52162216577108E-0004
 1.72628961923405E+0000	-1.17002635748983E-0003
 1.73213797260761E+0000	-1.52521754472113E-0003
 1.73794039954391E+0000	-1.81417591477744E-0003
 1.74370931086217E+0000	-2.03530184776922E-0003
 1.74945569416351E+0000	-2.18834338258680E-0003
 1.75518926555938E+0000	-2.27392262963457E-0003
 1.76091865611924E+0000	-2.29314004390383E-0003
 1.76665165998386E+0000	-2.24723011582628E-0003
 1.77239557822318E+0000	-2.13727915409733E-0003
 1.77815768043887E+0000	-1.96404976622043E-0003
 1.78394577781976E+0000	-1.72797960081872E-0003
 1.78976886521553E+0000	-1.42942818740946E-0003
 1.79563775631096E+0000	-1.06923787427532E-0003
 1.80156560787679E+0000	-6.49664897298777E-0004
 1.80756819092743E+0000	-1.75736171250756E-0004
 1.81366368286030E+0000	 3.42912396515008E-0004
 1.81987158370715E+0000	 8.89717653220347E-0004
 1.82621010475630E+0000	 1.43865108814884E-0003
 1.83269122941592E+0000	 1.95241020828371E-0003
 1.83931323040394E+0000	 2.38348696111062E-0003
 1.84605271168288E+0000	 2.68107529870843E-0003
 1.85286178681666E+0000	 2.80463327895278E-0003
 1.85967622284693E+0000	 2.73846879507377E-0003
 1.86643268362553E+0000	 2.49724710252475E-0003
 1.87308446620303E+0000	 2.11841449950274E-0003
 1.87960726294698E+0000	 1.64826772089274E-0003
 1.88599586689127E+0000	 1.13058242063554E-0003
 1.89225747403272E+0000	 6.01110579289569E-0004
 1.89840569574581E+0000	 8.65766449830873E-0005
 1.90445656021392E+0000	-3.94178366486201E-0004
 1.91042626333162E+0000	-8.28473775444527E-0004
 1.91633006554631E+0000	-1.20819077953744E-0003
 1.92218183088072E+0000	-1.52849980433394E-0003
 1.92799388836748E+0000	-1.78689769531210E-0003
 1.93377704631316E+0000	-1.98247103903784E-0003
 1.93954069119174E+0000	-2.11530123287516E-0003
 1.94529296420684E+0000	-2.18595499225410E-0003
 1.95104103779902E+0000	-2.19504338069106E-0003
 1.95679151621726E+0000	-2.14287228199415E-0003
 1.96255096351546E+0000	-2.02923702831168E-0003
 1.96832652856193E+0000	-1.85342448681931E-0003
 1.97412660453708E+0000	-1.61447530603969E-0003
 1.97996144256587E+0000	-1.31173717017446E-0003
 1.98584363522998E+0000	-9.45725045926041E-0004
 1.99178837653013E+0000	-5.19310156310282E-0004
 1.99781335659487E+0000	-3.92789340491361E-0005
 2.00393802625766E+0000	 4.81706122289774E-0004
 2.01018175804447E+0000	 1.02284826911823E-0003
 2.01656022809435E+0000	 1.55319784141732E-0003
 2.02307951183578E+0000	 2.03128497850912E-0003
 2.02972866371263E+0000	 2.40880796962374E-0003
 2.03647431089697E+0000	 2.64032465619856E-0003
 2.04326285677472E+0000	 2.69691580276208E-0003
 2.05003256441120E+0000	 2.57623472716966E-0003
 2.05672957191222E+0000	 2.30180582180205E-0003
 2.06331841614071E+0000	 1.91281454172733E-0003
 2.06978341525865E+0000	 1.45203396364107E-0003
 2.07612411708365E+0000	 9.57707829808882E-0004
 2.08234940776620E+0000	 4.60273170493494E-0004
 2.08847278771371E+0000	-1.77872548274750E-0005
 2.09450932761166E+0000	-4.60754171404854E-0004
 2.10047395157278E+0000	-8.58195235908003E-0004
 2.10638055793492E+0000	-1.20363504506347E-0003
 2.11224160849220E+0000	-1.49346932653532E-0003
 2.11806796997434E+0000	-1.72608511211847E-0003
 2.12386891106985E+0000	-1.90111842599028E-0003
 2.12965223441220E+0000	-2.01880150691642E-0003
 2.13542455819528E+0000	-2.07939326271719E-0003
 2.14119176083215E+0000	-2.08272944359357E-0003
 2.14695957309799E+0000	-2.02795569388836E-0003
 2.15273426227029E+0000	-1.91350563583136E-0003
 2.15852332342961E+0000	-1.73735901501542E-0003
 2.16433608902221E+0000	-1.49757903705014E-0003
 2.17018418520530E+0000	-1.19310743889012E-0003
 2.17608177907607E+0000	-8.24805096956594E-0004
 2.18204554226406E+0000	-3.96757960354744E-0004
 2.18809417484965E+0000	 8.21101924086510E-0005
 2.19424717671194E+0000	 5.96130234425393E-0004
 2.20052235880713E+0000	 1.12093689381841E-0003
 2.20693153689477E+0000	 1.62228796141140E-0003
 2.21347440260532E+0000	 2.05731691201721E-0003
 2.22013227992430E+0000	 2.38029862315951E-0003
 2.22686583757744E+0000	 2.55333613856015E-0003
 2.23362086406107E+0000	 2.55801207442374E-0003
 2.24034120298691E+0000	 2.40093308929208E-0003
 2.24698185292825E+0000	 2.10956649429219E-0003
 2.25351554591150E+0000	 1.72201936689259E-0003
 2.25993202315620E+0000	 1.27720553834614E-0003
 2.26623346965213E+0000	 8.08918919618711E-0004
 2.27242952115646E+0000	 3.43707514337820E-0004
 2.27853342455366E+0000	-9.89853288506208E-0005
 2.28455955287867E+0000	-5.05752039290983E-0004
 2.29052194439729E+0000	-8.67962985065126E-0004
 2.29643348800389E+0000	-1.18060536252453E-0003
 2.30230549112027E+0000	-1.44127004833476E-0003
 2.30814749401249E+0000	-1.64925247733184E-0003
 2.31396728885907E+0000	-1.80473176400569E-0003
 2.31977115071605E+0000	-1.90803106948121E-0003
 2.32556428941524E+0000	-1.95901035406914E-0003
 2.33135149541768E+0000	-1.95667272416617E-0003
 2.33713790167009E+0000	-1.89905878216769E-0003
 2.34292974850360E+0000	-1.78346074179387E-0003
 2.34873504084827E+0000	-1.60693355092226E-0003
 2.35456402224823E+0000	-1.36704659873051E-0003
 2.36042943005959E+0000	-1.06282574448828E-0003
 2.36634650584951E+0000	-6.95874358622110E-0004
 2.37233268918380E+0000	-2.71704320157759E-0004
 2.37840681212464E+0000	 1.98692736959758E-0004
 2.38458745067865E+0000	 6.97116315376757E-0004
 2.39088995990492E+0000	 1.19667526264596E-0003
 2.39732186262194E+0000	 1.66155526233464E-0003
 2.40387711205349E+0000	 2.04967828055745E-0003
 2.41053150985727E+0000	 2.31966304034910E-0003
 2.41724306337481E+0000	 2.44115719046229E-0003
 2.42395959736827E+0000	 2.40391607485443E-0003
 2.43063092315022E+0000	 2.22009173390735E-0003
 2.43721916230680E+0000	 1.91860314319089E-0003
 2.44370284815930E+0000	 1.53579138680858E-0003
 2.45007532416116E+0000	 1.10737091920850E-0003
 2.45634052246001E+0000	 6.63847148568272E-0004
 2.46250867743386E+0000	 2.28963890640114E-0004
 2.46859305036309E+0000	-1.80096906481570E-0004
 2.47460774792279E+0000	-5.51788360689686E-0004
 2.48056636045911E+0000	-8.79092318749515E-0004
 2.48648113498555E+0000	-1.15843836845337E-0003
 2.49236250017335E+0000	-1.38868212842141E-0003
 2.49821886858446E+0000	-1.57012669387858E-0003
 2.50405671342553E+0000	-1.70359255597541E-0003
 2.50988093641890E+0000	-1.78959404690713E-0003
 2.51569550952347E+0000	-1.82772551423473E-0003
 2.52150430766389E+0000	-1.81636442780311E-0003
 2.52731199283179E+0000	-1.75275041044151E-0003
 2.53312479906028E+0000	-1.63342198551000E-0003
 2.53895110927606E+0000	-1.45493097876887E-0003
 2.54480177915601E+0000	-1.21474135824509E-0003
 2.55069020620560E+0000	-9.12255063756175E-0004
 2.55663213336346E+0000	-5.49963386843325E-0004
 2.56264510616899E+0000	-1.34757741843431E-0004
 2.56874737979582E+0000	 3.20599352566250E-0004
 2.57495593454960E+0000	 7.96006454493229E-0004
 2.58128321996505E+0000	 1.26308718531173E-0003
 2.58773256556967E+0000	 1.68585799276029E-0003
 2.59429319405892E+0000	 2.02442025669981E-0003
 2.60093729997585E+0000	 2.24235641933270E-0003
 2.60762228569095E+0000	 2.31604174037894E-0003
 2.61429902001515E+0000	 2.24139521519883E-0003
 2.62092272159265E+0000	 2.03408708331942E-0003
 2.62746111291964E+0000	 1.72347198117117E-0003
 2.63389702463174E+0000	 1.34424399619882E-0003
 2.64022647131649E+0000	 9.29682919780564E-0004
 2.64645481577197E+0000	 5.07902710730879E-0004
 2.65259299601939E+0000	 1.00589692191660E-0004
 2.65865460781402E+0000	-2.76820082664645E-0004
 2.66465388670499E+0000	-6.14334259905816E-0004
 2.67060437335036E+0000	-9.06397012565455E-0004
 2.67651804771165E+0000	-1.15084070060142E-0003
 2.68240480867658E+0000	-1.34782550627217E-0003
 2.68827226914023E+0000	-1.49877026402416E-0003
 2.69412589064211E+0000	-1.60531698516845E-0003
 2.69996947520720E+0000	-1.66843402615142E-0003
 2.70580596803443E+0000	-1.68780114905699E-0003
 2.71163843835787E+0000	-1.66159724302621E-0003
 2.71747105157647E+0000	-1.58672867160814E-0003
 2.72330985987776E+0000	-1.45943677988428E-0003
 2.72916330989725E+0000	-1.27616312694627E-0003
 2.73504244569192E+0000	-1.03455684152619E-0003
 2.74096082447664E+0000	-7.34562823513689E-0004
 2.74693413868897E+0000	-3.79590072895045E-0004
 2.75297945519574E+0000	 2.22190959062757E-0005
 2.75911386442879E+0000	 4.56661055553377E-0004
 2.76535223557469E+0000	 9.02324660111851E-0004
 2.77170383191169E+0000	 1.33023332519040E-0003
 2.77816798692132E+0000	 1.70531042486915E-0003
 2.78473004800508E+0000	 1.99075361028966E-0003
 2.79135994893285E+0000	 2.15534988487470E-0003
 2.79801569806128E+0000	 2.18150354941727E-0003
 2.80465162060302E+0000	 2.07003190030611E-0003
 2.81122785869415E+0000	 1.83904011225431E-0003
 2.81771682721646E+0000	 1.51788728625141E-0003
 2.82410484563822E+0000	 1.13979350329429E-0003
 2.83039012734640E+0000	 7.36081915858446E-0004
 2.83657931174218E+0000	 3.33002151286655E-0004
 2.84268409589850E+0000	-4.93615933107128E-0005
 2.84871858108795E+0000	-3.96958565391852E-0004
 2.85469736932592E+0000	-7.01069512005339E-0004
 2.86063424245949E+0000	-9.57383254109554E-0004
 2.86654126068353E+0000	-1.16498263108942E-0003
 2.87242819743887E+0000	-1.32526636530778E-0003
 2.87830231093940E+0000	-1.44082158196991E-0003
 2.88416849622318E+0000	-1.51431168986154E-0003
 2.89002984052019E+0000	-1.54751400528983E-0003
 2.89588852236522E+0000	-1.54067835055085E-0003
 2.90174689376533E+0000	-1.49234226068164E-0003
 2.90760852758746E+0000	-1.39963605133314E-0003
 2.91347903623711E+0000	-1.25899623515114E-0003
 2.91936655338685E+0000	-1.06714153712182E-0003
 2.92528185977611E+0000	-8.22176006099435E-0004
 2.93123817452144E+0000	-5.24743038804694E-0004
 2.93725060606012E+0000	-1.79212600024353E-0004
 2.94333517468729E+0000	 2.05107832895277E-0004
 2.94950721883606E+0000	 6.12833149539364E-0004
 2.95577895357424E+0000	 1.02173891557198E-0003
 2.96215610014954E+0000	 1.40301374282077E-0003
 2.96863402851393E+0000	 1.72343300328464E-0003
 2.97519475964488E+0000	 1.95013869834285E-0003
 2.98180689625239E+0000	 2.05751184922629E-0003
 2.98842995100522E+0000	 2.03376028154240E-0003
 2.99502218399605E+0000	 1.88398267686118E-0003
 3.00154865670731E+0000	 1.62810927785859E-0003
 3.00798620066160E+0000	 1.29514363465458E-0003
 3.01432430516648E+0000	 9.16728255006062E-0004
 3.02056312765532E+0000	 5.22285927813290E-0004
 3.02671040653523E+0000	 1.36339359157745E-0004
 3.03277848445405E+0000	-2.22443082799893E-0004
 3.03878191717034E+0000	-5.41167531622461E-0004
 3.04473569971853E+0000	-8.12123081193048E-0004
 3.05065398301606E+0000	-1.03196120394283E-0003
 3.05654915673393E+0000	-1.20075398527162E-0003
 3.06243124197559E+0000	-1.32095314075386E-0003
 3.06830761197676E+0000	-1.39626514938312E-0003
 3.07418310016002E+0000	-1.43050993151259E-0003
 3.08006053365609E+0000	-1.42660526381041E-0003
 3.08594164438555E+0000	-1.38586448617826E-0003
 3.09182819777996E+0000	-1.30776632434439E-0003
 3.09772310648033E+0000	-1.19025164795625E-0003
 3.10363130794240E+0000	-1.03047490416426E-0003
 3.10956026838108E+0000	-8.25856079794758E-0004
 3.11552007232987E+0000	-5.75274506699663E-0004
 3.12152310875784E+0000	-2.80296508766966E-0004
 3.12758334815186E+0000	 5.36191857110708E-0005
 3.13371513756730E+0000	 4.15996487637671E-0004
 3.13993137303892E+0000	 7.90452675129586E-0004
 3.14624092828729E+0000	 1.15440433438198E-0003
 3.15264545114262E+0000	 1.47997880791852E-0003
 3.15913618218091E+0000	 1.73682384443873E-0003
 3.16569216052064E+0000	 1.89705030173891E-0003
 3.17228144369006E+0000	 1.94134139192161E-0003
 3.17886598935508E+0000	 1.86391459932849E-0003
 3.18540877956243E+0000	 1.67392174434680E-0003
 3.19188028565444E+0000	 1.39266953740363E-0003
 3.19826196943973E+0000	 1.04832042695856E-0003
 3.20454649919993E+0000	 6.70510071710859E-0004
 3.21073584246791E+0000	 2.86430014298384E-0004
 3.21683861170152E+0000	-8.13296132397238E-0005
 3.22286753400163E+0000	-4.15581797731506E-0004
 3.22883737886169E+0000	-7.04517782742355E-0004
 3.23476336581529E+0000	-9.41247142906404E-0004
 3.24065996109189E+0000	-1.12311758709592E-0003
 3.24653997365873E+0000	-1.25089795914436E-0003
 3.25241391382067E+0000	-1.32783932285216E-0003
 3.25828964201629E+0000	-1.35862210717418E-0003
 3.26417237814509E+0000	-1.34824370886345E-0003
 3.27006513191138E+0000	-1.30097678934749E-0003
 3.27596953908531E+0000	-1.21958886969140E-0003
 3.28188697191252E+0000	-1.10500925133924E-0003
 3.28781969440515E+0000	-9.56541787896291E-0004
 3.29377181232238E+0000	-7.72588362800043E-0004
 3.29974983147363E+0000	-5.51737707047539E-0004
 3.30576273818402E+0000	-2.94036133666717E-0004
 3.31182158762265E+0000	-2.28346442647975E-0006
 3.31793859578417E+0000	 3.16763458070544E-0004
 3.32412569605987E+0000	 6.51406147790435E-0004
 3.33039250242647E+0000	 9.84458609327500E-0004
 3.33674371064175E+0000	 1.29352408965502E-0003
 3.34317626025261E+0000	 1.55260916924902E-0003
 3.34967707293094E+0000	 1.73546338357220E-0003
 3.35622261222525E+0000	 1.82040006629440E-0003
 3.36278131196800E+0000	 1.79529293125999E-0003
 3.36931871365814E+0000	 1.66070505119377E-0003
 3.37580355133366E+0000	 1.42966778659105E-0003
 3.38221245019545E+0000	 1.12437751788122E-0003
 3.38853193825037E+0000	 7.71542719358050E-0004
 3.39475803034173E+0000	 3.98171542581421E-0004
 3.40089445164021E+0000	 2.86729427267658E-0005
 3.40695047365993E+0000	-3.16719739031540E-0004
 3.41293890040068E+0000	-6.22563864687746E-0004
 3.41887438697582E+0000	-8.78232677991972E-0004
 3.42477209105699E+0000	-1.07760682051808E-0003
 3.43064659697397E+0000	-1.21857096826625E-0003
 3.43651105651696E+0000	-1.30236888111830E-0003
 3.44237652806870E+0000	-1.33282170623700E-0003
 3.44825154745888E+0000	-1.31540672642976E-0003
 3.45414200748407E+0000	-1.25623018183111E-0003
 3.46005142908357E+0000	-1.16099944323531E-0003
 3.46598165175055E+0000	-1.03417464354536E-0003
 3.47193385851231E+0000	-8.78507977364464E-0004
 3.47790972830080E+0000	-6.95122517680743E-0004
 3.48391244273064E+0000	-4.84152382032515E-0004
 3.48994730202545E+0000	-2.45824368190138E-0004
 3.49602180031772E+0000	 1.82253935024426E-0005
 3.50214510894899E+0000	 3.03619972506741E-0004
 3.50832697091942E+0000	 6.02096730543582E-0004
 3.51457602908608E+0000	 9.00758325879734E-0004
 3.52089765613849E+0000	 1.18199285864879E-0003
 3.52729150698119E+0000	 1.42441776797999E-0003
 3.53374931550232E+0000	 1.60517388303948E-0003
 3.54025380927604E+0000	 1.70357231412841E-0003
 3.54677969393403E+0000	 1.70539835100737E-0003
 3.55329706173313E+0000	 1.60641930933888E-0003
 3.55977635939775E+0000	 1.41356416137406E-0003
 3.56619308794460E+0000	 1.14327517619250E-0003
 3.57253064738093E+0000	 8.17981472674319E-0004
 3.57878095226263E+0000	 4.62282621075997E-0004
 3.58494348857801E+0000	 9.99597998749362E-0005
 3.59102371688469E+0000	-2.47898216759913E-0004
 3.59703142056469E+0000	-5.63872819626451E-0004
 3.60297923864581E+0000	-8.34616585455958E-0004
 3.60888141984400E+0000	-1.05091113773998E-0003
 3.61475276562995E+0000	-1.20751213188816E-0003
 3.62060772235471E+0000	-1.30284148051822E-0003
 3.62645959603471E+0000	-1.33854345577480E-0003
 3.63231988995713E+0000	-1.31889500587036E-0003
 3.63819780422896E+0000	-1.25005514619073E-0003
 3.64409997817933E+0000	-1.13916486840321E-0003
 3.65003057711933E+0000	-9.93372781740383E-0004
 3.65599179325283E+0000	-8.18946226347395E-0004
 3.66198473070721E+0000	-6.20688235865461E-0004
 3.66801050306359E+0000	-4.01863140622460E-0004
 3.67407125772627E+0000	-1.64717344391942E-0004
 3.68017082214592E+0000	 8.84893487028138E-0005
 3.68631475065820E+0000	 3.54171466028018E-0004
 3.69250968270766E+0000	 6.26121603415111E-0004
 3.69876204222580E+0000	 8.94530636001264E-0004
 3.70507620258252E+0000	 1.14561295472766E-0003
 3.71145235420562E+0000	 1.36211934111576E-0003
 3.71788449151877E+0000	 1.52497278823953E-0003
 3.72435916273471E+0000	 1.61606287242332E-0003
 3.73085573899786E+0000	 1.62178769184275E-0003
 3.73734867427529E+0000	 1.53633931459937E-0003
 3.74381140427286E+0000	 1.36342962278279E-0003
 3.75022058678580E+0000	 1.11565819123931E-0003
 3.75655915444947E+0000	 8.11893052781129E-0004
 3.76281743292857E+0000	 4.73936514460684E-0004
 3.76899264979110E+0000	 1.23687666851343E-0004
 3.77508766650240E+0000	-2.18697051198033E-0004
 3.78110961216951E+0000	-5.35772277199985E-0004
 3.78706871194388E+0000	-8.13246032435436E-0004
 3.79297732872232E+0000	-1.04016889330950E-0003
 3.79884914176288E+0000	-1.20900081727940E-0003
 3.80469839422199E+0000	-1.31558909563286E-0003
 3.81053917522089E+0000	-1.35904928443643E-0003
 3.81638472893555E+0000	-1.34152698620564E-0003
 3.82224680596045E+0000	-1.26781121311334E-0003
 3.82813510224762E+0000	-1.14476928716332E-0003
 3.83405687023627E+0000	-9.80592937581625E-0004
 3.84001681883044E+0000	-7.83900950332173E-0004
 3.84601740948267E+0000	-5.62834040123017E-0004
 3.85205957138182E+0000	-3.24366668566443E-0004
 3.85814370349520E+0000	-7.40819224578715E-0005
 3.86427067095649E+0000	 1.83443250226575E-0004
 3.87044243496543E+0000	 4.43695330266403E-0004
 3.87666202968590E+0000	 7.00985952021992E-0004
 3.88293277923794E+0000	 9.47303536355249E-0004
 3.88925685148356E+0000	 1.17165131122471E-0003
 3.89563342200227E+0000	 1.36019800074260E-0003
 3.90205687119819E+0000	 1.49744274694830E-0003
 3.90851556427291E+0000	 1.56839665398051E-0003
 3.91499181132271E+0000	 1.56146544855965E-0003
 3.92146342877906E+0000	 1.47130458470483E-0003
 3.92790678829210E+0000	 1.30062447613265E-0003
 3.93430048369118E+0000	 1.06012271205904E-0003
 3.94062831887392E+0000	 7.66535286992322E-0004
 3.94688069451711E+0000	 4.39709285223121E-0004
 3.95305438322646E+0000	 9.98694905257156E-0005
 3.95915137008807E+0000	-2.34216818828245E-0004
 3.96517751054072E+0000	-5.46134086088381E-0004
 3.97114143522323E+0000	-8.22105248095962E-0004
 3.97705378345238E+0000	-1.05103434741835E-0003
 3.98292665856383E+0000	-1.22452449754649E-0003
 3.98877316476560E+0000	-1.33693793802726E-0003
 3.99460692905821E+0000	-1.38547428760140E-0003
 4.00044156680495E+0000	-1.37021233381073E-0003
 4.00629008797828E+0000	-1.29405941557139E-0003
 4.01216426650852E+0000	-1.16255602676377E-0003
 4.01807402296406E+0000	-9.83486481190675E-0004
 4.02402691061800E+0000	-7.66262560592414E-0004
 4.03002783725294E+0000	-5.21097924429780E-0004
 4.03607916445026E+0000	-2.58087634638911E-0004
 4.04218125433437E+0000	 1.35782435505573E-0005
 4.04833336397238E+0000	 2.85982801856834E-0004
 4.05453458361996E+0000	 5.52236316102613E-0004
 4.06078440665004E+0000	 8.05656941034370E-0004
 4.06708260291740E+0000	 1.03869316577211E-0003
 4.07342831846493E+0000	 1.24206544408450E-0003
 4.07981862233636E+0000	 1.40458031720276E-0003
 4.08624695035183E+0000	 1.51388757720684E-0003
 4.09270200160795E+0000	 1.55817870828068E-0003
 4.09916761013684E+0000	 1.52851854811430E-0003
 4.10562391902749E+0000	 1.42120889120202E-0003
 4.11204979524105E+0000	 1.23939633649225E-0003
 4.11842589269889E+0000	 9.93236580876024E-0004
 4.12473737328854E+0000	 6.98445720679441E-0004
 4.13097540407844E+0000	 3.73796427857798E-0004
 4.13713718095734E+0000	 3.85294785227651E-0005
 4.14322490570323E+0000	-2.89540474318720E-0004
 4.14924440781599E+0000	-5.94983813754627E-0004
 4.15520394228320E+0000	-8.64984279185171E-0004
 4.16111337868672E+0000	-1.08920285573195E-0003
 4.16698374658551E+0000	-1.25958476395382E-0003
 4.17282698598591E+0000	-1.37027411146949E-0003
 4.17865574413912E+0000	-1.41766967635916E-0003
 4.18448310721729E+0000	-1.40057529221129E-0003
 4.19032221223499E+0000	-1.32036749306234E-0003
 4.19618572841493E+0000	-1.18110000469612E-0003
 4.20208522860486E+0000	-9.89468329350335E-0004
 4.20803050417441E+0000	-7.54560995826817E-0004
 4.21402892353461E+0000	-4.87338917642403E-0004
 4.22008498904846E+0000	-1.99836762454538E-0004
 4.22620027093074E+0000	 9.58102326279760E-0005
 4.23237382701241E+0000	 3.88269095067755E-0004
 4.23860302223328E+0000	 6.67517543025678E-0004
 4.24488441501391E+0000	 9.24732211109276E-0004
 4.25121425256059E+0000	 1.15162135615994E-0003
 4.25758824975004E+0000	 1.33959696833535E-0003
 4.26400067439398E+0000	 1.47933423699228E-0003
 4.27044313017710E+0000	 1.56113915449993E-0003
 4.27690362535616E+0000	 1.57620985336046E-0003
 4.28336646418572E+0000	 1.51849764616334E-0003
 4.28981323765969E+0000	 1.38659818718380E-0003
 4.29622481585418E+0000	 1.18501749195214E-0003
 4.30258386264205E+0000	 9.24298038243068E-0004
 4.30887713788917E+0000	 6.19860175585967E-0004
 4.31509689201990E+0000	 2.89911713469272E-0004
 4.32124104846321E+0000	-4.68651678116323E-0005
 4.32731238695883E+0000	-3.73166560388685E-0004
 4.33331725009865E+0000	-6.74124306341657E-0004
 4.33926427843396E+0000	-9.37620341698819E-0004
 4.34516346948533E+0000	-1.15412726804480E-0003
 4.35102563105975E+0000	-1.31637559706583E-0003
 4.35686214865313E+0000	-1.41907203045989E-0003
 4.36268492074174E+0000	-1.45878483071567E-0003
 4.36850631338866E+0000	-1.43401525468370E-0003
 4.37433901962480E+0000	-1.34540699491287E-0003
 4.38019575515256E+0000	-1.19601017355100E-0003
 4.38608876506065E+0000	-9.91502506023894E-0004
 4.39202915526332E+0000	-7.40264888899126E-0004
 4.39802610778641E+0000	-4.53207733791792E-0004
 4.40408610172730E+0000	-1.43261647160342E-0004
 4.41021233265186E+0000	 1.75487998098195E-0004
 4.41640455294166E+0000	 4.88905951590444E-0004
 4.42265946536963E+0000	 7.83862557743620E-0004
 4.42897155957511E+0000	 1.04886853780045E-0003
 4.43533399734690E+0000	 1.27406541169374E-0003
 4.44173905727787E+0000	 1.45071352344158E-0003
 4.44817788578536E+0000	 1.57067072048787E-0003
 4.45463974946255E+0000	 1.62641566384914E-0003
 4.46111134206017E+0000	 1.61187437950310E-0003
 4.46757673815694E+0000	 1.52384708751447E-0003
 4.47401829984607E+0000	 1.36348195980531E-0003
 4.48041841431998E+0000	 1.13717805132372E-0003
 4.48676159285564E+0000	 8.56514631144590E-0004
 4.49303632953577E+0000	 5.37163794777817E-0004
 4.49923622026856E+0000	 1.97093717613456E-0004
 4.50536012671058E+0000	-1.45416421135581E-0004
 4.51141151307975E+0000	-4.73439707944166E-0004
 4.51739731860878E+0000	-7.72446325316454E-0004
 4.52332676226886E+0000	-1.03070567514464E-0003
 4.52921035875442E+0000	-1.23921015994447E-0003
 4.53505926610395E+0000	-1.39134935556208E-0003
 4.54088495844594E+0000	-1.48254148306189E-0003
 4.54669913931635E+0000	-1.50996965411106E-0003
 4.55251377371708E+0000	-1.47250153867866E-0003
 4.55834111054529E+0000	-1.37080540491480E-0003
 4.56419358336961E+0000	-1.20761980648674E-0003
 4.57008350901211E+0000	-9.88092073992857E-0004
 4.57602254411541E+0000	-7.20071125772303E-0004
 4.58202091046921E+0000	-4.14220200861534E-0004
 4.58808646800823E+0000	-8.38096267668035E-0005
 4.59422380384382E+0000	 2.55919462864453E-0004
 4.60043359217877E+0000	 5.88827198632290E-0004
 4.60671249100419E+0000	 8.99203541844548E-0004
 4.61305368712419E+0000	 1.17297802860395E-0003
 4.61944788465964E+0000	 1.39840025351114E-0003
 4.62588424601749E+0000	 1.56603868882596E-0003
 4.63235081302749E+0000	 1.66838750908404E-0003
 4.63883432688296E+0000	 1.69965644916978E-0003
 4.64531985506928E+0000	 1.65618318541813E-0003
 4.65179083935614E+0000	 1.53743479674687E-0003
 4.65822995213084E+0000	 1.34710781756013E-0003
 4.66462067243560E+0000	 1.09370931353287E-0003
 4.67094910282225E+0000	 7.90248739719983E-0004
 4.67720546149733E+0000	 4.53078784950000E-0004
 4.68338487231031E+0000	 1.00232847985187E-0004
 4.68948736357785E+0000	-2.50295726517992E-0004
 4.69551722846290E+0000	-5.81966589347883E-0004
 4.70148202866569E+0000	-8.80602943861234E-0004
 4.70739153062721E+0000	-1.13478566554092E-0003
 4.71325678537397E+0000	-1.33584223794478E-0003
 4.71908945898226E+0000	-1.47759130593230E-0003
 4.72490143423915E+0000	-1.55599821235878E-0003
 4.73070464668384E+0000	-1.56886761519230E-0003
 4.73651108167137E+0000	-1.51566394098778E-0003
 4.74233283471827E+0000	-1.39751185786387E-0003
 4.74818212384189E+0000	-1.21738471751811E-0003
 4.75407114376456E+0000	-9.80438956774374E-0004
 4.76001167236519E+0000	-6.94400437061330E-0004
 4.76601438397689E+0000	-3.69860709449331E-0004
 4.77208789737120E+0000	-2.03075550078093E-0005
 4.77823769130327E+0000	 3.38283824963425E-0004
 4.78446514132124E+0000	 6.88399321930629E-0004
 4.79076700865566E+0000	 1.01240003811441E-0003
 4.79713564373971E+0000	 1.29408503356474E-0003
 4.80355989006715E+0000	 1.51992207419157E-0003
 4.81002629942775E+0000	 1.67957814670604E-0003
 4.81652009205963E+0000	 1.76579760825388E-0003
 4.82302553919681E+0000	 1.77411071209603E-0003
 4.82952596910385E+0000	 1.70291868246023E-0003
 4.83600396284112E+0000	 1.55410325522861E-0003
 4.84244219663361E+0000	 1.33377971547433E-0003
 4.84882490881511E+0000	 1.05259008341117E-0003
 4.85513952269717E+0000	 7.25163921892019E-0004
 4.86137786178999E+0000	 3.68825924159183E-0004
 4.86753663736845E+0000	 1.95136003402715E-0006
 4.87361721966591E+0000	-3.57592305423746E-0004
 4.87962491277346E+0000	-6.93634290333885E-0004
 4.88556800308016E+0000	-9.92424431572878E-0004
 4.89145680419929E+0000	-1.24293188705154E-0003
 4.89730284073679E+0000	-1.43682712066474E-0003
 4.90311823642063E+0000	-1.56827259010045E-0003
 4.90891531647898E+0000	-1.63363449253532E-0003
 4.91470640095639E+0000	-1.63120572236943E-0003
 4.92050374535195E+0000	-1.56101074644623E-0003
 4.92631956652472E+0000	-1.42474654649032E-0003
 4.93216607045466E+0000	-1.22589234983149E-0003
 4.93805537836955E+0000	-9.69985666979173E-0004
 4.94399924052393E+0000	-6.65009052616567E-0004
 4.95000844796186E+0000	-3.21765393164254E-0004
 4.95609191700486E+0000	 4.59447573987705E-0005
 4.96225553639460E+0000	 4.21561391018192E-0004
 4.96850101689960E+0000	 7.86589220633700E-0004
 4.97482510625153E+0000	 1.12201318961376E-0003
 4.98121952029404E+0000	 1.41004606307293E-0003
 4.98767170585247E+0000	 1.63571684929671E-0003
 4.99416615515574E+0000	 1.78781981284605E-0003
 5.00068570573903E+0000	 1.85909505452403E-0003
 5.00721236998945E+0000	 1.84599474227808E-0003
 5.01372771982065E+0000	 1.74859142074681E-0003
 5.02021329918350E+0000	 1.57089074446123E-0003
 5.02665153317304E+0000	 1.32127229866591E-0003
 5.03302715259720E+0000	 1.01249515620301E-0003
 5.03932867860987E+0000	 6.60911206579001E-0004
 5.04554941048295E+0000	 2.85003244146972E-0004
 5.05168763949582E+0000	-9.63040610160848E-0005
 5.05774617833304E+0000	-4.65112464764743E-0004
 5.06373149390412E+0000	-8.05562326148359E-0004
 5.06965273060718E+0000	-1.10436994315447E-0003
 5.07552081453475E+0000	-1.35098989000620E-0003
 5.08134772967563E+0000	-1.53753248148422E-0003
 5.08714598903024E+0000	-1.65855201094197E-0003
 5.09292828633184E+0000	-1.71079363836801E-0003
 5.09870729790038E+0000	-1.69296151296571E-0003
 5.10449559795814E+0000	-1.60555424621540E-0003
 5.11030564400991E+0000	-1.45080557361624E-0003
 5.11614977428674E+0000	-1.23276092730006E-0003
 5.12204013612844E+0000	-9.57503203491761E-0004
 5.12798844157446E+0000	-6.33501671590682E-0004
 5.13400544385720E+0000	-2.71991960807348E-0004
 5.14010007221741E+0000	 1.12786505371802E-0004
 5.14627827322757E+0000	 5.03730503397808E-0004
 5.15254177521324E+0000	 8.81606281331729E-0004
 5.15888715017947E+0000	 1.22643682787550E-0003
 5.16530557040733E+0000	 1.51932493635710E-0003
 5.17178344303168E+0000	 1.74422916489650E-0003
 5.17830371147150E+0000	 1.88917707551661E-0003
 5.18484729760665E+0000	 1.94670704883629E-0003
 5.19139420728241E+0000	 1.91379635578878E-0003
 5.19792424363382E+0000	 1.79177230070612E-0003
 5.20441771005418E+0000	 1.58647401633758E-0003
 5.21085651168630E+0000	 1.30843193322979E-0003
 5.21722563891695E+0000	 9.72553719550530E-0004
 5.22351455899659E+0000	 5.97026750975259E-0004
 5.22971798019157E+0000	 2.01633777761827E-0004
 5.23583578207540E+0000	-1.94015270957531E-0004
 5.24187228910016E+0000	-5.71888991517781E-0004
 5.24783523747002E+0000	-9.16392926885667E-0004
 5.25373473883694E+0000	-1.21472952735453E-0003
 5.25958240937081E+0000	-1.45691308208062E-0003
 5.26539071639679E+0000	-1.63559508612890E-0003
 5.27117252955863E+0000	-1.74581607670038E-0003
 5.27694083808465E+0000	-1.78475857091156E-0003
 5.28270859117767E+0000	-1.75154602380431E-0003
 5.28848862127857E+0000	-1.64711585066222E-0003
 5.29429361118694E+0000	-1.47418759623362E-0003
 5.30013605946657E+0000	-1.23734460021383E-0003
 5.30602818128560E+0000	-9.43239478151230E-0004
 5.31198165817131E+0000	-6.00907642014361E-0004
 5.31800713644036E+0000	-2.22118085146467E-0004
 5.32411339964000E+0000	 1.78390586180864E-0004
 5.33030623652279E+0000	 5.83016554170358E-0004
 5.33658719514562E+0000	 9.71974348168434E-0004
 5.34295258791004E+0000	 1.32463743175820E-0003
 5.34939315320355E+0000	 1.62135381425055E-0003
 5.35589457558071E+0000	 1.84527478456394E-0003
 5.36243868625179E+0000	 1.98370255679892E-0003
 5.36900487751929E+0000	 2.02875139730221E-0003
 5.37557132254518E+0000	 1.97753010303561E-0003
 5.38211596712554E+0000	 1.83223672045076E-0003
 5.38861761133293E+0000	 1.60032430955672E-0003
 5.39505735778028E+0000	 1.29446071652832E-0003
 5.40142027135510E+0000	 9.31827435631598E-0004
 5.40769670675919E+0000	 5.32607600125033E-0004
 5.41388281175850E+0000	 1.18009014752040E-0004
 5.41998012368834E+0000	-2.91601774581870E-0004
 5.42599455705603E+0000	-6.78033159805032E-0004
 5.43193519341641E+0000	-1.02596263788779E-0003
 5.43781317901187E+0000	-1.32311566813292E-0003
 5.44364086899503E+0000	-1.56013036920019E-0003
 5.44943123347254E+0000	-1.73028271918926E-0003
 5.45519748155103E+0000	-1.82918780348388E-0003
 5.46095284469437E+0000	-1.85454148974344E-0003
 5.46671046535153E+0000	-1.80593455042266E-0003
 5.47248334557679E+0000	-1.68475472031561E-0003
 5.47828431575870E+0000	-1.49418563343132E-0003
 5.48412598162426E+0000	-1.23930917980851E-0003
 5.49002059630620E+0000	-9.27312150864998E-0004
 5.49597978577992E+0000	-5.67778582296805E-0004
 5.50201404260748E+0000	-1.73004759748572E-0004
 5.50813192083435E+0000	 2.41797315450722E-0004
 5.51433894688263E+0000	 6.58614736338248E-0004
 5.52063641614781E+0000	 1.05728364511160E-0003
 5.52702041079342E+0000	 1.41676484977444E-0003
 5.53348141289600E+0000	 1.71687516972690E-0003
 5.54000469246554E+0000	 1.94006272450807E-0003
 5.54657130954373E+0000	 2.07280852411832E-0003
 5.55315935633646E+0000	 2.10651275618282E-0003
 5.55974517864042E+0000	 2.03804620894105E-0003
 5.56630464640349E+0000	 1.87019997160470E-0003
 5.57281473941374E+0000	 1.61197612331870E-0003
 5.57925550949210E+0000	 1.27831961807537E-0003
 5.58561201399089E+0000	 8.88914428337311E-0004
 5.59187556460755E+0000	 4.66129442633184E-0004
 5.59804388863591E+0000	 3.26861505314094E-0005
 5.60412031524503E+0000	-3.90296155376680E-0004
 5.61011244174686E+0000	-7.84520959475190E-0004
 5.61603074656876E+0000	-1.13500898569630E-0003
 5.62188743412901E+0000	-1.43007977647159E-0003
 5.62769560431812E+0000	-1.66106402040339E-0003
 5.63346872044240E+0000	-1.82193039482049E-0003
 5.63922030387297E+0000	-1.90893554396208E-0003
 5.64496378080327E+0000	-1.92034961599757E-0003
 5.65071241933247E+0000	-1.85627761586645E-0003
 5.65647930838470E+0000	-1.71858210842841E-0003
 5.66227733760867E+0000	-1.51090749956185E-0003
 5.66811913744737E+0000	-1.23880364073714E-0003
 5.67401693083113E+0000	-9.09940488506469E-0004
 5.67998223516703E+0000	-5.34388025454953E-0004
 5.68602534553696E+0000	-1.24898094017809E-0004
 5.69215454872872E+0000	 3.02933924702179E-0004
 5.69837509023042E+0000	 7.30807835449010E-0004
 5.70468804867179E+0000	 1.13834065276612E-0003
 5.71108940705227E+0000	 1.50424003541718E-0003
 5.71756962583144E+0000	 1.80787736274143E-0003
 5.72411384255838E+0000	 2.03093149270510E-0003
 5.73070256011234E+0000	 2.15881960643517E-0003
 5.73731259617049E+0000	 2.18187905531224E-0003
 5.74391826075678E+0000	 2.09644062742769E-0003
 5.75049298762232E+0000	 1.90578956229007E-0003
 5.75701160337327E+0000	 1.62063483000647E-0003
 5.76345296624035E+0000	 1.25851872619944E-0003
 5.76980221206268E+0000	 8.41937442420387E-0004
 5.77605183684256E+0000	 3.95615957656415E-0004
 5.78220138985805E+0000	-5.62026965503235E-0005
 5.78825616637813E+0000	-4.91746951524102E-0004
 5.79422553229649E+0000	-8.92753842130969E-0004
 5.80012137978224E+0000	-1.24471595105184E-0003
 5.80595694924381E+0000	-1.53664737490239E-0003
 5.81174604673987E+0000	-1.76064489327627E-0003
 5.81750258483703E+0000	-1.91142484589804E-0003
 5.82324034994919E+0000	-1.98592928547576E-0003
 5.82897291022717E+0000	-1.98303863337418E-0003
 5.83471359822404E+0000	-1.90339915118147E-0003
 5.84047551910192E+0000	-1.74936199011476E-0003
 5.84627154396118E+0000	-1.52502715861478E-0003
 5.85211424876379E+0000	-1.23638355419765E-0003
 5.85801575382874E+0000	-8.91529509539921E-0004
 5.86398741094851E+0000	-5.00941185921970E-0004
 5.87003928415513E+0000	-7.77235391068729E-0005
 5.87617939303135E+0000	 3.62267379794069E-0004
 5.88241275263238E+0000	 8.00580588424508E-0004
 5.88874034819998E+0000	 1.21674186036704E-0003
 5.89515827078756E+0000	 1.58927523487457E-0003
 5.90165721914042E+0000	 1.89704969670934E-0003
 5.90822241892891E+0000	 2.12074647056755E-0003
 5.91483386941800E+0000	 2.24435277098291E-0003
 5.92146691066438E+0000	 2.25677519851428E-0003
 5.92809338964841E+0000	 2.15362534518738E-0003
 5.93468383095583E+0000	 1.93882096944974E-0003
 5.94121062403240E+0000	 1.62519183304552E-0003
 5.94765146990605E+0000	 1.23336304752926E-0003
 5.95399188182901E+0000	 7.88977677826732E-0004
 5.96022592458236E+0000	 3.19203538905820E-0004
 5.96635528105367E+0000	-1.50309805092754E-0004
 5.97238738567112E+0000	-5.97347140038896E-0004
 5.97833342040167E+0000	-1.00388998737680E-0003
 5.98420665828785E+0000	-1.35606961189773E-0003
 5.99002130581996E+0000	-1.64370766646248E-0003
 5.99579179667050E+0000	-1.85973546184470E-0003
 6.00153241886591E+0000	-1.99965534350024E-0003
 6.00725715788323E+0000	-2.06111533137132E-0003
 6.01297966336774E+0000	-2.04361643999162E-0003
 6.01871327337667E+0000	-1.94834898129456E-0003
 6.02447104849840E+0000	-1.77814671749619E-0003
 6.03026577738581E+0000	-1.53754640992175E-0003
 6.03610991661110E+0000	-1.23293856973002E-0003
 6.04201542419988E+0000	-8.72788172552886E-0004
 6.04799344272796E+0000	-4.67887774841010E-0004
 6.05405379320990E+0000	-3.15783082507573E-0005
 6.06020426742549E+0000	 4.20159157644833E-0004
 6.06644976163802E+0000	 8.68854121457007E-0004
 6.07279136352444E+0000	 1.29402453184241E-0003
 6.07922553488520E+0000	 1.67398369538169E-0003
 6.08574347278921E+0000	 1.98690135921156E-0003
 6.09233062476987E+0000	 2.21208665943587E-0003
 6.09896636129022E+0000	 2.33163842939697E-0003
 6.10562411118457E+0000	 2.33268988650106E-0003
 6.11227263848103E+0000	 2.21012618510701E-0003
 6.11887903386049E+0000	 1.96890512465197E-0003
 6.12541309331870E+0000	 1.62463341652401E-0003
 6.13185163219804E+0000	 1.20160481614031E-0003
 6.13818105512978E+0000	 7.28884950476907E-0004
 6.14439749250265E+0000	 2.36026783259426E-0004
 6.15050508137290E+0000	-2.50171390404928E-0004
 6.15651351815295E+0000	-7.07355247778821E-0004
 6.16243578193321E+0000	-1.11800751402458E-0003
 6.16828643440568E+0000	-1.46907581798049E-0003
 6.17408053281641E+0000	-1.75129402937702E-0003
 6.17983302751447E+0000	-1.95847895354189E-0003
 6.18555848619494E+0000	-2.08693570331257E-0003
 6.19127101377648E+0000	-2.13501548442105E-0003
 6.19698427440898E+0000	-2.10282651651701E-0003
 6.20271155240672E+0000	-1.99208305819177E-0003
 6.20846580792564E+0000	-1.80607447214025E-0003
 6.21425969220551E+0000	-1.54973687571765E-0003
 6.22010548912803E+0000	-1.22980860709619E-0003
 6.22601494862445E+0000	-8.55043908946989E-0004
 6.23199897856921E+0000	-4.36445125619760E-0004
 6.23806717251686E+0000	 1.25457349440064E-0005
 6.24422717731593E+0000	 4.75970791947406E-0004
 6.25048394342972E+0000	 9.35464577052787E-0004
 6.25683892537105E+0000	 1.37057679795604E-0003
 6.26328926756684E+0000	 1.75929192563212E-0003
 6.26982691991347E+0000	 2.07875634083686E-0003
 6.27643759756307E+0000	 2.30640678290435E-0003
