-1.83960401425815E-0003	 1.60326356859777E-0003
 4.69156104619201E-0003	 2.02171212165004E-0003
 1.13269540650946E-0002	 2.33597800519656E-0003
 1.80337616176537E-0002	 2.51470282783635E-0003
 2.47676597648467E-0002	 2.54044903999724E-0003
 3.14809375578127E-0002	 2.41426986534470E-0003
 3.81318424213580E-0002	 2.15448360017350E-0003
 4.46908754234523E-0002	 1.79059449087910E-0003
 5.11422163524544E-0002	 1.35592977090072E-0003
 5.74815091577805E-0002	 8.82061390946044E-0004
 6.37123104742723E-0002	 3.95950997973969E-0004
 6.98428307972528E-0002	-8.07745561907683E-0005
 7.58835773916868E-0002	-5.31384115705936E-0004
 8.18458860055479E-0002	-9.43164461116211E-0004
 8.77411187803856E-0002	-1.30649484404581E-0003
 9.35803054241489E-0002	-1.61403749931422E-0003
 9.93740645080835E-0002	-1.86009369631308E-0003
 1.05132697969226E-0001	-2.04012978520548E-0003
 1.10866389481680E-0001	-2.15046445223587E-0003
 1.16585459291497E-0001	-2.18810652501589E-0003
 1.22300640819984E-0001	-2.15073386133383E-0003
 1.28023352407805E-0001	-2.03680652297967E-0003
 1.33765942297645E-0001	-1.84581272790966E-0003
 1.39541884416628E-0001	-1.57865514368104E-0003
 1.45365892232495E-0001	-1.23819711384667E-0003
 1.51253891691245E-0001	-8.29998771928101E-0004
 1.57222745392925E-0001	-3.63270508412596E-0004
 1.63289545894212E-0001	 1.47966549557194E-0004
 1.69470209789399E-0001	 6.83635451391369E-0004
 1.75777064528083E-0001	 1.21663267214950E-0003
 1.82215271952105E-0001	 1.71286593567502E-0003
 1.88778502354737E-0001	 2.13339357753834E-0003
 1.95445348299172E-0001	 2.43960483365087E-0003
 2.02178970136088E-0001	 2.60104542051137E-0003
 2.08931949349288E-0001	 2.60315220943718E-0003
 2.15655456823455E-0001	 2.45085341014711E-0003
 2.22308647912128E-0001	 2.16593594100109E-0003
 2.28864104889825E-0001	 1.78004004109963E-0003
 2.35308237525661E-0001	 1.32721486310857E-0003
 2.41638433679769E-0001	 8.38789087311914E-0004
 2.47859328564005E-0001	 3.41042892618056E-0004
 2.53979631579882E-0001	-1.45139702490367E-0004
 2.60009940684856E-0001	-6.03626700658072E-0004
 2.65961442739325E-0001	-1.02207376473074E-0003
 2.71845251815077E-0001	-1.39098028933916E-0003
 2.77672161562141E-0001	-1.70290055818017E-0003
 2.83452651165121E-0001	-1.95184552774688E-0003
 2.89197038382070E-0001	-2.13287145212288E-0003
 2.94915709609844E-0001	-2.24183865643665E-0003
 3.00619380556281E-0001	-2.27532105443107E-0003
 3.06319357216074E-0001	-2.23064901271128E-0003
 3.12027777816706E-0001	-2.10607414220579E-0003
 3.17757821642675E-0001	-1.90105479437744E-0003
 3.23523867489245E-0001	-1.61667482305340E-0003
 3.29341568790775E-0001	-1.25622298206930E-0003
 3.35227778817487E-0001	-8.25970184061533E-0004
 3.41200202075450E-0001	-3.36174067298416E-0004
 3.47276566204076E-0001	 1.97710200663764E-0004
 3.53473021429125E-0001	 7.53770008024237E-0004
 3.59801455079444E-0001	 1.30275571867729E-0003
 3.66265625967778E-0001	 1.80841570782972E-0003
 3.72856711802630E-0001	 2.23020275239418E-0003
 3.79550030186380E-0001	 2.52916899222611E-0003
 3.86305555146267E-0001	 2.67623615313394E-0003
 3.93073862821913E-0001	 2.65962191713344E-0003
 3.99805889411040E-0001	 2.48739456522436E-0003
 4.06462008493815E-0001	 2.18373570556700E-0003
 4.13016602475746E-0001	 1.78144641618791E-0003
 4.19457688530528E-0001	 1.31468465148873E-0003
 4.25783707806596E-0001	 8.14304983526610E-0004
 4.31999776021158E-0001	 3.05951927811119E-0004
 4.38114649274512E-0001	-1.90026567893123E-0004
 4.44138709433788E-0001	-6.57811550634864E-0004
 4.50082817787706E-0001	-1.08511268649488E-0003
 4.55957777679860E-0001	-1.46224034328124E-0003
 4.61774181085095E-0001	-1.78136562786506E-0003
 4.67542477536689E-0001	-2.03599192502913E-0003
 4.73273157790452E-0001	-2.22062307074239E-0003
 4.78976983801049E-0001	-2.33059996842415E-0003
 4.84665224497940E-0001	-2.36207621086107E-0003
 4.90349876363600E-0001	-2.31210939142834E-0003
 4.96043859450951E-0001	-2.17885634349807E-0003
 5.01761182200472E-0001	-1.96187580780706E-0003
 5.07517060352289E-0001	-1.66255872578488E-0003
 5.13327953507539E-0001	-1.28472110189161E-0003
 5.19211443174464E-0001	-8.35400809201981E-0004
 5.25185813831011E-0001	-3.25884423476467E-0004
 5.31269114999339E-0001	 2.27073486390876E-0004
 5.37477402877878E-0001	 8.00032043354821E-0004
 5.43821869783208E-0001	 1.36213356614876E-0003
 5.50304849196477E-0001	 1.87575065017506E-0003
 5.56915448386688E-0001	 2.29964832999791E-0003
 5.63626719380344E-0001	 2.59528421083327E-0003
 5.70396914913881E-0001	 2.73508824577267E-0003
 5.77176036809451E-0001	 2.70931657505694E-0003
 5.83915599795186E-0001	 2.52775551781007E-0003
 5.90577140572447E-0001	 2.21543601771965E-0003
 5.97136120921042E-0001	 1.80515427852968E-0003
 6.03581175556647E-0001	 1.33057148881186E-0003
 6.09910849804955E-0001	 8.21938403987972E-0004
 6.16129973732172E-0001	 3.04440871883923E-0004
 6.22246795571179E-0001	-2.01767656985063E-0004
 6.28271122197848E-0001	-6.80767480616512E-0004
 6.34213301547378E-0001	-1.11989531688186E-0003
 6.40083784076856E-0001	-1.50887611015846E-0003
 6.45893033551971E-0001	-1.83916750237803E-0003
 6.51651621565764E-0001	-2.10352690404657E-0003
 6.57370399212783E-0001	-2.29577090082062E-0003
 6.63060685221002E-0001	-2.41068535109013E-0003
 6.68734442492744E-0001	-2.44404905065035E-0003
 6.74404435204697E-0001	-2.39274724570775E-0003
 6.80084366983671E-0001	-2.25496884653183E-0003
 6.85788997828415E-0001	-2.03049940436868E-0003
 6.91534223495840E-0001	-1.72113809385006E-0003
 6.97337074602274E-0001	-1.33127816605877E-0003
 7.03215550363176E-0001	-8.68690757999745E-0004
 7.09188140325743E-0001	-3.45528327806473E-0004
 7.15272810703447E-0001	 2.20509775458427E-0004
 7.21485170179790E-0001	 8.05071177361716E-0004
 7.27835572311364E-0001	 1.37661303030130E-0003
 7.34325228360474E-0001	 1.89730211682663E-0003
 7.40942162165557E-0001	 2.32637177598247E-0003
 7.47658868306112E-0001	 2.62634438392000E-0003
 7.54433933645689E-0001	 2.77082457096644E-0003
 7.61218465933100E-0001	 2.75066762874476E-0003
 7.67965238791219E-0001	 2.57529925144046E-0003
 7.74636534183625E-0001	 2.26862339290256E-0003
 7.81207764374072E-0001	 1.86207627940530E-0003
 7.87666840570149E-0001	 1.38819279099228E-0003
 7.94011193106239E-0001	 8.76556094522250E-0004
 8.00244404372443E-0001	 3.52181559678844E-0004
 8.06373529548033E-0001	-1.64497626615424E-0004
 8.12407370628481E-0001	-6.56910962692136E-0004
 8.18355555652004E-0001	-1.11147353082658E-0003
 8.24228159586258E-0001	-1.51683744111811E-0003
 8.30035629276670E-0001	-1.86336523515887E-0003
 8.35788845013767E-0001	-2.14281664653332E-0003
 8.41499221493449E-0001	-2.34820003043114E-0003
 8.47178804872777E-0001	-2.47373635969748E-0003
 8.52840356368977E-0001	-2.51489883498933E-0003
 8.58497428080372E-0001	-2.46851277612889E-0003
 8.64164437367463E-0001	-2.33292132696076E-0003
 8.69856736126399E-0001	-2.10823923713753E-0003
 8.75590652699086E-0001	-1.79672840653735E-0003
 8.81383456395262E-0001	-1.40333358272269E-0003
 8.87253154911637E-0001	-9.36409794151797E-0004
 8.93217981351765E-0001	-4.08642788908031E-0004
 8.99295366587567E-0001	 1.61912755960420E-0004
 9.05500155646293E-0001	 7.50906541765871E-0004
 9.11841893995369E-0001	 1.32735573091851E-0003
 9.18321317448336E-0001	 1.85465595636246E-0003
 9.24926831878393E-0001	 2.29376039667761E-0003
 9.31632574194118E-0001	 2.60876972806412E-0003
 9.38399877115313E-0001	 2.77378178620612E-0003
 9.45182787332208E-0001	 2.77838995084570E-0003
 9.51936004273724E-0001	 2.62919453835757E-0003
 9.58622022559759E-0001	 2.34668183922660E-0003
 9.65214897185827E-0001	 1.95933221109390E-0003
 9.71700253811229E-0001	 1.49776276393107E-0003
 9.78072952250802E-0001	 9.90748414914777E-0004
 9.84334144618282E-0001	 4.63426103876238E-0004
 9.90488830600285E-0001	-6.29501925714363E-0005
 9.96544260001182E-0001	-5.70507827078792E-0004
 1.00250907721492E+0000	-1.04408794879081E-0003
 1.00839294649958E+0000	-1.47070249467107E-0003
 1.01420641624638E+0000	-1.83919284582348E-0003
 1.01996086548893E+0000	-2.14005665093233E-0003
 1.02566846110924E+0000	-2.36537817295111E-0003
 1.03134211145133E+0000	-2.50881082341669E-0003
 1.03699542794348E+0000	-2.56558904456286E-0003
 1.04264270913663E+0000	-2.53257313044325E-0003
 1.04829895145349E+0000	-2.40834855105774E-0003
 1.05397987483310E+0000	-2.19341088840541E-0003
 1.05970193179721E+0000	-1.89047050028021E-0003
 1.06548224418998E+0000	-1.50490782815213E-0003
 1.07133838040978E+0000	-1.04539717742889E-0003
 1.07728784670851E+0000	-5.24684085566153E-0004
 1.08334712666597E+0000	 3.95677375185441E-0005
 1.08953009037567E+0000	 6.24069215682491E-0004
 1.09584566943950E+0000	 1.19973277186610E-0003
 1.10229494488912E+0000	 1.73261337084871E-0003
 1.10886827163215E+0000	 2.18655237579470E-0003
 1.11554361064208E+0000	 2.52768110786474E-0003
 1.12228739382761E+0000	 2.72998963797636E-0003
 1.12905851721058E+0000	 2.78015784169258E-0003
 1.13581457261268E+0000	 2.67965065739902E-0003
 1.14251813806364E+0000	 2.44316815831969E-0003
 1.14914090630417E+0000	 2.09432641639848E-0003
 1.15566474512937E+0000	 1.66062399195477E-0003
 1.16208038223039E+0000	 1.16952375376773E-0003
 1.16838513746745E+0000	 6.46334947744571E-0004
 1.17458084590416E+0000	 1.13563481051042E-0004
 1.18067244388523E+0000	-4.08974381882514E-0004
 1.18666717255714E+0000	-9.03850201611521E-0004
 1.19257414758791E+0000	-1.35581247902870E-0003
 1.19840406689525E+0000	-1.75170852186008E-0003
 1.20416893908049E+0000	-2.08047391458374E-0003
 1.20988181271281E+0000	-2.33312019531763E-0003
 1.21555653335216E+0000	-2.50269127460476E-0003
 1.22120755896082E+0000	-2.58419910804754E-0003
 1.22684984715991E+0000	-2.57457186662398E-0003
 1.23249880647708E+0000	-2.47265424587458E-0003
 1.23817028521477E+0000	-2.27929642103753E-0003
 1.24388055574152E+0000	-1.99756076760391E-0003
 1.24964623588477E+0000	-1.63306507643861E-0003
 1.25548406991124E+0000	-1.19446456243010E-0003
 1.26141046941757E+0000	-6.94045365225916E-0004
 1.26744069604982E+0000	-1.48349085735995E-0004
 1.27358757243198E+0000	 4.21338341226675E-0004
 1.27985967149901E+0000	 9.88915704449001E-0004
 1.28625910400188E+0000	 1.52419934506452E-0003
 1.29277931432343E+0000	 1.99483622299637E-0003
 1.29940361359328E+0000	 2.36952188112561E-0003
 1.30610529930116E+0000	 2.62212520623291E-0003
 1.31284991007470E+0000	 2.73572599128395E-0003
 1.31959943340678E+0000	 2.70525121554543E-0003
 1.32631737681750E+0000	 2.53766373758009E-0003
 1.33297304653653E+0000	 2.24961655453047E-0003
 1.33954373751926E+0000	 1.86368499555736E-0003
 1.34601472774165E+0000	 1.40478723169112E-0003
 1.35237801317754E+0000	 8.97816620561590E-0004
 1.35863087108123E+0000	 3.66514041509223E-0004
 1.36477481397187E+0000	-1.66966454464212E-0004
 1.37081493282068E+0000	-6.82320975017060E-0004
 1.37675938913099E+0000	-1.16140218179302E-0003
 1.38261887310868E+0000	-1.58852903955288E-0003
 1.38840600004531E+0000	-1.95068788400339E-0003
 1.39413471731001E+0000	-2.23756755327580E-0003
 1.39981980621122E+0000	-2.44145085436180E-0003
 1.40547652455645E+0000	-2.55703039972098E-0003
 1.41112039064100E+0000	-2.58122337676108E-0003
 1.41676707823537E+0000	-2.51304465095015E-0003
 1.42243237612316E+0000	-2.35357709849786E-0003
 1.42813215848059E+0000	-2.10605982302095E-0003
 1.43388230756129E+0000	-1.77609939040796E-0003
 1.43969852429203E+0000	-1.37199293529364E-0003
 1.44559595564869E+0000	-9.05129640763464E-0004
 1.45158856476764E+0000	-3.90402976846276E-0004
 1.45768818156030E+0000	 1.53483234934753E-0004
 1.46390321580221E+0000	 7.03991524248857E-0004
 1.47023710968608E+0000	 1.23523427554056E-0003
 1.47668675280466E+0000	 1.71917873869988E-0003
 1.48324123655379E+0000	 2.12767594334677E-0003
 1.48988140920955E+0000	 2.43519940947728E-0003
 1.49658065395422E+0000	 2.62191018752052E-0003
 1.50330712000749E+0000	 2.67638069707619E-0003
 1.51002718906505E+0000	 2.59710067022370E-0003
 1.51670927484076E+0000	 2.39209642074488E-0003
 1.52332669184929E+0000	 2.07685274294328E-0003
 1.52985889221950E+0000	 1.67162572987051E-0003
 1.53629143024939E+0000	 1.19924911305231E-0003
 1.54261552395232E+0000	 6.83738773369602E-0004
 1.54882774152436E+0000	 1.49309833953512E-0004
 1.55492975504118E+0000	-3.80617888806508E-0004
 1.56092787198440E+0000	-8.84482862306281E-0004
 1.56683222021661E+0000	-1.34348964558456E-0003
 1.57265571472913E+0000	-1.74214650734029E-0003
 1.57841303779806E+0000	-2.06839053350826E-0003
 1.58411980888834E+0000	-2.31340667860724E-0003
 1.58979201013577E+0000	-2.47129733996671E-0003
 1.59544564686618E+0000	-2.53873581987487E-0003
 1.60109658071626E+0000	-2.51468894888929E-0003
 1.60676046310180E+0000	-2.40025095029536E-0003
 1.61245270152576E+0000	-2.19860080906041E-0003
 1.61818839908495E+0000	-1.91507635408986E-0003
 1.62398221383819E+0000	-1.55734429833404E-0003
 1.62984808935262E+0000	-1.13563141225769E-0003
 1.63579881367912E+0000	-6.62964196383674E-0004
 1.64184537660402E+0000	-1.55341658711142E-0004
 1.64799612125217E+0000	 3.68258746566451E-0004
 1.65425573102088E+0000	 8.86158512733576E-0004
 1.66062415246064E+0000	 1.37464928728867E-0003
 1.66709561261755E+0000	 1.80913217097248E-0003
 1.67365793346179E+0000	 2.16574481626340E-0003
 1.68029239787538E+0000	 2.42342679532878E-0003
 1.68697448754743E+0000	 2.56621715319214E-0003
 1.69367572799692E+0000	 2.58526268260382E-0003
 1.70036639733577E+0000	 2.47979092953834E-0003
 1.70701823128198E+0000	 2.25667492161158E-0003
 1.71360626923931E+0000	 1.92908244365190E-0003
 1.72010980259912E+0000	 1.51510623057426E-0003
 1.72651305969476E+0000	 1.03672311514687E-0003
 1.73280603247642E+0000	 5.18683773583368E-0004
 1.73898515655237E+0000	-1.31068524617376E-0005
 1.74505329226558E+0000	-5.33586960572846E-0004
 1.75101882472470E+0000	-1.02034440717092E-0003
 1.75689419777307E+0000	-1.45475471559130E-0003
 1.76269437221985E+0000	-1.82235566402356E-0003
 1.76843555783265E+0000	-2.11266050850036E-0003
 1.77413434093626E+0000	-2.31869288431306E-0003
 1.77980717109961E+0000	-2.43646700778902E-0003
 1.78547010632221E+0000	-2.46454226907410E-0003
 1.79113871133738E+0000	-2.40370619497438E-0003
 1.79682802185084E+0000	-2.25679436142548E-0003
 1.80255250862577E+0000	-2.02863223151318E-0003
 1.80832599231753E+0000	-1.72607190375607E-0003
 1.81416147256153E+0000	-1.35808919342754E-0003
 1.82007084528435E+0000	-9.35899506238291E-0004
 1.82606449350321E+0000	-4.73043440570235E-0004
 1.83215075161360E+0000	 1.46137704874469E-0005
 1.83833526188534E+0000	 5.09027734791866E-0004
 1.84462026112612E+0000	 9.90320499212893E-0004
 1.85100385019290E+0000	 1.43737607177469E-0003
 1.85747931669071E+0000	 1.82874170154138E-0003
 1.86403463840179E+0000	 2.14390395414413E-0003
 1.87065241936904E+0000	 2.36495175340737E-0003
 1.87731058736530E+0000	 2.47839536300445E-0003
 1.88398393962464E+0000	 2.47658544540770E-0003
 1.89064606368133E+0000	 2.35823325601379E-0003
 1.89727091206358E+0000	 2.12818703979312E-0003
 1.90383388874938E+0000	 1.79717035720156E-0003
 1.91031308603880E+0000	 1.38179819157594E-0003
 1.91669118635863E+0000	 9.04251319383117E-0004
 1.92295755288336E+0000	 3.90762289452010E-0004
 1.92910940092885E+0000	-1.31077521308649E-0004
 1.93515141195923E+0000	-6.35241260763899E-0004
 1.94109410695872E+0000	-1.09940620324341E-0003
 1.94695179063803E+0000	-1.50592466016861E-0003
 1.95274073415498E+0000	-1.84184056652020E-0003
 1.95847787878898E+0000	-2.09838236615794E-0003
 1.96418005159191E+0000	-2.27029466318245E-0003
 1.96986356100518E+0000	-2.35522016929083E-0003
 1.97554402686987E+0000	-2.35322067919733E-0003
 1.98123632812795E+0000	-2.26645397714489E-0003
 1.98695458599874E+0000	-2.09898956847226E-0003
 1.99271212791778E+0000	-1.85673268330286E-0003
 1.99852139694032E+0000	-1.54742152879796E-0003
 2.00439378507503E+0000	-1.18066142619132E-0003
 2.01033937973800E+0000	-7.67959074566839E-0004
 2.01636662180741E+0000	-3.22720510194866E-0004
 2.02248188162172E+0000	 1.39822326198398E-0004
 2.02868896426172E+0000	 6.02790540873566E-0004
 2.03498855793534E+0000	 1.04798211249763E-0003
 2.04137765013254E+0000	 1.45639977850648E-0003
 2.04784898491799E+0000	 1.80906958552642E-0003
 2.05439074501792E+0000	 2.08821337648305E-0003
 2.06098674190887E+0000	 2.27866585618825E-0003
 2.06761726895695E+0000	 2.36913760584885E-0003
 2.07426031801120E+0000	 2.35286799489093E-0003
 2.08089251363789E+0000	 2.22772271755045E-0003
 2.08748953598585E+0000	 1.99646294973548E-0003
 2.09402677673471E+0000	 1.66776159982337E-0003
 2.10048127508215E+0000	 1.25738173705049E-0003
 2.10683489121398E+0000	 7.88036229341506E-0004
 2.11307724194162E+0000	 2.87092200236437E-0004
 2.11920681911080E+0000	-2.17097054936800E-0004
 2.12522998814852E+0000	-6.98605998116900E-0004
 2.13115876020239E+0000	-1.13600751154845E-0003
 2.13700843482619E+0000	-1.51301435104201E-0003
 2.14279574940913E+0000	-1.81817902612746E-0003
 2.14853767926519E+0000	-2.04418822662267E-0003
 2.15425077299231E+0000	-2.18710599859840E-0003
 2.15995084297816E+0000	-2.24573424037160E-0003
 2.16565285525053E+0000	-2.22114148861390E-0003
 2.17137090784237E+0000	-2.11635332144056E-0003
 2.17711822557623E+0000	-1.93617509458974E-0003
 2.18290712649893E+0000	-1.68711144321820E-0003
 2.18874893327376E+0000	-1.37734703045411E-0003
 2.19465381471148E+0000	-1.01675505599555E-0003
 2.20063055026797E+0000	-6.16902268136686E-0004
 2.20668621461970E+0000	-1.91020215772203E-0004
 2.21282578131139E+0000	 2.46090471447835E-0004
 2.21905164804858E+0000	 6.78267259267432E-0004
 2.22536310344991E+0000	 1.08837083129218E-0003
 2.23175580740664E+0000	 1.45893505258460E-0003
 2.23822145641302E+0000	 1.77313934185155E-0003
 2.24474789254926E+0000	 2.01600596187532E-0003
 2.25131981469066E+0000	 2.17545635741000E-0003
 2.25791983319871E+0000	 2.24274907458193E-0003
 2.26452916121753E+0000	 2.21224089686490E-0003
 2.27112742469751E+0000	 2.08121936047505E-0003
 2.27769210580762E+0000	 1.85085045498465E-0003
 2.28419909049114E+0000	 1.52833688164397E-0003
 2.29062536024554E+0000	 1.12880934697354E-0003
 2.29695304152660E+0000	 6.75014747440253E-0004
 2.30317262870730E+0000	 1.94342624247024E-0004
 2.30928378270011E+0000	-2.85340707090816E-0004
 2.31529386474290E+0000	-7.39141262037081E-0004
 2.32121544986487E+0000	-1.14695934348006E-0003
 2.32706395256284E+0000	-1.49386285724743E-0003
 2.33285588317524E+0000	-1.76962329011587E-0003
 2.33860777398974E+0000	-1.96795036253486E-0003
 2.34433561262668E+0000	-2.08573796505732E-0003
 2.35005459473706E+0000	-2.12245364075077E-0003
 2.35577904746401E+0000	-2.07970191722734E-0003
 2.36152242225555E+0000	-1.96094589732803E-0003
 2.36729729224063E+0000	-1.77135532317899E-0003
 2.37311531386464E+0000	-1.51774617547518E-0003
 2.37898712748029E+0000	-1.20857835603468E-0003
 2.38492217960281E+0000	-8.53979856466514E-0004
 2.39092845250555E+0000	-4.65764680735863E-0004
 2.39701208791399E+0000	-5.74035878432306E-0005
 2.40317689831900E+0000	 3.56112506642811E-0004
 2.40942378687011E+0000	 7.58605437671345E-0004
 2.41575016503200E+0000	 1.13334764382518E-0003
 2.42214957129961E+0000	 1.46407344147178E-0003
 2.42861179365196E+0000	 1.73626032402124E-0003
 2.43512371540687E+0000	 1.93827612418932E-0003
 2.44167068198514E+0000	 2.06179241602687E-0003
 2.44823760886468E+0000	 2.10117252090510E-0003
 2.45480894411371E+0000	 2.05240462656655E-0003
 2.46136742148674E+0000	 1.91287869145057E-0003
 2.46789284212120E+0000	 1.68298141595793E-0003
 2.47436268347280E+0000	 1.36898296019573E-0003
 2.48075524381442E+0000	 9.85175143645549E-0004
 2.48705395262183E+0000	 5.53339877136355E-0004
 2.49325045433254E+0000	 9.95398790570949E-0005
 2.49934512873567E+0000	-3.49994232959731E-0004
 2.50534550423510E+0000	-7.72054665884075E-0004
 2.51126385523549E+0000	-1.14803506777862E-0003
 2.51711500383941E+0000	-1.46418512322714E-0003
 2.52291474099581E+0000	-1.71113863148392E-0003
 2.52867886651196E+0000	-1.88319776157250E-0003
 2.53442268780817E+0000	-1.97764528657519E-0003
 2.54016080448382E+0000	-1.99419778176190E-0003
 2.54590704344008E+0000	-1.93462488772142E-0003
 2.55167445125474E+0000	-1.80252025790836E-0003
 2.55747528234684E+0000	-1.60319593290574E-0003
 2.56332094154733E+0000	-1.34366926642966E-0003
 2.56922184955616E+0000	-1.03271184891365E-0003
 2.57518720160641E+0000	-6.80926890252010E-0004
 2.58122458774221E+0000	-3.00808630650274E-0004
 2.58733944758203E+0000	 9.32917305516144E-0005
 2.59353436323012E+0000	 4.85414076406342E-0004
 2.59980827881073E+0000	 8.58611527992365E-0004
 2.60615588726694E+0000	 1.19608048317778E-0003
 2.61256758640093E+0000	 1.48274620409427E-0003
 2.61903038893214E+0000	 1.70687466930916E-0003
 2.62552975065625E+0000	 1.86092881035604E-0003
 2.63205154320133E+0000	 1.94102415428515E-0003
 2.63858296114652E+0000	 1.94519200232527E-0003
 2.64511165374516E+0000	 1.87169276564349E-0003
 2.65162365686262E+0000	 1.71889259712994E-0003
 2.65810183515962E+0000	 1.48728620704731E-0003
 2.66452653502587E+0000	 1.18261459061135E-0003
 2.67087871158195E+0000	 8.17926261620105E-0004
 2.67714393617831E+0000	 4.12994679348504E-0004
 2.68331511767906E+0000	-8.62801185304242E-0006
 2.68939292044517E+0000	-4.23246079646385E-0004
 2.69538438023381E+0000	-8.09805725994418E-0004
 2.70130083333849E+0000	-1.15129368427176E-0003
 2.70715601127126E+0000	-1.43500396447321E-0003
 2.71296465326970E+0000	-1.65217190495030E-0003
 2.71874164678742E+0000	-1.79738384649088E-0003
 2.72450156814373E+0000	-1.86800085095117E-0003
 2.73025847757320E+0000	-1.86370258298803E-0003
 2.73602584972900E+0000	-1.78618093646015E-0003
 2.74181655371167E+0000	-1.63897688508633E-0003
 2.74764282172322E+0000	-1.42744067826232E-0003
 2.75351615879108E+0000	-1.15879196573943E-0003
 2.75944714769808E+0000	-8.42252820051758E-0004
 2.76544509628129E+0000	-4.89212977492003E-0004
 2.77151746816510E+0000	-1.13351927411064E-0004
 2.77766905528991E+0000	 2.69420671564699E-0004
 2.78390093079722E+0000	 6.41424273433026E-0004
 2.79020940501690E+0000	 9.84318827593331E-0004
 2.79658547303089E+0000	 1.28097986547639E-0003
 2.80301539527495E+0000	 1.51781160027316E-0003
 2.80948274028938E+0000	 1.68657307713630E-0003
 2.81597131963337E+0000	 1.78459586931562E-0003
 2.82246755903861E+0000	 1.81301726379108E-0003
 2.82896092902968E+0000	 1.77399114492184E-0003
 2.83544225093916E+0000	 1.66864226643716E-0003
 2.84190109352528E+0000	 1.49711268728716E-0003
 2.84832410201516E+0000	 1.26073509036065E-0003
 2.85469557101499E+0000	 9.64988414889285E-0004
 2.86100014681650E+0000	 6.21334288088556E-0004
 2.86722617454609E+0000	 2.46788546073255E-0004
 2.87336797648900E+0000	-1.38416119491313E-0004
 2.87942630964918E+0000	-5.13746565253388E-0004
 2.88540737637575E+0000	-8.60679060674982E-0004
 2.89132122323974E+0000	-1.16395304086423E-0003
 2.89718019871811E+0000	-1.41191671868551E-0003
 2.90299778166142E+0000	-1.59632799765755E-0003
 2.90878782390568E+0000	-1.71193492447490E-0003
 2.91456412513430E+0000	-1.75604217594046E-0003
 2.92034022836746E+0000	-1.72816691061997E-0003
 2.92612933669417E+0000	-1.62982228493394E-0003
 2.93194427358690E+0000	-1.46443411895353E-0003
 2.93779742507453E+0000	-1.23738316644321E-0003
 2.94370060592760E+0000	-9.56160085940850E-0004
 2.94966478238947E+0000	-6.30610135102709E-0004
 2.95569956538093E+0000	-2.73214820063076E-0004
 2.96181237787744E+0000	 1.00709029735589E-0004
 2.96800724015589E+0000	 4.73124762895672E-0004
 2.97428327728620E+0000	 8.24062389167103E-0004
 2.98063338899662E+0000	 1.13343576932552E-0003
 2.98704392377498E+0000	 1.38389820059839E-0003
 2.99349623455831E+0000	 1.56393915490893E-0003
 2.99997015628145E+0000	 1.66966188203444E-0003
 3.00644801025122E+0000	 1.70395637750200E-0003
 3.01291703806252E+0000	 1.67334384529547E-0003
 3.01936910204208E+0000	 1.58432597167790E-0003
 3.02579823665774E+0000	 1.44123644549774E-0003
 3.03219775120535E+0000	 1.24647393248113E-0003
 3.03855855713647E+0000	 1.00261467756844E-0003
 3.04486953782763E+0000	 7.15006908764394E-0004
 3.05111961392894E+0000	 3.93366949290379E-0004
 3.05730030779565E+0000	 5.16279527692579E-0005
 3.06340757653630E+0000	-2.93662849170553E-0004
 3.06944235594413E+0000	-6.25474310243149E-0004
 3.07541001088859E+0000	-9.28099176424410E-0004
 3.08131923975801E+0000	-1.18825390583594E-0003
 3.08718092526247E+0000	-1.39550425487504E-0003
 3.09300720254311E+0000	-1.54224280644443E-0003
 3.09881081919701E+0000	-1.62345525685190E-0003
 3.10460475149813E+0000	-1.63644589979693E-0003
 3.11040200146069E+0000	-1.58062018487697E-0003
 3.11621549729502E+0000	-1.45737078265124E-0003
 3.12205802921590E+0000	-1.27008555142990E-0003
 3.12794215779795E+0000	-1.02428363663765E-0003
 3.13388002464304E+0000	-7.27878383214567E-0004
 3.13988297199781E+0000	-3.91547725511904E-0004
 3.14596084515072E+0000	-2.91427898064882E-0005
 3.15212083667526E+0000	 3.42042921973725E-0004
 3.15836580544703E+0000	 7.01499031213631E-0004
 3.16469228200264E+0000	 1.02675029365157E-0003
 3.17108891514164E+0000	 1.29609444818154E-0003
 3.17753664422349E+0000	 1.49259580869350E-0003
 3.18401161477308E+0000	 1.60784156377754E-0003
 3.19049025607664E+0000	 1.64323098374970E-0003
 3.19695408588403E+0000	 1.60769765566112E-0003
 3.20339175885833E+0000	 1.51316016243578E-0003
 3.20979783362444E+0000	 1.37031475948830E-0003
 3.21616968149908E+0000	 1.18662663791733E-0003
 3.22250446817874E+0000	 9.66759688179413E-0004
 3.22879751816560E+0000	 7.14536379643620E-0004
 3.23504242755995E+0000	 4.35149008707573E-0004
 3.24123248273433E+0000	 1.36568976088425E-0004
 3.24736250380549E+0000	-1.70306503887861E-0004
 3.25343027971128E+0000	-4.72576772904466E-0004
 3.25943717626036E+0000	-7.56749511285566E-0004
 3.26538796535018E+0000	-1.01006763650919E-0003
 3.27129018746722E+0000	-1.22143024108873E-0003
 3.27715338098137E+0000	-1.38185920302960E-0003
 3.28298839882498E+0000	-1.48462425034415E-0003
 3.28880690276494E+0000	-1.52518214616392E-0003
 3.29462103545990E+0000	-1.50106087980811E-0003
 3.30044322698812E+0000	-1.41177582366543E-0003
 3.30628607926988E+0000	-1.25882808007535E-0003
 3.31216226985971E+0000	-1.04581316623619E-0003
 3.31808441124533E+0000	-7.78657277531727E-0004
 3.32406478305168E+0000	-4.65988410896545E-0004
 3.33011481764626E+0000	-1.19622751244827E-0004
 3.33624417234100E+0000	 2.44926592812464E-0004
 3.34245920580231E+0000	 6.08169616688714E-0004
 3.34876080319137E+0000	 9.47091982833582E-0004
 3.35514193561258E+0000	 1.23705836937372E-0003
 3.36158612419008E+0000	 1.45564999956695E-0003
 3.36806853880061E+0000	 1.58775441860205E-0003
 3.37456061475781E+0000	 1.62953859123538E-0003
 3.38103659151124E+0000	 1.58861903308883E-0003
 3.38747852738502E+0000	 1.48004759417231E-0003
 3.39387744042872E+0000	 1.32062426537982E-0003
 3.40023104090663E+0000	 1.12456857681047E-0003
 3.40654016554412E+0000	 9.01886982689102E-0004
 3.41280577803643E+0000	 6.59026056246428E-0004
 3.41902739964070E+0000	 4.00684963191993E-0004
 3.42520299667732E+0000	 1.31718818665851E-0004
 3.43132987733086E+0000	-1.41573929282328E-0004
 3.43740597569330E+0000	-4.11057135539826E-0004
 3.44343096849064E+0000	-6.67150215841256E-0004
 3.44940690556556E+0000	-8.99669647505649E-0004
 3.45533831178065E+0000	-1.09874460357048E-0003
 3.46123191010063E+0000	-1.25555116974556E-0003
 3.46709617413828E+0000	-1.36277520613105E-0003
 3.47294087682626E+0000	-1.41483895609085E-0003
 3.47877672381321E+0000	-1.40798229149718E-0003
 3.48461509209095E+0000	-1.34029212209610E-0003
 3.49046785240743E+0000	-1.21175197681172E-0003
 3.49634723379922E+0000	-1.02435978164395E-0003
 3.50226567789485E+0000	-7.82344863091317E-0004
 3.50823561683129E+0000	-4.92504476133398E-0004
 3.51426908097644E+0000	-1.64666321541969E-0004
 3.52037699523062E+0000	 1.87754475620115E-0004
 3.52656796720199E+0000	 5.47236363659727E-0004
 3.53284637081773E+0000	 8.92015523110586E-0004
 3.53920974619221E+0000	 1.19699505747031E-0003
 3.54564618281570E+0000	 1.43654385596891E-0003
 3.55213332989271E+0000	 1.58948155453090E-0003
 3.55864099579877E+0000	 1.64482904519477E-0003
 3.56513756257260E+0000	 1.60511864279363E-0003
 3.57159732906577E+0000	 1.48474003423252E-0003
 3.57800481815382E+0000	 1.30423946886827E-0003
 3.58435454386979E+0000	 1.08409937199766E-0003
 3.59064779538197E+0000	 8.40830857298179E-0004
 3.59688885504458E+0000	 5.85927814002210E-0004
 3.60308217122410E+0000	 3.26769243977459E-0004
 3.60923091549294E+0000	 6.83237377799351E-0005
 3.61533673896776E+0000	-1.85169660716111E-0004
 3.62140032208621E+0000	-4.28999209013092E-0004
 3.62742228060031E+0000	-6.57423628793665E-0004
 3.63340405215762E+0000	-8.63711511027264E-0004
 3.63934851699329E+0000	-1.04058401749523E-0003
 3.64526026860481E+0000	-1.18081900303582E-0003
 3.65114558748989E+0000	-1.27781958328233E-0003
 3.65701223904823E+0000	-1.32604628694710E-0003
 3.66286921422947E+0000	-1.32130426143321E-0003
 3.66872648863213E+0000	-1.26093286358252E-0003
 3.67459482573698E+0000	-1.14396187963013E-0003
 3.68048561141043E+0000	-9.71290973082347E-0004
 3.68641068254245E+0000	-7.45932539810870E-0004
 3.69238209619341E+0000	-4.73342101863372E-0004
 3.69841176709671E+0000	-1.61845440973319E-0004
 3.70451087080667E+0000	 1.76850993155972E-0004
 3.71068886239294E+0000	 5.27134374221918E-0004
 3.71695191741067E+0000	 8.69144828709925E-0004
 3.72330065762853E+0000	 1.17907743622222E-0003
 3.72972738579141E+0000	 1.43090318743776E-0003
 3.73621389816789E+0000	 1.60027543931288E-0003
 3.74273187466574E+0000	 1.67035261111711E-0003
 3.74924746465369E+0000	 1.63718176914061E-0003
 3.75572899990247E+0000	 1.51113865516325E-0003
 3.76215388038165E+0000	 1.31304041014960E-0003
 3.76851116872560E+0000	 1.06737529476367E-0003
 3.77479981087591E+0000	 7.96450083462205E-0004
 3.78102481163859E+0000	 5.17426331000007E-0004
 3.78719358124345E+0000	 2.41980289406537E-0004
 3.79331345414224E+0000	-2.25631153486906E-0005
 3.79939045966526E+0000	-2.71619111008319E-0004
 3.80542905968365E+0000	-5.01840949831716E-0004
 3.81143251139622E+0000	-7.10006209960124E-0004
 3.81740354519998E+0000	-8.92390976463870E-0004
 3.82334509567649E+0000	-1.04461176577335E-0003
 3.82926089391175E+0000	-1.16182447105562E-0003
 3.83515582612074E+0000	-1.23912117470561E-0003
 3.84103606122259E+0000	-1.27197503666686E-0003
 3.84690901375372E+0000	-1.25663846071099E-0003
 3.85278322342658E+0000	-1.19046726429476E-0003
 3.85866820958866E+0000	-1.07219410759669E-0003
 3.86457431994007E+0000	-9.02196558396613E-0004
 3.87051255581938E+0000	-6.82803172062418E-0004
 3.87649432833535E+0000	-4.18664718761655E-0004
 3.88253107948215E+0000	-1.17194506528488E-0004
 3.88863368511333E+0000	 2.10947062578681E-0004
 3.89481153663660E+0000	 5.51390359276904E-0004
 3.90107117702464E+0000	 8.85761057613762E-0004
 3.90741438081024E+0000	 1.19184972324808E-0003
 3.91383573963876E+0000	 1.44478879723117E-0003
 3.92032034185255E+0000	 1.61994432485892E-0003
 3.92684299640717E+0000	 1.69780441650556E-0003
 3.93337084358982E+0000	 1.66964756185375E-0003
 3.93986976219772E+0000	 1.54100726688296E-0003
 3.94631200989001E+0000	 1.33028220264826E-0003
 3.95268112266121E+0000	 1.06302000012659E-0003
 3.95897221354666E+0000	 7.65252631595854E-0004
 3.96518896884870E+0000	 4.58914369140366E-0004
 3.97133975894413E+0000	 1.60119797475946E-0004
 3.97743446360540E+0000	-1.20510921833229E-0004
 3.98348248387325E+0000	-3.76572482588749E-0004
 3.98949179998222E+0000	-6.04386360805293E-0004
 3.99546877869914E+0000	-8.01679280701947E-0004
 4.00141846173004E+0000	-9.66587954329078E-0004
 4.00734511620153E+0000	-1.09704749767864E-0003
 4.01325286119223E+0000	-1.19055668321763E-0003
 4.01914622134720E+0000	-1.24425474779013E-0003
 4.02503051718773E+0000	-1.25520216577484E-0003
 4.03091207159201E+0000	-1.22075170760560E-0003
 4.03679826649727E+0000	-1.13892801865402E-0003
 4.04269750399048E+0000	-1.00878449462507E-0003
 4.04861911162234E+0000	-8.30750395151796E-0004
 4.05457319687657E+0000	-6.07003134619243E-0004
 4.06057041617299E+0000	-3.41897244041602E-0004
 4.06662159040788E+0000	-4.24561834985763E-0005
 4.07273707804462E+0000	 2.81109987342927E-0004
 4.07892581345060E+0000	 6.14956726945589E-0004
 4.08519393914774E+0000	 9.41395944694988E-0004
 4.09154301913170E+0000	 1.23918662614810E-0003
 4.09796795855006E+0000	 1.48469854755101E-0003
 4.10445506643422E+0000	 1.65439483365900E-0003
 4.11098122919265E+0000	 1.72886244451562E-0003
 4.11751556989577E+0000	 1.69773955181375E-0003
 4.12402435461974E+0000	 1.56351720623458E-0003
 4.13047785901653E+0000	 1.34174166435331E-0003
 4.13685604165647E+0000	 1.05695883774935E-0003
 4.14315048761421E+0000	 7.36526484268015E-0004
 4.14936268344146E+0000	 4.05318258995769E-0004
 4.15550053122870E+0000	 8.29042490716471E-0005
 4.16157494261802E+0000	-2.16988008684756E-0004
 4.16759737728346E+0000	-4.85678769054407E-0004
 4.17357841056555E+0000	-7.18243150909787E-0004
 4.17952710360119E+0000	-9.12198994091537E-0004
 4.18545092388533E+0000	-1.06638735371643E-0003
 4.19135602144772E+0000	-1.18012879561351E-0003
 4.19724770940076E+0000	-1.25268819555915E-0003
 4.20313101605583E+0000	-1.28304798118801E-0003
 4.20901119301237E+0000	-1.26995089251395E-0003
 4.21489409896832E+0000	-1.21213792308712E-0003
 4.22078642914128E+0000	-1.10869504386994E-0003
 4.22669580461662E+0000	-9.59441389524538E-0004
 4.23263075476447E+0000	-7.65330602845111E-0004
 4.23860061294476E+0000	-5.28874687554440E-0004
 4.24461530903674E+0000	-2.54617338863811E-0004
 4.25068499663651E+0000	 5.03290144354988E-0005
 4.25681941444030E+0000	 3.75715365581637E-0004
 4.26302687024635E+0000	 7.07671794103439E-0004
 4.26931277898256E+0000	 1.02852630341566E-0003
 4.27567781048179E+0000	 1.31724333800112E-0003
 4.28211591650845E+0000	 1.55082858558462E-0003
 4.28861278168770E+0000	 1.70693786609772E-0003
 4.29514550179994E+0000	 1.76760043749222E-0003
 4.30168434601126E+0000	 1.72335716310186E-0003
 4.30819695475684E+0000	 1.57636786940567E-0003
 4.31465408504088E+0000	 1.34080412483866E-0003
 4.32103475222054E+0000	 1.03986370715681E-0003
 4.32732867743872E+0000	 7.00617047388210E-0004
 4.33353555130978E+0000	 3.48969532329057E-0004
 4.33966227849342E+0000	 6.41181206433538E-0006
 4.34571979553800E+0000	-3.11149140394957E-0004
 4.35172048039719E+0000	-5.93091089026185E-0004
 4.35767645388223E+0000	-8.33072303355325E-0004
 4.36359866581922E+0000	-1.02784997470647E-0003
 4.36949654957783E+0000	-1.17618563703388E-0003
 4.37537805995090E+0000	-1.27794220860747E-0003
 4.38124996303686E+0000	-1.33341278730052E-0003
 4.38711827583980E+0000	-1.34290169963238E-0003
 4.39298875956681E+0000	-1.30656225989747E-0003
 4.39886737561879E+0000	-1.22446843275567E-0003
 4.40476063398978E+0000	-1.09686816708721E-0003
 4.41067579943082E+0000	-9.24552460092957E-0004
 4.41662095487548E+0000	-7.09285769481931E-0004
 4.42260493509565E+0000	-4.54273283063974E-0004
 4.42863712699471E+0000	-1.64669511929408E-0004
 4.43472709099534E+0000	 1.51861180638617E-0004
 4.44088390718754E+0000	 4.84556283067187E-0004
 4.44711511898151E+0000	 8.19050913740943E-0004
 4.45342518256513E+0000	 1.13720652989488E-0003
 4.45981349214579E+0000	 1.41766096728331E-0003
 4.46627236367768E+0000	 1.63751077294925E-0003
 4.47278572141891E+0000	 1.77528524383966E-0003
 4.47932937649198E+0000	 1.81480436849024E-0003
 4.48587344612049E+0000	 1.74886511430442E-0003
 4.49238665073467E+0000	 1.58140806007972E-0003
 4.49884133083125E+0000	 1.32718681143239E-0003
 4.50521757623427E+0000	 1.00891400946043E-0003
 4.51150519902491E+0000	 6.52914834222476E-0004
 4.51770327610028E+0000	 2.84839263754860E-0004
 4.52381799623443E+0000	-7.33519462305933E-0005
 4.52985994096542E+0000	-4.04752911649143E-0004
 4.53584167078329E+0000	-6.97552930166680E-0004
 4.54177599496074E+0000	-9.44319917297253E-0004
 4.54767493281963E+0000	-1.14100397205114E-0003
 4.55354921671706E+0000	-1.28594353212430E-0003
 4.55940817390073E+0000	-1.37900131401269E-0003
 4.56525986499092E+0000	-1.42087653134113E-0003
 4.57111139414314E+0000	-1.41261395912369E-0003
 4.57696932033812E+0000	-1.35532580400760E-0003
 4.58284009695276E+0000	-1.25013372259383E-0003
 4.58873046476355E+0000	-1.09831765055115E-0003
 4.59464773478940E+0000	-9.01633568860817E-0004
 4.60059992137378E+0000	-6.62748718762311E-0004
 4.60659570899197E+0000	-3.85748550926278E-0004
 4.61264424102387E+0000	-7.66888399837877E-0005
 4.61875469567126E+0000	 2.55820769479927E-0004
 4.62493556961357E+0000	 6.00035415319926E-0004
 4.63119355106230E+0000	 9.40607157007424E-0004
 4.63753188648942E+0000	 1.25848707726854E-0003
 4.64394831475701E+0000	 1.53162409899026E-0003
 4.65043301854364E+0000	 1.73693045277710E-0003
 4.65696750559354E+0000	 1.85365499573406E-0003
 4.66352546143311E+0000	 1.86752042719360E-0003
 4.67007597259745E+0000	 1.77417827795179E-0003
 4.67658831133368E+0000	 1.58050637715890E-0003
 4.68303663591042E+0000	 1.30324532053367E-0003
 4.68940315728458E+0000	 9.65678984264401E-0004
 4.69567920755871E+0000	 5.93642381610120E-0004
 4.70186447505209E+0000	 2.11990858623017E-0004
 4.70796510246526E+0000	-1.57820928338035E-0004
 4.71399140880068E+0000	-4.98906947267801E-0004
 4.71995581392608E+0000	-7.99086337904487E-0004
 4.72587126347093E+0000	-1.05036693715312E-0003
 4.73175020919115E+0000	-1.24813172991705E-0003
 4.73760406294821E+0000	-1.39027459310855E-0003
 4.74344300234497E+0000	-1.47641832944153E-0003
 4.74927602089533E+0000	-1.50727160995775E-0003
 4.75511114533169E+0000	-1.48414666305353E-0003
 4.76095576283056E+0000	-1.40865195381891E-0003
 4.76681700435649E+0000	-1.28257427106325E-0003
 4.77270212316268E+0000	-1.10795812900908E-0003
 4.77861880167310E+0000	-8.87373389813529E-0004
 4.78457532410478E+0000	-6.24341077574626E-0004
 4.79058056504040E+0000	-3.23872975524331E-0004
 4.79664375465177E+0000	 6.92244355916208E-0006
 4.80277397598233E+0000	 3.58215428153246E-0004
 4.80897932512041E+0000	 7.16879515307349E-0004
 4.81526564093051E+0000	 1.06610259992918E-0003
 4.82163474279429E+0000	 1.38545801418724E-0003
 4.82808229608842E+0000	 1.65187371112808E-0003
 4.83459583076407E+0000	 1.84196682871603E-0003
 4.84115394072868E+0000	 1.93581627394399E-0003
 4.84772778025064E+0000	 1.92131525654679E-0003
 4.85428509397018E+0000	 1.79735275449208E-0003
 4.86079551137482E+0000	 1.57426347098037E-0003
 4.86723504754752E+0000	 1.27142799145226E-0003
 4.87358843652690E+0000	 9.13334713364938E-0004
 4.87984925766321E+0000	 5.25682204298960E-0004
 4.88601862287797E+0000	 1.32441861449612E-0004
 4.89210324820421E+0000	-2.45914305614074E-0004
 4.89811347028958E+0000	-5.93181864135480E-0004
 4.90406152016196E+0000	-8.97454290596811E-0004
 4.90996019738118E+0000	-1.15068395804363E-0003
 4.91582197286621E+0000	-1.34800613324487E-0003
 4.92165847568466E+0000	-1.48700121727974E-0003
 4.92748028517470E+0000	-1.56700793436416E-0003
 4.93329694663993E+0000	-1.58854809678407E-0003
 4.93911714234031E+0000	-1.55289087136329E-0003
 4.94494896502192E+0000	-1.46177095744699E-0003
 4.95080024872753E+0000	-1.31727335861011E-0003
 4.95667890842032E+0000	-1.12189720155121E-0003
 4.96259323020291E+0000	-8.78804375872376E-0004
 4.96855204473293E+0000	-5.92243495454030E-0004
 4.97456471263124E+0000	-2.68119135735196E-0004
 4.98064085113643E+0000	 8.53451584036829E-0005
 4.98678972999751E+0000	 4.56925608045732E-0004
 4.99301925907830E+0000	 8.31814175871049E-0004
 4.99933449698972E+0000	 1.19132595430569E-0003
 5.00573568228008E+0000	 1.51322077629180E-0003
 5.01221601462778E+0000	 1.77309065333808E-0003
 5.01875984670522E+0000	 1.94721469134129E-0003
 5.02534241257512E+0000	 2.01676948054674E-0003
 5.03193214952661E+0000	 1.97225684004451E-0003
 5.03849553843134E+0000	 1.81618830424446E-0003
 5.04500274878368E+0000	 1.56257492315903E-0003
 5.05143180488553E+0000	 1.23355947829303E-0003
 5.05777010649569E+0000	 8.54968635419468E-0004
 5.06401371080605E+0000	 4.52500731059246E-0004
 5.07016549067750E+0000	 4.92721574093869E-0005
 5.07623308375601E+0000	-3.35385320660915E-0004
 5.08222708055080E+0000	-6.86268730362752E-0004
 5.08815958247571E+0000	-9.92133218832137E-0004
 5.09404313318762E+0000	-1.24523339278394E-0003
 5.09988999216003E+0000	-1.44072390847165E-0003
 5.10571170870736E+0000	-1.57602384559064E-0003
 5.11151894642329E+0000	-1.65022168972524E-0003
 5.11732150282610E+0000	-1.66357390386032E-0003
 5.12312846972774E+0000	-1.61712961030100E-0003
 5.12894848518917E+0000	-1.51249988043925E-0003
 5.13479003311807E+0000	-1.35178377358589E-0003
 5.14066174659180E+0000	-1.13766188338927E-0003
 5.14657266365553E+0000	-8.73666284543843E-0004
 5.15253237102768E+0000	-5.64627932109261E-0004
 5.15855095527991E+0000	-2.17284951483077E-0004
 5.16463866631681E+0000	 1.58994775833348E-0004
 5.17080518822720E+0000	 5.51469877547215E-0004
 5.17705841644644E+0000	 9.43425479079287E-0004
 5.18340268313241E+0000	 1.31398926642012E-0003
 5.18983651152112E+0000	 1.63876936733316E-0003
 5.19635029045399E+0000	 1.89179489502192E-0003
 5.20292473801112E+0000	 2.04904532883544E-0003
 5.20953138379453E+0000	 2.09314415921308E-0003
 5.21613592680901E+0000	 2.01769749641684E-0003
 5.22270388623118E+0000	 1.82919538655290E-0003
 5.22920637032273E+0000	 1.54537563919299E-0003
 5.23562366850068E+0000	 1.19096967410757E-0003
 5.24194590349221E+0000	 7.92948642938450E-0004
 5.24817157940124E+0000	 3.76920769987438E-0004
 5.25430533565714E+0000	-3.48608366505549E-0005
 5.26035580753842E+0000	-4.24222951172487E-0004
 5.26633393694957E+0000	-7.77054351415995E-0004
 5.27225174794717E+0000	-1.08293120147324E-0003
 5.27812149883567E+0000	-1.33459431321690E-0003
 5.28395512851787E+0000	-1.52737773511517E-0003
 5.28976394232117E+0000	-1.65864364096567E-0003
 5.29555849836588E+0000	-1.72726628730462E-0003
 5.30134865757049E+0000	-1.73320341881577E-0003
 5.30714375646919E+0000	-1.67718670189306E-0003
 5.31295285903290E+0000	-1.56055328538850E-0003
 5.31878504351921E+0000	-1.38523223464148E-0003
 5.32464968014134E+0000	-1.15389516156121E-0003
 5.33055665024604E+0000	-8.70278819354333E-0004
 5.33651644417293E+0000	-5.39683761588854E-0004
 5.34254005250483E+0000	-1.69639675711678E-0004
 5.34863853764336E+0000	 2.29305111942551E-0004
 5.35482215000406E+0000	 6.42776882978414E-0004
 5.36109885882827E+0000	 1.05196639406249E-0003
 5.36747224713885E+0000	 1.43357868359221E-0003
 5.37393894537288E+0000	 1.76085502910439E-0003
 5.38048620666460E+0000	 2.00618425415419E-0003
 5.38709075873547E+0000	 2.14542094374628E-0003
 5.39372025215516E+0000	 2.16305605450367E-0003
 5.40033781465395E+0000	 2.05626718205417E-0003
 5.40690844971898E+0000	 1.83576091466383E-0003
 5.41340467005089E+0000	 1.52289133751633E-0003
 5.41980928120607E+0000	 1.14464105698434E-0003
 5.42611511916203E+0000	 7.28782752192065E-0004
 5.43232297539805E+0000	 3.00631255620461E-0004
 5.43843908744559E+0000	-1.18475025142608E-0004
 5.44447298987737E+0000	-5.11491891345058E-0004
 5.45043594968818E+0000	-8.65367611783534E-0004
 5.45633991844697E+0000	-1.17050433076680E-0003
 5.46219686297529E+0000	-1.42016912293888E-0003
 5.46801836357952E+0000	-1.60992618639960E-0003
 5.47381541320250E+0000	-1.73711698664897E-0003
 5.47959837967198E+0000	-1.80040826981256E-0003
 5.48537710227466E+0000	-1.79943245408281E-0003
 5.49116109054109E+0000	-1.73454686371538E-0003
 5.49695978655766E+0000	-1.60673398566615E-0003
 5.50278284790380E+0000	-1.41765749301648E-0003
 5.50864040618493E+0000	-1.16988306606494E-0003
 5.51454325108095E+0000	-8.67270993063548E-0004
 5.52050287553895E+0000	-5.15545503886862E-0004
 5.52653129034232E+0000	-1.23034154722077E-0004
 5.53264047810287E+0000	 2.98465945358378E-0004
 5.53884132235935E+0000	 7.32819494903055E-0004
 5.54514185448305E+0000	 1.15894970066357E-0003
 5.55154478112951E+0000	 1.55096523346760E-0003
 5.55804458336593E+0000	 1.87964799962361E-0003
 5.56462504783310E+0000	 2.11584135597318E-0003
 5.57125866199375E+0000	 2.23561481608694E-0003
 5.57790922161442E+0000	 2.22581817573129E-0003
 5.58453764845868E+0000	 2.08759535892748E-0003
 5.59110897324720E+0000	 1.83593958744812E-0003
 5.59759755552650E+0000	 1.49554983710962E-0003
 5.60398888472264E+0000	 1.09522951553603E-0003
 5.61027841691465E+0000	 6.63174026015430E-0004
 5.61646900088109E+0000	 2.24188844891095E-0004
 5.62256823213984E+0000	-2.01354058247054E-0004
 5.62858636886453E+0000	-5.97485888733804E-0004
 5.63453490879446E+0000	-9.52123427885446E-0004
 5.64042569779335E+0000	-1.25641308321039E-0003
 5.64627040762715E+0000	-1.50409288999483E-0003
 5.65208026209327E+0000	-1.69092371647675E-0003
 5.65786593986515E+0000	-1.81420182881887E-0003
 5.66363761446014E+0000	-1.87236070230055E-0003
 5.66940510377440E+0000	-1.86467703536214E-0003
 5.67517810013139E+0000	-1.79110101494880E-0003
 5.68096644537108E+0000	-1.65222966325733E-0003
 5.68678041020515E+0000	-1.44943678909438E-0003
 5.69263093348964E+0000	-1.18516852090884E-0003
 5.69852977035243E+0000	-8.63412281019514E-0004
 5.70448948078084E+0000	-4.90346016736920E-0004
 5.71052315667596E+0000	-7.51622804009021E-0005
 5.71664373735021E+0000	 3.68981466316537E-0004
 5.72286271994364E+0000	 8.24036269691903E-0004
 5.72918808485029E+0000	 1.26649161323162E-0003
 5.73562142793079E+0000	 1.66774068663060E-0003
 5.74215474219377E+0000	 1.99613107265038E-0003
 5.74876801157848E+0000	 2.22122314055662E-0003
 5.75542934360926E+0000	 2.31979394182773E-0003
 5.76209889803000E+0000	 2.28158765564328E-0003
 5.76873592435338E+0000	 2.11200788936271E-0003
 5.77530606747082E+0000	 1.83023083862771E-0003
 5.78178590159110E+0000	 1.46389757701276E-0003
 5.78816365633103E+0000	 1.04316295542344E-0003
 5.79443723332502E+0000	 5.96291655500276E-0004
 5.80061126942953E+0000	 1.47404634997380E-0004
 5.80669446026871E+0000	-2.84113324556310E-0004
 5.81269759515521E+0000	-6.83291440549700E-0004
 5.81863228836126E+0000	-1.03889426650868E-0003
 5.82451023290636E+0000	-1.34268744789541E-0003
 5.83034280528066E+0000	-1.58877128323195E-0003
 5.83614090092892E+0000	-1.77301697177698E-0003
 5.84191492891395E+0000	-1.89260997000807E-0003
 5.84767492422051E+0000	-1.94570278859241E-0003
 5.85343074805239E+0000	-1.93118611271774E-0003
 5.85919234664415E+0000	-1.84859184063917E-0003
 5.86497003484579E+0000	-1.69814146792358E-0003
 5.87077476667004E+0000	-1.48095039018022E-0003
 5.87661835082022E+0000	-1.19939720171003E-0003
 5.88251355966298E+0000	-8.57668599946564E-0004
 5.88847405733107E+0000	-4.62490539019506E-0004
 5.89451403060333E+0000	-2.40413704828737E-0005
 5.90064734770421E+0000	 4.43011369649802E-0004
 5.90688602027312E+0000	 9.18535972347695E-0004
 5.91323777281721E+0000	 1.37643633277673E-0003
 5.91970276493598E+0000	 1.78533237062605E-0003
 5.92627010616798E+0000	 2.11128005388534E-0003
 5.93291566757535E+0000	 2.32296930647471E-0003
 5.93960316767182E+0000	 2.39848643550054E-0003
 5.94628952786202E+0000	 2.33099299510164E-0003
 5.95293297270498E+0000	 2.13031041893241E-0003
 5.95950033074221E+0000	 1.81953308708138E-0003
 5.96597065074428E+0000	 1.42875357034777E-0003
 5.97233484653246E+0000	 9.89013755497679E-0004
 5.97859302498702E+0000	 5.28349473042678E-0004
 5.98475132318510E+0000	 7.00812080022526E-0005
 5.99081928486062E+0000	-3.67372613407251E-0004
 5.99680804792830E+0000	-7.69936774130146E-0004
 6.00272923468481E+0000	-1.12708365804842E-0003
 6.00859434238361E+0000	-1.43105075256461E-0003
 6.01441446220248E+0000	-1.67616438375132E-0003
 6.02020021135770E+0000	-1.85829169724437E-0003
 6.02596180846605E+0000	-1.97442076748562E-0003
 6.03170924857023E+0000	-2.02236796639132E-0003
 6.03745254514316E+0000	-2.00061645030863E-0003
 6.04320200842950E+0000	-1.90829270232389E-0003
 6.04896852833374E+0000	-1.74528845410220E-0003
 6.05476382811492E+0000	-1.51253547722476E-0003
 6.06060065034878E+0000	-1.21244351172836E-0003
 6.06649282296209E+0000	-8.49516709270686E-0004
 6.07245512284437E+0000	-4.31164740487761E-0004
 6.07850280213210E+0000	 3.12951007366670E-0005
 6.08465057288443E+0000	 5.21517827995175E-0004
 6.09091079317364E+0000	 1.01712493577379E-0003
 6.09729065365684E+0000	 1.48932224421404E-0003
 6.10378849553003E+0000	 1.90398394791181E-0003
 6.11039014745571E+0000	 2.22514419561537E-0003
 6.11706714873747E+0000	 2.42115929720346E-0003
 6.12377899369393E+0000	 2.47206601135427E-0003
 6.13047992890210E+0000	 2.37486845609145E-0003
 6.13712785196480E+0000	 2.14377915223129E-0003
 6.14369126228329E+0000	 1.80539081202061E-0003
 6.15015180439100E+0000	 1.39170341243089E-0003
 6.15650290732498E+0000	 9.34214807921050E-0004
 6.16274658571183E+0000	 4.60501498146534E-0004
 6.16889017611934E+0000	-6.96983585729896E-0006
 6.17494382717884E+0000	-4.50682397066688E-0004
 6.18091885690576E+0000	-8.57326253834565E-0004
 6.18682679990723E+0000	-1.21692203723906E-0003
 6.19267892714166E+0000	-1.52201410844651E-0003
 6.19848607026921E+0000	-1.76700153229429E-0003
 6.20425864052356E+0000	-1.94761917267894E-0003
 6.21000677317348E+0000	-2.06056507407656E-0003
 6.21574055174839E+0000	-2.10326951101206E-0003
 6.22147027708251E+0000	-2.07380365228743E-0003
 6.22720675095481E+0000	-1.97092773793106E-0003
 6.23296154627936E+0000	-1.79428060887270E-0003
 6.23874723542973E+0000	-1.54471662277175E-0003
 6.24457754167534E+0000	-1.22480359243383E-0003
 6.25046735942310E+0000	-8.39503834300049E-0004
 6.25643254963452E+0000	-3.97060637617698E-0004
 6.26248935309595E+0000	 8.99149192491164E-0005
 6.26865318488378E+0000	 6.03250865899734E-0004
 6.27493652327138E+0000	 1.11820567200474E-0003
