 2.43786274550335E-0003	 1.27689058878773E-0004
 8.50531672122379E-0003	-3.38433172449462E-0004
 1.44997895364877E-0002	-7.67856808085152E-0004
 2.04316546908107E-0002	-1.15529700235822E-0003
 2.63092403541562E-0002	-1.49672897152029E-0003
 3.21393762543181E-0002	-1.78834215416944E-0003
 3.79281224924487E-0002	-2.02591578683514E-0003
 4.36815426586994E-0002	-2.20457658006792E-0003
 4.94064092703686E-0002	-2.31887791641067E-0003
 5.51107641030579E-0002	-2.36311589919834E-0003
 6.08043033866676E-0002	-2.33178853266572E-0003
 6.64986043193755E-0002	-2.22012193204450E-0003
 7.22072368594773E-0002	-2.02462779785796E-0003
 7.79458036090584E-0002	-1.74370504990234E-0003
 8.37319210693168E-0002	-1.37834131166334E-0003
 8.95851008112085E-0002	-9.32997763278727E-0004
 9.55264081833658E-0002	-4.16765508582812E-0004
 1.01577663039500E-0001	 1.55155230067718E-0004
 1.07759800651254E-0001	 7.59723522156415E-0004
 1.14089868382689E-0001	 1.36443538745621E-0003
 1.20576153146516E-0001	 1.92674985801946E-0003
 1.27211545282578E-0001	 2.39636748050119E-0003
 1.33967122445051E-0001	 2.72266475240926E-0003
 1.40790847654347E-0001	 2.86774524868459E-0003
 1.47616594264926E-0001	 2.81991706392254E-0003
 1.54381720948849E-0001	 2.59792856969201E-0003
 1.61042499569947E-0001	 2.24194838091519E-0003
 1.67578632693951E-0001	 1.79857040600297E-0003
 1.73988378253220E-0001	 1.30946664585578E-0003
 1.80280830669438E-0001	 8.06746702054616E-0004
 1.86469641993674E-0001	 3.12943964222116E-0004
 1.92569142241033E-0001	-1.57076009345349E-0004
 1.98592355904564E-0001	-5.93839843045465E-0004
 2.04550239934624E-0001	-9.91232730038636E-0004
 2.10451661590795E-0001	-1.34487836627541E-0003
 2.16303814998022E-0001	-1.65095524001409E-0003
 2.22112880112147E-0001	-1.90543286115378E-0003
 2.27884777511861E-0001	-2.10369859869336E-0003
 2.33625897827987E-0001	-2.24052752912981E-0003
 2.39343712695669E-0001	-2.31032161761613E-0003
 2.45047216914031E-0001	-2.30752632980974E-0003
 2.50747200746147E-0001	-2.22713884255083E-0003
 2.56456388054639E-0001	-2.06525468532971E-0003
 2.62189486004315E-0001	-1.81964685342375E-0003
 2.67963172351985E-0001	-1.49041724137998E-0003
 2.73796000334471E-0001	-1.08079308799192E-0003
 2.79708130694977E-0001	-5.98152936272427E-0004
 2.85720702264516E-0001	-5.53440511769138E-0005
 2.91854524616355E-0001	 5.27735482355856E-0004
 2.98127640561124E-0001	 1.12253595380251E-0003
 3.04551266950151E-0001	 1.69092921802827E-0003
 3.11123979661764E-0001	 2.18637071612976E-0003
 3.17825320216820E-0001	 2.55921500900184E-0003
 3.24612480264970E-0001	 2.76744926737397E-0003
 3.31425264073042E-0001	 2.79002470889600E-0003
 3.38200523580785E-0001	 2.63467826683448E-0003
 3.44888544976997E-0001	 2.33367129667818E-0003
 3.51461389758072E-0001	 1.93071825647754E-0003
 3.57911083728907E-0001	 1.46839040813275E-0003
 3.64242828371804E-0001	 9.81368652950154E-0004
 3.70468358129842E-0001	 4.94980539755625E-0004
 3.76601390339966E-0001	 2.64496019565490E-0005
 3.82655078317500E-0001	-4.13026265424384E-0004
 3.88640853115775E-0001	-8.16234830940942E-0004
 3.94568133836793E-0001	-1.17824267582876E-0003
 4.00444565797895E-0001	-1.49509179118496E-0003
 4.06276567827173E-0001	-1.76290107244731E-0003
 4.12070032800393E-0001	-1.97735477323715E-0003
 4.17831054349556E-0001	-2.13354468166130E-0003
 4.23566574925517E-0001	-2.22610821571614E-0003
 4.29284885116416E-0001	-2.24957998175705E-0003
 4.34995951340351E-0001	-2.19886786790323E-0003
 4.40711592421030E-0001	-2.06978582706104E-0003
 4.46445547205202E-0001	-1.85961731976324E-0003
 4.52213467354078E-0001	-1.56773009171073E-0003
 4.58032833391535E-0001	-1.19630023237855E-0003
 4.63922731677981E-0001	-7.51221674982835E-0004
 4.69903345261371E-0001	-2.43265672867834E-0004
 4.75994901576547E-0001	 3.10509813665107E-0004
 4.82215698822307E-0001	 8.85266136396747E-0004
 4.88578770547504E-0001	 1.44731187895705E-0003
 4.95086950846977E-0001	 1.95453236461674E-0003
 5.01726985947684E-0001	 2.36002921958524E-0003
 5.08465243647938E-0001	 2.62047959833968E-0003
 5.15249466338523E-0001	 2.70809681657806E-0003
 5.22019370849875E-0001	 2.62030361064066E-0003
 5.28722022163554E-0001	 2.37991371474548E-0003
 5.35322826476353E-0001	 2.02536524336457E-0003
 5.41807165575847E-0001	 1.59823120884613E-0003
 5.48175422094079E-0001	 1.13474521930523E-0003
 5.54436528274462E-0001	 6.62672864755054E-0004
 5.60602928495199E-0001	 2.01605323716601E-0004
 5.66687477698373E-0001	-2.35360329129105E-0004
 5.72701847341096E-0001	-6.39688000378784E-0004
 5.78655923344852E-0001	-1.00567204292202E-0003
 5.84557824327786E-0001	-1.32905094040710E-0003
 5.90414298105985E-0001	-1.60599510584590E-0003
 5.96231330151279E-0001	-1.83246481685227E-0003
 6.02014833498691E-0001	-2.00391902433886E-0003
 6.07771309143218E-0001	-2.11533501162060E-0003
 6.13508391487952E-0001	-2.16147232026393E-0003
 6.19235233648134E-0001	-2.13729738742340E-0003
 6.24962732533950E-0001	-2.03849261038481E-0003
 6.30703625029739E-0001	-1.86200557502981E-0003
 6.36472491192830E-0001	-1.60663820647591E-0003
 6.42285675914628E-0001	-1.27371567847466E-0003
 6.48161090512856E-0001	-8.67898854397451E-0004
 6.54117783027919E-0001	-3.98201378363668E-0004
 6.60175071928930E-0001	 1.20774183668665E-0004
 6.66350933191664E-0001	 6.67492550765771E-0004
 6.72659264384981E-0001	 1.21240692302846E-0003
 6.79105765050866E-0001	 1.71796338107742E-0003
 6.85682767380517E-0001	 2.14104486588649E-0003
 6.92364744370659E-0001	 2.43928913987394E-0003
 6.99107968772463E-0001	 2.58113830074987E-0003
 7.05857554471468E-0001	 2.55577309679732E-0003
 7.12560479136372E-0001	 2.37651192617227E-0003
 7.19177552801446E-0001	 2.07481591828639E-0003
 7.25688050393392E-0001	 1.68926501713315E-0003
 7.32087123681771E-0001	 1.25620774842262E-0003
 7.38380192739414E-0001	 8.05078440039136E-0004
 7.44577764930558E-0001	 3.57539593632774E-0004
 7.50691889086484E-0001	-7.14368756783544E-0005
 7.56734137239619E-0001	-4.71877933372078E-0004
 7.62714671921794E-0001	-8.37138186104931E-0004
 7.68642018701690E-0001	-1.16248391385029E-0003
 7.74523283245938E-0001	-1.44400336631892E-0003
 7.80364635851470E-0001	-1.67785783642736E-0003
 7.86171930391307E-0001	-1.85986752382182E-0003
 7.91951345448986E-0001	-1.98540872207764E-0003
 7.97709953762284E-0001	-2.04957451645919E-0003
 8.03456156541274E-0001	-2.04752838222017E-0003
 8.09199960379361E-0001	-1.97497449115780E-0003
 8.14953111186189E-0001	-1.82868765651926E-0003
 8.20729115651928E-0001	-1.60708283333065E-0003
 8.26543168870710E-0001	-1.31084392888156E-0003
 8.32411968182070E-0001	-9.43659923873049E-0004
 8.38353332029971E-0001	-5.13121232631324E-0004
 8.44385462449142E-0001	-3.17962931375656E-0005
 8.50525600518539E-0001	 4.81588488171236E-0004
 8.56787762422715E-0001	 1.00114461917728E-0003
 8.63179312608944E-0001	 1.49361800802466E-0003
 8.69696541865933E-0001	 1.92004679593914E-0003
 8.76320425602041E-0001	 2.24051280840016E-0003
 8.83015165208948E-0001	 2.42228896894032E-0003
 8.89732498916104E-0001	 2.44901946323940E-0003
 8.96421954222880E-0001	 2.32585763207547E-0003
 9.03042313259664E-0001	 2.07677155096127E-0003
 9.09568180170377E-0001	 1.73581378162856E-0003
 9.15989786037879E-0001	 1.33791418379095E-0003
 9.22308731749361E-0001	 9.13104290583757E-0004
 9.28533088804883E-0001	 4.84516877810431E-0004
 9.34673620953992E-0001	 6.87327032407132E-0005
 9.40741418864166E-0001	-3.22895618030489E-0004
 9.46746656541636E-0001	-6.82721271195623E-0004
 9.52698116288585E-0001	-1.00542002801436E-0003
 9.58603214648175E-0001	-1.28686908339385E-0003
 9.64468344050341E-0001	-1.52332654603501E-0003
 9.70299394790833E-0001	-1.71091918966925E-0003
 9.76102346559646E-0001	-1.84542880632049E-0003
 9.81883833750725E-0001	-1.92234697371447E-0003
 9.87651610014220E-0001	-1.93714452959904E-0003
 9.93414870655167E-0001	-1.88568766656700E-0003
 9.99184427835960E-0001	-1.76473865579380E-0003
 1.00497275742973E+0000	-1.57250569785498E-0003
 1.01079393637956E+0000	-1.30924206068250E-0003
 1.01666346295799E+0000	-9.77924607212386E-0004
 1.02259790262437E+0000	-5.85052626655311E-0004
 1.02861423454734E+0000	-1.41585830622187E-0004
 1.03472869849008E+0000	 3.36034879993090E-0004
 1.04095488810225E+0000	 8.24999253686957E-0004
 1.04730088158744E+0000	 1.29585756380485E-0003
 1.05376549804593E+0000	 1.71369919246658E-0003
 1.06033450718050E+0000	 2.04179032914461E-0003
 1.06697873195861E+0000	 2.24811291195161E-0003
 1.07365654666092E+0000	 2.31336858785450E-0003
 1.08032163739981E+0000	 2.23666299978077E-0003
 1.08693311357348E+0000	 2.03513855205577E-0003
 1.09346283391745E+0000	 1.73764795933905E-0003
 1.09989709539419E+0000	 1.37648219702886E-0003
 1.10623390050548E+0000	 9.81145956507752E-0004
 1.11247870198394E+0000	 5.75447993031867E-0004
 1.11864065412526E+0000	 1.77101545260917E-0004
 1.12473003555461E+0000	-2.01399540151092E-0004
 1.13075675525909E+0000	-5.51483229498401E-0004
 1.13672965545289E+0000	-8.67208654888531E-0004
 1.14265635479071E+0000	-1.14416113930155E-0003
 1.14854344454627E+0000	-1.37859986832219E-0003
 1.15439690124481E+0000	-1.56688061320551E-0003
 1.16022260728280E+0000	-1.70515526243039E-0003
 1.16602688598917E+0000	-1.78933205689076E-0003
 1.17181697266602E+0000	-1.81525930019089E-0003
 1.17760136747493E+0000	-1.77907727207781E-0003
 1.18339004746711E+0000	-1.67767913496335E-0003
 1.18919454167482E+0000	-1.50923667726582E-0003
 1.19502788217750E+0000	-1.27377484758299E-0003
 1.20090442910648E+0000	-9.73807248365675E-0004
 1.20683952954627E+0000	-6.15058931613330E-0004
 1.21284891463643E+0000	-2.07289029621957E-0004
 1.21894767649963E+0000	 2.34833155448411E-0004
 1.22514862227095E+0000	 6.90971821387416E-0004
 1.23145983646907E+0000	 1.13487472352209E-0003
 1.23788150974779E+0000	 1.53528728929787E-0003
 1.24440265058472E+0000	 1.85884269416081E-0003
 1.25099915214139E+0000	 2.07536237423749E-0003
 1.25763522879174E+0000	 2.16465405033666E-0003
 1.26426926661817E+0000	 2.12201513366984E-0003
 1.27086235221705E+0000	 1.95920076303117E-0003
 1.27738547484193E+0000	 1.70009341030062E-0003
 1.28382236729842E+0000	 1.37372186723918E-0003
 1.29016812367696E+0000	 1.00816803486738E-0003
 1.29642576652650E+0000	 6.27117187649250E-0004
 1.30260275801268E+0000	 2.48832733706532E-0004
 1.30870837042261E+0000	-1.13421164044158E-0004
 1.31475203225915E+0000	-4.50348778048338E-0004
 1.32074245821958E+0000	-7.55469276854579E-0004
 1.32668733650865E+0000	-1.02406833455087E-0003
 1.33259339260904E+0000	-1.25235070660341E-0003
 1.33846669463835E+0000	-1.43683171569069E-0003
 1.34431309457145E+0000	-1.57397939829955E-0003
 1.35013871558317E+0000	-1.66010158489134E-0003
 1.35595040799652E+0000	-1.69145390594834E-0003
 1.36175611374103E+0000	-1.66452681187024E-0003
 1.36756510392469E+0000	-1.57646014437307E-0003
 1.37338807903081E+0000	-1.42553927162906E-0003
 1.37923713500189E+0000	-1.21174596746342E-0003
 1.38512559270974E+0000	-9.37360633413997E-0004
 1.39106766125515E+0000	-6.07626899485675E-0004
 1.39707786145323E+0000	-2.31481120356131E-0004
 1.40317008520983E+0000	 1.77697560683890E-0004
 1.40935613209774E+0000	 6.01463748966277E-0004
 1.41564359522961E+0000	 1.01612677706071E-0003
 1.42203315214465E+0000	 1.39354573909020E-0003
 1.42851575363001E+0000	 1.70354597524032E-0003
 1.43507086564299E+0000	 1.91832223783702E-0003
 1.44166737115353E+0000	 2.01818637488221E-0003
 1.44826810893739E+0000	 1.99655054420881E-0003
 1.45483697464056E+0000	 1.86147620096061E-0003
 1.46134552710834E+0000	 1.63274188066438E-0003
 1.46777631665144E+0000	 1.33612215024423E-0003
 1.47412247841412E+0000	 9.97784327308027E-0004
 1.48038509661496E+0000	 6.40665607153318E-0004
 1.48657010841909E+0000	 2.83026015445581E-0004
 1.49268576161585E+0000	-6.15148741316382E-0005
 1.49874089953602E+0000	-3.83211965947218E-0004
 1.50474398076057E+0000	-6.75198710029269E-0004
 1.51070264993248E+0000	-9.32521834393449E-0004
 1.51662369368415E+0000	-1.15132692350232E-0003
 1.52251325220035E+0000	-1.32824729700459E-0003
 1.52837718433412E+0000	-1.46001684767903E-0003
 1.53422150061495E+0000	-1.54330874026572E-0003
 1.54005278978338E+0000	-1.57478535946924E-0003
 1.54587857770575E+0000	-1.55132866444604E-0003
 1.55170757620009E+0000	-1.47040865943258E-0003
 1.55754980016999E+0000	-1.33054691964980E-0003
 1.56341654602443E+0000	-1.13184321959148E-0003
 1.56932022437438E+0000	-8.76550345986432E-0004
 1.57527402192218E+0000	-5.69694065726499E-0004
 1.58129133401549E+0000	-2.19728815215764E-0004
 1.58738487022340E+0000	 1.60819065270616E-0004
 1.59356531142652E+0000	 5.54853905065561E-0004
 1.59983942971841E+0000	 9.40630615816962E-0004
 1.60620774073523E+0000	 1.29252779945246E-0003
 1.61266211394601E+0000	 1.58318906157778E-0003
 1.61918428579390E+0000	 1.78730735415272E-0003
 1.62574656664576E+0000	 1.88653253263939E-0003
 1.63231555895969E+0000	 1.87383479578718E-0003
 1.63885813573417E+0000	 1.75515454652226E-0003
 1.64534730156537E+0000	 1.54731107113021E-0003
 1.65176554743728E+0000	 1.27329745790779E-0003
 1.65810501551028E+0000	 9.57292134491287E-0004
 1.66436549827713E+0000	 6.21130685258289E-0004
 1.67055175749922E+0000	 2.82651914754656E-0004
 1.67667115668254E+0000	-4.45384432853231E-0005
 1.68273196907872E+0000	-3.50525747373098E-0004
 1.68874235004497E+0000	-6.28243030164494E-0004
 1.69470983540830E+0000	-8.72599051322230E-0004
 1.70064122000781E+0000	-1.07971388532109E-0003
 1.70654269568342E+0000	-1.24632583366504E-0003
 1.71242015153781E+0000	-1.36939765852320E-0003
 1.71827955497099E+0000	-1.44592970572991E-0003
 1.72412734283724E+0000	-1.47297161904562E-0003
 1.72997076310035E+0000	-1.44780975325292E-0003
 1.73581812179337E+0000	-1.36829608227041E-0003
 1.74167890665665E+0000	-1.23328049183855E-0003
 1.74756377179542E+0000	-1.04311359417293E-0003
 1.75348437019774E+0000	-8.00197982975039E-0004
 1.75945300911027E+0000	-5.09573462120125E-0004
 1.76548207875131E+0000	-1.79514656335115E-0004
 1.77158317646132E+0000	 1.77914973453433E-0004
 1.77776583550074E+0000	 5.46481543909056E-0004
 1.78403580637521E+0000	 9.05813967154257E-0004
 1.79039298398553E+0000	 1.23222021004407E-0003
 1.79682937589354E+0000	 1.50069602488414E-0003
 1.80332792076312E+0000	 1.68830646190963E-0003
 1.80986321065955E+0000	 1.77845630247736E-0003
 1.81640475253792E+0000	 1.76465429366158E-0003
 1.82292214107519E+0000	 1.65199452255955E-0003
 1.82939020844900E+0000	 1.45547873276646E-0003
 1.83579214766061E+0000	 1.19602534451550E-0003
 1.84211991797611E+0000	 8.96061302148193E-0004
 1.84837266924516E+0000	 5.76233902034241E-0004
 1.85455441794552E+0000	 2.53723448902237E-0004
 1.86067188440208E+0000	-5.81442280850113E-0005
 1.86673287973083E+0000	-3.49516157402573E-0004
 1.87274528313929E+0000	-6.13296059142950E-0004
 1.87871650925592E+0000	-8.44361148139069E-0004
 1.88465334045470E+0000	-1.03885399765108E-0003
 1.89056201394130E+0000	-1.19361991356247E-0003
 1.89644847235728E+0000	-1.30582282380682E-0003
 1.90231870072323E+0000	-1.37275116163638E-0003
 1.90817908278110E+0000	-1.39180952177127E-0003
 1.91403671962795E+0000	-1.36067843396710E-0003
 1.91989966530883E+0000	-1.27761411854633E-0003
 1.92577704710818E+0000	-1.14185507459049E-0003
 1.93167904872697E+0000	-9.54104016172523E-0004
 1.93761673719634E+0000	-7.17059392620259E-0004
 1.94360170605663E+0000	-4.35973587297082E-0004
 1.94964548951808E+0000	-1.19205039682462E-0004
 1.95575868337487E+0000	 2.21301760876440E-0004
 1.96194970663423E+0000	 5.69739673725913E-0004
 1.96822318535407E+0000	 9.06592230378912E-0004
 1.97457808189961E+0000	 1.20953769262876E-0003
 1.98100596034228E+0000	 1.45542903494765E-0003
 1.98749011370551E+0000	 1.62343761491467E-0003
 1.99400643041942E+0000	 1.69886070879987E-0003
 2.00052645750300E+0000	 1.67635501846421E-0003
 2.00702204008716E+0000	 1.56111365588986E-0003
 2.01346987083974E+0000	 1.36730642792550E-0003
 2.01985426793398E+0000	 1.11452843679248E-0003
 2.02616759138818E+0000	 8.23862340457304E-0004
 2.03240889746250E+0000	 5.14878646893783E-0004
 2.03858187654329E+0000	 2.04029096423870E-0004
 2.04469288125335E+0000	-9.57876716652444E-0005
 2.05074941803921E+0000	-3.74936410300549E-0004
 2.05675916547732E+0000	-6.26420014785050E-0004
 2.06272944439461E+0000	-8.45169919998406E-0004
 2.06866703209722E+0000	-1.02739181803348E-0003
 2.07457822064107E+0000	-1.17003886648161E-0003
 2.08046903405537E+0000	-1.27044762215367E-0003
 2.08634553168794E+0000	-1.32615024852925E-0003
 2.09221413431405E+0000	-1.33486108659704E-0003
 2.09808191869543E+0000	-1.29462311292287E-0003
 2.10395683641026E+0000	-1.20409028110747E-0003
 2.10984782328868E+0000	-1.06291667422837E-0003
 2.11576477370758E+0000	-8.72223166326691E-0004
 2.12171835555178E+0000	-6.35114372417314E-0004
 2.12771963472918E+0000	-3.57217097537383E-0004
 2.13377946480110E+0000	-4.71978077454488E-0005
 2.13990758615382E+0000	 2.82818143917179E-0004
 2.14611138812178E+0000	 6.17064429575882E-0004
 2.15239434623699E+0000	 9.36410084385603E-0004
 2.15875429212657E+0000	 1.21938367747500E-0003
 2.16518192123942E+0000	 1.44420305339196E-0003
 2.17166021913746E+0000	 1.59180894795061E-0003
 2.17816555309596E+0000	 1.64935288042015E-0003
 2.18467071987232E+0000	 1.61297975551277E-0003
 2.19114926835901E+0000	 1.48863905940254E-0003
 2.19757957646195E+0000	 1.29044818490936E-0003
 2.20394725316884E+0000	 1.03736188895055E-0003
 2.21024542271279E+0000	 7.49577067804674E-0004
 2.21647345486270E+0000	 4.45811875429999E-0004
 2.22263506515975E+0000	 1.41841431108312E-0004
 2.22873649626475E+0000	-1.49907133002144E-0004
 2.23478511638815E+0000	-4.20096332040095E-0004
 2.24078849832377E+0000	-6.61905407589568E-0004
 2.24675391650061E+0000	-8.70373583491309E-0004
 2.25268816600800E+0000	-1.04179125143146E-0003
 2.25859761167401E+0000	-1.17320890770326E-0003
 2.26448838755377E+0000	-1.26209865427163E-0003
 2.27036667799587E+0000	-1.30618204672951E-0003
 2.27623902026297E+0000	-1.30342314359684E-0003
 2.28211257719240E+0000	-1.25217388148682E-0003
 2.28799533746075E+0000	-1.15145036180457E-0003
 2.29389620967190E+0000	-1.00131403782607E-0003
 2.29982498214420E+0000	-8.03330741293379E-0004
 2.30579212011249E+0000	-5.61080107722197E-0004
 2.31180836507748E+0000	-2.80682572977071E-0004
 2.31788409028732E+0000	 2.87069230329982E-0005
 2.32402836132345E+0000	 3.54527626929870E-0004
 2.33024766998431E+0000	 6.80714714754008E-0004
 2.33654438160048E+0000	 9.88099053734986E-0004
 2.34291509123172E+0000	 1.25557644156666E-0003
 2.34934932398948E+0000	 1.46225018504309E-0003
 2.35582924541652E+0000	 1.59045807761222E-0003
 2.36233103272547E+0000	 1.62905910217545E-0003
 2.36882804107266E+0000	 1.57584144904571E-0003
 2.37529497809113E+0000	 1.43794392683504E-0003
 2.38171162685683E+0000	 1.23001426939630E-0003
 2.38806488193834E+0000	 9.70934898554850E-0004
 2.39434881859306E+0000	 6.80452549173162E-0004
 2.40056338764988E+0000	 3.76699865908014E-0004
 2.40671259155436E+0000	 7.48985384878484E-0005
 2.41280277382029E+0000	-2.12967081317364E-0004
 2.41884131226386E+0000	-4.77875956956987E-0004
 2.42483576549571E+0000	-7.13214983469491E-0004
 2.43079341166807E+0000	-9.14153160230677E-0004
 2.43672108916506E+0000	-1.07706661750735E-0003
 2.44262525260485E+0000	-1.19907931728693E-0003
 2.44851216856965E+0000	-1.27775175493740E-0003
 2.45438818548181E+0000	-1.31093009049214E-0003
 2.46026002051010E+0000	-1.29675398873129E-0003
 2.46613501464766E+0000	-1.23381063833026E-0003
 2.47202131552133E+0000	-1.12141496264401E-0003
 2.47792795474791E+0000	-9.59992245523802E-0004
 2.48386479028475E+0000	-7.51538217790772E-0004
 2.48984228202692E+0000	-5.00129674198390E-0004
 2.49587106081691E+0000	-2.12450076996853E-0004
 2.50196124126866E+0000	 1.01728013796175E-0004
 2.50812142827200E+0000	 4.29205079639304E-0004
 2.51435739575065E+0000	 7.53327427871844E-0004
 2.52067050303738E+0000	 1.05450749897211E-0003
 2.52705608551936E+0000	 1.31155767661231E-0003
 2.53350229919346E+0000	 1.50399969179525E-0003
 2.53999009676230E+0000	 1.61517455547874E-0003
 2.54649491842553E+0000	 1.63543094400618E-0003
 2.55299008143162E+0000	 1.56422879289006E-0003
 2.55945094157543E+0000	 1.41016421398467E-0003
 2.56585836519595E+0000	 1.18883505256686E-0003
 2.57220042510866E+0000	 9.19499881547965E-0004
 2.57847220881266E+0000	 6.21833642726846E-0004
 2.58467440091074E+0000	 3.13647556425692E-0004
 2.59081146619809E+0000	 9.76343849164047E-0006
 2.59689000411483E+0000	-2.78205645715965E-0004
 2.60291751831874E+0000	-5.41532270561873E-0004
 2.60890162877747E+0000	-7.73808550314059E-0004
 2.61484965936437E+0000	-9.70330998356480E-0004
 2.62076851135609E+0000	-1.12754677693883E-0003
 2.62666473859393E+0000	-1.24261985564155E-0003
 2.63254475112775E+0000	-1.31314560078075E-0003
 2.63841508402362E+0000	-1.33702369326266E-0003
 2.64428267655081E+0000	-1.31248601117330E-0003
 2.65015511530338E+0000	-1.23826631005336E-0003
 2.65604080290575E+0000	-1.11389228869912E-0003
 2.66194902012778E+0000	-9.40077937410665E-0004
 2.66788985099404E+0000	-7.19193282610074E-0004
 2.67387393598633E+0000	-4.55785742978040E-0004
 2.67991200839716E+0000	-1.57116000215414E-0004
 2.68601415865811E+0000	 1.66356005512213E-0004
 2.69218877369457E+0000	 5.00648909476712E-0004
 2.69844113548839E+0000	 8.28286454497512E-0004
 2.70477176601051E+0000	 1.12892973565188E-0003
 2.71117479898323E+0000	 1.38088863982935E-0003
 2.71763691666152E+0000	 1.56364559043100E-0003
 2.72413756734275E+0000	 1.66113163108933E-0003
 2.73065100582594E+0000	 1.66491324314009E-0003
 2.73714999493958E+0000	 1.57605930607387E-0003
 2.74361006923809E+0000	 1.40477150846129E-0003
 2.75001284629276E+0000	 1.16789215144011E-0003
 2.75634741337410E+0000	 8.85400740864171E-0004
 2.76260984917616E+0000	 5.77214137876664E-0004
 2.76880164032006E+0000	 2.61061389431479E-0004
 2.77492781868163E+0000	-4.84778588689784E-0005
 2.78099534346467E+0000	-3.40071011834774E-0004
 2.78701192711592E+0000	-6.05238024366307E-0004
 2.79298530634589E+0000	-8.37753105823674E-0004
 2.79892288031022E+0000	-1.03302309304019E-0003
 2.80483162329222E+0000	-1.18754280787431E-0003
 2.81071818756057E+0000	-1.29847927958216E-0003
 2.81658912403093E+0000	-1.36340888490155E-0003
 2.82245115864221E+0000	-1.38021401697292E-0003
 2.82831147136635E+0000	-1.34713350027785E-0003
 2.83417793353958E+0000	-1.26295220767178E-0003
 2.84005926729670E+0000	-1.12731043583002E-0003
 2.84596509625373E+0000	-9.41112287110129E-0004
 2.85190585657548E+0000	-7.07012392230044E-0004
 2.85789253054904E+0000	-4.29957106250777E-0004
 2.86393615199763E+0000	-1.17742861577102E-0004
 2.87004702070156E+0000	 2.18477531126206E-0004
 2.87623356600290E+0000	 5.63866830435047E-0004
 2.88250084364323E+0000	 8.99960017801853E-0004
 2.88884876965338E+0000	 1.20539110925436E-0003
 2.89527041634790E+0000	 1.45758564058354E-0003
 2.90175098094539E+0000	 1.63553876177068E-0003
 2.90826820919862E+0000	 1.72333790948210E-0003
 2.91479480523338E+0000	 1.71344659035079E-0003
 2.92130252470216E+0000	 1.60840686397672E-0003
 2.92776664724344E+0000	 1.42008462589227E-0003
 2.93416921134805E+0000	 1.16676733644853E-0003
 2.94050012464120E+0000	 8.69418468414964E-0004
 2.94675638470446E+0000	 5.48452665698782E-0004
 2.95294029094996E+0000	 2.21725109598495E-0004
 2.95905749517187E+0000	-9.62780244138370E-0005
 2.96511537975610E+0000	-3.94409282449434E-0004
 2.97112192067760E+0000	-6.64379698721876E-0004
 2.97708500847290E+0000	-9.00112517621426E-0004
 2.98301213523685E+0000	-1.09710113508537E-0003
 2.98891034926713E+0000	-1.25186267167058E-0003
 2.99478639100076E+0000	-1.36153264007663E-0003
 3.00064693731326E+0000	-1.42362008121598E-0003
 3.00649889236947E+0000	-1.43592607450753E-0003
 3.01234967304471E+0000	-1.39661688866030E-0003
 3.01820744646919E+0000	-1.30443530088755E-0003
 3.02408128566629E+0000	-1.15903016581680E-0003
 3.02998121407792E+0000	-9.61384664266514E-0004
 3.03591810811742E+0000	-7.14325089673754E-0004
 3.04190341716148E+0000	-4.23089179265502E-0004
 3.04794864413869E+0000	-9.59181173567113E-0005
 3.05406451426623E+0000	 2.55399760269392E-0004
 3.06025976091733E+0000	 6.15170605512252E-0004
 3.06653950558947E+0000	 9.63851588189347E-0004
 3.07290334468457E+0000	 1.27884390047652E-0003
 3.07934351000863E+0000	 1.53635598003938E-0003
 3.08584379763603E+0000	 1.71446445343595E-0003
 3.09238014566168E+0000	 1.79696061228202E-0003
 3.09892341838116E+0000	 1.77683649771859E-0003
 3.10544396353827E+0000	 1.65790673706064E-0003
 3.11191639915335E+0000	 1.45368843580361E-0003
 3.11832285755015E+0000	 1.18404470968001E-0003
 3.12465385527886E+0000	 8.71124963808288E-0004
 3.13090720507212E+0000	 5.36051747436740E-0004
 3.13708599293688E+0000	 1.96986408399080E-0004
 3.14319650851383E+0000	-1.31542794439529E-0004
 3.14924659248148E+0000	-4.38481169737485E-0004
 3.15524451869686E+0000	-7.15672561099502E-0004
 3.16119835518428E+0000	-9.57153546503442E-0004
 3.16711569602197E+0000	-1.15847977353060E-0003
 3.17300365816910E+0000	-1.31616823205372E-0003
 3.17886905338043E+0000	-1.42729499092866E-0003
 3.18471866060809E+0000	-1.48926315924582E-0003
 3.19055953652816E+0000	-1.49974008499471E-0003
 3.19639931275862E+0000	-1.45675174889514E-0003
 3.20224643894375E+0000	-1.35891552015853E-0003
 3.20811033995294E+0000	-1.20579050925936E-0003
 3.21400146003058E+0000	-9.98327001473313E-0004
 3.21993116363671E+0000	-7.39399686642977E-0004
 3.22591145021752E+0000	-4.34407607603294E-0004
 3.23195441986096E+0000	-9.19083389537672E-0005
 3.23807140631335E+0000	 2.75785565419383E-0004
 3.24427169103078E+0000	 6.52192940660475E-0004
 3.25056076034013E+0000	 1.01668523439127E-0003
 3.25693821660115E+0000	 1.34530609819245E-0003
 3.26339574421462E+0000	 1.61277809058673E-0003
 3.26991591628491E+0000	 1.79585794405041E-0003
 3.27647285342908E+0000	 1.87757663295806E-0003
 3.28303536626152E+0000	 1.85104111100208E-0003
 3.28957203975794E+0000	 1.72107709743905E-0003
 3.29605644320448E+0000	 1.50277871636550E-0003
 3.30247047656252E+0000	 1.21766117711972E-0003
 3.30880504219491E+0000	 8.89217457573900E-0004
 3.31505864472845E+0000	 5.39454820535713E-0004
 3.32123510787534E+0000	 1.86998735696968E-0004
 3.32734135544646E+0000	-1.53457229616061E-0004
 3.33338570389057E+0000	-4.70864243697141E-0004
 3.33937674675712E+0000	-7.57142646824289E-0004
 3.34532274540250E+0000	-1.00640802416423E-0003
 3.35123140053657E+0000	-1.21425688465378E-0003
 3.35710988970030E+0000	-1.37718934699259E-0003
 3.36296507621331E+0000	-1.49220299381071E-0003
 3.36880381242383E+0000	-1.55656825828895E-0003
 3.37463327363019E+0000	-1.56778042968129E-0003
 3.38046127127409E+0000	-1.52367268841051E-0003
 3.38629650596131E+0000	-1.42266860632503E-0003
 3.39214873092781E+0000	-1.26415212931167E-0003
 3.39802880127793E+0000	-1.04893738997756E-0003
 3.40394858008082E+0000	-7.79826153656095E-0004
 3.40992065726207E+0000	-4.62240684749388E-0004
 3.41595781260911E+0000	-1.04904935181515E-0004
 3.42207212768046E+0000	 2.79494615134417E-0004
 3.42827364170498E+0000	 6.73817396789128E-0004
 3.43456849081667E+0000	 1.05641780951701E-0003
 3.44095662660250E+0000	 1.40194284268981E-0003
 3.44742953481370E+0000	 1.68343723445090E-0003
 3.45396883042467E+0000	 1.87598251993621E-0003
 3.46054690207630E+0000	 1.96138640921885E-0003
 3.46713036975046E+0000	 1.93241876442069E-0003
 3.47368574478244E+0000	 1.79459822961452E-0003
 3.48018517561345E+0000	 1.56446756278508E-0003
 3.48661000184633E+0000	 1.26522779169941E-0003
 3.49295127926442E+0000	 9.21841665325571E-0004
 3.49920806882522E+0000	 5.57355417088304E-0004
 3.50538487001603E+0000	 1.91001264908005E-0004
 3.51148922521905E+0000	-1.62248168525606E-0004
 3.51752993477789E+0000	-4.91268345523624E-0004
 3.52351592766426E+0000	-7.88002978940003E-0004
 3.52945567147944E+0000	-1.04661528055342E-0003
 3.53535697765878E+0000	-1.26272544829796E-0003
 3.54122707691162E+0000	-1.43280646481251E-0003
 3.54707286495382E+0000	-1.55376757048334E-0003
 3.55290123807375E+0000	-1.62273167347605E-0003
 3.55871945300179E+0000	-1.63699792935454E-0003
 3.56453545921763E+0000	-1.59417020424942E-0003
 3.57035816535685E+0000	-1.49242679210205E-0003
 3.57619761275598E+0000	-1.33090777606748E-0003
 3.58206503439433E+0000	-1.11020293621060E-0003
 3.58797277250507E+0000	-8.32931124165145E-0004
 3.59393401064036E+0000	-5.04404453831007E-0004
 3.59996224703211E+0000	-1.33357410277430E-0004
 3.60607040276198E+0000	 2.67321086045262E-0004
 3.61226943931715E+0000	 6.80000258811816E-0004
 3.61856639534057E+0000	 1.08214963286920E-0003
 3.62496190950566E+0000	 1.44706140758286E-0003
 3.63144765090251E+0000	 1.74599351847235E-0003
 3.63800461262454E+0000	 1.95205733609535E-0003
 3.64460362658256E+0000	 2.04539099213906E-0003
 3.65120906215137E+0000	 2.01794749166514E-0003
 3.65778508971842E+0000	 1.87556976563213E-0003
 3.66430207708802E+0000	 1.63607297624786E-0003
 3.67074047156170E+0000	 1.32434397989094E-0003
 3.67709124185244E+0000	 9.66920357128406E-0004
 3.68335386209070E+0000	 5.88028009136411E-0004
 3.68953343923560E+0000	 2.07639360686549E-0004
 3.69563811358515E+0000	-1.58886339702930E-0004
 3.70167717410951E+0000	-5.00271367636296E-0004
 3.70765989953243E+0000	-8.08432684418132E-0004
 3.71359497721137E+0000	-1.07755276569132E-0003
 3.71949033560940E+0000	-1.30326236296258E-0003
 3.72535325431763E+0000	-1.48200285658862E-0003
 3.73119064547692E+0000	-1.61059327322674E-0003
 3.73700942225060E+0000	-1.68600444827631E-0003
 3.74281688635920E+0000	-1.70532785771963E-0003
 3.74862108184530E+0000	-1.66591606048944E-0003
 3.75443107750593E+0000	-1.56566675375036E-0003
 3.76025715342599E+0000	-1.40342475385624E-0003
 3.76611087318219E+0000	-1.17948491962474E-0003
 3.77200501802240E+0000	-8.96189852326293E-0004
 3.77795333996460E+0000	-5.58621641758229E-0004
 3.78397005780160E+0000	-1.75376375476285E-0004
 3.79006897961816E+0000	 2.40630682292465E-0004
 3.79626210555011E+0000	 6.71469942108396E-0004
 3.80255758611670E+0000	 1.09390326314288E-0003
 3.80895706047521E+0000	 1.47997790918347E-0003
 3.81545277319309E+0000	 1.79913603148776E-0003
 3.82202548315649E+0000	 2.02229197502063E-0003
 3.82864471921209E+0000	 2.12749777711024E-0003
 3.83527261338852E+0000	 2.10539333502673E-0003
 3.84187076951678E+0000	 1.96173391746869E-0003
 3.84840742417922E+0000	 1.71538927432500E-0003
 3.85486179374996E+0000	 1.39290644009479E-0003
 3.86122451128566E+0000	 1.02249085204770E-0003
 3.86749531632961E+0000	 6.29683229057978E-0004
 3.87367985329118E+0000	 2.35326157536634E-0004
 3.87978683951559E+0000	-1.44729777564338E-0004
 3.88582605805193E+0000	-4.98978608765164E-0004
 3.89180715337524E+0000	-8.19262587920527E-0004
 3.89773904883386E+0000	-1.09975741915203E-0003
 3.90362979992630E+0000	-1.33609431060424E-0003
 3.90948673522984E+0000	-1.52468283763256E-0003
 3.91531677195921E+0000	-1.66225580395950E-0003
 3.92112681741151E+0000	-1.74563509779386E-0003
 3.92692418534794E+0000	-1.77170254392437E-0003
 3.93271697301397E+0000	-1.73754890126698E-0003
 3.93851436162471E+0000	-1.64076936833702E-0003
 3.94432681802565E+0000	-1.47987735462538E-0003
 3.95016618269332E+0000	-1.25481910115929E-0003
 3.95604562419673E+0000	-9.67585482619574E-0004
 3.96197941957186E+0000	-6.22926194159416E-0004
 3.96798248363809E+0000	-2.29164585186891E-0004
 3.97406952307319E+0000	 2.00926443479601E-0004
 3.98025364929713E+0000	 6.49315883355974E-0004
 3.98654428836001E+0000	 1.09226152403835E-0003
 3.99294435804914E+0000	 1.50072638866590E-0003
 3.99944706305017E+0000	 1.84237751746048E-0003
 4.00603334843834E+0000	 2.08577306046149E-0003
 4.01267175892879E+0000	 2.20649896355549E-0003
 4.01932226921492E+0000	 2.19337634435164E-0003
 4.02594372810931E+0000	 2.05162170371301E-0003
 4.03250189363538E+0000	 1.80090393330148E-0003
 4.03897440020460E+0000	 1.46938555793127E-0003
 4.04535128577028E+0000	 1.08702935381656E-0003
 4.05163240355065E+0000	 6.80828385995697E-0004
 4.05782386633246E+0000	 2.72627715478821E-0004
 4.06393495059828E+0000	-1.21125217302482E-0004
 4.06997594235021E+0000	-4.88621493262699E-0004
 4.07595687133148E+0000	-8.21581616886174E-0004
 4.08188691685543E+0000	-1.11414975051161E-0003
 4.08777427559312E+0000	-1.36194917566445E-0003
 4.09362632976459E+0000	-1.56135988800979E-0003
 4.09944999516414E+0000	-1.70903589068639E-0003
 4.10525215542166E+0000	-1.80165793158821E-0003
 4.11104010813496E+0000	-1.83590234582854E-0003
 4.11682196661292E+0000	-1.80859537351753E-0003
 4.12260698001660E+0000	-1.71701742734132E-0003
 4.12840575168759E+0000	-1.55932602059043E-0003
 4.13423034460873E+0000	-1.33507888110498E-0003
 4.14009425862154E+0000	-1.04585550035506E-0003
 4.14601224266354E+0000	-6.95987970881746E-0004
 4.15199986610760E+0000	-2.93409374829325E-0004
 4.15807271985291E+0000	 1.49405344884875E-0004
 4.16424506396117E+0000	 6.14517285461202E-0004
 4.17052772254924E+0000	 1.07789652985896E-0003
 4.17692513329492E+0000	 1.50961836806689E-0003
 4.18343183004897E+0000	 1.87567289671796E-0003
 4.19002938636338E+0000	 2.14216490794443E-0003
 4.19668573908077E+0000	 2.28187026114076E-0003
 4.20335884838651E+0000	 2.28127506810842E-0003
 4.21000465173193E+0000	 2.14456248396380E-0003
 4.21658607487112E+0000	 1.89190427117874E-0003
 4.22307879560399E+0000	 1.55301703615084E-0003
 4.22947197835945E+0000	 1.15971383184321E-0003
 4.23576543076880E+0000	 7.40588130389111E-0004
 4.24196566563360E+0000	 3.18628929153135E-0004
 4.24808250486895E+0000	-8.90084378199589E-0005
 4.25412675116352E+0000	-4.70134778723740E-0004
 4.26010884354603E+0000	-8.16300869454652E-0004
 4.26603824134750E+0000	-1.12159443405655E-0003
 4.27192330045169E+0000	-1.38162276025844E-0003
 4.27777146535097E+0000	-1.59273920433589E-0003
 4.28358964810681E+0000	-1.75152763652940E-0003
 4.28938469529862E+0000	-1.85453745199928E-0003
 4.29516386474422E+0000	-1.89824661135197E-0003
 4.30093525327864E+0000	-1.87921831064555E-0003
 4.30670813788038E+0000	-1.79441162219514E-0003
 4.31249321175688E+0000	-1.64161125963026E-0003
 4.31830270822068E+0000	-1.41995625320814E-0003
 4.32415040207759E+0000	-1.13056699654894E-0003
 4.33005145682179E+0000	-7.77286645561174E-0004
 4.33602204480209E+0000	-3.67555166522566E-0004
 4.34207860878621E+0000	 8.65931577019461E-0005
 4.34823656789574E+0000	 5.67498739556259E-0004
 4.35450823296703E+0000	 1.05106771679325E-0003
 4.36089977037924E+0000	 1.50671270223109E-0003
 4.36740739784336E+0000	 1.89889593957925E-0003
 4.37401378234535E+0000	 2.19123000869897E-0003
 4.38068669097866E+0000	 2.35336951400574E-0003
 4.38738228225309E+0000	 2.36892945401515E-0003
 4.39405345917220E+0000	 2.24050436174165E-0003
 4.40065994437779E+0000	 1.98841508803002E-0003
 4.40717504301040E+0000	 1.64384701334109E-0003
 4.41358673250427E+0000	 1.24056262092464E-0003
 4.41989459797156E+0000	 8.08922011986953E-0004
 4.42610547982181E+0000	 3.73216743952661E-0004
 4.43222973441733E+0000	-4.85669990311175E-0005
 4.43827869969208E+0000	-4.43775341183007E-0004
 4.44426325277913E+0000	-8.03737465701170E-0004
 4.45019316123316E+0000	-1.12245768908940E-0003
 4.45607696173613E+0000	-1.39551810023776E-0003
 4.46192217286800E+0000	-1.61924771906998E-0003
 4.46773570372542E+0000	-1.79016867628802E-0003
 4.47352435361652E+0000	-1.90470893641215E-0003
 4.47929532030470E+0000	-1.95915590820898E-0003
 4.48505665512510E+0000	-1.94981274866126E-0003
 4.49081762627224E+0000	-1.87331329847259E-0003
 4.49658897339003E+0000	-1.72705669889854E-0003
 4.50238305022532E+0000	-1.50973899350185E-0003
 4.50821385068093E+0000	-1.22198157472716E-0003
 4.51409689273502E+0000	-8.67076856545788E-0004
 4.52004889248228E+0000	-4.51879158067041E-0004
 4.52608709767477E+0000	 1.21517838580619E-0005
 4.53222807422244E+0000	 5.07820063751447E-0004
 4.53848567899534E+0000	 1.01120189642798E-0003
 4.54486798785710E+0000	 1.49130391203188E-0003
 4.55137324805987E+0000	 1.91126557386738E-0003
 4.55798571805454E+0000	 2.23223413830816E-0003
 4.56467351566793E+0000	 2.42046865642878E-0003
 4.57139130778020E+0000	 2.45614596399903E-0003
 4.57808889096617E+0000	 2.33962568239095E-0003
 4.58472239196141E+0000	 2.09093061320930E-0003
 4.59126226321870E+0000	 1.74258230107950E-0003
 4.59769492105575E+0000	 1.33039195405002E-0003
 4.60401951433229E+0000	 8.86675722771317E-0004
 4.61024312343444E+0000	 4.37212300995434E-0004
 4.61637662553513E+0000	 9.61987333708884E-0007
 4.62243191518722E+0000	-4.08858626398117E-0004
 4.62842034083979E+0000	-7.83296850816524E-0004
 4.63435201073894E+0000	-1.11624167498315E-0003
 4.64023566750571E+0000	-1.40323795609245E-0003
 4.64607891841149E+0000	-1.64059108430249E-0003
 4.65188867252438E+0000	-1.82476894497110E-0003
 4.65767167341767E+0000	-1.95208752418598E-0003
 4.66343504006810E+0000	-2.01865140145752E-0003
 4.66918675072794E+0000	-2.02050708078488E-0003
 4.67493602951917E+0000	-1.95396038106575E-0003
 4.68069362002779E+0000	-1.81601422119047E-0003
 4.68647194656996E+0000	-1.60490078930443E-0003
 4.69228516452921E+0000	-1.32070741545422E-0003
 4.69814908146964E+0000	-9.66119992180954E-0004
 4.70408088834813E+0000	-5.47320885582344E-0004
 4.71009857451455E+0000	-7.50654277692943E-0005
 4.71621981557610E+0000	 4.34101473957644E-0004
 4.72246004190123E+0000	 9.56678050058018E-0004
 4.72882938910136E+0000	 1.46156474523322E-0003
 4.73532847106430E+0000	 1.91085748643754E-0003
 4.74194368001961E+0000	 2.26335645935774E-0003
 4.74864411968636E+0000	 2.48171165720292E-0003
 4.75538342456079E+0000	 2.54206469404387E-0003
 4.76210831066639E+0000	 2.44176686419345E-0003
 4.76877090723384E+0000	 2.19994533689588E-0003
 4.77533824868311E+0000	 1.85023132800077E-0003
 4.78179472088800E+0000	 1.43056310759885E-0003
 4.78813875610929E+0000	 9.75424473458610E-0004
 4.79437755241280E+0000	 5.12300010174821E-0004
 4.80052248095706E+0000	 6.12978652986248E-0005
 4.80658601242234E+0000	-3.63682152369418E-0004
 4.81258000283462E+0000	-7.53330237404491E-0004
 4.81851493812951E+0000	-1.10137895485281E-0003
 4.82439979632348E+0000	-1.40331882195348E-0003
 4.83024229131606E+0000	-1.65542996653012E-0003
 4.83604933717091E+0000	-1.85413287852965E-0003
 4.84182761413852E+0000	-1.99564131729114E-0003
 4.84758414353596E+0000	-2.07588553072043E-0003
 4.85332680202597E+0000	-2.09065982290292E-0003
 4.85906473279180E+0000	-2.03594063018444E-0003
 4.86480863852833E+0000	-1.90832603333563E-0003
 4.87057096070269E+0000	-1.70556642096086E-0003
 4.87636595290419E+0000	-1.42718397234525E-0003
 4.88220963820011E+0000	-1.07520707975865E-0003
 4.88811959879735E+0000	-6.55064448082644E-0004
 4.89411447948549E+0000	-1.76678928278608E-0004
 4.90021299542555E+0000	 3.44249347166926E-0004
 4.90643213494355E+0000	 8.84916944704452E-0004
 4.91278419880014E+0000	 1.41447416866256E-0003
 4.91927248178132E+0000	 1.89435290971262E-0003
 4.92588609411900E+0000	 2.28126014019708E-0003
 4.93259590516320E+0000	 2.53413847258587E-0003
 4.93935519744638E+0000	 2.62449957973146E-0003
 4.94610781544623E+0000	 2.54576145564390E-0003
 4.95280152801306E+0000	 2.31533451440064E-0003
 4.95939929256525E+0000	 1.96756426746182E-0003
 4.96588286053184E+0000	 1.54252980428427E-0003
 4.97224955974269E+0000	 1.07710415445489E-0003
 4.97850651975109E+0000	 6.00735912274099E-0004
 4.98466554865253E+0000	 1.34896317428121E-0004
 4.99073970267643E+0000	-3.05677594432245E-0004
 4.99674138199919E+0000	-7.11219900207600E-0004
 5.00268149208265E+0000	-1.07525050594668E-0003
 5.00856928177799E+0000	-1.39318017290755E-0003
 5.01441259474981E+0000	-1.66125888197666E-0003
 5.02021835846702E+0000	-1.87586677364478E-0003
 5.02599318343456E+0000	-2.03312739094158E-0003
 5.03174397343656E+0000	-2.12880839180563E-0003
 5.03747847220051E+0000	-2.15845989086616E-0003
 5.04320570078716E+0000	-2.11773122389098E-0003
 5.04893627051605E+0000	-2.00281089462881E-0003
 5.05468257932463E+0000	-1.81095402338572E-0003
 5.06045890599543E+0000	-1.54109197791364E-0003
 5.06628140120212E+0000	-1.19455108863115E-0003
 5.07216793440694E+0000	-7.75931328042546E-0004
 5.07813768929781E+0000	-2.94199375410294E-0004
 5.08421030617486E+0000	 2.35986805855962E-0004
 5.09040425539359E+0000	 7.92821422199889E-0004
 5.09673403702344E+0000	 1.34612185938223E-0003
 5.10320588312371E+0000	 1.85715738004445E-0003
 5.10981221639054E+0000	 2.28098388372330E-0003
 5.11652659954679E+0000	 2.57293971522703E-0003
 5.12330293668986E+0000	 2.69939788183162E-0003
 5.13008271659122E+0000	 2.64878277928028E-0003
 5.13680912383420E+0000	 2.43567207326785E-0003
 5.14344031028273E+0000	 2.09445779977518E-0003
 5.14995461959850E+0000	 1.66723460757661E-0003
 5.15634772994346E+0000	 1.19346556441715E-0003
 5.16262641226038E+0000	 7.04858653947586E-0004
 5.16880279930425E+0000	 2.24514908641482E-0004
 5.17489051920615E+0000	-2.31791382342678E-0004
 5.18090254818089E+0000	-6.53704442756623E-0004
 5.18685025770166E+0000	-1.03445214092893E-0003
 5.19274321122383E+0000	-1.36932702141219E-0003
 5.19858941376725E+0000	-1.65453908647366E-0003
 5.20439582099154E+0000	-1.88643618758344E-0003
 5.21016897036694E+0000	-2.06106853184454E-0003
 5.21591562786462E+0000	-2.17405978492926E-0003
 5.22164336933488E+0000	-2.22073134469399E-0003
 5.22736104640392E+0000	-2.19641508660764E-0003
 5.23307912043152E+0000	-2.09689242221830E-0003
 5.23880987517151E+0000	-1.91891731004479E-0003
 5.24456752909354E+0000	-1.66081330324441E-0003
 5.25036825592349E+0000	-1.32317047460643E-0003
 5.25623008463221E+0000	-9.09697072487304E-0004
 5.26217258587837E+0000	-4.28292148308122E-0004
 5.26821615747846E+0000	 1.07618473286867E-0004
 5.27438059836084E+0000	 6.77534976278561E-0004
 5.28068253880802E+0000	 1.25240728339630E-0003
 5.28713129318575E+0000	 1.79396588578881E-0003
 5.29372313103279E+0000	 2.25628501082951E-0003
 5.30043533295068E+0000	 2.59150532518866E-0003
 5.30722372448045E+0000	 2.76058265959695E-0003
 5.31402840272432E+0000	 2.74584616230331E-0003
 5.32078804902438E+0000	 2.55759686604962E-0003
 5.32745529559790E+0000	 2.22921304793195E-0003
 5.33400412501754E+0000	 1.80442850413918E-0003
 5.34042781097109E+0000	 1.32541661443057E-0003
 5.34673232132213E+0000	 8.26460775461403E-0004
 5.35292991138610E+0000	 3.32614937438386E-0004
 5.35903472491449E+0000	-1.39051157863819E-0004
 5.36506033252704E+0000	-5.77410883896227E-0004
 5.37101862091770E+0000	-9.75287398363631E-0004
 5.37691952241558E+0000	-1.32779671086283E-0003
 5.38277124762153E+0000	-1.63109074021443E-0003
 5.38858080616509E+0000	-1.88149396391127E-0003
 5.39435466623584E+0000	-2.07500734228107E-0003
 5.40009943783949E+0000	-2.20713994678801E-0003
 5.40582249141248E+0000	-2.27301201953510E-0003
 5.41153245546381E+0000	-2.26765955440877E-0003
 5.41723957378867E+0000	-2.18647074821325E-0003
 5.42295593436934E+0000	-2.02570389481839E-0003
 5.42869559689984E+0000	-1.78307031390104E-0003
 5.43447463729428E+0000	-1.45840488110694E-0003
 5.44031109362943E+0000	-1.05448034505573E-0003
 5.44622473730985E+0000	-5.78040107185436E-0004
 5.45223650175081E+0000	-4.11129519875475E-0005
 5.45836727520330E+0000	 5.37398161639905E-0004
 5.46463562046407E+0000	 1.13005407309705E-0003
 5.47105391004975E+0000	 1.69975801075907E-0003
 5.47762263237679E+0000	 2.20049531777567E-0003
 5.48432378306746E+0000	 2.58199849731158E-0003
 5.49111667840137E+0000	 2.79994406566524E-0003
 5.49794154160119E+0000	 2.82962488577848E-0003
 5.50473315902394E+0000	 2.67535663086552E-0003
 5.51143811868474E+0000	 2.36794976508524E-0003
 5.51802495477102E+0000	 1.95200126772154E-0003
 5.52448353389697E+0000	 1.47233328580461E-0003
 5.53081836499289E+0000	 9.66098678043548E-0004
 5.53704148875373E+0000	 4.60676711051129E-0004
 5.54316743708596E+0000	-2.52430704076346E-0005
 5.54921036468837E+0000	-4.79522615908350E-0004
 5.55518271953719E+0000	-8.94422562811819E-0004
 5.56109486782380E+0000	-1.26479489091183E-0003
 5.56695528647175E+0000	-1.58670109379190E-0003
 5.57277108145385E+0000	-1.85644960158065E-0003
 5.57854866822845E+0000	-2.07002414876332E-0003
 5.58429448959111E+0000	-2.22286250185507E-0003
 5.59001567370617E+0000	-2.30992780074952E-0003
 5.59572056777033E+0000	-2.32599838067710E-0003
 5.60141912242391E+0000	-2.26609881893698E-0003
 5.60712313842755E+0000	-2.12601238878486E-0003
 5.61284640729798E+0000	-1.90284987495392E-0003
 5.61860477373700E+0000	-1.59569147084101E-0003
 5.62441611799181E+0000	-1.20635625298918E-0003
 5.63030020029762E+0000	-7.40378388623001E-0004
 5.63627822352860E+0000	-2.08269176574258E-0004
 5.64237184787643E+0000	 3.72905534438169E-0004
 5.64860123735275E+0000	 9.77755966633284E-0004
 5.65498159002220E+0000	 1.57108463994564E-0003
 5.66151771716821E+0000	 2.10783505358751E-0003
 5.66819711405371E+0000	 2.53650807687134E-0003
 5.67498423900800E+0000	 2.80822194420612E-0003
 5.68182149642445E+0000	 2.89075456707261E-0003
 5.68864113453237E+0000	 2.78068654504048E-0003
 5.69538364304074E+0000	 2.50420125805068E-0003
 5.70201103481692E+0000	 2.10542349212120E-0003
 5.70850852664389E+0000	 1.63142935042835E-0003
 5.71487824997247E+0000	 1.12242910242700E-0003
 5.72113150443470E+0000	 6.08518097423919E-0004
 5.72728297183621E+0000	 1.10392936190701E-0004
 5.73334732730902E+0000	-3.58488503172895E-0004
 5.73933761000616E+0000	-7.89609575615986E-0004
 5.74526469109306E+0000	-1.17742996636504E-0003
 5.75113739237480E+0000	-1.51786474424654E-0003
 5.75696298020274E+0000	-1.80720582636035E-0003
 5.76274785354056E+0000	-2.04145705069642E-0003
 5.76849829065929E+0000	-2.21604268651384E-0003
 5.77422114724467E+0000	-2.32583225803116E-0003
 5.77992443096890E+0000	-2.36540533038542E-0003
 5.78561771909404E+0000	-2.32947217051018E-0003
 5.79131242695084E+0000	-2.21338014043390E-0003
 5.79702196158034E+0000	-2.01366989445634E-0003
 5.80276179680967E+0000	-1.72868935835293E-0003
 5.80854948142003E+0000	-1.35931499215860E-0003
 5.81440454153732E+0000	-9.09859782309118E-0004
 5.82034815947756E+0000	-3.89256538260210E-0004
 5.82640239692885E+0000	 1.87425639220887E-0004
 5.83258857747645E+0000	 7.97188698318351E-0004
 5.83892428478120E+0000	 1.40738093690581E-0003
 5.84541842299941E+0000	 1.97497318825158E-0003
 5.85206436720165E+0000	 2.44868702711973E-0003
 5.85883314491305E+0000	 2.77643880306125E-0003
 5.86567171026498E+0000	 2.91879323854546E-0003
 5.87251197662219E+0000	 2.86321478096224E-0003
 5.87928909667605E+0000	 2.62887471380952E-0003
 5.88595779491704E+0000	 2.25742925640817E-0003
 5.89249725993473E+0000	 1.79729022236782E-0003
 5.89890604676632E+0000	 1.29166729422250E-0003
 5.90519394461907E+0000	 7.73710561414609E-0004
 5.91137538639767E+0000	 2.66548127430096E-0004
 5.91746541428560E+0000	-2.14668937145554E-0004
 5.92347764871886E+0000	-6.60367273142970E-0004
 5.92942352997411E+0000	-1.06443324886152E-0003
 5.93531231643373E+0000	-1.42254317200717E-0003
 5.94115152233917E+0000	-1.73095317239849E-0003
 5.94694759236023E+0000	-1.98572205158115E-0003
 5.95270666540157E+0000	-2.18232906842831E-0003
 5.95843530989364E+0000	-2.31563283132761E-0003
 5.96414114341320E+0000	-2.38009593069969E-0003
 5.96983329115141E+0000	-2.37018655278571E-0003
 5.97552268326393E+0000	-2.28087661037242E-0003
 5.98122222459823E+0000	-2.10818757388526E-0003
 5.98694687949591E+0000	-1.84978013718296E-0003
 5.99271369595872E+0000	-1.50562869712577E-0003
 5.99854174901909E+0000	-1.07885621710257E-0003
 6.00445191215620E+0000	-5.76821518710499E-0004
 6.01046626191474E+0000	-1.25354112856921E-0005
 6.01660677761300E+0000	 5.93600013542001E-0004
 6.02289282995759E+0000	 1.21195670766959E-0003
 6.02933686148945E+0000	 1.80246436808662E-0003
 6.03593798494223E+0000	 2.31557547865939E-0003
 6.04267466768171E+0000	 2.69785511800217E-0003
 6.04950065520249E+0000	 2.90391206123982E-0003
 6.05635039588453E+0000	 2.91159082563466E-0003
 6.06315554877106E+0000	 2.73078825586451E-0003
 6.06986351113356E+0000	 2.39811509398476E-0003
 6.07644618832604E+0000	 1.96170712197492E-0003
 6.08289714482521E+0000	 1.46727663679329E-0003
 6.08922361842722E+0000	 9.51190125979699E-0004
 6.09543918274911E+0000	 4.39406120032462E-0004
 6.10155895731731E+0000	-5.08175877807023E-0005
 6.10759705825793E+0000	-5.08510669611392E-0004
 6.11356552724693E+0000	-9.26744821883051E-0004
 6.11947414945778E+0000	-1.30081555075970E-0003
 6.12533079262140E+0000	-1.62688990615296E-0003
 6.13114203763912E+0000	-1.90110015164016E-0003
 6.13691393956835E+0000	-2.11904945722510E-0003
 6.14265279090484E+0000	-2.27568188235293E-0003
 6.14836578708977E+0000	-2.36544646985749E-0003
 6.15406153358113E+0000	-2.38266595038721E-0003
 6.15975038183547E+0000	-2.32202095013611E-0003
 6.16544462213120E+0000	-2.17908687915744E-0003
 6.17115857903054E+0000	-1.95090479353710E-0003
 6.17690864458406E+0000	-1.63661499243419E-0003
 6.18271324678047E+0000	-1.23822098323806E-0003
 6.18859268782461E+0000	-7.61573942272719E-0004
 6.19456869469795E+0000	-2.17663646207934E-0004
 6.20066339554113E+0000	 3.75754337291446E-0004
 6.20689727376223E+0000	 9.92331431969171E-0004
 6.21328552000685E+0000	 1.59561704919730E-0003
 6.21983233703236E+0000	 2.13910743874459E-0003
 6.22652373277200E+0000	 2.57003583863247E-0003
 6.23332183437237E+0000	 2.83914665229619E-0003
 6.24016663511806E+0000	 2.91541677000197E-0003
 6.24698918790454E+0000	 2.79799142621895E-0003
 6.25373067078883E+0000	 2.51567160704386E-0003
 6.26035500289040E+0000	 2.11398911627667E-0003
 6.26684933846372E+0000	 1.64002517127187E-0003
 6.27321709245421E+0000	 1.13316880742766E-0003
 6.27947012811181E+0000	 6.22470493495332E-0004
