 2.53319911447151E-0003	-4.54470679164550E-0004
 8.49159850085930E-0003	-9.51601302324066E-0004
 1.43602698558746E-0002	-1.38917864714174E-0003
 2.01564618736688E-0002	-1.75514077367268E-0003
 2.58972939028903E-0002	-2.04139572514066E-0003
 3.15993236686043E-0002	-2.24300582523038E-0003
 3.72783842374700E-0002	-2.35756285947633E-0003
 4.29495588086056E-0002	-2.38474786099074E-0003
 4.86272099845307E-0002	-2.32604376875406E-0003
 5.43250147191323E-0002	-2.18456274425208E-0003
 6.00559806405084E-0002	-1.96495170159181E-0003
 6.58324380050522E-0002	-1.67334612615820E-0003
 7.16660159127396E-0002	-1.31735430158590E-0003
 7.75676192594122E-0002	-9.06073874374261E-0004
 8.35474170598624E-0002	-4.50170233096424E-0004
 8.96148230770315E-0002	 3.79255818293623E-0005
 9.57783887853328E-0002	 5.43630659329038E-0004
 1.02045441226246E-0001	 1.04960140050103E-0003
 1.08421210995155E-0001	 1.53498079938880E-0003
 1.14907168375394E-0001	 1.97479735965663E-0003
 1.21498425954082E-0001	 2.34012078793603E-0003
 1.28180523195050E-0001	 2.59986063676397E-0003
 1.34926750924044E-0001	 2.72500127361095E-0003
 1.41698035861312E-0001	 2.69508296546608E-0003
 1.48447205832105E-0001	 2.50483016578546E-0003
 1.55127258357622E-0001	 2.16742249425543E-0003
 1.61700273379720E-0001	 1.71211381334068E-0003
 1.68142916058035E-0001	 1.17738725836007E-0003
 1.74446974171393E-0001	 6.03261180255583E-0004
 1.80616350424294E-0001	 2.57312531104008E-0005
 1.86662911252289E-0001	-5.25839575969879E-0004
 1.92602847611575E-0001	-1.02910340163922E-0003
 1.98454128398222E-0001	-1.46795205592914E-0003
 2.04234974122816E-0001	-1.83137344614385E-0003
 2.09963061322743E-0001	-2.11235515691840E-0003
 2.15655176549116E-0001	-2.30699266026001E-0003
 2.21327115089607E-0001	-2.41382543480736E-0003
 2.26993694654796E-0001	-2.43336903256031E-0003
 2.32668810135354E-0001	-2.36779537782268E-0003
 2.38365493864522E-0001	-2.22071514171521E-0003
 2.44095972231799E-0001	-1.99702554508203E-0003
 2.49871727693991E-0001	-1.70280223653820E-0003
 2.55703585029402E-0001	-1.34523558949049E-0003
 2.61601837840052E-0001	-9.32639525670469E-0004
 2.67576409164953E-0001	-4.74590132084909E-0004
 2.73636993163985E-0001	 1.77291857861962E-0005
 2.79793053305404E-0001	 5.30906528381822E-0004
 2.86053465231270E-0001	 1.04838991022488E-0003
 2.92425510758213E-0001	 1.54939924779072E-0003
 2.98912901298473E-0001	 2.00800865890030E-0003
 3.05512645191651E-0001	 2.39309826491696E-0003
 3.12211076374811E-0001	 2.67024716157230E-0003
 3.18980396644093E-0001	 2.80661787382700E-0003
 3.25778265514644E-0001	 2.77871997733833E-0003
 3.32552830587777E-0001	 2.58044672635749E-0003
 3.39252712902374E-0001	 2.22687507747960E-0003
 3.45837524860947E-0001	 1.75100843965401E-0003
 3.52283832267511E-0001	 1.19530991533148E-0003
 3.58585026463010E-0001	 6.02759530372838E-0004
 3.64747293465579E-0001	 1.09032289227724E-0005
 3.70784696930353E-0001	-5.50535304323326E-0004
 3.76715176016611E-0001	-1.05961788693529E-0003
 3.82557918705449E-0001	-1.50105123417643E-0003
 3.88331885088488E-0001	-1.86480100975644E-0003
 3.94055093496564E-0001	-2.14485641589068E-0003
 3.99744345488052E-0001	-2.33826180744501E-0003
 4.05415174672485E-0001	-2.44440391826664E-0003
 4.11081895038241E-0001	-2.46449979708615E-0003
 4.16757687087129E-0001	-2.40122552811870E-0003
 4.22454700917656E-0001	-2.25843678540617E-0003
 4.28184181213196E-0001	-2.04095091074249E-0003
 4.33956632717408E-0001	-1.75438427587024E-0003
 4.39782045100769E-0001	-1.40506669690573E-0003
 4.45670180095016E-0001	-1.00008269152479E-0003
 4.51630889383194E-0001	-5.47510187084756E-0004
 4.57674380143411E-0001	-5.69318587852334E-0005
 4.63811280009340E-0001	 4.59726361317589E-0004
 4.70052277891916E-0001	 9.87031986452889E-0004
 4.76407037077476E-0001	 1.50467676991621E-0003
 4.82882022571873E-0001	 1.98624462304086E-0003
 4.89476969122001E-0001	 2.39884864253154E-0003
 4.96180203699524E-0001	 2.70486968279248E-0003
 5.02964233832917E-0001	 2.86718704773553E-0003
 5.09784616279002E-0001	 2.85809177243314E-0003
 5.16585292413681E-0001	 2.66897862640947E-0003
 5.23310151113316E-0001	 2.31520238571124E-0003
 5.29915417915997E-0001	 1.83237006268450E-0003
 5.36376473021689E-0001	 1.26634736588430E-0003
 5.42687324328314E-0001	 6.62933482254353E-0004
 5.48855652374054E-0001	 6.13394231517414E-0005
 5.54897129663384E-0001	-5.08114917389661E-0004
 5.60831018364797E-0001	-1.02363160608403E-0003
 5.66677414991594E-0001	-1.47047566382909E-0003
 5.72455776946149E-0001	-1.83936462453899E-0003
 5.78184252886942E-0001	-2.12509188363586E-0003
 5.83879453150947E-0001	-2.32546680566174E-0003
 5.89556436292085E-0001	-2.44053130589656E-0003
 5.95228793390368E-0001	-2.47198029513244E-0003
 6.00908780275524E-0001	-2.42271952711499E-0003
 6.06607488977883E-0001	-2.29651554369618E-0003
 6.12335071088128E-0001	-2.09771970198762E-0003
 6.18101030335476E-0001	-1.83107749245682E-0003
 6.23914590454871E-0001	-1.50166106989251E-0003
 6.29785119114485E-0001	-1.11498158884841E-0003
 6.35722553484468E-0001	-6.77344012281812E-0004
 6.41737732427093E-0001	-1.96499361201657E-0004
 6.47842494125294E-0001	 3.17371161358273E-0004
 6.54049337791941E-0001	 8.50344178271555E-0004
 6.60370362522922E-0001	 1.38320125180889E-0003
 6.66815098238701E-0001	 1.88991512648509E-0003
 6.73386838215794E-0001	 2.33685596158360E-0003
 6.80077470315512E-0001	 2.68402338194240E-0003
 6.86862043309319E-0001	 2.89004780119136E-0003
 6.93696331345598E-0001	 2.92174278935694E-0003
 7.00521521647410E-0001	 2.76552607354392E-0003
 7.07276710279388E-0001	 2.43417243846513E-0003
 7.13913367636904E-0001	 1.96367470863098E-0003
 7.20403786670931E-0001	 1.40218690772143E-0003
 7.26740837480922E-0001	 7.98148865688015E-0004
 7.32932379611057E-0001	 1.92788556762758E-0004
 7.38994818915445E-0001	-3.82431828470009E-0004
 7.44948192639459E-0001	-9.05304037769394E-0004
 7.50813163472005E-0001	-1.36117335162096E-0003
 7.56609454566252E-0001	-1.74111633038319E-0003
 7.62355161869226E-0001	-2.04040473782973E-0003
 7.68066536022129E-0001	-2.25732399808502E-0003
 7.73757995798137E-0001	-2.39228769757253E-0003
 7.79442256109831E-0001	-2.44716522961643E-0003
 7.85130527231921E-0001	-2.42475611234618E-0003
 7.90832780704051E-0001	-2.32837466941264E-0003
 7.96558090839226E-0001	-2.16154096991902E-0003
 8.02315054965694E-0001	-1.92780116316044E-0003
 8.08112276558860E-0001	-1.63071708394182E-0003
 8.13958870949165E-0001	-1.27406868820793E-0003
 8.19864930381061E-0001	-8.62306211405503E-0004
 8.25841865339452E-0001	-4.01279077815696E-0004
 8.31902513983909E-0001	 1.00738571558893E-0004
 8.38060863170203E-0001	 6.31715519344517E-0004
 8.44331132052770E-0001	 1.17425591566433E-0003
 8.50725831649985E-0001	 1.70389337471792E-0003
 8.57252311032719E-0001	 2.18783121478859E-0003
 8.63907513814729E-0001	 2.58535363550768E-0003
 8.70671743559363E-0001	 2.85186089131531E-0003
 8.77504470844719E-0001	 2.94807688538782E-0003
 8.84347043819392E-0001	 2.85273533737931E-0003
 8.91134695861751E-0001	 2.57205443586541E-0003
 8.97812825508278E-0001	 2.13883759466080E-0003
 9.04348089499839E-0001	 1.60149610341030E-0003
 9.10729661308439E-0001	 1.01062981092341E-0003
 9.16963647946074E-0001	 4.09941365873784E-0004
 9.23065955521893E-0001	-1.67157780688203E-0004
 9.29056686662438E-0001	-6.97231572422269E-0004
 9.34956682258254E-0001	-1.16500845095414E-0003
 9.40785714530201E-0001	-1.56136513617377E-0003
 9.46561689633898E-0001	-1.88160206555115E-0003
 9.52300395682379E-0001	-2.12409885392370E-0003
 9.58015530559202E-0001	-2.28928995451164E-0003
 9.63718882417166E-0001	-2.37887654378753E-0003
 9.69420614668512E-0001	-2.39521366925948E-0003
 9.75129642342914E-0001	-2.34084670684679E-0003
 9.80854091933123E-0001	-2.21820182401913E-0003
 9.86601824476690E-0001	-2.02945287162256E-0003
 9.92380983840872E-0001	-1.77658924258402E-0003
 9.98200519444373E-0001	-1.46170000090969E-0003
 1.00407062915747E+0000	-1.08747894081384E-0003
 1.01000306847081E+0000	-6.57953573190019E-0004
 1.01601126178920E+0000	-1.79452408163972E-0004
 1.02211011082558E+0000	 3.38158925815555E-0004
 1.02831530252952E+0000	 8.79949051989675E-0004
 1.03464176517761E+0000	 1.42416765903978E-0003
 1.04110075089027E+0000	 1.94062533040098E-0003
 1.04769504365687E+0000	 2.39018816900088E-0003
 1.05441251479825E+0000	 2.72725852153666E-0003
 1.06122027154471E+0000	 2.90739945630667E-0003
 1.06806425927735E+0000	 2.90000186309776E-0003
 1.07487866457814E+0000	 2.70053589056570E-0003
 1.08160265652933E+0000	 2.33375533496346E-0003
 1.08819475844045E+0000	 1.84488936944755E-0003
 1.09463729042848E+0000	 1.28536077981147E-0003
 1.10093200350173E+0000	 7.01537650440221E-0004
 1.10709259562701E+0000	 1.29656591011368E-0004
 1.11313826937618E+0000	-4.04618655945365E-0004
 1.11908955655796E+0000	-8.84520113393578E-0004
 1.12496605610363E+0000	-1.30002196507794E-0003
 1.13078539442621E+0000	-1.64590441120180E-0003
 1.13656287191716E+0000	-1.92020184823466E-0003
 1.14231148048673E+0000	-2.12300104228387E-0003
 1.14804213596565E+0000	-2.25551580888353E-0003
 1.15376405583301E+0000	-2.31938626694038E-0003
 1.15948524599546E+0000	-2.31618381234115E-0003
 1.16521306154665E+0000	-2.24712531508987E-0003
 1.17095479535834E+0000	-2.11300401420800E-0003
 1.17671824121352E+0000	-1.91433354169031E-0003
 1.18251218336426E+0000	-1.65168680991937E-0003
 1.18834677941269E+0000	-1.32620614204309E-0003
 1.19423381679967E+0000	-9.40272537563159E-0004
 1.20018681965683E+0000	-4.98348851634181E-0004
 1.20622094694086E+0000	-8.04342791694499E-0006
 1.21235253932303E+0000	 5.18544138938557E-0004
 1.21859802878873E+0000	 1.06317855479508E-0003
 1.22497173494766E+0000	 1.59972187999685E-0003
 1.23148195293635E+0000	 2.09289956806465E-0003
 1.23812506196916E+0000	 2.49910037716314E-0003
 1.24487882052042E+0000	 2.77149588339042E-0003
 1.25169872503264E+0000	 2.87089504671178E-0003
 1.25852286543329E+0000	 2.77939818293725E-0003
 1.26528650381281E+0000	 2.50858049081474E-0003
 1.27193892698537E+0000	 2.09552354514832E-0003
 1.27845254693295E+0000	 1.58961103158156E-0003
 1.28482162473970E+0000	 1.03918395469103E-0003
 1.29105537092236E+0000	 4.83876399015461E-0004
 1.29717074020934E+0000	-4.74185783371716E-0005
 1.30318728119926E+0000	-5.35455714223525E-0004
 1.30912414746780E+0000	-9.68504918075220E-0004
 1.31499862699417E+0000	-1.34021885662810E-0003
 1.32082557925289E+0000	-1.64783990230224E-0003
 1.32661738981080E+0000	-1.89078196219923E-0003
 1.33238423259178E+0000	-2.06954154422465E-0003
 1.33813452952326E+0000	-2.18489882347701E-0003
 1.34387553435543E+0000	-2.23739237491609E-0003
 1.34961397167802E+0000	-2.22706036436123E-0003
 1.35535666049391E+0000	-2.15343080167756E-0003
 1.36111106130932E+0000	-2.01572399949448E-0003
 1.36688570954237E+0000	-1.81321754354353E-0003
 1.37269052666793E+0000	-1.54572924982756E-0003
 1.37853701957354E+0000	-1.21419801096726E-0003
 1.38443837620018E+0000	-8.21378891660055E-0004
 1.39040943374290E+0000	-3.72706389706598E-0004
 1.39646642662029E+0000	 1.22595416058887E-0004
 1.40262630411721E+0000	 6.50090302230206E-0004
 1.40890523716722E+0000	 1.18843675121835E-0003
 1.41531575597830E+0000	 1.70777714266086E-0003
 1.42186198670735E+0000	 2.16921343761169E-0003
 1.42853321228004E+0000	 2.52728768745720E-0003
 1.43529807579250E+0000	 2.73764706751652E-0003
 1.44210437193470E+0000	 2.76967864034418E-0003
 1.44888863930332E+0000	 2.61844240509039E-0003
 1.45559270979197E+0000	 2.30734881128378E-0003
 1.46217742998693E+0000	 1.87911646941694E-0003
 1.46862647717501E+0000	 1.38182290376681E-0003
 1.47494179542924E+0000	 8.58243637494257E-0004
 1.48113626285915E+0000	 3.41222089131342E-0004
 1.48722748444933E+0000	-1.46558403529890E-0004
 1.49323379056558E+0000	-5.90812236616962E-0004
 1.49917208364315E+0000	-9.83429660815461E-0004
 1.50505689813019E+0000	-1.32044213846585E-0003
 1.51090019286942E+0000	-1.60035338920450E-0003
 1.51671158720509E+0000	-1.82284885610706E-0003
 1.52249887015056E+0000	-1.98786649160889E-0003
 1.52826866023261E+0000	-2.09501509381718E-0003
 1.53402710756704E+0000	-2.14331895000694E-0003
 1.53978054257873E+0000	-2.13124389322465E-0003
 1.54553600427788E+0000	-2.05693519796860E-0003
 1.55130162209100E+0000	-1.91858990788092E-0003
 1.55708686377335E+0000	-1.71490260130480E-0003
 1.56290268304322E+0000	-1.44555864510628E-0003
 1.56876159723910E+0000	-1.11179072640457E-0003
 1.57467769687017E+0000	-7.17052387242242E-0004
 1.58066653434024E+0000	-2.67889017319793E-0004
 1.58674475101866E+0000	 2.24908858269702E-0004
 1.59292916833340E+0000	 7.44833397545184E-0004
 1.59923489493358E+0000	 1.26800455075494E-0003
 1.60567187942923E+0000	 1.76189070727218E-0003
 1.61223958191296E+0000	 2.18572448113617E-0003
 1.61892064961987E+0000	 2.49470867669442E-0003
 1.62567691290023E+0000	 2.64954058412841E-0003
 1.63245273809063E+0000	 2.62911368798240E-0003
 1.63918760361909E+0000	 2.43918290442845E-0003
 1.64583194655413E+0000	 2.11023187058356E-0003
 1.65235686416641E+0000	 1.68601902514837E-0003
 1.65875413036012E+0000	 1.21084225020818E-0003
 1.66503022757159E+0000	 7.21580463208326E-0004
 1.67119946517349E+0000	 2.45153852502732E-0004
 1.67727878900172E+0000	-2.00713612389204E-0004
 1.68328465435333E+0000	-6.05457613173038E-0004
 1.68923146989909E+0000	-9.63472720832418E-0004
 1.69513106380002E+0000	-1.27218057797814E-0003
 1.70099278798372E+0000	-1.53049182811249E-0003
 1.70682401296883E+0000	-1.73768873668740E-0003
 1.71263083165419E+0000	-1.89272736082654E-0003
 1.71841881781475E+0000	-1.99393106808391E-0003
 1.72419371271931E+0000	-2.03900921931460E-0003
 1.72996195942703E+0000	-2.02530334220042E-0003
 1.73573106168455E+0000	-1.95015757971241E-0003
 1.74150979302624E+0000	-1.81133484405235E-0003
 1.74730830607002E+0000	-1.60744349510103E-0003
 1.75313818881532E+0000	-1.33838524277967E-0003
 1.75901248924638E+0000	-1.00587252101564E-0003
 1.76494568638383E+0000	-6.14089457021124E-0004
 1.77095352203510E+0000	-1.70582732411032E-0004
 1.77705251092973E+0000	 3.12545638514402E-0004
 1.78325880647926E+0000	 8.17153068844372E-0004
 1.78958593949652E+0000	 1.31752453581978E-0003
 1.79604091564255E+0000	 1.77955275038307E-0003
 1.80261865260739E+0000	 2.16217199610761E-0003
 1.80929631003723E+0000	 2.42304138926151E-0003
 1.81603142040023E+0000	 2.52903556444747E-0003
 1.82276813401378E+0000	 2.46779920172269E-0003
 1.82945102380848E+0000	 2.25292246033574E-0003
 1.83603894198944E+0000	 1.91847157774430E-0003
 1.84251118126340E+0000	 1.50692739342873E-0003
 1.84886513421019E+0000	 1.05822697427522E-0003
 1.85510992173465E+0000	 6.03966686610422E-0004
 1.86126018733819E+0000	 1.66228530477181E-0004
 1.86733175495588E+0000	-2.41104208395528E-0004
 1.87333916134341E+0000	-6.10200478153168E-0004
 1.87929455810613E+0000	-9.37139143691537E-0004
 1.88520751275842E+0000	-1.22009569850029E-0003
 1.89108537414387E+0000	-1.45796887684579E-0003
 1.89693395555573E+0000	-1.64947975971139E-0003
 1.90275833132100E+0000	-1.79272625720249E-0003
 1.90856358050376E+0000	-1.88512234779153E-0003
 1.91435536926842E+0000	-1.92360771574802E-0003
 1.92014033509655E+0000	-1.90500159681809E-0003
 1.92592629795087E+0000	-1.82640006276184E-0003
 1.93172235665327E+0000	-1.68556434092123E-0003
 1.93753893010159E+0000	-1.48129844058301E-0003
 1.94338778128027E+0000	-1.21385395831024E-0003
 1.94928202684601E+0000	-8.85426025463688E-0004
 1.95523608794307E+0000	-5.00819745120972E-0004
 1.96126547010482E+0000	-6.83688746310717E-0005
 1.96738615730748E+0000	 3.98841834367863E-0004
 1.97361326383975E+0000	 8.81514529671526E-0004
 1.97995845908960E+0000	 1.35279489757791E-0003
 1.98642576403949E+0000	 1.77797368111124E-0003
 1.99300604584297E+0000	 2.11687309051401E-0003
 1.99967230131820E+0000	 2.33060932486314E-0003
 2.00637980445188E+0000	 2.39229971828187E-0003
 2.01307434774339E+0000	 2.29694216578417E-0003
 2.01970612118538E+0000	 2.06359640308811E-0003
 2.02624131119977E+0000	 1.72787376456535E-0003
 2.03266554293857E+0000	 1.33016086684741E-0003
 2.03898015800020E+0000	 9.06369344010092E-0004
 2.04519588578143E+0000	 4.83752696019296E-0004
 2.05132730023643E+0000	 8.06304983241758E-0005
 2.05738915798978E+0000	-2.91980209638617E-0004
 2.06339444117184E+0000	-6.28195757059889E-0004
 2.06935361844939E+0000	-9.25217570669610E-0004
 2.07527470305673E+0000	-1.18166798422105E-0003
 2.08116379196982E+0000	-1.39640674963774E-0003
 2.08702583341226E+0000	-1.56784406098977E-0003
 2.09286541456212E+0000	-1.69369888026355E-0003
 2.09868742080098E+0000	-1.77109309522110E-0003
 2.10449749599533E+0000	-1.79684413028705E-0003
 2.11030230843220E+0000	-1.76783281427560E-0003
 2.11610967525923E+0000	-1.68136880078043E-0003
 2.12192861145086E+0000	-1.53552981384679E-0003
 2.12776935537060E+0000	-1.32949541639245E-0003
 2.13364339457695E+0000	-1.06392553522923E-0003
 2.13956347895740E+0000	-7.41452244492194E-0004
 2.14554355958630E+0000	-3.67363341967293E-0004
 2.15159851940189E+0000	 4.94493175136454E-0005
 2.15774345517660E+0000	 4.95252124224280E-0004
 2.16399213846004E+0000	 9.50066485841394E-0004
 2.17035420213071E+0000	 1.38655998462511E-0003
 2.17683079777097E+0000	 1.77026819644507E-0003
 2.18340936411786E+0000	 2.06277024953067E-0003
 2.19005994809856E+0000	 2.22911782513865E-0003
 2.19673702831348E+0000	 2.24826199543970E-0003
 2.20338897544951E+0000	 2.12117896730195E-0003
 2.20997138543937E+0000	 1.87071416610680E-0003
 2.21645657996354E+0000	 1.53293746589185E-0003
 2.22283505809309E+0000	 1.14603800556811E-0003
 2.22911100477453E+0000	 7.42548288677176E-0004
 2.23529620773367E+0000	 3.46348749755946E-0004
 2.24140511416134E+0000	-2.70187028941319E-0005
 2.24745172077953E+0000	-3.68558199219253E-0004
 2.25344801729156E+0000	-6.73699962420575E-0004
 2.25940351500461E+0000	-9.40390286450444E-0004
 2.26532546732075E+0000	-1.16760528222534E-0003
 2.27121947771953E+0000	-1.35435743470268E-0003
 2.27709025079481E+0000	-1.49918038911763E-0003
 2.28294229920973E+0000	-1.60001009700314E-0003
 2.28878049273868E+0000	-1.65433568283764E-0003
 2.29461041538740E+0000	-1.65948700531700E-0003
 2.30043855950870E+0000	-1.61295695674260E-0003
 2.30627241643735E+0000	-1.51270661781707E-0003
 2.31212052300140E+0000	-1.35744948073787E-0003
 2.31799250398356E+0000	-1.14694630599592E-0003
 2.32389912190906E+0000	-8.82365284872703E-0004
 2.32985230842977E+0000	-5.66777061156154E-0004
 2.33586509948243E+0000	-2.05859506238391E-0004
 2.34195132063680E+0000	 1.91129714661183E-0004
 2.34812476664165E+0000	 6.10123126569969E-0004
 2.35439751020952E+0000	 1.03093952725500E-0003
 2.36077694793097E+0000	 1.42644073909495E-0003
 2.36726148088320E+0000	 1.76322906802040E-0003
 2.37383571450559E+0000	 2.00540813690891E-0003
 2.38046779719310E+0000	 2.12230798794745E-0003
 2.38711254919918E+0000	 2.09829599360306E-0003
 2.39372152546910E+0000	 1.93921676191771E-0003
 2.40025542933482E+0000	 1.67048331121397E-0003
 2.40669174291322E+0000	 1.32794635258524E-0003
 2.41302475444883E+0000	 9.47666163412863E-0004
 2.41926071781625E+0000	 5.59396645443877E-0004
 2.42541213893696E+0000	 1.84464264489304E-0004
 2.43149338409580E+0000	-1.63550238651740E-0004
 2.43751803167202E+0000	-4.76978591265228E-0004
 2.44349763058766E+0000	-7.52061360562016E-0004
 2.44944141292726E+0000	-9.87218281486506E-0004
 2.45535658738628E+0000	-1.18175794278987E-0003
 2.46124892636110E+0000	-1.33505983941450E-0003
 2.46712342713565E+0000	-1.44618333818403E-0003
 2.47298489561748E+0000	-1.51380394757472E-0003
 2.47883837617252E+0000	-1.53635259780086E-0003
 2.48468942028571E+0000	-1.51224424452440E-0003
 2.49054423297327E+0000	-1.44011923052994E-0003
 2.49640975290292E+0000	-1.31906649675613E-0003
 2.50229371610972E+0000	-1.14883757155174E-0003
 2.50820473338105E+0000	-9.30089801786067E-0004
 2.51415238199923E+0000	-6.64718048139442E-0004
 2.52014727149252E+0000	-3.56345798801390E-0004
 2.52620098648601E+0000	-1.10427923569907E-0005
 2.53232573616808E+0000	 3.61696893711362E-0004
 2.53853345336982E+0000	 7.47768769796585E-0004
 2.54483401028362E+0000	 1.12729960474883E-0003
 2.55123224082554E+0000	 1.47409231315819E-0003
 2.55772381088412E+0000	 1.75673827246282E-0003
 2.56429099649429E+0000	 1.94275802928313E-0003
 2.57090102266215E+0000	 2.00627514626973E-0003
 2.57751016929839E+0000	 1.93689509734215E-0003
 2.58407388693504E+0000	 1.74449745776196E-0003
 2.59055794933394E+0000	 1.45606247536738E-0003
 2.59694437959693E+0000	 1.10659795161368E-0003
 2.60323049451539E+0000	 7.29973076930898E-0004
 2.60942404655760E+0000	 3.53517755736276E-0004
 2.61553799068215E+0000	-3.45081148919496E-0006
 2.62158662431807E+0000	-3.28746198248509E-0004
 2.62758334076843E+0000	-6.15537137076156E-0004
 2.63353963756004E+0000	-8.60515936494846E-0004
 2.63946494791353E+0000	-1.06237834011320E-0003
 2.64536694414896E+0000	-1.22073517506096E-0003
 2.65125205012136E+0000	-1.33545484293987E-0003
 2.65712597534866E+0000	-1.40636791331134E-0003
 2.66299415596529E+0000	-1.43322774327886E-0003
 2.66886205704293E+0000	-1.41581369861001E-0003
 2.67473534648496E+0000	-1.35408375417642E-0003
 2.68061998362218E+0000	-1.24831977737531E-0003
 2.68652227582029E+0000	-1.09924846535980E-0003
 2.69244894948278E+0000	-9.08156374653304E-0004
 2.69840726142200E+0000	-6.77047131020562E-0004
 2.70440514173921E+0000	-4.08910393988317E-0004
 2.71045130930436E+0000	-1.08178005877381E-0004
 2.71655524011038E+0000	 2.18576937314163E-0004
 2.72272680499094E+0000	 5.61695786056868E-0004
 2.72897533306236E+0000	 9.07341942975799E-0004
 2.73530781900853E+0000	 1.23653610065928E-0003
 2.74172605852020E+0000	 1.52490475633369E-0003
 2.74822288874804E+0000	 1.74414170051065E-0003
 2.75477871502918E+0000	 1.86632041201044E-0003
 2.76136086677024E+0000	 1.87114681085863E-0003
 2.76792836908835E+0000	 1.75354134716102E-0003
 2.77444155152330E+0000	 1.52677109053509E-0003
 2.78087156946886E+0000	 1.21845118829444E-0003
 2.78720472772248E+0000	 8.62033749961456E-0004
 2.79344089660949E+0000	 4.88902177035090E-0004
 2.79958891579253E+0000	 1.24006158629967E-0004
 2.80566195214850E+0000	-2.15124064753026E-0004
 2.81167417497748E+0000	-5.17423082453829E-0004
 2.81763887371239E+0000	-7.76649528123418E-0004
 2.82356766972756E+0000	-9.89765618377188E-0004
 2.82947042390841E+0000	-1.15563916760184E-0003
 2.83535551824335E+0000	-1.27415243944593E-0003
 2.84123027680662E+0000	-1.34569309764102E-0003
 2.84710136919523E+0000	-1.37094609893095E-0003
 2.85297511004694E+0000	-1.35088138924726E-0003
 2.85885762907748E+0000	-1.28683491822316E-0003
 2.86475493089420E+0000	-1.18060264491668E-0003
 2.87067289048786E+0000	-1.03449907960205E-0003
 2.87661724153081E+0000	-8.51366988618243E-0004
 2.88259361184398E+0000	-6.34562049824566E-0004
 2.88860763912516E+0000	-3.87973570913172E-0004
 2.89466515470763E+0000	-1.16169326280329E-0004
 2.90077235832350E+0000	 1.75248309746246E-0004
 2.90693584060085E+0000	 4.79027686105569E-0004
 2.91316226045154E+0000	 7.85422836597760E-0004
 2.91945745531318E+0000	 1.08125356691003E-0003
 2.92582476067586E+0000	 1.34917128331772E-0003
 2.93226242010533E+0000	 1.56770247862399E-0003
 2.93876039107716E+0000	 1.71296365519382E-0003
 2.94529779325298E+0000	 1.76289703549469E-0003
 2.95184326826386E+0000	 1.70369056914416E-0003
 2.95836005051138E+0000	 1.53570110050450E-0003
 2.96481449986179E+0000	 1.27496097860140E-0003
 2.97118366687931E+0000	 9.48795984050658E-0004
 2.97745811926654E+0000	 5.88322670979075E-0004
 2.98364002413862E+0000	 2.21972075819815E-0004
 2.98973903700762E+0000	-1.27889500251329E-0004
 2.99576834502133E+0000	-4.45570589150893E-0004
 3.00174188894843E+0000	-7.21119179012530E-0004
 3.00767282139305E+0000	-9.48871295210064E-0004
 3.01357289019138E+0000	-1.12606362077097E-0003
 3.01945239724282E+0000	-1.25175646215541E-0003
 3.02532044869122E+0000	-1.32612699387773E-0003
 3.03118529150418E+0000	-1.35009706422517E-0003
 3.03705460408164E+0000	-1.32521292936424E-0003
 3.04293567189077E+0000	-1.25367799432201E-0003
 3.04883543016688E+0000	-1.13844462903423E-0003
 3.05476039292305E+0000	-9.83288309194976E-0004
 3.06071651425133E+0000	-7.92810389771274E-0004
 3.06670904795977E+0000	-5.72345967227901E-0004
 3.07274248020483E+0000	-3.27796047407818E-0004
 3.07882059178104E+0000	-6.54557395679577E-0005
 3.08494665014644E+0000	 2.08049060430386E-0004
 3.09112364733044E+0000	 4.85605921807656E-0004
 3.09735442369867E+0000	 7.59187834093940E-0004
 3.10364147817373E+0000	 1.01919410947883E-0003
 3.10998626035111E+0000	 1.25371375948428E-0003
 3.11638776692031E+0000	 1.44801859863046E-0003
 3.12284040690636E+0000	 1.58482810771185E-0003
 3.12933154879935E+0000	 1.64610140941990E-0003
 3.13583998029896E+0000	 1.61687402147914E-0003
 3.14233710990895E+0000	 1.49044016546867E-0003
 3.14879186590044E+0000	 1.27240475177434E-0003
 3.15517766125662E+0000	 9.80779478753994E-0004
 3.16147785978832E+0000	 6.41678073619736E-0004
 3.16768729770178E+0000	 2.83146018999043E-0004
 3.17381028362050E+0000	-6.98198072043360E-0005
 3.17985712228889E+0000	-3.97733714338358E-0004
 3.18584089388730E+0000	-6.86941951642634E-0004
 3.19177522121643E+0000	-9.28767465105858E-0004
 3.19767304683326E+0000	-1.11827902612009E-0003
 3.20354616447096E+0000	-1.25314351489785E-0003
 3.20940521457568E+0000	-1.33275974156936E-0003
 3.21525990316361E+0000	-1.35771948689855E-0003
 3.22111926837616E+0000	-1.32955979675144E-0003
 3.22699188098517E+0000	-1.25073079849488E-0003
 3.23288591777550E+0000	-1.12468997818980E-0003
 3.23880908731761E+0000	-9.56035646688409E-0004
 3.24476841892674E+0000	-7.50599379145619E-0004
 3.25076995617576E+0000	-5.15427043125858E-0004
 3.25681843141505E+0000	-2.58600172647133E-0004
 3.26291702639794E+0000	 1.11019321148710E-0005
 3.26906731816617E+0000	 2.84625466873755E-0004
 3.27526944633750E+0000	 5.53011155591799E-0004
 3.28152243320122E+0000	 8.07559090438764E-0004
 3.28782449336797E+0000	 1.03970171184167E-0003
 3.29417312398359E+0000	 1.24060250582216E-0003
 3.30056476315540E+0000	 1.40061918831590E-0003
 3.30699384632877E+0000	 1.50893163850238E-0003
 3.31345127497785E+0000	 1.55384687715071E-0003
 3.31992277589780E+0000	 1.52438933123312E-0003
 3.32638826575891E+0000	 1.41338324530627E-0003
 3.33282351356697E+0000	 1.22113372384219E-0003
 3.33920435098987E+0000	 9.57698759518508E-0004
 3.34551179519321E+0000	 6.42019196542008E-0004
 3.35173555357141E+0000	 2.98120978698096E-0004
 3.35787455094093E+0000	-4.95854825010565E-0005
 3.36393505767605E+0000	-3.79872574375535E-0004
 3.36992791195410E+0000	-6.76363240912346E-0004
 3.37586602370235E+0000	-9.27641791716227E-0004
 3.38176265603450E+0000	-1.12651533428407E-0003
 3.38763049178617E+0000	-1.26901318775939E-0003
 3.39348129118595E+0000	-1.35347265976620E-0003
 3.39932591298269E+0000	-1.37986905990792E-0003
 3.40517450229056E+0000	-1.34942836894364E-0003
 3.41103669656472E+0000	-1.26449272043257E-0003
 3.41692174950092E+0000	-1.12857402590324E-0003
 3.42283851329556E+0000	-9.46517465132667E-0004
 3.42879524993810E+0000	-7.24691832360246E-0004
 3.43479926869873E+0000	-4.71117383241501E-0004
 3.44085642401068E+0000	-1.95434831272331E-0004
 3.44697056369803E+0000	 9.13697493030035E-0005
 3.45314307515958E+0000	 3.77514191526106E-0004
 3.45937269232562E+0000	 6.51171550794575E-0004
 3.46565566043143E+0000	 9.01246484928165E-0004
 3.47198622436238E+0000	 1.11796025791074E-0003
 3.47835727574685E+0000	 1.29308119332831E-0003
 3.48476091279261E+0000	 1.41975234011530E-0003
 3.49118863849424E+0000	 1.49202199971495E-0003
 3.49763098141845E+0000	 1.50438907108046E-0003
 3.50407657277403E+0000	 1.45187661963276E-0003
 3.51051118267995E+0000	 1.33112089957732E-0003
 3.51691764637722E+0000	 1.14246275522923E-0003
 3.52327747778894E+0000	 8.92161379269253E-0004
 3.52957400830757E+0000	 5.93309069177431E-0004
 3.53579571756656E+0000	 2.64557678437167E-0004
 3.54193817237401E+0000	-7.28780313686422E-0005
 3.54800393419398E+0000	-3.98522415464968E-0004
 3.55400096594814E+0000	-6.95012290561851E-0004
 3.55994053369341E+0000	-9.49140339063673E-0004
 3.56583536361895E+0000	-1.15183416344968E-0003
 3.57169837505247E+0000	-1.29755311273423E-0003
 3.57754199498662E+0000	-1.38351102656000E-0003
 3.58337791781604E+0000	-1.40898024815103E-0003
 3.58921713977256E+0000	-1.37480176743694E-0003
 3.59507011090307E+0000	-1.28313647794515E-0003
 3.60094687842401E+0000	-1.13743566327145E-0003
 3.60685712997720E+0000	-9.42576601781361E-0004
 3.61281007461377E+0000	-7.05092706751302E-0004
 3.61881412084809E+0000	-4.33413934844837E-0004
 3.62487633562262E+0000	-1.38010979240889E-0004
 3.63100171692139E+0000	 1.68689098386008E-0004
 3.63719239830454E+0000	 4.72746497381423E-0004
 3.64344699991759E+0000	 7.59570367784381E-0004
 3.64976037800365E+0000	 1.01510702776818E-0003
 3.65612394135124E+0000	 1.22709933994625E-0003
 3.66252651638245E+0000	 1.38608615518188E-0003
 3.66895554347777E+0000	 1.48586852468712E-0003
 3.67539824921746E+0000	 1.52333177231764E-0003
 3.68184239944966E+0000	 1.49774953435263E-0003
 3.68827636470956E+0000	 1.40996776604215E-0003
 3.69468857751697E+0000	 1.26202581263667E-0003
 3.70106690823765E+0000	 1.05760793746750E-0003
 3.70739870785794E+0000	 8.03188927154152E-0004
 3.71367196786778E+0000	 5.09134482942939E-0004
 3.71987730594985E+0000	 1.89846094661865E-0004
 3.72600984988025E+0000	-1.37441963140873E-0004
 3.73207012232728E+0000	-4.54776253878666E-0004
 3.73806366704227E+0000	-7.45623028297066E-0004
 3.74399980510392E+0000	-9.96339039742455E-0004
 3.74989013220689E+0000	-1.19677616833500E-0003
 3.75574721676186E+0000	-1.34019911582243E-0003
 3.76158370047705E+0000	-1.42282305233238E-0003
 3.76741181025730E+0000	-1.44324204623696E-0003
 3.77324319201790E+0000	-1.40193110207640E-0003
 3.77908894208137E+0000	-1.30092086503051E-0003
 3.78495971008982E+0000	-1.14367779944671E-0003
 3.79086576292673E+0000	-9.35173819255676E-0004
 3.79681692187033E+0000	-6.82096600316788E-0004
 3.80282230592742E+0000	-3.93129398331287E-0004
 3.80888983146772E+0000	-7.92037606456952E-0005
 3.81502544812428E+0000	 2.46411613090526E-0004
 3.82123216410198E+0000	 5.68365358211264E-0004
 3.82750904478837E+0000	 8.69994588916003E-0004
 3.83385050832185E+0000	 1.13466517579372E-0003
 3.84024627508277E+0000	 1.34749642747904E-0003
 3.84668216580621E+0000	 1.49705081262008E-0003
 3.85314163803856E+0000	 1.57649969538836E-0003
 3.85960766532315E+0000	 1.58392415640369E-0003
 3.86606442249899E+0000	 1.52170247674547E-0003
 3.87249829555068E+0000	 1.39527394807323E-0003
 3.87889800944014E+0000	 1.21183121190540E-0003
 3.88525409133692E+0000	 9.79513577735273E-0004
 3.89155823436519E+0000	 7.07369522933167E-0004
 3.89780315336654E+0000	 4.05868280262203E-0004
 3.90398317231136E+0000	 8.73754274291324E-0005
 3.91009526787744E+0000	-2.33971575175784E-0004
 3.91613997992992E+0000	-5.43150289193743E-0004
 3.92212170371775E+0000	-8.25593112669184E-0004
 3.92804826464242E+0000	-1.06847155378424E-0003
 3.93393001769718E+0000	-1.26155317947996E-0003
 3.93977882056320E+0000	-1.39753236803716E-0003
 3.94560714613373E+0000	-1.47194118272338E-0003
 3.95142745973765E+0000	-1.48282384199980E-0003
 3.95725187338188E+0000	-1.43034828900419E-0003
 3.96309202106685E+0000	-1.31648449323242E-0003
 3.96895906362719E+0000	-1.14482860861475E-0003
 3.97486371755109E+0000	-9.20602461405779E-0004
 3.98081620506446E+0000	-6.50812300925973E-0004
 3.98682603712221E+0000	-3.44512943704834E-0004
 3.99290155905149E+0000	-1.30909518917906E-0005
 3.99904921101194E+0000	 3.29559351954298E-0004
 4.00527250585140E+0000	 6.67149494385440E-0004
 4.01157084519332E+0000	 9.81627379316325E-0004
 4.01793848389613E+0000	 1.25450107303177E-0003
 4.02436410951816E+0000	 1.46880164315161E-0003
 4.03083144254217E+0000	 1.61127376242628E-0003
 4.03732091090128E+0000	 1.67413745375417E-0003
 4.04381199698914E+0000	 1.65584997301378E-0003
 4.05028558722364E+0000	 1.56067105649384E-0003
 4.05672569005577E+0000	 1.39726797233177E-0003
 4.06312016207168E+0000	 1.17690377624872E-0003
 4.06946047700631E+0000	 9.11836094411833E-0004
 4.07574093572709E+0000	 6.14374259983331E-0004
 4.08195787195592E+0000	 2.96672867470953E-0004
 4.08810927899255E+0000	-2.90264233678210E-0005
 4.09419495447135E+0000	-3.50159270561299E-0004
 4.10021693436270E+0000	-6.53957580290591E-0004
 4.10617985148982E+0000	-9.27989785710159E-0004
 4.11209095478889E+0000	-1.16093123030911E-0003
 4.11795974582788E+0000	-1.34328721534263E-0003
 4.12379736475984E+0000	-1.46787288145550E-0003
 4.12961591231811E+0000	-1.52999622389259E-0003
 4.13542785542460E+0000	-1.52739914864343E-0003
 4.14124559322933E+0000	-1.46005967908732E-0003
 4.14708119652841E+0000	-1.32996341707316E-0003
 4.15294628495200E+0000	-1.14093578389521E-0003
 4.15885197002878E+0000	-8.98597398639085E-0004
 4.16480876874307E+0000	-6.10464343057227E-0004
 4.17082638632288E+0000	-2.86166610479767E-0004
 4.17691327993624E+0000	 6.22905294402063E-0005
 4.18307594219415E+0000	 4.20343483719488E-0004
 4.18931788853979E+0000	 7.70938374921005E-0004
 4.19563842619262E+0000	 1.09507892637488E-0003
 4.20203146254016E+0000	 1.37308646808420E-0003
 4.20848483438872E+0000	 1.58663567471100E-0003
 4.21498070537024E+0000	 1.72123724408061E-0003
 4.22149726895813E+0000	 1.76843066318860E-0003
 4.22801140190087E+0000	 1.72690558760227E-0003
 4.23450146982553E+0000	 1.60220309144575E-0003
 4.24094949971420E+0000	 1.40523033889046E-0003
 4.24734228766231E+0000	 1.15018185926999E-0003
 4.25367142864466E+0000	 8.52514818844371E-0004
 4.25993258001232E+0000	 5.27462843721482E-0004
 4.26612443409080E+0000	 1.89285461151640E-0004
 4.27224784094395E+0000	-1.48854728428084E-0004
 4.27830532529556E+0000	-4.74694376117867E-0004
 4.28430099283449E+0000	-7.76683210778089E-0004
 4.29024064240841E+0000	-1.04401595484557E-0003
 4.29613185847771E+0000	-1.26690696762356E-0003
 4.30198393580426E+0000	-1.43699715824810E-0003
 4.30780760918506E+0000	-1.54774626967500E-0003
 4.31361465022642E+0000	-1.59470718844579E-0003
 4.31941742287121E+0000	-1.57564902254274E-0003
 4.32522847490933E+0000	-1.49055147530424E-0003
 4.33106021050823E+0000	-1.34152350226849E-0003
 4.33692465373487E+0000	-1.13271076678128E-0003
 4.34283327702594E+0000	-8.70254542871331E-0004
 4.34879683185364E+0000	-5.62346661749394E-0004
 4.35482508965082E+0000	-2.19385547961629E-0004
 4.36092639401458E+0000	 1.45819682918224E-0004
 4.36710694993791E+0000	 5.17912897651349E-0004
 4.37336983110301E+0000	 8.79092819869611E-0004
 4.37971377538901E+0000	 1.20966669863957E-0003
 4.38613198824141E+0000	 1.48928040317790E-0003
 4.39261138915143E+0000	 1.69893895520611E-0003
 4.39913288091417E+0000	 1.82358765308614E-0003
 4.40567301738206E+0000	 1.85454325552147E-0003
 4.41220682190926E+0000	 1.79086462585916E-0003
 4.41871089638182E+0000	 1.63915098211685E-0003
 4.42516588346778E+0000	 1.41197554631866E-0003
 4.43155777808771E+0000	 1.12563122097693E-0003
 4.43787809240652E+0000	 7.97886977880066E-0004
 4.44412318777618E+0000	 4.46230093565685E-0004
 4.45029319924548E+0000	 8.68000336016847E-0005
 4.45639095165575E+0000	-2.66021774055415E-0004
 4.46242113646215E+0000	-5.99571733053473E-0004
 4.46838984137062E+0000	-9.02678660304010E-0004
 4.47430437254416E+0000	-1.16547253504491E-0003
 4.48017322949894E+0000	-1.37934136816787E-0003
 4.48600609261502E+0000	-1.53704280449596E-0003
 4.49181373519896E+0000	-1.63290975548899E-0003
 4.49760783560122E+0000	-1.66307359492753E-0003
 4.50340070952734E+0000	-1.62564866059409E-0003
 4.50920499994963E+0000	-1.52085339651796E-0003
 4.51503335972822E+0000	-1.35107019429020E-0003
 4.52089815022654E+0000	-1.12086445673988E-0003
 4.52681116084725E+0000	-8.36995792760713E-0004
 4.53278332680818E+0000	-5.08458099824483E-0004
 4.53882438714285E+0000	-1.46569814436954E-0004
 4.54494239710594E+0000	 2.34909904699163E-0004
 4.55114301447926E+0000	 6.19733796440966E-0004
 4.55742853464331E+0000	 9.89351986544233E-0004
 4.56379674943990E+0000	 1.32353295415500E-0003
 4.57023983979931E+0000	 1.60161322306907E-0003
 4.57674368305038E+0000	 1.80447482247105E-0003
 4.58328810043500E+0000	 1.91708070709740E-0003
 4.58984846410949E+0000	 1.93095269714824E-0003
 4.59639853991946E+0000	 1.84567584107379E-0003
 4.60291375155903E+0000	 1.66879131142167E-0003
 4.60937383581588E+0000	 1.41419653926993E-0003
 4.61576428487273E+0000	 1.09976719525200E-0003
 4.62207657358300E+0000	 7.44973024254570E-0004
 4.62830751968499E+0000	 3.68978063648514E-0004
 4.63445820110448E+0000	-1.05875171683938E-0005
 4.64053279674632E+0000	-3.78211148645913E-0004
 4.64653760396512E+0000	-7.20596113680709E-0004
 4.65248035114607E+0000	-1.02648710049963E-0003
 4.65836980421234E+0000	-1.28641829812690E-0003
 4.66421559015684E+0000	-1.49251702032479E-0003
 4.67002813489212E+0000	-1.63842264408911E-0003
 4.67581862502185E+0000	-1.71932167776663E-0003
 4.68159893437280E+0000	-1.73206656958386E-0003
 4.68738148819337E+0000	-1.67533716505109E-0003
 4.69317906012339E+0000	-1.54980997776160E-0003
 4.69900450800348E+0000	-1.35831115173345E-0003
 4.70487045851594E+0000	-1.10593881392430E-0003
 4.71078895048740E+0000	-8.00150041732238E-0004
 4.71677103953199E+0000	-4.50818013186341E-0004
 4.72282634668174E+0000	-7.02694530267925E-0005
 4.72896250383066E+0000	 3.26705306209752E-0004
 4.73518443279679E+0000	 7.22930453621710E-0004
 4.74149342804970E+0000	 1.09914609643305E-0003
 4.74788611015171E+0000	 1.43471794049402E-0003
 4.75435345237910E+0000	 1.70892289252419E-0003
 4.76088022164610E+0000	 1.90287641167966E-0003
 4.76744528039228E+0000	 2.00194974368260E-0003
 4.77402313766278E+0000	 1.99816386103705E-0003
 4.78058671798241E+0000	 1.89172807070750E-0003
 4.78711065343041E+0000	 1.69103085299501E-0003
 4.79357406505549E+0000	 1.41107567893091E-0003
 4.79996212905147E+0000	 1.07103466451107E-0003
 4.80626636262264E+0000	 6.91746725132490E-0004
 4.81248398895452E+0000	 2.93704003064148E-0004
 4.81861683157707E+0000	-1.04278621388354E-0004
 4.82467010587769E+0000	-4.85745378177593E-0004
 4.83065135073173E+0000	-8.36782845244617E-0004
 4.83656962083080E+0000	-1.14589464202171E-0003
 4.84243495935034E+0000	-1.40374383715766E-0003
 4.84825810499644E+0000	-1.60289360811993E-0003
 4.85405035836125E+0000	-1.73762276544555E-0003
 4.85982353024425E+0000	-1.80384667130467E-0003
 4.86558990708852E+0000	-1.79914213862354E-0003
 4.87136218602842E+0000	-1.72285693881949E-0003
 4.87715334773160E+0000	-1.57627677553302E-0003
 4.88297644684222E+0000	-1.36281971527598E-0003
 4.88884430898559E+0000	-1.08822617366543E-0003
 4.89476913303535E+0000	-7.60711729769070E-0004
 4.90076200736084E+0000	-3.91054086419320E-0004
 4.90683235186072E+0000	 7.40406517074529E-0006
 4.91298728481196E+0000	 4.18847842241410E-0004
 4.91923089121335E+0000	 8.25209276852229E-0004
 4.92556337136793E+0000	 1.20659900967790E-0003
 4.93198011458737E+0000	 1.54209767914172E-0003
 4.93847086963903E+0000	 1.81105696080810E-0003
 4.94501931743248E+0000	 1.99496598657873E-0003
 4.95160343667656E+0000	 2.07974408736982E-0003
 4.95819701055063E+0000	 2.05802196362371E-0003
 4.96477229919547E+0000	 1.93067414857575E-0003
 4.97130330902394E+0000	 1.70690163970214E-0003
 4.97776867134613E+0000	 1.40273689156414E-0003
 4.98415334303960E+0000	 1.03855671872737E-0003
 4.99044896610347E+0000	 6.36457267741208E-0004
 4.99665322457775E+0000	 2.18110254314461E-0004
 5.00276868328441E+0000	-1.96663050236482E-0004
 5.00880150830948E+0000	-5.90634454842623E-0004
 5.01476032282486E+0000	-9.49388825014188E-0004
 5.02065531960377E+0000	-1.26121457440812E-0003
 5.02649765329642E+0000	-1.51683799932515E-0003
 5.03229907528423E+0000	-1.70913024877034E-0003
 5.03807174702678E+0000	-1.83286749901006E-0003
 5.04382816305801E+0000	-1.88458527727930E-0003
 5.04958112082041E+0000	-1.86253993942378E-0003
 5.05534368388520E+0000	-1.76677190415135E-0003
 5.06112909423176E+0000	-1.59925275245323E-0003
 5.06695059743228E+0000	-1.36408817858875E-0003
 5.07282115355674E+0000	-1.06773854496401E-0003
 5.07875301987560E+0000	-7.19208824697336E-0004
 5.08475721110989E+0000	-3.30154983334149E-0004
 5.09084286411406E+0000	 8.51382941757334E-0005
 5.09701654215771E+0000	 5.09933437316326E-0004
 5.10328149801050E+0000	 9.25381360730485E-0004
 5.10963689224212E+0000	 1.31106495733964E-0003
 5.11607698488503E+0000	 1.64584342456676E-0003
 5.12259042081718E+0000	 1.90913604897392E-0003
 5.12915987664090E+0000	 2.08272531812522E-0003
 5.13576244508493E+0000	 2.15297483786954E-0003
 5.14237110827423E+0000	 2.11306626056806E-0003
 5.14895736895891E+0000	 1.96455879321260E-0003
 5.15549454977417E+0000	 1.71755060195325E-0003
 5.16196079759630E+0000	 1.38921887706355E-0003
 5.16834092687251E+0000	 1.00125249390639E-0003
 5.17462684037134E+0000	 5.77063370610521E-0004
 5.18081684222191E+0000	 1.39483531435807E-0004
 5.18691437270367E+0000	-2.90758208542660E-0004
 5.19292661840071E+0000	-6.95811716917932E-0004
 5.19886327822516E+0000	-1.06091837367796E-0003
 5.20473560943527E+0000	-1.37427673818470E-0003
 5.21055577077174E+0000	-1.62674535849403E-0003
 5.21633642057666E+0000	-1.81151468176780E-0003
 5.22209050417645E+0000	-1.92382928581602E-0003
 5.22783116227925E+0000	-1.96080278351265E-0003
 5.23357169826816E+0000	-1.92134178356912E-0003
 5.23932554966395E+0000	-1.80617831378914E-0003
 5.24510621512131E+0000	-1.61799721587335E-0003
 5.25092709386955E+0000	-1.36163234919083E-0003
 5.25680120245940E+0000	-1.04429104854749E-0003
 5.26274074831595E+0000	-6.75751317212200E-0004
 5.26875656406659E+0000	-2.68466670016104E-0004
 5.27485743722975E+0000	 1.62480518893399E-0004
 5.28104939051096E+0000	 5.99609291967827E-0004
 5.28733495710944E+0000	 1.02345351332407E-0003
 5.29371245566670E+0000	 1.41316008805734E-0003
 5.30017525433481E+0000	 1.74733762050633E-0003
 5.30671109372960E+0000	 2.00530120176169E-0003
 5.31330171370918E+0000	 2.16884549309658E-0003
 5.31992319414484E+0000	 2.22449223061008E-0003
 5.32654742397039E+0000	 2.16581904749292E-0003
 5.33314481413914E+0000	 1.99512756235721E-0003
 5.33968776909271E+0000	 1.72365732469128E-0003
 5.34615389743309E+0000	 1.37005565494190E-0003
 5.35252799414660E+0000	 9.57614224369968E-0004
 5.35880246160831E+0000	 5.11238993107539E-0004
 5.36497649928009E+0000	 5.49616925559503E-0005
 5.37105466531352E+0000	-3.89664462890022E-0004
 5.37704533263522E+0000	-8.04331183431417E-0004
 5.38295935059868E+0000	-1.17413148553211E-0003
 5.38880903399121E+0000	-1.48735828699152E-0003
 5.39460748089162E+0000	-1.73514847191037E-0003
 5.40036816229031E+0000	-1.91110929695001E-0003
 5.40610470812488E+0000	-2.01100652325128E-0003
 5.41183081675886E+0000	-2.03255303977198E-0003
 5.41756022416422E+0000	-1.97531139662329E-0003
 5.42330667776570E+0000	-1.84070800945771E-0003
 5.42908386599261E+0000	-1.63214482509093E-0003
 5.43490525971552E+0000	-1.35518152346268E-0003
 5.44078382990197E+0000	-1.01774613009613E-0003
 5.44673162183647E+0000	-6.30316343419748E-0004
 5.45275919285654E+0000	-2.06005100277077E-0004
 5.45887495279654E+0000	 2.39507275475183E-0004
 5.46508446626170E+0000	 6.88220053926524E-0004
 5.47138975914432E+0000	 1.12022571712867E-0003
 5.47778861815207E+0000	 1.51427944467836E-0003
 5.48427384016387E+0000	 1.84859419407999E-0003
 5.49083247175799E+0000	 2.10204907965885E-0003
 5.49744530264678E+0000	 2.25601572704541E-0003
 5.50408711520232E+0000	 2.29679192500531E-0003
 5.51072822019904E+0000	 2.21819516744301E-0003
 5.51733743422665E+0000	 2.02342941782576E-0003
 5.52388592344746E+0000	 1.72529278905053E-0003
 5.53035072345979E+0000	 1.34440662408917E-0003
 5.53671682905498E+0000	 9.06080658762455E-0004
 5.54297750138343E+0000	 4.36943121007935E-0004
 5.54913321254197E+0000	-3.77427835625189E-0005
 5.55518994985170E+0000	-4.95717548761243E-0004
 5.56115747996913E+0000	-9.18418502707548E-0004
 5.56704790349369E+0000	-1.29102228272358E-0003
 5.57287460442727E+0000	-1.60213553561060E-0003
 5.57865156802668E+0000	-1.84335702219209E-0003
 5.58439298692752E+0000	-2.00884974201049E-0003
 5.59011306610703E+0000	-2.09499623178100E-0003
 5.59582594693966E+0000	-2.10016790241364E-0003
 5.60154568447619E+0000	-2.02461482590841E-0003
 5.60728622349514E+0000	-1.87046822220776E-0003
 5.61306132668824E+0000	-1.64183734256408E-0003
 5.61888441496524E+0000	-1.34497108389590E-0003
 5.62476828972665E+0000	-9.88441381599278E-0004
 5.63072472447023E+0000	-5.83293480259399E-0004
 5.63676393899985E+0000	-1.43105506934152E-0004
 5.64289399554061E+0000	 3.16084345109046E-0004
 5.64912016241921E+0000	 7.75990101659274E-0004
 5.65544425691110E+0000	 1.21640763431557E-0003
 5.66186391409480E+0000	 1.61566554916559E-0003
 5.66837170432986E+0000	 1.95131740070541E-0003
 5.67495414416190E+0000	 2.20134686715623E-0003
 5.68159094295011E+0000	 2.34617655973638E-0003
 5.68825514514263E+0000	 2.37148424376170E-0003
 5.69491485631761E+0000	 2.27124646853558E-0003
 5.70153671942464E+0000	 2.04987057874992E-0003
 5.70809035726626E+0000	 1.72228462541498E-0003
 5.71455228963394E+0000	 1.31169764016952E-0003
 5.72090805171897E+0000	 8.45887291621394E-0004
 5.72715222375031E+0000	 3.53400681654642E-0004
 5.73328698327958E+0000	-1.39300121913572E-0004
 5.73932007036793E+0000	-6.09431533234441E-0004
 5.74526283917691E+0000	-1.03842621971419E-0003
 5.75112872079727E+0000	-1.41180206433838E-0003
 5.75693216145218E+0000	-1.71871087842850E-0003
 5.76268796844981E+0000	-1.95140379311246E-0003
 5.76841095519601E+0000	-2.10474622407179E-0003
 5.77411578048845E+0000	-2.17584337920245E-0003
 5.77981689623313E+0000	-2.16379512986665E-0003
 5.78552853701596E+0000	-2.06957678879513E-0003
 5.79126469964531E+0000	-1.89603040599107E-0003
 5.79703907119009E+0000	-1.64794272500988E-0003
 5.80286487332754E+0000	-1.33217728699638E-0003
 5.80875460313367E+0000	-9.57819472590956E-0004
 5.81471966841312E+0000	-5.36288926909816E-0004
 5.82076993640523E+0000	-8.13812226705518E-0005
 5.82691322605434E+0000	 3.90775497750899E-0004
 5.83315475654451E+0000	 8.61832032367648E-0004
 5.83949650778012E+0000	 1.31137607732947E-0003
 5.84593638010678E+0000	 1.71718552796357E-0003
 5.85246704785033E+0000	 2.05579082833640E-0003
 5.85907459392259E+0000	 2.30373891034104E-0003
 5.86573740975596E+0000	 2.43994392266543E-0003
 5.87242624783142E+0000	 2.44910438507788E-0003
 5.87910630988365E+0000	 2.32537879218399E-0003
 5.88574149580791E+0000	 2.07480925907823E-0003
 5.89229967159261E+0000	 1.71512036167275E-0003
 5.89875702677281E+0000	 1.27273823029575E-0003
 5.90510008262873E+0000	 7.78296077483307E-0004
 5.91132524401144E+0000	 2.62354690999170E-0004
 5.91743681185829E+0000	-2.47554799237361E-0004
 5.92344455019579E+0000	-7.28372971322749E-0004
 5.92936153077844E+0000	-1.16180727401025E-0003
 5.93520253736620E+0000	-1.53397620706746E-0003
 5.94098302838943E+0000	-1.83479443447027E-0003
 5.94671853860324E+0000	-2.05733731453204E-0003
 5.95242438068940E+0000	-2.19730214829165E-0003
 5.95811552847316E+0000	-2.25260880279819E-0003
 5.96380659250634E+0000	-2.22314309790363E-0003
 5.96951182358984E+0000	-2.11062785507720E-0003
 5.97524509791599E+0000	-1.91859783233203E-0003
 5.98101985094397E+0000	-1.65244950415943E-0003
 5.98684893943954E+0000	-1.31953255886431E-0003
 5.99274442521492E+0000	-9.29248767780917E-0004
 5.99871728944488E+0000	-4.93130339294461E-0004
 6.00477709579906E+0000	-2.48886561070928E-0005
 6.01093160943568E+0000	 4.59547499877569E-0004
 6.01718633251059E+0000	 9.41967536371293E-0004
 6.02354383960554E+0000	 1.40178473433524E-0003
 6.03000273609768E+0000	 1.81603400542609E-0003
 6.03655611825191E+0000	 2.15980041362042E-0003
 6.04318969661475E+0000	 2.40761862461266E-0003
 6.04988026415855E+0000	 2.53633274845153E-0003
 6.05659569611426E+0000	 2.52933735244847E-0003
 6.06329760123243E+0000	 2.38105785906055E-0003
 6.06994663813632E+0000	 2.09965445280755E-0003
 6.07650881672260E+0000	 1.70630557525138E-0003
 6.08296028162645E+0000	 1.23119357965339E-0003
 6.08928901900582E+0000	 7.08054838168614E-0004
 6.09549371944156E+0000	 1.69423712626293E-0004
 6.10158112948309E+0000	-3.56319929914857E-0004
 6.10756319778762E+0000	-8.46125606400295E-0004
 6.11345474469973E+0000	-1.28224883447244E-0003
 6.11927185240392E+0000	-1.65163722022862E-0003
 6.12503088767930E+0000	-1.94514576880773E-0003
 6.13074798104940E+0000	-2.15680600481751E-0003
 6.13643879532517E+0000	-2.28324084369521E-0003
 6.14211845589473E+0000	-2.32324469765149E-0003
 6.14780155417657E+0000	-2.27751476847656E-0003
 6.15350216563571E+0000	-2.14850630989898E-0003
 6.15923384524266E+0000	-1.94038044031514E-0003
 6.16500957969870E+0000	-1.65901267299712E-0003
 6.17084169033203E+0000	-1.31203319456464E-0003
 6.17674169384861E+0000	-9.08878793326442E-0004
 6.18272013572582E+0000	-4.60854725144931E-0004
 6.18878640253800E+0000	 1.87679207166902E-0005
 6.19494848169309E+0000	 5.14569388501933E-0004
 6.20121256458169E+0000	 1.00866928998962E-0003
 6.20758230132307E+0000	 1.48031846250395E-0003
 6.21405747226680E+0000	 1.90560615793220E-0003
 6.22063194825789E+0000	 2.25775920283032E-0003
 6.22729118843708E+0000	 2.50873931403574E-0003
 6.23401019178793E+0000	 2.63275516027751E-0003
 6.24075346620370E+0000	 2.61153759835299E-0003
 6.24747843312131E+0000	 2.43979698459356E-0003
 6.25414209976191E+0000	 2.12818842397381E-0003
 6.26070857766514E+0000	 1.70184515085249E-0003
 6.26715423936884E+0000	 1.19505551972709E-0003
 6.27346891718263E+0000	 6.44733193014976E-0004
 6.27965389167727E+0000	 8.52339859713915E-0005
