 2.24230192886746E-0003	 1.39434831794845E-0003
 8.57939986164476E-0003	 8.79197139108835E-0004
 1.48016739494482E-0002	 3.57065405186004E-0004
 2.09195384177096E-0002	-1.51040899518599E-0004
 2.69445487814753E-0002	-6.29280035241876E-0004
 3.28882990640639E-0002	-1.06554148830202E-0003
 3.87620648057837E-0002	-1.45031096428425E-0003
 4.45768162673690E-0002	-1.77590093297953E-0003
 5.03433715698667E-0002	-2.03598662668438E-0003
 5.60725732210237E-0002	-2.22535544957919E-0003
 6.17754451667034E-0002	-2.33978947963937E-0003
 6.74633278452584E-0002	-2.37602795124292E-0003
 7.31480054446216E-0002	-2.33178509313604E-0003
 7.88418415903352E-0002	-2.20582273992605E-0003
 8.45579332585272E-0002	-1.99809614850421E-0003
 9.03102804266556E-0002	-1.71000729874877E-0003
 9.61139495664589E-0002	-1.34481471374481E-0003
 1.01985177107175E-0001	-9.08262592252147E-0004
 1.07941304365753E-0001	-4.09499376036153E-0004
 1.14000344415130E-0001	 1.37661716110395E-0004
 1.20179845928084E-0001	 7.13175898524014E-0004
 1.26494572213547E-0001	 1.28917714241739E-0003
 1.32952516140107E-0001	 1.82916623253892E-0003
 1.39549320555171E-0001	 2.28951958904527E-0003
 1.46262746275635E-0001	 2.62518445441875E-0003
 1.53050969492188E-0001	 2.79985950664524E-0003
 1.59858522527974E-0001	 2.79690833214295E-0003
 1.66628983245181E-0001	 2.62425892675101E-0003
 1.73317574316231E-0001	 2.30981937186522E-0003
 1.79897065706923E-0001	 1.89113811237653E-0003
 1.86356378622643E-0001	 1.40587859242486E-0003
 1.92695647717726E-0001	 8.86560858744143E-0004
 1.98921302805523E-0001	 3.59191077531478E-0004
 2.05042675702833E-0001	-1.56013711646376E-0004
 2.11070158645971E-0001	-6.43269273143857E-0004
 2.17014420041665E-0001	-1.08998349837483E-0003
 2.22886186549237E-0001	-1.48586699322507E-0003
 2.28696261362541E-0001	-1.82237972863414E-0003
 2.34455605061577E-0001	-2.09241622549934E-0003
 2.40175412481302E-0001	-2.29013249821914E-0003
 2.45867177258377E-0001	-2.41084909813297E-0003
 2.51542759029805E-0001	-2.45099902142992E-0003
 2.57214471468867E-0001	-2.40811638922750E-0003
 2.62895203244076E-0001	-2.28088048011996E-0003
 2.68598574096673E-0001	-2.06924289962362E-0003
 2.74339115272801E-0001	-1.77467718364240E-0003
 2.80132444185894E-0001	-1.40060247746109E-0003
 2.85995370124034E-0001	-9.53045536563840E-0004
 2.91945809403421E-0001	-4.41610788927585E-0004
 2.98002290356669E-0001	 1.19196010726929E-0004
 3.04182686503504E-0001	 7.08351800991369E-0004
 3.10501678182888E-0001	 1.29675475926924E-0003
 3.16966504356822E-0001	 1.84662923358182E-0003
 3.23571260059359E-0001	 2.31353917096322E-0003
 3.30291722381001E-0001	 2.65275486182646E-0003
 3.37084659023943E-0001	 2.82971413053697E-0003
 3.43894864221685E-0001	 2.83017759050974E-0003
 3.50667923304909E-0001	 2.66359941314816E-0003
 3.57361599671988E-0001	 2.35752845611971E-0003
 3.63950291231280E-0001	 1.94755999947843E-0003
 3.70422991213228E-0001	 1.46890019414843E-0003
 3.76778583978127E-0001	 9.52105504257325E-0004
 3.83021565531992E-0001	 4.22205199018625E-0004
 3.89159282340998E-0001	-1.00546874387971E-0004
 3.95200522996491E-0001	-5.99564548983624E-0004
 4.01154931461285E-0001	-1.06103327590833E-0003
 4.07032793894535E-0001	-1.47333661967988E-0003
 4.12844943958565E-0001	-1.82672545589497E-0003
 4.18602687091750E-0001	-2.11311906261478E-0003
 4.24317730404592E-0001	-2.32596123901035E-0003
 4.30002136579378E-0001	-2.46009846632204E-0003
 4.35668322099109E-0001	-2.51167927569239E-0003
 4.41329111067687E-0001	-2.47809194669685E-0003
 4.46997845402856E-0001	-2.35796655567160E-0003
 4.52688542630286E-0001	-2.15127326717343E-0003
 4.58416081669813E-0001	-1.85955589018571E-0003
 4.64196379624803E-0001	-1.48634977909624E-0003
 4.70046490435291E-0001	-1.03784409136817E-0003
 4.75984497825987E-0001	-5.23850848839828E-0004
 4.82028978113352E-0001	 4.08878449905224E-0005
 4.88197674844832E-0001	 6.35141998647635E-0004
 4.94504917074315E-0001	 1.22976999646161E-0003
 5.00957432729972E-0001	 1.78736182832021E-0003
 5.07548961178255E-0001	 2.26450906441404E-0003
 5.14255717749664E-0001	 2.61815418817132E-0003
 5.21036349868983E-0001	 2.81537733596279E-0003
 5.27838893164246E-0001	 2.84230753687392E-0003
 5.34612352568289E-0001	 2.70658824734300E-0003
 5.41316530245251E-0001	 2.43208436218199E-0003
 5.47925660160456E-0001	 2.05011784229725E-0003
 5.54426601151046E-0001	 1.59235768566416E-0003
 5.60814972581876E-0001	 1.08731297767742E-0003
 5.67091794260056E-0001	 5.59581031904479E-0004
 5.73261425097030E-0001	 3.02949336941298E-0005
 5.79330531414241E-0001	-4.82271980472952E-0004
 5.85307571856188E-0001	-9.62319062845163E-0004
 5.91202443049650E-0001	-1.39633345520875E-0003
 5.97026147235327E-0001	-1.77298179914427E-0003
 6.02790477306014E-0001	-2.08298703165879E-0003
 6.08507758122378E-0001	-2.31896357504862E-0003
 6.14190676021884E-0001	-2.47522854418485E-0003
 6.19852207471203E-0001	-2.54762388468752E-0003
 6.25505640653463E-0001	-2.53338537651791E-0003
 6.31164674053079E-0001	-2.43109064824173E-0003
 6.36843570688521E-0001	-2.24071674379323E-0003
 6.42557340165948E-0001	-1.96384112820928E-0003
 6.48321906826719E-0001	-1.60402789967203E-0003
 6.54154193188938E-0001	-1.16744942318078E-0003
 6.60071994229363E-0001	-6.63791907345164E-0004
 6.66093432046037E-0001	-1.07457016455623E-0004
 6.72235670572463E-0001	 4.81047932841773E-0004
 6.78512500363433E-0001	 1.07391274905489E-0003
 6.84930559687737E-0001	 1.63586682903252E-0003
 6.91484655492956E-0001	 2.12637095143853E-0003
 6.98154005977840E-0001	 2.50523721662376E-0003
 7.04902353033480E-0001	 2.74093801562702E-0003
 7.11683764481003E-0001	 2.81802282138747E-0003
 7.18452075655232E-0001	 2.73931129919526E-0003
 7.25168961226061E-0001	 2.52193974978470E-0003
 7.31807199292908E-0001	 2.19061314970446E-0003
 7.38349697653146E-0001	 1.77205738834030E-0003
 7.44786936368887E-0001	 1.29219763954772E-0003
 7.51114832431325E-0001	 7.75336622500663E-0004
 7.57333544933662E-0001	 2.44048083937381E-0004
 7.63446852947005E-0001	-2.80974766108786E-0004
 7.69461636230080E-0001	-7.81237012310556E-0004
 7.75387253199881E-0001	-1.24075002278405E-0003
 7.81234852237770E-0001	-1.64616858230981E-0003
 7.87016736217399E-0001	-1.98672061502312E-0003
 7.92745871538077E-0001	-2.25398602487409E-0003
 7.98435573797843E-0001	-2.44161047397795E-0003
 8.04099358263553E-0001	-2.54502888795126E-0003
 8.09750923140281E-0001	-2.56125083332538E-0003
 8.15404229494178E-0001	-2.48874178285061E-0003
 8.21073643314080E-0001	-2.32742568507692E-0003
 8.26774104487380E-0001	-2.07883444229225E-0003
 8.32521278096151E-0001	-1.74643553529943E-0003
 8.38331619465174E-0001	-1.33617432791328E-0003
 8.44222239861780E-0001	-8.57261666827052E-0004
 8.50210392049047E-0001	-3.23199048957201E-0004
 8.56312317291449E-0001	 2.47074218978708E-0004
 8.62541166179326E-0001	 8.28251534825239E-0004
 8.68903867606160E-0001	 1.38863232812236E-0003
 8.75397380744927E-0001	 1.89197590171830E-0003
 8.82005742332170E-0001	 2.30195489936069E-0003
 8.88700033842675E-0001	 2.58857474930495E-0003
 8.95442514099353E-0001	 2.73397432339652E-0003
 9.02193482018566E-0001	 2.73455331754583E-0003
 9.08917378262847E-0001	 2.59869758441180E-0003
 9.15585628570713E-0001	 2.34237176971017E-0003
 9.22176551525374E-0001	 1.98543452169836E-0003
 9.28674272299240E-0001	 1.54977508956388E-0003
 9.35068098972053E-0001	 1.05859055940428E-0003
 9.41352519244945E-0001	 5.35713026199195E-0004
 9.47527222441157E-0001	 4.52882420841198E-0006
 9.53596656240310E-0001	-5.13269912900805E-0004
 9.59569096927861E-0001	-9.98663865862895E-0004
 9.65455517586078E-0001	-1.43578558687449E-0003
 9.71268550637910E-0001	-1.81193632311516E-0003
 9.77021705547651E-0001	-2.11731083608305E-0003
 9.82728871351409E-0001	-2.34460448106547E-0003
 9.88404062231495E-0001	-2.48862568644631E-0003
 9.94061343170622E-0001	-2.54598426077909E-0003
 9.99714876738540E-0001	-2.51489135018028E-0003
 1.00537904225288E+0000	-2.39509087543568E-0003
 1.01106858437839E+0000	-2.18793912381990E-0003
 1.01679874420598E+0000	-1.89665217738432E-0003
 1.02258530851297E+0000	-1.52674282414010E-0003
 1.02844447991475E+0000	-1.08665955464222E-0003
 1.03439242352179E+0000	-5.88603908070528E-0004
 1.04044429925013E+0000	-4.94139803437796E-0005
 1.04661258966054E+0000	 5.08763832785589E-0004
 1.05290467830723E+0000	 1.05852264738075E-0003
 1.05932004098943E+0000	 1.56862818536221E-0003
 1.06584804934965E+0000	 2.00726912413564E-0003
 1.07246778918784E+0000	 2.34664082255975E-0003
 1.07915067619287E+0000	 2.56714992086138E-0003
 1.08586493465885E+0000	 2.65925534269557E-0003
 1.09257966747233E+0000	 2.62244734110350E-0003
 1.09926684856674E+0000	 2.46286889701453E-0003
 1.10590152323699E+0000	 2.19156261362360E-0003
 1.11246177035417E+0000	 1.82402064064761E-0003
 1.11892955504305E+0000	 1.38017752644413E-0003
 1.12529225718890E+0000	 8.83638691788219E-0004
 1.13154382402311E+0000	 3.59804008154808E-0004
 1.13768478318395E+0000	-1.66461790276959E-0004
 1.14372117968961E+0000	-6.72735260327645E-0004
 1.14966301442192E+0000	-1.14007919825050E-0003
 1.15552274187238E+0000	-1.55329100749671E-0003
 1.16131411645766E+0000	-1.90064857995573E-0003
 1.16705144072906E+0000	-2.17344045724443E-0003
 1.17274915104638E+0000	-2.36547128017962E-0003
 1.17842164661419E+0000	-2.47264376642660E-0003
 1.18408327766526E+0000	-2.49266236638140E-0003
 1.18974842690321E+0000	-2.42487718930471E-0003
 1.19543163103554E+0000	-2.27027828327925E-0003
 1.20114769139668E+0000	-2.03164967819415E-0003
 1.20691171291243E+0000	-1.71389136290129E-0003
 1.21273898935319E+0000	-1.32450679761054E-0003
 1.21864462380398E+0000	-8.74221898143189E-0004
 1.22464275022559E+0000	-3.77633314543438E-0004
 1.23074523946834E+0000	 1.46332061038751E-0004
 1.23695989359353E+0000	 6.74508429506436E-0004
 1.24328841762734E+0000	 1.18056803152371E-0003
 1.24972485903019E+0000	 1.63732186125108E-0003
 1.25625541505344E+0000	 2.01986998067156E-0003
 1.26286006283490E+0000	 2.30846440261418E-0003
 1.26951535177797E+0000	 2.48981184396822E-0003
 1.27619681980508E+0000	 2.55653810961559E-0003
 1.28287989064094E+0000	 2.50594322874880E-0003
 1.28953957489255E+0000	 2.33961245792102E-0003
 1.29615047167585E+0000	 2.06442529399423E-0003
 1.30268833164898E+0000	 1.69394279509595E-0003
 1.30913297270955E+0000	 1.24851415537099E-0003
 1.31547103238106E+0000	 7.53359366835842E-0004
 1.32169713864678E+0000	 2.35398341035871E-0004
 1.32781326170023E+0000	-2.79761952850946E-0004
 1.33382698432264E+0000	-7.69772329422645E-0004
 1.33974957559045E+0000	-1.21631923614737E-0003
 1.34559439771002E+0000	-1.60508910341437E-0003
 1.35137580220808E+0000	-1.92532699451328E-0003
 1.35710846709808E+0000	-2.16927797611956E-0003
 1.36280706274131E+0000	-2.33167039657349E-0003
 1.36848613745858E+0000	-2.40931453163342E-0003
 1.37416013578182E+0000	-2.40084551926661E-0003
 1.37984348108946E+0000	-2.30662057362948E-0003
 1.38555066345741E+0000	-2.12877352015660E-0003
 1.39129627194533E+0000	-1.87142483498728E-0003
 1.39709489968426E+0000	-1.54103429614197E-0003
 1.40296083450064E+0000	-1.14685700699691E-0003
 1.40890743911061E+0000	-7.01411936421058E-0004
 1.41494614883203E+0000	-2.20790491760229E-0004
 1.42108511286699E+0000	 2.75459647389147E-0004
 1.42732771130261E+0000	 7.65170165458051E-0004
 1.43367144700042E+0000	 1.22523991833669E-0003
 1.44010782702745E+0000	 1.63387286835594E-0003
 1.44662351356117E+0000	 1.97254712106654E-0003
 1.45320223277414E+0000	 2.22681174118352E-0003
 1.45982627049804E+0000	 2.38571812220921E-0003
 1.46647660204311E+0000	 2.44079089148740E-0003
 1.47313183619772E+0000	 2.38596667819828E-0003
 1.47976736195249E+0000	 2.21927667986032E-0003
 1.48635631763107E+0000	 1.94554554185173E-0003
 1.49287280597217E+0000	 1.57818868575232E-0003
 1.49929598734036E+0000	 1.13853043944439E-0003
 1.50561298088096E+0000	 6.52783033847759E-0004
 1.51181950054419E+0000	 1.48248366833952E-0004
 1.51791863001750E+0000	-3.49726482727418E-0004
 1.52391879833398E+0000	-8.19443299287901E-0004
 1.52983181092936E+0000	-1.24338304894156E-0003
 1.53567132710344E+0000	-1.60802595866972E-0003
 1.54145184461675E+0000	-1.90335585598951E-0003
 1.54718810720565E+0000	-2.12229993906323E-0003
 1.55289481689399E+0000	-2.26023774268615E-0003
 1.55858654324635E+0000	-2.31464090453666E-0003
 1.56427774132670E+0000	-2.28486720054066E-0003
 1.56998280524181E+0000	-2.17211364810375E-0003
 1.57571609064427E+0000	-1.97952270252084E-0003
 1.58149183767036E+0000	-1.71242346492269E-0003
 1.58732391920119E+0000	-1.37866770060527E-0003
 1.59322533781566E+0000	-9.88980018204021E-0004
 1.59920741862813E+0000	-5.57179615381962E-0004
 1.60527872562168E+0000	-1.00063493808035E-0004
 1.61144388984265E+0000	 3.63276211515074E-0004
 1.61770274212787E+0000	 8.12798972903619E-0004
 1.62405023374008E+0000	 1.22928866534603E-0003
 1.63047738063856E+0000	 1.59590414540635E-0003
 1.63697285083052E+0000	 1.89875224375557E-0003
 1.64352423041675E+0000	 2.12623336321284E-0003
 1.65011803668851E+0000	 2.26781515624230E-0003
 1.65673835865096E+0000	 2.31351428248871E-0003
 1.66336512854154E+0000	 2.25514042801601E-0003
 1.66997368509802E+0000	 2.08923626649787E-0003
 1.67653680250514E+0000	 1.82023402916692E-0003
 1.68302875781243E+0000	 1.46179688828725E-0003
 1.68942952721989E+0000	 1.03536715237898E-0003
 1.69572724024570E+0000	 5.66740344749747E-0004
 1.70191837013485E+0000	 8.23633708568669E-0005
 1.70800635718285E+0000	-3.93409994313514E-0004
 1.71399966343072E+0000	-8.39785171456099E-0004
 1.71990994939901E+0000	-1.23997027287048E-0003
 1.72575067029422E+0000	-1.58100264034902E-0003
 1.73153613454737E+0000	-1.85329770327827E-0003
 1.73728095122236E+0000	-2.05014388805398E-0003
 1.74299975854110E+0000	-2.16726988054836E-0003
 1.74870712872793E+0000	-2.20254504101526E-0003
 1.75441755848739E+0000	-2.15583504113945E-0003
 1.76014546662579E+0000	-2.02901272997508E-0003
 1.76590512565996E+0000	-1.82610821020399E-0003
 1.77171045365048E+0000	-1.55356184331423E-0003
 1.77757459342352E+0000	-1.22050999670272E-0003
 1.78350922572632E+0000	-8.38980913843757E-0004
 1.78952362776433E+0000	-4.23817622663165E-0004
 1.79562362293467E+0000	 7.88035710739198E-0006
 1.80181075070198E+0000	 4.37913490228037E-0004
 1.80808209756376E+0000	 8.48580341795415E-0004
 1.81443107360170E+0000	 1.22418352085816E-0003
 1.82084891591492E+0000	 1.55172713483272E-0003
 1.82732612320544E+0000	 1.82041343368249E-0003
 1.83385287845816E+0000	 2.02030429506119E-0003
 1.84041804270240E+0000	 2.14119224342944E-0003
 1.84700723127694E+0000	 2.17281375375523E-0003
 1.85360127076985E+0000	 2.10688629863226E-0003
 1.86017644039244E+0000	 1.94030511140345E-0003
 1.86670702283366E+0000	 1.67786542341508E-0003
 1.87316924790660E+0000	 1.33294372023407E-0003
 1.87954487144104E+0000	 9.25796187270983E-0004
 1.88582308978163E+0000	 4.80450918071913E-0004
 1.89200061819465E+0000	 2.15400950863232E-0005
 1.89808054002210E+0000	-4.28066521275890E-0004
 1.90407067204947E+0000	-8.48604922018160E-0004
 1.90998198087859E+0000	-1.22390556134506E-0003
 1.91582731937287E+0000	-1.54132756524954E-0003
 1.92162055249095E+0000	-1.79142131648781E-0003
 1.92737602745032E+0000	-1.96752628969401E-0003
 1.93310829641840E+0000	-2.06542967068184E-0003
 1.93883199291062E+0000	-2.08314880439149E-0003
 1.94456177127729E+0000	-2.02086043213593E-0003
 1.95031222686749E+0000	-1.88097442204228E-0003
 1.95609771707674E+0000	-1.66832766685181E-0003
 1.96193200380158E+0000	-1.39044313466882E-0003
 1.96782764913336E+0000	-1.05775099359466E-0003
 1.97379514318593E+0000	-6.83606085800245E-0004
 1.97984185467588E+0000	-2.83889220544189E-0004
 1.98597107270308E+0000	 1.23980117844259E-0004
 1.99218156974830E+0000	 5.22581453892159E-0004
 1.99846807697779E+0000	 8.96174964984991E-0004
 2.00482267385934E+0000	 1.23182311540819E-0003
 2.01123649661502E+0000	 1.51936735199628E-0003
 2.01770082500713E+0000	 1.75029510239670E-0003
 2.02420687515230E+0000	 1.91626139767455E-0003
 2.03074437653847E+0000	 2.00833573354110E-0003
 2.03729977535040E+0000	 2.01772196758576E-0003
 2.04385525464872E+0000	 1.93791143469636E-0003
 2.05038945212067E+0000	 1.76736330908510E-0003
 2.05687985916791E+0000	 1.51139916824478E-0003
 2.06330596081263E+0000	 1.18241309901200E-0003
 2.06965191232234E+0000	 7.98429058999762E-0004
 2.07590801720991E+0000	 3.80736706349712E-0004
 2.08207093142551E+0000	-4.85573877160982E-0005
 2.08814293258660E+0000	-4.68497540918150E-0004
 2.09413071731439E+0000	-8.60537670406076E-0004
 2.10004413164294E+0000	-1.20912676016718E-0003
 2.10589509247401E+0000	-1.50180671858404E-0003
 2.11169680072554E+0000	-1.72904442597516E-0003
 2.11746323392441E+0000	-1.88398088824457E-0003
 2.12320885008863E+0000	-1.96221733951543E-0003
 2.12894841818045E+0000	-1.96170360977714E-0003
 2.13469688981028E+0000	-1.88275638782450E-0003
 2.14046922702135E+0000	-1.72820740762314E-0003
 2.14628009772575E+0000	-1.50365172606705E-0003
 2.15214335078010E+0000	-1.21772176074691E-0003
 2.15807120689457E+0000	-8.82247530239256E-0004
 2.16407318173892E+0000	-5.12091523283557E-0004
 2.17015491950557E+0000	-1.24422059237589E-0004
 2.17631732625812E+0000	 2.62692404080374E-0004
 2.18255650244068E+0000	 6.32159180817915E-0004
 2.18886476324892E+0000	 9.69583367392791E-0004
 2.19523246368915E+0000	 1.26406050754857E-0003
 2.20164977311792E+0000	 1.50766874767730E-0003
 2.20810748982551E+0000	 1.69405851622438E-0003
 2.21459655732814E+0000	 1.81708801753823E-0003
 2.22110671537653E+0000	 1.87039403149148E-0003
 2.22762518894343E+0000	 1.84822307385202E-0003
 2.23413626790248E+0000	 1.74715054268683E-0003
 2.24062212987381E+0000	 1.56786448246898E-0003
 2.24706461827783E+0000	 1.31622671244001E-0003
 2.25344731447126E+0000	 1.00326814465289E-0003
 2.25975729728836E+0000	 6.44252027379846E-0004
 2.26598625428109E+0000	 2.57169775579196E-0004
 2.27213085171149E+0000	-1.38938502504903E-0004
 2.27819244889316E+0000	-5.25496966115605E-0004
 2.28417637880389E+0000	-8.85510894051708E-0004
 2.29009106796780E+0000	-1.20422304857047E-0003
 2.29594721385951E+0000	-1.46938958738642E-0003
 2.30175713144947E+0000	-1.67132046609235E-0003
 2.30753428770442E+0000	-1.80282315751428E-0003
 2.31329298854859E+0000	-1.85915217504527E-0003
 2.31904815762664E+0000	-1.83802983968372E-0003
 2.32481513287348E+0000	-1.73977378322330E-0003
 2.33060939443308E+0000	-1.56753796931349E-0003
 2.33644612489624E+0000	-1.32763506140550E-0003
 2.34233950143151E+0000	-1.02984698709687E-0003
 2.34830165656689E+0000	-6.87544726327546E-0004
 2.35434136041152E+0000	-3.17354285960643E-0004
 2.36046269317062E+0000	 6.18955605186182E-0005
 2.36666422050756E+0000	 4.31006686769101E-0004
 2.37293923437685E+0000	 7.72649464055503E-0004
 2.37927724040372E+0000	 1.07318681930859E-0003
 2.38566615630065E+0000	 1.32327664063035E-0003
 2.39209419120066E+0000	 1.51709036343385E-0003
 2.39855059483417E+0000	 1.65080842144513E-0003
 2.40502522542239E+0000	 1.72137898980383E-0003
 2.41150755609409E+0000	 1.72618037441893E-0003
 2.41798590033192E+0000	 1.66358556924733E-0003
 2.42444732578215E+0000	 1.53395267812314E-0003
 2.43087825371169E+0000	 1.34048553164188E-0003
 2.43726543970986E+0000	 1.08965212772633E-0003
 2.44359702620598E+0000	 7.91135200021870E-0004
 2.44986349375659E+0000	 4.57402561133212E-0004
 2.45605840727661E+0000	 1.02972260084783E-0004
 2.46217885141428E+0000	-2.56531811368479E-0004
 2.46822549550624E+0000	-6.05371357844387E-0004
 2.47420233829347E+0000	-9.28558989003066E-0004
 2.48011626484244E+0000	-1.21250029762056E-0003
 2.48597655163927E+0000	-1.44541226358937E-0003
 2.49179440939105E+0000	-1.61757621367752E-0003
 2.49758260151959E+0000	-1.72150020656893E-0003
 2.50335513749692E+0000	-1.75206110834291E-0003
 2.50912701089493E+0000	-1.70668507985735E-0003
 2.51491392516547E+0000	-1.58560881056967E-0003
 2.52073192235479E+0000	-1.39223713559688E-0003
 2.52659680460748E+0000	-1.13356562352559E-0003
 2.53252323132058E+0000	-8.20557941154889E-0004
 2.53852342216263E+0000	-4.68256891071729E-0004
 2.54460554929351E+0000	-9.53045565754340E-0005
 2.55077218056123E+0000	 2.77437298026842E-0004
 2.55701942435775E+0000	 6.29188928634277E-0004
 2.56333742451580E+0000	 9.41934952674435E-0004
 2.56971230129286E+0000	 1.20246802413396E-0003
 2.57612877666121E+0000	 1.40293704321706E-0003
 2.58257230461016E+0000	 1.53990254432235E-0003
 2.58902997901961E+0000	 1.61274372451151E-0003
 2.59549036081532E+0000	 1.62238062876148E-0003
 2.60194289199315E+0000	 1.57074241367963E-0003
 2.60837748403249E+0000	 1.46081483312628E-0003
 2.61478446596531E+0000	 1.29686536287289E-0003
 2.62115475939450E+0000	 1.08458117248113E-0003
 2.62748010743065E+0000	 8.31097520644584E-0004
 2.63375332024748E+0000	 5.44990055591978E-0004
 2.63996858787899E+0000	 2.36231953711754E-0004
 2.64612186262841E+0000	-8.39625261693005E-0005
 2.65221122838461E+0000	-4.03461078591848E-0004
 2.65823716217633E+0000	-7.09673661670784E-0004
 2.66420264649104E+0000	-9.90074870268924E-0004
 2.67011314278172E+0000	-1.23272231879610E-0003
 2.67597645848911E+0000	-1.42673311642497E-0003
 2.68180254378142E+0000	-1.56270416113487E-0003
 2.68760325135803E+0000	-1.63308224519750E-0003
 2.69339208116321E+0000	-1.63250992658203E-0003
 2.69918390786042E+0000	-1.55818789523730E-0003
 2.70499465342360E+0000	-1.41029605259058E-0003
 2.71084082469216E+0000	-1.19249549006980E-0003
 2.71673879503844E+0000	-9.12481311148093E-0004
 2.72270369237819E+0000	-5.82459046123866E-0004
 2.72874781010149E+0000	-2.19275721705626E-0004
 2.73487865112354E+0000	 1.56196204381977E-0004
 2.74109707139008E+0000	 5.20797681909942E-0004
 2.74739634534405E+0000	 8.51937955462544E-0004
 2.75376292765693E+0000	 1.13083887412597E-0003
 2.76017893732491E+0000	 1.34490037348630E-0003
 2.76662535684696E+0000	 1.48823635351146E-0003
 2.77308458182443E+0000	 1.56051927764802E-0003
 2.77954162282489E+0000	 1.56514378203266E-0003
 2.78598421187072E+0000	 1.50767087381696E-0003
 2.79240246492132E+0000	 1.39487495825233E-0003
 2.79878853652912E+0000	 1.23420898785627E-0003
 2.80513633425841E+0000	 1.03343326980268E-0003
 2.81144120473812E+0000	 8.00338334649822E-0004
 2.81769957904224E+0000	 5.42629225192086E-0004
 2.82390867940923E+0000	 2.68007587656117E-0004
 2.83006639610033E+0000	-1.56187727943361E-0005
 2.83617136190428E+0000	-2.99921133921586E-0004
 2.84222317904158E+0000	-5.76024882196216E-0004
 2.84822273139477E+0000	-8.34520949427330E-0004
 2.85417251773177E+0000	-1.06563026194386E-0003
 2.86007694342468E+0000	-1.25951663444584E-0003
 2.86594251641947E+0000	-1.40671792519373E-0003
 2.87177791875403E+0000	-1.49864641605616E-0003
 2.87759395709432E+0000	-1.52811380700967E-0003
 2.88340341314317E+0000	-1.48986265637477E-0003
 2.88922080514400E+0000	-1.38111774318820E-0003
 2.89506203629944E+0000	-1.20218897039526E-0003
 2.90094385315624E+0000	-9.57146793622677E-0004
 2.90688298098060E+0000	-6.54535893063789E-0004
 2.91289477440401E+0000	-3.07975348037263E-0004
 2.91899128433943E+0000	 6.36862960262234E-0005
 2.92517888883539E+0000	 4.37163874174851E-0004
 2.93145609648561E+0000	 7.86937671154602E-0004
 2.93781257672828E+0000	 1.08880911107981E-0003
 2.94423035081658E+0000	 1.32381900800441E-0003
 2.95068705036682E+0000	 1.48091911803099E-0003
 2.95715988235279E+0000	 1.55733159625903E-0003
 2.96362867023111E+0000	 1.55692960030400E-0003
 2.97007727813880E+0000	 1.48789114469429E-0003
 2.97649378265712E+0000	 1.36065907989543E-0003
 2.98287006644685E+0000	 1.18650745214504E-0003
 2.98920123061711E+0000	 9.76570525676704E-0004
 2.99548491949820E+0000	 7.41182067816990E-0004
 3.00172058154623E+0000	 4.89505367439329E-0004
 3.00790875476197E+0000	 2.29471075131775E-0004
 3.01405049548069E+0000	-3.20231000188124E-0005
 3.02014702376164E+0000	-2.88754227644669E-0004
 3.02619959772323E+0000	-5.34761890298793E-0004
 3.03220960075703E+0000	-7.63962169625003E-0004
 3.03817881584606E+0000	-9.69858627858158E-0004
 3.04410983864781E+0000	-1.14542013807265E-0003
 3.05000654722569E+0000	-1.28317443689209E-0003
 3.05587453067098E+0000	-1.37551978021517E-0003
 3.06172139861287E+0000	-1.41521113606608E-0003
 3.06755693493063E+0000	-1.39595990145456E-0003
 3.07339309276866E+0000	-1.31310210528649E-0003
 3.07924383302977E+0000	-1.16432287831829E-0003
 3.08512477934191E+0000	-9.50450748974907E-0004
 3.09105260513894E+0000	-6.76330358427289E-0004
 3.09704400035380E+0000	-3.51720814029033E-0004
 3.10311402849904E+0000	 7.97775596756995E-0006
 3.10927376911093E+0000	 3.81595872000384E-0004
 3.11552747304384E+0000	 7.43302897807218E-0004
 3.12187006884359E+0000	 1.06549600262624E-0003
 3.12828639466900E+0000	 1.32326697483875E-0003
 3.13475322151087E+0000	 1.49900961202754E-0003
 3.14124365325093E+0000	 1.58510960266414E-0003
 3.14773196356888E+0000	 1.58364832542115E-0003
 3.15419693064819E+0000	 1.50388359061471E-0003
 3.16062310375537E+0000	 1.35915498246590E-0003
 3.16700061908488E+0000	 1.16434900273687E-0003
 3.17332437181547E+0000	 9.34178039844265E-0004
 3.17959299461994E+0000	 6.82104431428866E-0004
 3.18580780586647E+0000	 4.19742424580176E-0004
 3.19197181845778E+0000	 1.56652404451567E-0004
 3.19808889990687E+0000	-9.95520357584794E-0005
 3.20416314142460E+0000	-3.42887568760589E-0004
 3.21019844454552E+0000	-5.68569781457202E-0004
 3.21619831460571E+0000	-7.72528867852784E-0004
 3.22216586150086E+0000	-9.50919670095192E-0004
 3.22810401234591E+0000	-1.09968995496671E-0003
 3.23401591304615E+0000	-1.21429102613410E-0003
 3.23990544960611E+0000	-1.28960591739961E-0003
 3.24577778870225E+0000	-1.32012849172493E-0003
 3.25163984059441E+0000	-1.30037665618554E-0003
 3.25750057758883E+0000	-1.22549312442135E-0003
 3.26337117268876E+0000	-1.09198830236952E-0003
 3.26926493208292E+0000	-8.98601850431573E-0004
 3.27519696927438E+0000	-6.47279693096348E-0004
 3.28118350842767E+0000	-3.44251892018877E-0004
 3.28724062920801E+0000	-1.11618355143751E-0006
 3.29338223421940E+0000	 3.64357101088316E-0004
 3.29961716182698E+0000	 7.28276163281946E-0004
 3.30594585307654E+0000	 1.06234538067948E-0003
 3.31235779877921E+0000	 1.33780494698088E-0003
 3.31883153629833E+0000	 1.53098953019859E-0003
 3.32533817551215E+0000	 1.62832930825847E-0003
 3.33184726658814E+0000	 1.62830785327595E-0003
 3.33833224565771E+0000	 1.53973027768719E-0003
 3.34477341915785E+0000	 1.37790816207424E-0003
 3.35115842279951E+0000	 1.16086695601860E-0003
 3.35748124037991E+0000	 9.06643494505834E-0004
 3.36374076623258E+0000	 6.31703061838673E-0004
 3.36993938446414E+0000	 3.50151982412903E-0004
 3.37608172241941E+0000	 7.34754367667423E-0005
 3.38217363615685E+0000	-1.89376872444050E-0004
 3.38822144555455E+0000	-4.31695873659272E-0004
 3.39423139544523E+0000	-6.48615052905350E-0004
 3.40020930037191E+0000	-8.36665530316198E-0004
 3.40616034986924E+0000	-9.93301863199265E-0004
 3.41208908444416E+0000	-1.11641551706922E-0003
 3.41799956334385E+0000	-1.20388343675614E-0003
 3.42389572012770E+0000	-1.25322860424246E-0003
 3.42978185782833E+0000	-1.26147068992501E-0003
 3.43566320086234E+0000	-1.22521576028382E-0003
 3.44154641267957E+0000	-1.14099404999161E-0003
 3.44744000165070E+0000	-1.00582673160029E-0003
 3.45335455380775E+0000	-8.17996461761089E-0004
 3.45930272904307E+0000	-5.78005658090303E-0004
 3.46529892303378E+0000	-2.89710254606342E-0004
 3.47135842882324E+0000	 3.84194862283454E-0005
 3.47749585599528E+0000	 3.92085485209130E-0004
 3.48372257139077E+0000	 7.50433918124228E-0004
 3.49004320156316E+0000	 1.08661657321910E-0003
 3.49645198608425E+0000	 1.37061361799258E-0003
 3.50293080137852E+0000	 1.57463257695431E-0003
 3.50945090751665E+0000	 1.67960205169520E-0003
 3.51597868374179E+0000	 1.67961121713136E-0003
 3.52248276528696E+0000	 1.58188669056074E-0003
 3.52893912772862E+0000	 1.40291515715460E-0003
 3.53533269397443E+0000	 1.16343941495920E-0003
 3.54165639349488E+0000	 8.84538874782590E-0004
 3.54790924549705E+0000	 5.85374960408412E-0004
 3.55409445178805E+0000	 2.82207247676339E-0004
 3.56021783525171E+0000	-1.18420712667620E-0005
 3.56628666124570E+0000	-2.86623780305236E-0004
 3.57230879944590E+0000	-5.34603743730489E-0004
 3.57829215826382E+0000	-7.50439877697153E-0004
 3.58424431244442E+0000	-9.30559746658906E-0004
 3.59017226104135E+0000	-1.07274915364196E-0003
 3.59608229478468E+0000	-1.17573588579281E-0003
 3.60197999110066E+0000	-1.23876617089604E-0003
 3.60787036524661E+0000	-1.26120811345319E-0003
 3.61375818287190E+0000	-1.24224728542181E-0003
 3.61964840042075E+0000	-1.18074477967050E-0003
 3.62554666859257E+0000	-1.07530830754326E-0003
 3.63145982236389E+0000	-9.24599059364928E-0004
 3.63739628286058E+0000	-7.27878383960506E-0004
 3.64336629445411E+0000	-4.85794363287784E-0004
 3.64938189683897E+0000	-2.01409090254265E-0004
 3.65545647532898E+0000	 1.18552456012026E-0004
 3.66160364910558E+0000	 4.62335360255341E-0004
 3.66783519780475E+0000	 8.11982888740395E-0004
 3.67415784054721E+0000	 1.14304465929128E-0003
 3.68056923017198E+0000	 1.42624032588531E-0003
 3.68705463796310E+0000	 1.63201027823171E-0003
 3.69358679848791E+0000	 1.73743418220582E-0003
 3.70013057041975E+0000	 1.73259763943801E-0003
 3.70665088234859E+0000	 1.62268718174574E-0003
 3.71311980547147E+0000	 1.42479500344683E-0003
 3.71951969198249E+0000	 1.16203950967197E-0003
 3.72584256847071E+0000	 8.58334211320635E-0004
 3.73208776655495E+0000	 5.35283986540273E-0004
 3.73825942809130E+0000	 2.10943060279911E-0004
 3.74436454325877E+0000	-1.00349404973693E-0004
 3.75041157988402E+0000	-3.87646939980339E-0004
 3.75640958371338E+0000	-6.42900865859612E-0004
 3.76236761978052E+0000	-8.60446910508988E-0004
 3.76829444056892E+0000	-1.03654560932194E-0003
 3.77419828695353E+0000	-1.16899155535737E-0003
 3.78008676485131E+0000	-1.25676677757393E-0003
 3.78596678790496E+0000	-1.29970458822910E-0003
 3.79184461179508E+0000	-1.29815392677807E-0003
 3.79772599098161E+0000	-1.25267294786429E-0003
 3.80361646450894E+0000	-1.16380961193798E-0003
 3.80952174149047E+0000	-1.03203140161420E-0003
 3.81544812941283E+0000	-8.57849590110496E-0004
 3.82140293750014E+0000	-6.42162457606753E-0004
 3.82739478347910E+0000	-3.86831527780171E-0004
 3.83343371511259E+0000	-9.55056819574008E-0005
 3.83953100939187E+0000	 2.25299222046509E-0004
 3.84569842773181E+0000	 5.64912561660944E-0004
 3.85194661507981E+0000	 9.07223982214302E-0004
 3.85828234545058E+0000	 1.22994665205832E-0003
 3.86470468019106E+0000	 1.50543555311046E-0003
 3.87120109031832E+0000	 1.70425606992541E-0003
 3.87774591998341E+0000	 1.80174793724004E-0003
 3.88430367756373E+0000	 1.78536724608538E-0003
 3.89083691322241E+0000	 1.65859936721163E-0003
 3.89731467969261E+0000	 1.43888757027461E-0003
 3.90371721830863E+0000	 1.15139252270111E-0003
 3.91003594399007E+0000	 8.22613058817606E-0004
 3.91627076233328E+0000	 4.76362670922756E-0004
 3.92242697495031E+0000	 1.32193328910667E-0004
 3.92851286145229E+0000	-1.94699109384241E-0004
 3.93453808725044E+0000	-4.92952163061861E-0004
 3.94051274210740E+0000	-7.54361297141341E-0004
 3.94644679679575E+0000	-9.73241538481864E-0004
 3.95234982206929E+0000	-1.14589292320401E-0003
 3.95823085760868E+0000	-1.27018307981317E-0003
 3.96409835243438E+0000	-1.34522573392232E-0003
 3.96996013808697E+0000	-1.37111357037023E-0003
 3.97582343806514E+0000	-1.34866813739019E-0003
 3.98169494427504E+0000	-1.27919861772197E-0003
 3.98758098997159E+0000	-1.16429974609364E-0003
 3.99348782101230E+0000	-1.00574530568396E-0003
 3.99942193029006E+0000	-8.05534797530979E-0004
 4.00539039328939E+0000	-5.66131987292440E-0004
 4.01140113196786E+0000	-2.90912676636924E-0004
 4.01746302653589E+0000	 1.51705019777392E-0005
 4.02358576583682E+0000	 3.44701207014678E-0004
 4.02977925837467E+0000	 6.86714072282947E-0004
 4.03605232957089E+0000	 1.02555092073804E-0003
 4.04241039135229E+0000	 1.34007709483882E-0003
 4.04885200208365E+0000	 1.60412411477114E-0003
 4.05536504384160E+0000	 1.78936062611191E-0003
 4.06192458810777E+0000	 1.87122914556796E-0003
 4.06849516760033E+0000	 1.83640770410851E-0003
 4.07503813589821E+0000	 1.68774243911506E-0003
 4.08152072941123E+0000	 1.44319427676398E-0003
 4.08792187592397E+0000	 1.12965847072114E-0003
 4.09423280607246E+0000	 7.75828216293605E-0004
 4.10045423480687E+0000	 4.07386251543607E-0004
 4.10659277173019E+0000	 4.50786985831963E-0005
 4.11265806652875E+0000	-2.95339328022391E-0004
 4.11866098937201E+0000	-6.02379609643343E-0004
 4.12461261123349E+0000	-8.67950350488883E-0004
 4.13052368475343E+0000	-1.08658464301427E-0003
 4.13640441458299E+0000	-1.25482612120384E-0003
 4.14226438811949E+0000	-1.37076819157966E-0003
 4.14811258390383E+0000	-1.43372374504645E-0003
 4.15395740569323E+0000	-1.44398904012477E-0003
 4.15980672285231E+0000	-1.40265913043775E-0003
 4.16566793054572E+0000	-1.31146373231666E-0003
 4.17154806172487E+0000	-1.17262327461698E-0003
 4.17745397475730E+0000	-9.88761712002926E-0004
 4.18339260756189E+0000	-7.62935432379291E-0004
 4.18937124780417E+0000	-4.98833857948384E-0004
 4.19539773817164E+0000	-2.01181943921304E-0004
 4.20148052146936E+0000	 1.23655076129420E-0004
 4.20762841760477E+0000	 4.66886866252291E-0004
 4.21384998915656E+0000	 8.16383638661873E-0004
 4.22015228711451E+0000	 1.15576629302526E-0003
 4.22653872971267E+0000	 1.46384910426869E-0003
 4.23300603428433E+0000	 1.71515977217907E-0003
 4.23954078265995E+0000	 1.88259523205674E-0003
 4.24611740186383E+0000	 1.94288819952173E-0003
 4.25270011270173E+0000	 1.88370358514182E-0003
 4.25924984309426E+0000	 1.70869870944648E-0003
 4.26573327006118E+0000	 1.43692041321759E-0003
 4.27212905953451E+0000	 1.09680083934815E-0003
 4.27842884172867E+0000	 7.18712682295456E-0004
 4.28463435755455E+0000	 3.29708259430264E-0004
 4.29075355679834E+0000	-4.86532995884146E-0005
 4.29679741865772E+0000	-4.00340571340001E-0004
 4.30277794216076E+0000	-7.13960498374337E-0004
 4.30870707804998E+0000	-9.81708997881674E-0004
 4.31459624307928E+0000	-1.19847312415911E-0003
 4.32045614807961E+0000	-1.36114740626033E-0003
 4.32629678476167E+0000	-1.46813914500175E-0003
 4.33212748811386E+0000	-1.51902431788496E-0003
 4.33795702571847E+0000	-1.51431903567028E-0003
 4.34379368617146E+0000	-1.45533120071836E-0003
 4.34964536160298E+0000	-1.34405845410713E-0003
 4.35551964233251E+0000	-1.18311323042946E-0003
 4.36142395137627E+0000	-9.75686145579042E-0004
 4.36736573063987E+0000	-7.25592899294389E-0004
 4.37335265028524E+0000	-4.37467577743768E-0004
 4.37939276395245E+0000	-1.17153364336802E-0004
 4.38549449441817E+0000	 2.27696932722614E-0004
 4.39166631344347E+0000	 5.86849948926255E-0004
 4.39791596599620E+0000	 9.46650130311073E-0004
 4.40424907424558E+0000	 1.28929931618887E-0003
 4.41066697615216E+0000	 1.59262511483273E-0003
 4.41716384333928E+0000	 1.83098752433910E-0003
 4.42372371061149E+0000	 1.97818749592740E-0003
 4.43031905241751E+0000	 2.01282502747283E-0003
 4.43691311722453E+0000	 1.92489824194091E-0003
 4.44346677883773E+0000	 1.72029377489778E-0003
 4.44994724136395E+0000	 1.41990598641697E-0003
 4.45633402134261E+0000	 1.05363764394821E-0003
 4.46261983173087E+0000	 6.52990658143933E-0004
 4.46880765968653E+0000	 2.45768744102116E-0004
 4.47490673544910E+0000	-1.46127087660738E-0004
 4.48092920373216E+0000	-5.06688307024263E-0004
 4.48688801338724E+0000	-8.24795479543660E-0004
 4.49279582560344E+0000	-1.09303697722376E-0003
 4.49866456550425E+0000	-1.30670840812300E-0003
 4.50450531236731E+0000	-1.46307302734865E-0003
 4.51032834470087E+0000	-1.56084815378834E-0003
 4.51614324869929E+0000	-1.59986053491814E-0003
 4.52195904767733E+0000	-1.58082593223327E-0003
 4.52778433007637E+0000	-1.50522155526759E-0003
 4.53362736473194E+0000	-1.37522553670869E-0003
 4.53949620589038E+0000	-1.19370296872632E-0003
 4.54539880400108E+0000	-9.64234069288349E-0004
 4.55134313816730E+0000	-6.91208720082445E-0004
 4.55733736016054E+0000	-3.80040470491373E-0004
 4.56338988903098E+0000	-3.75612420308005E-0005
 4.56950933585166E+0000	 3.27370571746991E-0004
 4.57570409145510E+0000	 7.03083430420259E-0004
 4.58198139118426E+0000	 1.07426347639474E-0003
 4.58834569313551E+0000	 1.42135657055606E-0003
 4.59479631107828E+0000	 1.72066074655057E-0003
 4.60132453502571E+0000	 1.94577275566123E-0003
 4.60791108408674E+0000	 2.07107566682838E-0003
 4.61452554738190E+0000	 2.07732521042475E-0003
 4.62112963478667E+0000	 1.95777790994785E-0003
 4.62768437057457E+0000	 1.72166008447711E-0003
 4.63415834546666E+0000	 1.39239017394258E-0003
 4.64053291419853E+0000	 1.00131670447186E-0003
 4.64680252954718E+0000	 5.80549190020853E-0004
 4.65297163261121E+0000	 1.57997155910721E-0004
 4.65905062231606E+0000	-2.44613044804766E-0004
 4.66505255992732E+0000	-6.11611847818088E-0004
 4.67099108040937E+0000	-9.32306226444550E-0004
 4.67687932510900E+0000	-1.19972824022799E-0003
 4.68272953637917E+0000	-1.40957458562304E-0003
 4.68855300627926E+0000	-1.55943151298307E-0003
 4.69436018012104E+0000	-1.64825456252941E-0003
 4.70016081082246E+0000	-1.67603729230291E-0003
 4.70596412080103E+0000	-1.64361193457609E-0003
 4.71177895624536E+0000	-1.55254588420870E-0003
 4.71761392698049E+0000	-1.40511361356571E-0003
 4.72347752851936E+0000	-1.20433124783815E-0003
 4.72937824863815E+0000	-9.54048488823896E-0004
 4.73532466410193E+0000	-6.59108952647113E-0004
 4.74132552032361E+0000	-3.25614918121374E-0004
 4.74738974620068E+0000	 3.86491270851875E-0005
 4.75352629072767E+0000	 4.23592686905068E-0004
 4.75974359814052E+0000	 8.16020293600853E-0004
 4.76604849896964E+0000	 1.19881367767690E-0003
 4.77244433297205E+0000	 1.55044553865507E-0003
 4.77892830942954E+0000	 1.84540495206416E-0003
 4.78548854854924E+0000	 2.05626900441648E-0003
 4.79210195552746E+0000	 2.15795137384295E-0003
 4.79873470747149E+0000	 2.13369529502402E-0003
 4.80534674591256E+0000	 1.98070857176434E-0003
 4.81189953854899E+0000	 1.71230245644767E-0003
 4.81836377670647E+0000	 1.35482114238944E-0003
 4.82472342945388E+0000	 9.40946064662109E-0004
 4.83097520248207E+0000	 5.02905057599629E-0004
 4.83712513578211E+0000	 6.81184942980718E-0005
 4.84318465517045E+0000	-3.42353059888533E-0004
 4.84916745469855E+0000	-7.13483750472717E-0004
 4.85508754851979E+0000	-1.03513880540853E-0003
 4.86095829111996E+0000	-1.30080638915727E-0003
 4.86679203188831E+0000	-1.50652848848683E-0003
 4.87260011734580E+0000	-1.65012187856583E-0003
 4.87839304631992E+0000	-1.73066626638394E-0003
 4.88418066798266E+0000	-1.74819635050664E-0003
 4.88997237421192E+0000	-1.70353524072969E-0003
 4.89577727283239E+0000	-1.59822611627424E-0003
 4.90160434089274E+0000	-1.43454069270347E-0003
 4.90746255680422E+0000	-1.21555783172767E-0003
 4.91336100684658E+0000	-9.45313683290242E-0004
 4.91930895848582E+0000	-6.29033170927533E-0004
 4.92531588285944E+0000	-2.73467207822167E-0004
 4.93139137766531E+0000	 1.12624799708516E-0004
 4.93754488071829E+0000	 5.17814107065615E-0004
 4.94378498487224E+0000	 9.27192795803489E-0004
 4.95011810941470E+0000	 1.32159445285137E-0003
 4.95654633232472E+0000	 1.67726993213627E-0003
 4.96306446123707E+0000	 1.96672219451963E-0003
 4.96965702444421E+0000	 2.16150909363031E-0003
 4.97629668619549E+0000	 2.23735278772318E-0003
 4.98294598847339E+0000	 2.18053339608743E-0003
 4.98956325893233E+0000	 1.99284515919968E-0003
 4.99611092260405E+0000	 1.69212767912627E-0003
 5.00256243465940E+0000	 1.30772569396810E-0003
 5.00890494208998E+0000	 8.73376201352197E-0004
 5.01513771517840E+0000	 4.20946217494119E-0004
 5.02126842957863E+0000	-2.31385879675490E-0005
 5.02730936639638E+0000	-4.38889244965882E-0004
 5.03327457115199E+0000	-8.12174506824185E-0004
 5.03917813458245E+0000	-1.13351681431136E-0003
 5.04503335839124E+0000	-1.39684341657345E-0003
 5.05085249468257E+0000	-1.59845319217157E-0003
 5.05664680266752E+0000	-1.73626989274144E-0003
 5.06242674632233E+0000	-1.80936040363826E-0003
 5.06820222770001E+0000	-1.81766103022991E-0003
 5.07398280511043E+0000	-1.76185123213237E-0003
 5.07977788120027E+0000	-1.64332887620909E-0003
 5.08559686256247E+0000	-1.46426295333407E-0003
 5.09144929326755E+0000	-1.22771932630030E-0003
 5.09734495652964E+0000	-9.37867638380886E-0004
 5.10329392733265E+0000	-6.00284678341991E-0004
 5.10930654303107E+0000	-2.22376060604888E-0004
 5.11539322870994E+0000	 1.86056761882464E-0004
 5.12156405754282E+0000	 6.12090166603192E-0004
 5.12782784736067E+0000	 1.03884727731231E-0003
 5.13419053814208E+0000	 1.44478746864860E-0003
 5.14065267100601E+0000	 1.80363184644469E-0003
 5.14720616549451E+0000	 2.08575329962030E-0003
 5.15383137431277E+0000	 2.26187157055189E-0003
 5.16049629337660E+0000	 2.30908392134381E-0003
 5.16715983291618E+0000	 2.21748691320087E-0003
 5.17377919797521E+0000	 1.99408973324815E-0003
 5.18031850146949E+0000	 1.66145891750883E-0003
 5.18675459860741E+0000	 1.25171962482019E-0003
 5.19307818420070E+0000	 7.99224763161249E-0004
 5.19929119932644E+0000	 3.35007977095412E-0004
 5.20540286836687E+0000	-1.15901795598389E-0004
 5.21142612184183E+0000	-5.34874770020279E-0004
 5.21737509608017E+0000	-9.08835750073352E-0004
 5.22326369591043E+0000	-1.22900892664431E-0003
 5.22910494485045E+0000	-1.48971273128682E-0003
 5.23491083107083E+0000	-1.68739522711584E-0003
 5.24069242306459E+0000	-1.81995162212960E-0003
 5.24646010208361E+0000	-1.88629657959519E-0003
 5.25222381868921E+0000	-1.88613809131822E-0003
 5.25799332672478E+0000	-1.81989720547655E-0003
 5.26377837996862E+0000	-1.68872992663207E-0003
 5.26958889355470E+0000	-1.49462766545485E-0003
 5.27543507401472E+0000	-1.24059366035721E-0003
 5.28132751158294E+0000	-9.30908887654955E-0004
 5.28727721049517E+0000	-5.71509900342202E-0004
 5.29329550837247E+0000	-1.70503731801825E-0004
 5.29939379864103E+0000	 2.61160363874191E-0004
 5.30558291115001E+0000	 7.08871281608855E-0004
 5.31187193013325E+0000	 1.15348782865821E-0003
 5.31826618796636E+0000	 1.57072699162254E-0003
 5.32476430820928E+0000	 1.93145100243063E-0003
 5.33135469395532E+0000	 2.20381223564369E-0003
 5.33801283513571E+0000	 2.35804453805463E-0003
 5.34470168094695E+0000	 2.37342667731723E-0003
 5.35137674640723E+0000	 2.24480026034303E-0003
 5.35799488471639E+0000	 1.98494388288854E-0003
 5.36452275860543E+0000	 1.62110114286355E-0003
 5.37094118115352E+0000	 1.18771218873022E-0003
 5.37724456831166E+0000	 7.19194578022320E-0004
 5.38343744783298E+0000	 2.45308079616904E-0004
 5.38953039107160E+0000	-2.10602611740542E-0004
 5.39553674071670E+0000	-6.31422983455049E-0004
 5.40147049185080E+0000	-1.00518664241531E-0003
 5.40734516048298E+0000	-1.32379199723571E-0003
 5.41317333511308E+0000	-1.58186295813138E-0003
 5.41896663900713E+0000	-1.77587689033982E-0003
 5.42473590535428E+0000	-1.90357044389313E-0003
 5.43049143612260E+0000	-1.96358555786338E-0003
 5.43624326846409E+0000	-1.95530253648022E-0003
 5.44200141148677E+0000	-1.87880915334299E-0003
 5.44777604275691E+0000	-1.73496757036696E-0003
 5.45357766763919E+0000	-1.52556016073156E-0003
 5.45941724486391E+0000	-1.25351625356168E-0003
 5.46530626933940E+0000	-9.23239331969611E-0004
 5.47125678002388E+0000	-5.41064631888268E-0004
 5.47728122675300E+0000	-1.15877845980212E-0004
 5.48339208128004E+0000	 3.40089314950939E-0004
 5.48960100962576E+0000	 8.10320947561907E-0004
 5.49591734792148E+0000	 1.27309827696764E-0003
 5.50234561486332E+0000	 1.70102512478982E-0003
 5.50888203298319E+0000	 2.06181489593391E-0003
 5.51551076412135E+0000	 2.32143076349307E-0003
 5.52220174501297E+0000	 2.45018194127878E-0003
 5.52891267300313E+0000	 2.43053055195386E-0003
 5.53559620252383E+0000	 2.26300765473683E-0003
 5.54220983217788E+0000	 1.96650287584684E-0003
 5.54872364563697E+0000	 1.57259018272147E-0003
 5.55512280019241E+0000	 1.11735676304838E-0003
 5.56140538323981E+0000	 6.34687614258171E-0004
 5.56757824729993E+0000	 1.52701599684123E-0004
 5.57365301116007E+0000	-3.07098215588872E-0004
 5.57964317052791E+0000	-7.29131424322992E-0004
 5.58556238154298E+0000	-1.10247823638264E-0003
 5.59142363659230E+0000	-1.41960446721773E-0003
 5.59723901415318E+0000	-1.67531259901767E-0003
 5.60301975189655E+0000	-1.86598172862091E-0003
 5.60877647226415E+0000	-1.98907768214318E-0003
 5.61451945497691E+0000	-2.04288387600781E-0003
 5.62025889884147E+0000	-2.02639830099385E-0003
 5.62600514855182E+0000	-1.93935021013454E-0003
 5.63176888295773E+0000	-1.78230599425740E-0003
 5.63756126999255E+0000	-1.55685371051471E-0003
 5.64339408992574E+0000	-1.26587631617995E-0003
 5.64927981269504E+0000	-9.13941184549294E-0004
 5.65523158636533E+0000	-5.07844193029812E-0004
 5.66126305010895E+0000	-5.73454143331396E-0005
 5.66738782207420E+0000	 4.23891431556710E-0004
 5.67361842955453E+0000	 9.17220054752467E-0004
 5.67996437352835E+0000	 1.39803849307401E-0003
 5.68642906072142E+0000	 1.83551051390633E-0003
 5.69300573621509E+0000	 2.19402480029567E-0003
 5.69967356866734E+0000	 2.43759454978773E-0003
 5.70639639325541E+0000	 2.53741161465787E-0003
 5.71312678729237E+0000	 2.48023482941951E-0003
 5.71981544053456E+0000	 2.27305501468991E-0003
 5.72642163347533E+0000	 1.94083191858510E-0003
 5.73291959935739E+0000	 1.51877739998403E-0003
 5.73929894750927E+0000	 1.04380456830671E-0003
 5.74556113000526E+0000	 5.48693129725929E-0004
 5.75171489266964E+0000	 5.96739340625361E-0005
 5.75777252193733E+0000	-4.03599631705236E-0004
 5.76374739805538E+0000	-8.26958663533782E-0004
 5.76965268141870E+0000	-1.20035388361866E-0003
 5.77550077728548E+0000	-1.51663500342625E-0003
 5.78130326237235E+0000	-1.77061895884950E-0003
 5.78707104758076E+0000	-1.95845728641090E-0003
 5.79281463376072E+0000	-2.07725780993644E-0003
 5.79854437961569E+0000	-2.12490084067451E-0003
 5.80427074410220E+0000	-2.09999502160481E-0003
 5.81000449326442E+0000	-2.00193282922152E-0003
 5.81575687584327E+0000	-1.83102527958187E-0003
 5.82153977469671E+0000	-1.58871634723623E-0003
 5.82736583253958E+0000	-1.27789765630173E-0003
 5.83324853002370E+0000	-9.03360840891149E-0004
 5.83920215919778E+0000	-4.72435139018636E-0004
 5.84524158088145E+0000	 4.14625461030995E-0006
 5.85138157445703E+0000	 5.11144159859220E-0004
 5.85763548709834E+0000	 1.02757832377833E-0003
 5.86401281566097E+0000	 1.52571257549042E-0003
 5.87051547171367E+0000	 1.97106039224368E-0003
 5.87713310898417E+0000	 2.32471976773676E-0003
 5.88383926366737E+0000	 2.54927813251963E-0003
 5.89059147272673E+0000	 2.61783371844045E-0003
 5.89733782588780E+0000	 2.52247640399391E-0003
 5.90402829096664E+0000	 2.27699231800677E-0003
 5.91062503272917E+0000	 1.91182809501092E-0003
 5.91710683396588E+0000	 1.46479411755756E-0003
 5.92346748289857E+0000	 9.72736766722964E-0004
 5.92971120823233E+0000	 4.66862951859154E-0004
 5.93584806080346E+0000	-2.85624865241127E-0005
 5.94189055506313E+0000	-4.95573687878412E-0004
 5.94785169400952E+0000	-9.21145843665752E-0004
 5.95374403489438E+0000	-1.29581605580304E-0003
 5.95957940430592E+0000	-1.61256764750811E-0003
 5.96536896199832E+0000	-1.86604103052937E-0003
 5.97112341748145E+0000	-2.05203697702739E-0003
 5.97685328652873E+0000	-2.16724634903830E-0003
 5.98256913309957E+0000	-2.20914039645794E-0003
 5.98828177946282E+0000	-2.17597065837509E-0003
 5.99400248775215E+0000	-2.06684838314313E-0003
 5.99974312338660E+0000	-1.88189543234062E-0003
 6.00551630727154E+0000	-1.62247958488811E-0003
 6.01133555020273E+0000	-1.29156607886301E-0003
 6.01721533769766E+0000	-8.94233070429277E-0004
 6.02317109166052E+0000	-4.38408007052488E-0004
 6.02921886860962E+0000	 6.41257082747959E-0005
 6.03537455487521E+0000	 5.96453482334214E-0004
 6.04165219764147E+0000	 1.13513800609009E-0003
 6.04806104610274E+0000	 1.64920012161638E-0003
 6.05460110571274E+0000	 2.10052519193883E-0003
 6.06125793596819E+0000	 2.44727508196463E-0003
 6.06799916574633E+0000	 2.65143776667862E-0003
 6.07477645074679E+0000	 2.68908085665807E-0003
 6.08153461222257E+0000	 2.55823772665958E-0003
 6.08822431501250E+0000	 2.27909031732529E-0003
 6.09481139636312E+0000	 1.88636006150735E-0003
 6.10127905950012E+0000	 1.41915621032226E-0003
 6.10762454321303E+0000	 9.13420391372050E-0004
 6.11385398472460E+0000	 3.98515974075388E-0004
 6.11997802104149E+0000	-1.03118223778461E-0004
 6.12600892281670E+0000	-5.74852651565611E-0004
 6.13195908138269E+0000	-1.00439424699273E-0003
 6.13784040317754E+0000	-1.38248515550029E-0003
 6.14366421506814E+0000	-1.70194057108033E-0003
 6.14944140860398E+0000	-1.95702027423526E-0003
 6.15518266325612E+0000	-2.14306454222955E-0003
 6.16089866959752E+0000	-2.25631531373588E-0003
 6.16660032511265E+0000	-2.29385811528537E-0003
 6.17229890388318E+0000	-2.25364381350250E-0003
 6.17800621298014E+0000	-2.13457375568833E-0003
 6.18373474818513E+0000	-1.93665394941989E-0003
 6.18949785278039E+0000	-1.66124315698815E-0003
 6.19530986578636E+0000	-1.31143685306111E-0003
 6.20118621680585E+0000	-8.92643774958160E-0004
 6.20714337597443E+0000	-4.13420223351598E-0004
 6.21319848802522E+0000	 1.13384792790889E-0004
 6.21936840032338E+0000	 6.69189098360598E-0004
 6.22566765582436E+0000	 1.22815566204157E-0003
 6.23210498110670E+0000	 1.75623509393906E-0003
 6.23867817793974E+0000	 2.21209254696063E-0003
 6.24536859461590E+0000	 2.55171182566497E-0003
 6.25213839374585E+0000	 2.73748942865572E-0003
 6.25893460511294E+0000	 2.74918861623299E-0003
 6.26570048880394E+0000	 2.59052956998005E-0003
 6.27238865277654E+0000	 2.28672661430035E-0003
 6.27896875458385E+0000	 1.87499146428888E-0003
