-2.49847720258326E-0003	 5.09644790330208E-0004
 3.74072355012114E-0003	 1.01783758843368E-0003
 1.00891845639613E-0002	 1.52150416346306E-0003
 1.65571750681477E-0002	 1.99553688328773E-0003
 2.31490497541026E-0002	 2.40559179203667E-0003
 2.98562523598855E-0002	 2.70898669303573E-0003
 3.66496586077711E-0002	 2.86143665328325E-0003
 4.34771376841525E-0002	 2.83072284156779E-0003
 5.02728083645719E-0002	 2.61128946885576E-0003
 5.69757718303005E-0002	 2.22841461647249E-0003
 6.35458135443753E-0002	 1.72795465163405E-0003
 6.99669342005531E-0002	 1.16058302754364E-0003
 7.62414571154857E-0002	 5.70826066750602E-0004
 8.23820901846148E-0002	-6.72144479021405E-0006
 8.84061048882257E-0002	-5.46836141996788E-0004
 9.43321253681649E-0002	-1.03173575864362E-0003
 1.00178643681818E-0001	-1.44924629014636E-0003
 1.05963396975875E-0001	-1.79144722599454E-0003
 1.11703100143434E-0001	-2.05373335078580E-0003
 1.17413309910537E-0001	-2.23414223951091E-0003
 1.23108347431483E-0001	-2.33282959264660E-0003
 1.28801269432264E-0001	-2.35162668150363E-0003
 1.34503895926376E-0001	-2.29365465317132E-0003
 1.40226900367942E-0001	-2.16299513580893E-0003
 1.45979958858808E-0001	-1.96442693783138E-0003
 1.51771948091425E-0001	-1.70323780968796E-0003
 1.57611184179383E-0001	-1.38511603337725E-0003
 1.63505706000144E-0001	-1.01613179149860E-0003
 1.69463614514061E-0001	-6.02843391950210E-0004
 1.75493462764672E-0001	-1.52606272522217E-0004
 1.81604632302385E-0001	 3.25794767533547E-0004
 1.87807522441415E-0001	 8.21054050405152E-0004
 1.94113212212204E-0001	 1.31770510038330E-0003
 2.00532028698151E-0001	 1.79403021796631E-0003
 2.07070252096340E-0001	 2.22011003099805E-0003
 2.13724389504233E-0001	 2.55757756590983E-0003
 2.20473912278035E-0001	 2.76376103143415E-0003
 2.27276578534806E-0001	 2.80230754954551E-0003
 2.34072760256416E-0001	 2.65745528622915E-0003
 2.40800486097281E-0001	 2.34252843998958E-0003
 2.47412520340655E-0001	 1.89517394246569E-0003
 2.53884397854851E-0001	 1.36346255241960E-0003
 2.60211783142770E-0001	 7.93213008478511E-0004
 2.66403252403653E-0001	 2.21826524326015E-0004
 2.72473865933327E-0001	-3.22586457636549E-0004
 2.78441184197112E-0001	-8.19780743462097E-0004
 2.84323256690927E-0001	-1.25558992846709E-0003
 2.90137716976511E-0001	-1.62048492324072E-0003
 2.95901377651581E-0001	-1.90854851170798E-0003
 3.01630023044995E-0001	-2.11674459541107E-0003
 3.07338285570152E-0001	-2.24435836832683E-0003
 3.13039578969552E-0001	-2.29253012262081E-0003
 3.18746091724157E-0001	-2.26384894498422E-0003
 3.24468846709658E-0001	-2.16200168423679E-0003
 3.30217824692931E-0001	-1.99148696439504E-0003
 3.36002139708450E-0001	-1.75740553370864E-0003
 3.41830252270392E-0001	-1.46533236166901E-0003
 3.47710215229150E-0001	-1.12127390620355E-0003
 3.53649959226380E-0001	-7.31728596726119E-0004
 3.59657621390937E-0001	-3.03903555189594E-0004
 3.65741882026464E-0001	 1.53816575066595E-0004
 3.71912188563573E-0001	 6.31026957531710E-0004
 3.78178610430127E-0001	 1.11398684882611E-0003
 3.84550882375749E-0001	 1.58385642386866E-0003
 3.91036001052064E-0001	 2.01485342399608E-0003
 3.97633771211451E-0001	 2.37341172328411E-0003
 4.04330553146496E-0001	 2.62041643200992E-0003
 4.11093790938231E-0001	 2.71876989589965E-0003
 4.17872577487556E-0001	 2.64567110989062E-0003
 4.24608001000318E-0001	 2.40315320094991E-0003
 4.31249008520365E-0001	 2.01856415817159E-0003
 4.37763609731766E-0001	 1.53441442045998E-0003
 4.44140142506510E-0001	 9.95621526196609E-0004
 4.50381908770332E-0001	 4.41284131820218E-0004
 4.56500756344086E-0001	-9.79890827262110E-0005
 4.62512455973623E-0001	-5.99541574733713E-0004
 4.68434108803360E-0001	-1.04714029713113E-0003
 4.74282883868853E-0001	-1.42953115879578E-0003
 4.80075426390463E-0001	-1.73935259344581E-0003
 4.85827553791667E-0001	-1.97235565212250E-0003
 4.91554072616253E-0001	-2.12681578052246E-0003
 4.97268664698025E-0001	-2.20305027483940E-0003
 5.02983837400598E-0001	-2.20299820074557E-0003
 5.08710943399822E-0001	-2.12985240584205E-0003
 5.14460269712852E-0001	-1.98775214454986E-0003
 5.20241184849745E-0001	-1.78155020366436E-0003
 5.26062326293215E-0001	-1.51666343557204E-0003
 5.31931814339965E-0001	-1.19900893089716E-0003
 5.37857490312402E-0001	-8.35032508196270E-0004
 5.43847182920303E-0001	-4.31860235008908E-0004
 5.49908985676565E-0001	 2.35829675581333E-0006
 5.56051465981982E-0001	 4.57815117589008E-0004
 5.62283618808597E-0001	 9.22022861715537E-0004
 5.68614228116454E-0001	 1.37839566330353E-0003
 5.75050135453505E-0001	 1.80465741181714E-0003
 5.81592877600923E-0001	 2.17181149815433E-0003
 5.88233636495405E-0001	 2.44518555867084E-0003
 5.94947998544625E-0001	 2.58951696591503E-0003
 6.01694333698511E-0001	 2.57859266299201E-0003
 6.08419870740894E-0001	 2.40569227670362E-0003
 6.15073562278716E-0001	 2.08770244696401E-0003
 6.21618298881817E-0001	 1.65938926679568E-0003
 6.28035607622035E-0001	 1.16232981350286E-0003
 6.34322947108838E-0001	 6.35635984321167E-0004
 6.40488116813345E-0001	 1.11531407853493E-0004
 6.46544367173633E-0001	-3.85300370127579E-0004
 6.52507292924871E-0001	-8.36700167941424E-0004
 6.58393177025207E-0001	-1.22971869115256E-0003
 6.64218170421014E-0001	-1.55552326851008E-0003
 6.69997866613666E-0001	-1.80859001759372E-0003
 6.75747047260364E-0001	-1.98609933929291E-0003
 6.81479514583804E-0001	-2.08744789140040E-0003
 6.87207992166164E-0001	-2.11382519732578E-0003
 6.92944097171429E-0001	-2.06783741282793E-0003
 6.98698386199705E-0001	-1.95318379837207E-0003
 7.04480466749259E-0001	-1.77440145836960E-0003
 7.10299156133771E-0001	-1.53669205735480E-0003
 7.16162667567242E-0001	-1.24583610946351E-0003
 7.22078811117741E-0001	-9.08197050565781E-0004
 7.28055206603326E-0001	-5.30829540945297E-0004
 7.34099498286202E-0001	-1.21735190257337E-0004
 7.40219520185589E-0001	 3.09660578288626E-0004
 7.46423278994334E-0001	 7.51731032175946E-0004
 7.52718503391941E-0001	 1.18954425973598E-0003
 7.59111376920215E-0001	 1.60357435282076E-0003
 7.65604016913287E-0001	 1.96872963837758E-0003
 7.72190537699326E-0001	 2.25477658256756E-0003
 7.78852546108915E-0001	 2.42970276647162E-0003
 7.85556660779118E-0001	 2.46689827816225E-0003
 7.92257549384208E-0001	 2.35423836840931E-0003
 7.98907349424117E-0001	 2.09983900813751E-0003
 8.05466974199923E-0001	 1.73008087650014E-0003
 8.11912863709187E-0001	 1.28129381370896E-0003
 8.18236975670875E-0001	 7.90734888504145E-0004
 8.24442698061270E-0001	 2.90961153131859E-0004
 8.30540220080677E-0001	-1.92056564728006E-0004
 8.36543131571787E-0001	-6.38635538542010E-0004
 8.42466415315418E-0001	-1.03435192413134E-0003
 8.48325384504075E-0001	-1.36902046896121E-0003
 8.54135119910919E-0001	-1.63589393772024E-0003
 8.59910136901898E-0001	-1.83106027267399E-0003
 8.65664162018388E-0001	-1.95296285334198E-0003
 8.71409982775037E-0001	-2.00198702663240E-0003
 8.77159368651673E-0001	-1.98008793062218E-0003
 8.82923067446836E-0001	-1.89046044354053E-0003
 8.88710873533793E-0001	-1.73726668106821E-0003
 8.94531752846733E-0001	-1.52543911044005E-0003
 9.00394001961127E-0001	-1.26057084185850E-0003
 9.06305420498957E-0001	-9.48897040040072E-0004
 9.12273483970228E-0001	-5.97373507842030E-0004
 9.18305504647724E-0001	-2.13875768129513E-0004
 9.24408744123364E-0001	 1.92433506560254E-0004
 9.30590382715184E-0001	 6.10510722858119E-0004
 9.36857160672665E-0001	 1.02658793084956E-0003
 9.43214404447788E-0001	 1.42317638059673E-0003
 9.49664102448072E-0001	 1.77827242500448E-0003
 9.56201866065120E-0001	 2.06553762418527E-0003
 9.62813279227552E-0001	 2.25660604511072E-0003
 9.69471379191460E-0001	 2.32637387951177E-0003
 9.76137949217477E-0001	 2.26035689184922E-0003
 9.82770051651998E-0001	 2.06057732458014E-0003
 9.89329446003488E-0001	 1.74597233002680E-0003
 9.95789866867098E-0001	 1.34686519422042E-0003
 1.00213901277163E+0000	 8.97184711712927E-0004
 1.00837617335482E+0000	 4.28457876886257E-0004
 1.01450832754097E+0000	-3.30325844186072E-0005
 1.02054676588756E+0000	-4.66715373534621E-0004
 1.02650486241826E+0000	-8.57105181265719E-0004
 1.03239680277147E+0000	-1.19294052566659E-0003
 1.03823688726418E+0000	-1.46643458442917E-0003
 1.04403912082507E+0000	-1.67269594645495E-0003
 1.04981693820576E+0000	-1.80927179954424E-0003
 1.05558300762134E+0000	-1.87575817114280E-0003
 1.06134910288977E+0000	-1.87344582432178E-0003
 1.06712604881876E+0000	-1.80499660818293E-0003
 1.07292374134317E+0000	-1.67416335659148E-0003
 1.07875123267715E+0000	-1.48557393854372E-0003
 1.08461686067268E+0000	-1.24459727894331E-0003
 1.09052839712501E+0000	-9.57301002656576E-0004
 1.09649319276757E+0000	-6.30505764476539E-0004
 1.10251829896866E+0000	-2.71947720404440E-0004
 1.10861053333986E+0000	 1.09424288202106E-0004
 1.11477641718395E+0000	 5.02982000413218E-0004
 1.12102184709605E+0000	 8.95770853311752E-0004
 1.12735128848380E+0000	 1.27176127318881E-0003
 1.13376624496291E+0000	 1.61126610295318E-0003
 1.14026288037910E+0000	 1.89109149973406E-0003
 1.14682913428380E+0000	 2.08626904398789E-0003
 1.15344254382459E+0000	 2.17405912683317E-0003
 1.16007074571535E+0000	 2.13976359238567E-0003
 1.16667603052210E+0000	 1.98197454500921E-0003
 1.17322279503001E+0000	 1.71407632554508E-0003
 1.17968431355291E+0000	 1.36083409147857E-0003
 1.18604575228197E+0000	 9.52194532638515E-0004
 1.19230323002391E+0000	 5.17610516371897E-0004
 1.19846084811867E+0000	 8.27140437783510E-0005
 1.20452761975968E+0000	-3.31774519439714E-0004
 1.21051520173919E+0000	-7.09850310099542E-0004
 1.21643649197082E+0000	-1.03957736183570E-0003
 1.22230482646989E+0000	-1.31243064007658E-0003
 1.22813350524094E+0000	-1.52276109930068E-0003
 1.23393547761850E+0000	-1.66737389616945E-0003
 1.23972311115290E+0000	-1.74517333869090E-0003
 1.24550802409450E+0000	-1.75683937333008E-0003
 1.25130098484384E+0000	-1.70452387676521E-0003
 1.25711188413718E+0000	-1.59157544431839E-0003
 1.26294977680928E+0000	-1.42231325392366E-0003
 1.26882297742074E+0000	-1.20187249304520E-0003
 1.27473918453481E+0000	-9.36137957577456E-0004
 1.28070560531584E+0000	-6.31775032313929E-0004
 1.28672905179176E+0000	-2.96365488312735E-0004
 1.29281597229641E+0000	 6.13393980427050E-0005
 1.29897235584908E+0000	 4.31033913638970E-0004
 1.30520340194009E+0000	 8.00347973434784E-0004
 1.31151279777171E+0000	 1.15428921733106E-0003
 1.31790142976434E+0000	 1.47485780077286E-0003
 1.32436546046576E+0000	 1.74127079802537E-0003
 1.33089404923954E+0000	 1.93142382295278E-0003
 1.33746762094419E+0000	 2.02509436979189E-0003
 1.34405814120019E+0000	 2.00858115763798E-0003
 1.35063250450483E+0000	 1.87910325487767E-0003
 1.35715841763493E+0000	 1.64654657533814E-0003
 1.36361025538490E+0000	 1.33133688636105E-0003
 1.36997230913687E+0000	 9.59632286472286E-0004
 1.37623875703763E+0000	 5.58340862910331E-0004
 1.38241154022486E+0000	 1.51750818487641E-0004
 1.38849774122143E+0000	-2.39929260863379E-0004
 1.39450743323850E+0000	-6.00727437629194E-0004
 1.40045224458403E+0000	-9.18482805651244E-0004
 1.40634449613608E+0000	-1.18429893176083E-0003
 1.41219668606087E+0000	-1.39206595583157E-0003
 1.41802115178518E+0000	-1.53807980233269E-0003
 1.42382981987954E+0000	-1.62072675181016E-0003
 1.42963401344564E+0000	-1.64019794691396E-0003
 1.43544431691908E+0000	-1.59821617229987E-0003
 1.44127050666900E+0000	-1.49777773924499E-0003
 1.44712155052937E+0000	-1.34292741560782E-0003
 1.45300566737497E+0000	-1.13859089191123E-0003
 1.45893042528901E+0000	-8.90487298303907E-0004
 1.46490284816815E+0000	-6.05137344508866E-0004
 1.47092949544163E+0000	-2.89976260599924E-0004
 1.47701647182184E+0000	 4.64226447535222E-0005
 1.48316930583377E+0000	 3.94014125898287E-0004
 1.48939260566669E+0000	 7.40860993937017E-0004
 1.49568937092621E+0000	 1.07271329080006E-0003
 1.50205984298592E+0000	 1.37278627319269E-0003
 1.50849987904435E+0000	 1.62209504653394E-0003
 1.51499911763353E+0000	 1.80082163192069E-0003
 1.52153966963696E+0000	 1.89105654633184E-0003
 1.52809644767735E+0000	 1.88062638766466E-0003
 1.53463995609562E+0000	 1.76671203439689E-0003
 1.54114109802053E+0000	 1.55741604423578E-0003
 1.54757612340778E+0000	 1.27025801066714E-0003
 1.55392966686460E+0000	 9.28351463347336E-0004
 1.56019513502591E+0000	 5.56148396875936E-0004
 1.56637318139998E+0000	 1.76295791926872E-0004
 1.57246952086435E+0000	-1.91944673178724E-0004
 1.57849297965615E+0000	-5.33074235599454E-0004
 1.58445410703415E+0000	-8.35108946864158E-0004
 1.59036430252105E+0000	-1.08913860146952E-0003
 1.59623528578498E+0000	-1.28890653358192E-0003
 1.60207875247704E+0000	-1.43046813743409E-0003
 1.60790612101692E+0000	-1.51191262081492E-0003
 1.61372833106090E+0000	-1.53311570536187E-0003
 1.61955568860269E+0000	-1.49550140339728E-0003
 1.62539776649315E+0000	-1.40180947971990E-0003
 1.63126336826124E+0000	-1.25588192136317E-0003
 1.63716055320181E+0000	-1.06249207636439E-0003
 1.64309670713342E+0000	-8.27242477525492E-0004
 1.64907863048955E+0000	-5.56552983061402E-0004
 1.65511260505277E+0000	-2.57753081548056E-0004
 1.66120438998605E+0000	 6.07168776568810E-0005
 1.66735908232103E+0000	 3.89004689945113E-0004
 1.67358075663793E+0000	 7.15484126673110E-0004
 1.67987178493477E+0000	 1.02642925761406E-0003
 1.68623176028692E+0000	 1.30592006522038E-0003
 1.69265605752395E+0000	 1.53629241400434E-0003
 1.69913431373783E+0000	 1.69950603713151E-0003
 1.70564947558289E+0000	 1.77964183382886E-0003
 1.71217830238489E+0000	 1.76619805932043E-0003
 1.71869390621482E+0000	 1.65708259947962E-0003
 1.72516989045986E+0000	 1.45984428027466E-0003
 1.73158456644969E+0000	 1.19037209273368E-0003
 1.73792361374492E+0000	 8.69664824064915E-0004
 1.74418055111370E+0000	 5.20164644344510E-0004
 1.75035554730997E+0000	 1.62933382176516E-0004
 1.75645356754308E+0000	-1.83879944363540E-0004
 1.76248263083207E+0000	-5.05507301289812E-0004
 1.76845251175926E+0000	-7.90424109395400E-0004
 1.77437389447796E+0000	-1.02998793252583E-0003
 1.78025785017380E+0000	-1.21806589895308E-0003
 1.78611550053994E+0000	-1.35072481133933E-0003
 1.79195777350650E+0000	-1.42598208007016E-0003
 1.79779520622223E+0000	-1.44359031447455E-0003
 1.80363778497263E+0000	-1.40483181005099E-0003
 1.80949482920634E+0000	-1.31231423824879E-0003
 1.81537493003880E+0000	-1.16977546927810E-0003
 1.82128594665346E+0000	-9.81918210956615E-0004
 1.82723505114085E+0000	-7.54301305027753E-0004
 1.83322879738249E+0000	-4.93313551519878E-0004
 1.83927317491917E+0000	-2.06249008209402E-0004
 1.84537359405592E+0000	 9.85094101496336E-0005
 1.85153473237733E+0000	 4.11211402535505E-0004
 1.85776015778405E+0000	 7.20415262597850E-0004
 1.86405164156319E+0000	 1.01272921704696E-0003
 1.87040811439301E+0000	 1.27281747867422E-0003
 1.87682434006705E+0000	 1.48396142557697E-0003
 1.88328961754396E+0000	 1.62948129513010E-0003
 1.88978712042902E+0000	 1.69512557327666E-0003
 1.89629461908121E+0000	 1.67203169765117E-0003
 1.90278697324898E+0000	 1.55924075750072E-0003
 1.90923988926267E+0000	 1.36456023633024E-0003
 1.91563359994753E+0000	 1.10323399864184E-0003
 1.92195512858086E+0000	 7.95014975507798E-0004
 1.92819866132137E+0000	 4.60912664485770E-0004
 1.93436449278204E+0000	 1.20676577365299E-0004
 1.94045738125635E+0000	-2.08605779160875E-0004
 1.94648497502276E+0000	-5.12973809192638E-0004
 1.95245661227087E+0000	-7.81502978525868E-0004
 1.95838252108712E+0000	-1.00599053179797E-0003
 1.96427331894451E+0000	-1.18061502142175E-0003
 1.97013969227387E+0000	-1.30164777402082E-0003
 1.97599216769973E+0000	-1.36722305750486E-0003
 1.98184092766256E+0000	-1.37714502311876E-0003
 1.98769565582500E+0000	-1.33270782008146E-0003
 1.99356541671441E+0000	-1.23651668217396E-0003
 1.99945858031040E+0000	-1.09231307247468E-0003
 2.00538279832833E+0000	-9.04820675060448E-0004
 2.01134502772511E+0000	-6.79637877707066E-0004
 2.01735158138776E+0000	-4.23204662186176E-0004
 2.02340816832295E+0000	-1.42866848439361E-0004
 2.02951986705712E+0000	 1.52952545772994E-0004
 2.03569095763448E+0000	 4.54489814477248E-0004
 2.04192452483773E+0000	 7.50342535165950E-0004
 2.04822175251254E+0000	 1.02726086799579E-0003
 2.05458088339381E+0000	 1.27023767885690E-0003
 2.06099595607046E+0000	 1.46317944234202E-0003
 2.06745566510086E+0000	 1.59041695558351E-0003
 2.07394294595764E+0000	 1.63907683226705E-0003
 2.08043593646078E+0000	 1.60183945061117E-0003
 2.08691054420532E+0000	 1.47908920372439E-0003
 2.09334401345383E+0000	 1.27941700310893E-0003
 2.09971822567659E+0000	 1.01813483378129E-0003
 2.10602160124511E+0000	 7.14459826008984E-0004
 2.11224928689081E+0000	 3.88526667750364E-0004
 2.11840210541788E+0000	 5.91266888776296E-0005
 2.12448501678142E+0000	-2.57537430934413E-0004
 2.13050566239043E+0000	-5.48258511342741E-0004
 2.13647325129414E+0000	-8.02733061106895E-0004
 2.14239781101350E+0000	-1.01326451409429E-0003
 2.14828971582859E+0000	-1.17443919264363E-0003
 2.15415938628201E+0000	-1.28284944267628E-0003
 2.16001707801192E+0000	-1.33687420337174E-0003
 2.16587271308263E+0000	-1.33649901915917E-0003
 2.17173573663330E+0000	-1.28315319967737E-0003
 2.17761500058867E+0000	-1.17955030669572E-0003
 2.18351868411680E+0000	-1.02953162239349E-0003
 2.18945425890076E+0000	-8.37925803448883E-0004
 2.19542849791544E+0000	-6.10448270729434E-0004
 2.20144751113270E+0000	-3.53668636402430E-0004
 2.20751677214750E+0000	-7.50715832017819E-0005
 2.21364107783854E+0000	 2.16776606661885E-0004
 2.21982436205744E+0000	 5.11971703972819E-0004
 2.22606927209187E+0000	 7.98989938633014E-0004
 2.23237643055065E+0000	 1.06451837721962E-0003
 2.23874337397874E+0000	 1.29362118245119E-0003
 2.24516331479713E+0000	 1.47052523367122E-0003
 2.25162411504808E+0000	 1.58025188560813E-0003
 2.25810808776504E+0000	 1.61103912097216E-0003
 2.26459321592792E+0000	 1.55699103819931E-0003
 2.27105587984291E+0000	 1.41994300206035E-0003
 2.27747436452351E+0000	 1.20961589367859E-0003
 2.28383189528229E+0000	 9.41899841618432E-0004
 2.29011821789614E+0000	 6.36024297653416E-0004
 2.29632956147750E+0000	 3.11725136800394E-0004
 2.30246751235259E+0000	-1.28146886519473E-0005
 2.30853750678336E+0000	-3.22053821106536E-0004
 2.31454744759215E+0000	-6.03413638994778E-0004
 2.32050665814954E+0000	-8.47154654956798E-0004
 2.32642518101728E+0000	-1.04607498497715E-0003
 2.33231333668223E+0000	-1.19518973483109E-0003
 2.33818144399203E+0000	-1.29145802100184E-0003
 2.34403962628515E+0000	-1.33356741914779E-0003
 2.34989765840195E+0000	-1.32175991464635E-0003
 2.35576483653008E+0000	-1.25767857208385E-0003
 2.36164987068010E+0000	-1.14422085877187E-0003
 2.36756080802199E+0000	-9.85396425892859E-0004
 2.37350499511011E+0000	-7.86200025705209E-0004
 2.37948907912317E+0000	-5.52521169948034E-0004
 2.38551903353633E+0000	-2.91118493490502E-0004
 2.39160017311289E+0000	-9.68557758226422E-0006
 2.39773709854958E+0000	 2.82978011853486E-0004
 2.40393348710738E+0000	 5.76707430238631E-0004
 2.41019163284275E+0000	 8.59696709513612E-0004
 2.41651165929329E+0000	 1.11835838676778E-0003
 2.42289041014688E+0000	 1.33756160086604E-0003
 2.42932020005588E+0000	 1.50154247420866E-0003
 2.43578786536303E+0000	 1.59569156425426E-0003
 2.44227476394299E+0000	 1.60908925612586E-0003
 2.44875827484415E+0000	 1.53712312495566E-0003
 2.45521475766347E+0000	 1.38312525464937E-0003
 2.46162309969505E+0000	 1.15818291658215E-0003
 2.46796756999995E+0000	 8.79136120253511E-0004
 2.47423911075952E+0000	 5.65645584909212E-0004
 2.48043505449059E+0000	 2.37434924410950E-0004
 2.48655787142949E+0000	-8.76118450838370E-0005
 2.49261364248913E+0000	-3.94391078786997E-0004
 2.49861071252287E+0000	-6.70802080208402E-0004
 2.50455869418681E+0000	-9.07572925027563E-0004
 2.51046780837382E+0000	-1.09793866277828E-0003
 2.51634847239973E+0000	-1.23731423622542E-0003
 2.52221104102729E+0000	-1.32301947169612E-0003
 2.52806562883274E+0000	-1.35406288332313E-0003
 2.53392197172785E+0000	-1.33096869251954E-0003
 2.53978930999416E+0000	-1.25562741051078E-0003
 2.54567629165654E+0000	-1.13115639536606E-0003
 2.55159090319127E+0000	-9.61767597795036E-0004
 2.55754043495625E+0000	-7.52651879967482E-0004
 2.56353148171267E+0000	-5.09900340512117E-0004
 2.56956996426192E+0000	-2.40490411291394E-0004
 2.57566113675458E+0000	 4.76355305388418E-0005
 2.58180951722111E+0000	 3.45384209114701E-0004
 2.58801865182310E+0000	 6.42236653987804E-0004
 2.59429060935034E+0000	 9.25964137105935E-0004
 2.60062512610231E+0000	 1.18250405316878E-0003
 2.60701841842028E+0000	 1.39626368500211E-0003
 2.61346188241958E+0000	 1.55116594427908E-0003
 2.61994118317680E+0000	 1.63262999708870E-0003
 2.62643643712585E+0000	 1.63028463608910E-0003
 2.63292401926904E+0000	 1.54062668388471E-0003
 2.63937982472605E+0000	 1.36847885532589E-0003
 2.64578294255551E+0000	 1.12645519693546E-0003
 2.65211839491966E+0000	 8.32623263543275E-0004
 2.65837816392126E+0000	 5.07400018935603E-0004
 2.66456064814516E+0000	 1.70808396834677E-0004
 2.67066924795130E+0000	-1.59303589575447E-0004
 2.67671078180842E+0000	-4.68065757761879E-0004
 2.68269414906408E+0000	-7.43703945791258E-0004
 2.68862936835090E+0000	-9.77303761292736E-0004
 2.69452695320327E+0000	-1.16245788992730E-0003
 2.70039752751369E+0000	-1.29492515133700E-0003
 2.70625158620303E+0000	-1.37234885305516E-0003
 2.71209933271299E+0000	-1.39403663507921E-0003
 2.71795055378757E+0000	-1.36078521052459E-0003
 2.72381451506610E+0000	-1.27473090642389E-0003
 2.72969987618999E+0000	-1.13921311973265E-0003
 2.73561463167775E+0000	-9.58648109456519E-0004
 2.74156608426916E+0000	-7.38422241968744E-0004
 2.74756085078619E+0000	-4.84824893458636E-0004
 2.75360488622413E+0000	-2.05049246487404E-0004
 2.75970348920910E+0000	 9.27098832372390E-0005
 2.76586122231383E+0000	 3.99045002965830E-0004
 2.77208165008801E+0000	 7.03031498173119E-0004
 2.77836678129900E+0000	 9.91917596560453E-0004
 2.78471612853879E+0000	 1.25099761257706E-0003
 2.79112541017327E+0000	 1.46396827416000E-0003
 2.79758515256212E+0000	 1.61411491015955E-0003
 2.80407977003932E+0000	 1.68652184381807E-0003
 2.81058790653325E+0000	 1.67103324578955E-0003
 2.81708457536907E+0000	 1.56503238951081E-0003
 2.82354479495545E+0000	 1.37477139208723E-0003
 2.82994747549667E+0000	 1.11448892393297E-0003
 2.83627810485323E+0000	 8.03689173643247E-0004
 2.84252953102919E+0000	 4.63802831261672E-0004
 2.84870114493748E+0000	 1.15406740166811E-0004
 2.85479727529870E+0000	-2.23464603069915E-0004
 2.86082551975336E+0000	-5.37993622956335E-0004
 2.86679539570957E+0000	-8.16590910496317E-0004
 2.87271740034388E+0000	-1.05058954199890E-0003
 2.87860241496070E+0000	-1.23385401945247E-0003
 2.88446134497234E+0000	-1.36241981088507E-0003
 2.89030489890775E+0000	-1.43420129342840E-0003
 2.89614343996003E+0000	-1.44876492561751E-0003
 2.90198687295473E+0000	-1.40714915739834E-0003
 2.90784455179768E+0000	-1.31171199358130E-0003
 2.91372520657258E+0000	-1.16599398265919E-0003
 2.91963689631323E+0000	-9.74594652087112E-0004
 2.92558699371816E+0000	-7.43071919218658E-0004
 2.93158220148027E+0000	-4.77885254790826E-0004
 2.93762858531113E+0000	-1.86412141288574E-0004
 2.94373158480321E+0000	 1.22930744868209E-0004
 2.94989593058606E+0000	 4.40442987737842E-0004
 2.95612536110583E+0000	 7.54792371039791E-0004
 2.96242201186731E+0000	 1.05265846142735E-0003
 2.96878537735290E+0000	 1.31857773539227E-0003
 2.97521087132911E+0000	 1.53532881307720E-0003
 2.98168827950609E+0000	 1.68525231988653E-0003
 2.98820076925161E+0000	 1.75272029756237E-0003
 2.99472535100239E+0000	 1.72741689532327E-0003
 3.00123536584242E+0000	 1.60733046365151E-0003
 3.00770456797660E+0000	 1.40001940645096E-0003
 3.01411131653740E+0000	 1.12138593007718E-0003
 3.02044127370228E+0000	 7.92524943034775E-0004
 3.02668796395794E+0000	 4.36088359340173E-0004
 3.03285167131584E+0000	 7.34193841577110E-0005
 3.03893761889822E+0000	-2.77070344885185E-0004
 3.04495419046147E+0000	-6.00456227615781E-0004
 3.05091155117126E+0000	-8.85204113428488E-0004
 3.05682071784487E+0000	-1.12279019764899E-0003
 3.06269298587772E+0000	-1.30726609378942E-0003
 3.06853959068619E+0000	-1.43487439764890E-0003
 3.07437150344908E+0000	-1.50374301700563E-0003
 3.08019929558305E+0000	-1.51364929266604E-0003
 3.08603303691545E+0000	-1.46583293379698E-0003
 3.09188221427031E+0000	-1.36283825221167E-0003
 3.09775567046138E+0000	-1.20837395452711E-0003
 3.10366156989607E+0000	-1.00718922161200E-0003
 3.10960739698261E+0000	-7.64976347165392E-0004
 3.11559998691599E+0000	-4.88321789772381E-0004
 3.12164557350294E+0000	-1.84737191973824E-0004
 3.12774981328247E+0000	 1.37194856370219E-0004
 3.13391770910082E+0000	 4.67537572631917E-0004
 3.14015331562923E+0000	 7.94596756375427E-0004
 3.14645908242009E+0000	 1.10449744168584E-0003
 3.15283471454979E+0000	 1.38097041221361E-0003
 3.15927556677551E+0000	 1.60573103283048E-0003
 3.16577089316251E+0000	 1.75990905975995E-0003
 3.17230271169231E+0000	 1.82679113166892E-0003
 3.17884632330095E+0000	 1.79549072883675E-0003
 3.18537314348855E+0000	 1.66425857642002E-0003
 3.19185530042628E+0000	 1.44176943879281E-0003
 3.19827023311508E+0000	 1.14556941122982E-0003
 3.20460347794638E+0000	 7.98450752209581E-0004
 3.21084903151398E+0000	 4.24455610227738E-0004
 3.21700795248978E+0000	 4.58748462076472E-0005
 3.22308630234794E+0000	-3.18336311387571E-0004
 3.22909323464345E+0000	-6.53004219773534E-0004
 3.23503956911679E+0000	-9.46532475070468E-0004
 3.24093686171185E+0000	-1.19044371213798E-0003
 3.24679684810803E+0000	-1.37889650179869E-0003
 3.25263112341011E+0000	-1.50827328499791E-0003
 3.25845095280988E+0000	-1.57685833380656E-0003
 3.26426714776317E+0000	-1.58459071632725E-0003
 3.27008997436887E+0000	-1.53286840728217E-0003
 3.27592908229767E+0000	-1.42438325082730E-0003
 3.28179345525959E+0000	-1.26297530784175E-0003
 3.28769138966487E+0000	-1.05350595253801E-0003
 3.29363050792842E+0000	-8.01760775278630E-0004
 3.29961780632874E+0000	-5.14405386006192E-0004
 3.30565972225592E+0000	-1.99028074710993E-0004
 3.31176217896577E+0000	 1.35691657790846E-0004
 3.31793052634272E+0000	 4.79660063423664E-0004
 3.32416924909090E+0000	 8.20903633122532E-0004
 3.33048127804662E+0000	 1.14506126044063E-0003
 3.33686675710876E+0000	 1.43508016203696E-0003
 3.34332125844266E+0000	 1.67154333994002E-0003
 3.34983378077312E+0000	 1.83416650533778E-0003
 3.35638538418108E+0000	 1.90480528770846E-0003
 3.36294967889257E+0000	 1.87157241051927E-0003
 3.36949596963641E+0000	 1.73258230542381E-0003
 3.37599442751910E+0000	 1.49736904245982E-0003
 3.38242120490698E+0000	 1.18504547394949E-0003
 3.38876140190873E+0000	 8.20165909735297E-0004
 3.39500926909596E+0000	 4.28301678579344E-0004
 3.40116650715871E+0000	 3.28497067345591E-0005
 3.40723994539770E+0000	-3.46542873142943E-0004
 3.41323947614340E+0000	-6.94325634338977E-0004
 3.41917656595631E+0000	-9.98733347682190E-0004
 3.42506331533507E+0000	-1.25124660652289E-0003
 3.43091191307715E+0000	-1.44605685636564E-0003
 3.43673433100522E+0000	-1.57962354566587E-0003
 3.44254214767668E+0000	-1.65033331673721E-0003
 3.44834643499221E+0000	-1.65823998289542E-0003
 3.45415767575475E+0000	-1.60485825390569E-0003
 3.45998570205249E+0000	-1.49298985659717E-0003
 3.46583965649743E+0000	-1.32657063720080E-0003
 3.47172798356257E+0000	-1.11053847558400E-0003
 3.47765845796505E+0000	-8.50733695154945E-0004
 3.48363825077530E+0000	-5.53856160691837E-0004
 3.48967401903277E+0000	-2.27515429605953E-0004
 3.49577197704602E+0000	 1.19582302255472E-0004
 3.50193786469683E+0000	 4.77274383446551E-0004
 3.50817667416479E+0000	 8.33412257055914E-0004
 3.51449194984836E+0000	 1.17325723398193E-0003
 3.52088448026288E+0000	 1.47905667297844E-0003
 3.52735033651977E+0000	 1.73027011442543E-0003
 3.53387858318588E+0000	 1.90507318007748E-0003
 3.54044959615521E+0000	 1.98359438738834E-0003
 3.54703540939600E+0000	 1.95251678766127E-0003
 3.55360310709210E+0000	 1.80937625977359E-0003
 3.56012060875694E+0000	 1.56424726432709E-0003
 3.56656241790882E+0000	 1.23767871931162E-0003
 3.57291287803858E+0000	 8.56015823665159E-0004
 3.57916626423923E+0000	 4.46475579256876E-0004
 3.58532477741554E+0000	 3.37035566714352E-0005
 3.59139593643418E+0000	-3.61825932788960E-0004
 3.59739033386621E+0000	-7.24069328830574E-0004
 3.60332006756406E+0000	-1.04099584128575E-0003
 3.60919778001653E+0000	-1.30396381101057E-0003
 3.61503611795813E+0000	-1.50713030499172E-0003
 3.62084743909051E+0000	-1.64697454697783E-0003
 3.62664364707716E+0000	-1.72193617657676E-0003
 3.63243608738461E+0000	-1.73214065485324E-0003
 3.63823547303089E+0000	-1.67918132532586E-0003
 3.64405183150252E+0000	-1.56593546837643E-0003
 3.64989447588882E+0000	-1.39640278314689E-0003
 3.65577200810068E+0000	-1.17556639097583E-0003
 3.66169236173688E+0000	-9.09288409054519E-0004
 3.66766288637704E+0000	-6.04265029816837E-0004
 3.67369046078630E+0000	-2.68079536611169E-0004
 3.67978159466133E+0000	 9.05982676179763E-0005
 3.68594243309582E+0000	 4.61621699737102E-0004
 3.69217851739992E+0000	 8.32777414872266E-0004
 3.69849409703663E+0000	 1.18907981669247E-0003
 3.70489077392458E+0000	 1.51220478814428E-0003
 3.71136538177804E+0000	 1.78056530067615E-0003
 3.71790739076094E+0000	 1.97075014433428E-0003
 3.72449682769711E+0000	 2.06092855693295E-0003
 3.73110435123629E+0000	 2.03594562793220E-0003
 3.73769479094850E+0000	 1.89228845681105E-0003
 3.74423355928107E+0000	 1.64020059349925E-0003
 3.75069315396005E+0000	 1.30148989221781E-0003
 3.75705683244005E+0000	 9.04293325454495E-0004
 3.76331865627047E+0000	 4.77575999085835E-0004
 3.76948118061123E+0000	 4.73660916070668E-0005
 3.77555253418974E+0000	-3.64907601766525E-0004
 3.78154397022901E+0000	-7.42600496798417E-0004
 3.78746820050850E+0000	-1.07332803774390E-0003
 3.79333840411580E+0000	-1.34825410963124E-0003
 3.79916768695024E+0000	-1.56144130169477E-0003
 3.80496879770996E+0000	-1.70933761285245E-0003
 3.81075397267447E+0000	-1.79039170729588E-0003
 3.81653483977268E+0000	-1.80476233738489E-0003
 3.82232235165800E+0000	-1.75408768642994E-0003
 3.82812674030015E+0000	-1.64129041222419E-0003
 3.83395749711217E+0000	-1.47040648129378E-0003
 3.83982338708065E+0000	-1.24643796361462E-0003
 3.84573250509062E+0000	-9.75241922144574E-0004
 3.85169237750304E+0000	-6.63480623550147E-0004
 3.85771009878244E+0000	-3.18672979784701E-0004
 3.86379246559943E+0000	 5.05999981052043E-0005
 3.86994602371186E+0000	 4.34282417870727E-0004
 3.87617687648040E+0000	 8.20200994754235E-0004
 3.88249003239378E+0000	 1.19325969290712E-0003
 3.88888803435003E+0000	 1.53471649060009E-0003
 3.89536871032786E+0000	 1.82206485818646E-0003
 3.90192227214030E+0000	 2.03032991600021E-0003
 3.90852877092255E+0000	 2.13555642358972E-0003
 3.91515776167755E+0000	 2.12037581888291E-0003
 3.92177185412833E+0000	 1.97974089502973E-0003
 3.92833373405591E+0000	 1.72364985791631E-0003
 3.93481353849515E+0000	 1.37495403904355E-0003
 3.94119309818287E+0000	 9.63564506461284E-0004
 3.94746601524231E+0000	 5.20292726498222E-0004
 3.95363505267703E+0000	 7.26832919016803E-0005
 3.95970887321182E+0000	-3.56755124017619E-0004
 3.96569935567659E+0000	-7.50673712824837E-0004
 3.97161981175545E+0000	-1.09625242395365E-0003
 3.97748395340934E+0000	-1.38439555309099E-0003
 3.98330534713134E+0000	-1.60901799398854E-0003
 3.98909713687207E+0000	-1.76649184680353E-0003
 3.99487189748697E+0000	-1.85523650176970E-0003
 4.00064154631316E+0000	-1.87541071640453E-0003
 4.00641728291456E+0000	-1.82866830754627E-0003
 4.01220955063419E+0000	-1.71795140602072E-0003
 4.01802802490780E+0000	-1.54730883418536E-0003
 4.02388163737152E+0000	-1.32173969608273E-0003
 4.02977864452906E+0000	-1.04707416142524E-0003
 4.03572674535275E+0000	-7.29916510260064E-0004
 4.04173324032792E+0000	-3.77691128900683E-0004
 4.04780519829696E+0000	 1.15220100552145E-0006
 4.05394954974170E+0000	 3.96711838060398E-0004
 4.06017295394229E+0000	 7.96949019841617E-0004
 4.06648120387422E+0000	 1.18678943069487E-0003
 4.07287787481732E+0000	 1.54723647889954E-0003
 4.07936198598475E+0000	 1.85502318886131E-0003
 4.08592481152493E+0000	 2.08368878315515E-0003
 4.09254682200451E+0000	 2.20704838171624E-0003
 4.09919679697906E+0000	 2.20517777609718E-0003
 4.10583522066925E+0000	 2.07099777810971E-0003
 4.11242186021760E+0000	 1.81380566362831E-0003
 4.11892412927364E+0000	 1.45724621101756E-0003
 4.12532207117764E+0000	 1.03297644784439E-0003
 4.13160857051004E+0000	 5.73758987270691E-0004
 4.13778645133125E+0000	 1.08798626422962E-0004
 4.14386484119976E+0000	-3.38184739554547E-0004
 4.14985621799847E+0000	-7.49034145523475E-0004
 4.15577448666799E+0000	-1.11041529361485E-0003
 4.16163389365741E+0000	-1.41291266481603E-0003
 4.16744847086273E+0000	-1.65024583850574E-0003
 4.17323176355429E+0000	-1.81867194560228E-0003
 4.17899669177071E+0000	-1.91654809324137E-0003
 4.18475546901495E+0000	-1.94400461529321E-0003
 4.19051954826084E+0000	-1.90268616094970E-0003
 4.19629958994550E+0000	-1.79553240979526E-0003
 4.20210545783427E+0000	-1.62658524825088E-0003
 4.20794625233788E+0000	-1.40082228970617E-0003
 4.21383039054280E+0000	-1.12402838793730E-0003
 4.21976573858060E+0000	-8.02729660188271E-0004
 4.22575979175772E+0000	-4.44230781506167E-0004
 4.23181987361022E+0000	-5.68145285680016E-0005
 4.23795327784868E+0000	 3.49826660453595E-0004
 4.24416720262790E+0000	 7.63873766784606E-0004
 4.25046823214295E+0000	 1.17039988341005E-0003
 4.25686103873855E+0000	 1.55032022211571E-0003
 4.26334600129502E+0000	 1.87978752130636E-0003
 4.26991576238792E+0000	 2.13097548667190E-0003
 4.27655162591056E+0000	 2.27541515779218E-0003
 4.28322197834483E+0000	 2.29031137396866E-0003
 4.28988533060061E+0000	 2.16603355068637E-0003
 4.29649835944389E+0000	 1.91066853134881E-0003
 4.30302536891425E+0000	 1.54836134470474E-0003
 4.30944421623646E+0000	 1.11247760239712E-0003
 4.31574678480393E+0000	 6.37851263441583E-0004
 4.32193580596537E+0000	 1.55512288407424E-0004
 4.32802080798632E+0000	-3.09460961698135E-0004
 4.33401485072741E+0000	-7.37991049342374E-0004
 4.33993243520621E+0000	-1.11614811719749E-0003
 4.34578835171466E+0000	-1.43413759538156E-0003
 4.35159710807510E+0000	-1.68543897952246E-0003
 4.35737266085572E+0000	-1.86615904830794E-0003
 4.36312828431880E+0000	-1.97456357294942E-0003
 4.36887649613760E+0000	-2.01072994535788E-0003
 4.37462900949167E+0000	-1.97627252655032E-0003
 4.38039670717509E+0000	-1.87410995275685E-0003
 4.38618964456136E+0000	-1.70826028749686E-0003
 4.39201709155973E+0000	-1.48366357755193E-0003
 4.39788762324186E+0000	-1.20604299991452E-0003
 4.40380926588813E+0000	-8.81828241234192E-0004
 4.40978969683341E+0000	-5.18181261757760E-0004
 4.41583647472187E+0000	-1.23185034954636E-0004
 4.42195723120944E+0000	 2.93728104737145E-0004
 4.42815967888760E+0000	 7.21039627198356E-0004
 4.43445118673831E+0000	 1.14409349128716E-0003
 4.44083756941214E+0000	 1.54388889850448E-0003
 4.44732071341088E+0000	 1.89620057741489E-0003
 4.45389492977309E+0000	 2.17199993302340E-0003
 4.46054279974415E+0000	 2.34053016684848E-0003
 4.46723277055031E+0000	 2.37583168337445E-0003
 4.47392160824852E+0000	 2.26516293132138E-0003
 4.48056275290550E+0000	 2.01480520996123E-0003
 4.48711697342424E+0000	 1.64903767750734E-0003
 4.49355947666092E+0000	 1.20287413283005E-0003
 4.49988081047193E+0000	 7.13357695980313E-0004
 4.50608343625048E+0000	 2.13539819453252E-0004
 4.51217721530349E+0000	-2.69967978370537E-0004
 4.51817577833154E+0000	-7.17037092826227E-0004
 4.52409423388008E+0000	-1.11305036599577E-0003
 4.52994793367092E+0000	-1.44776992855751E-0003
 4.53575187878787E+0000	-1.71438873889562E-0003
 4.54152045230251E+0000	-1.90882812003652E-0003
 4.54726729549084E+0000	-2.02923486162764E-0003
 4.55300524063273E+0000	-2.07561090483217E-0003
 4.55874626917932E+0000	-2.04952146087892E-0003
 4.56450149179744E+0000	-1.95384778509692E-0003
 4.57028115812217E+0000	-1.79256929143098E-0003
 4.57609470692534E+0000	-1.57057411565462E-0003
 4.58195086671521E+0000	-1.29350874033013E-0003
 4.58785781446671E+0000	-9.67689160619023E-0004
 4.59382339374591E+0000	-6.00112463240182E-0004
 4.59985537472827E+0000	-1.98629902302681E-0004
 4.60596169576607E+0000	 2.27636357188270E-0004
 4.61215054990578E+0000	 6.67549241297061E-0004
 4.61843006962094E+0000	 1.10685132199561E-0003
 4.62480723692804E+0000	 1.52681260255425E-0003
 4.63128557459444E+0000	 1.90306630188106E-0003
 4.63786136210078E+0000	 2.20560445042191E-0003
 4.64451894996117E+0000	 2.40144980491855E-0003
 4.65122740826274E+0000	 2.46121987938557E-0003
 4.65794211200956E+0000	 2.36844861923740E-0003
 4.66461317746459E+0000	 2.12688378391914E-0003
 4.67119737000861E+0000	 1.76044207605978E-0003
 4.67766668362157E+0000	 1.30566370223784E-0003
 4.68400990730553E+0000	 8.01944906027230E-0004
 4.69022900267737E+0000	 2.84592016460379E-0004
 4.69633407509028E+0000	-2.18036374035352E-0004
 4.70233931128394E+0000	-6.84599500584423E-0004
 4.70826044268225E+0000	-1.09968062793818E-0003
 4.71411340622122E+0000	-1.45252123137203E-0003
 4.71991371984039E+0000	-1.73597321361174E-0003
 4.72567621381866E+0000	-1.94573261459860E-0003
 4.73141491370262E+0000	-2.07979710612299E-0003
 4.73714298017820E+0000	-2.13806968136022E-0003
 4.74287267329652E+0000	-2.12204754719485E-0003
 4.74861533830959E+0000	-2.03455888051946E-0003
 4.75438142194116E+0000	-1.87953063393392E-0003
 4.76018053036930E+0000	-1.66178590548999E-0003
 4.76602153915916E+0000	-1.38688079644592E-0003
 4.77191276355475E+0000	-1.06100178519432E-0003
 4.77786219307690E+0000	-6.90960499950233E-0004
 4.78387777908130E+0000	-2.84346189513512E-0004
 4.78996772491749E+0000	 1.50078102969572E-0004
 4.79614065398750E+0000	 6.01638925263446E-0004
 4.80240541710468E+0000	 1.05661297702003E-0003
 4.80877015703298E+0000	 1.49675059580288E-0003
 4.81524012921009E+0000	 1.89783063577542E-0003
 4.82181387219894E+0000	 2.22917847160654E-0003
 4.82847805349222E+0000	 2.45578096070674E-0003
 4.83520308069415E+0000	 2.54465729937918E-0003
 4.84194349848030E+0000	 2.47496309221840E-0003
 4.84864615049580E+0000	 2.24700390928378E-0003
 4.85526331510695E+0000	 1.88362124785250E-0003
 4.86176308519522E+0000	 1.42262616737060E-0003
 4.86813192915685E+0000	 9.05883956848978E-0004
 4.87437098300046E+0000	 3.71222215293773E-0004
 4.88049045679365E+0000	-1.50990555219562E-0004
 4.88650505784131E+0000	-6.37997244141634E-0004
 4.89243115028065E+0000	-1.07343684342781E-0003
 4.89828528119975E+0000	-1.44592981811362E-0003
 4.90408351271751E+0000	-1.74791641246960E-0003
 4.90984114751361E+0000	-1.97481635865240E-0003
 4.91557261709725E+0000	-2.12444038355597E-0003
 4.92129142834063E+0000	-2.19656393271955E-0003
 4.92701013353156E+0000	-2.19259421358702E-0003
 4.93274032172403E+0000	-2.11528901683413E-0003
 4.93849264115844E+0000	-1.96850865968218E-0003
 4.94427686454207E+0000	-1.75699880963916E-0003
 4.95010200747084E+0000	-1.48621330255919E-0003
 4.95597650875706E+0000	-1.16219622899570E-0003
 4.96190847891297E+0000	-7.91557396022801E-0004
 4.96790601162329E+0000	-3.81599177489950E-0004
 4.97397751896689E+0000	 5.93176003723206E-0005
 4.98013198076842E+0000	 5.21061315070251E-0004
 4.98637888422520E+0000	 9.90581781129232E-0004
 4.99272747432093E+0000	 1.45034133223365E-0003
 4.99918477429788E+0000	 1.87661152390068E-0003
 5.00575182849279E+0000	 2.23848409040339E-0003
 5.01241820205578E+0000	 2.49927613841891E-0003
 5.01915653250909E+0000	 2.62240834081723E-0003
 5.02592140106257E+0000	 2.58203358167388E-0003
 5.03265670280210E+0000	 2.37390841241876E-0003
 5.03930981476574E+0000	 2.01876827510146E-0003
 5.04584411214158E+0000	 1.55519276092847E-0003
 5.05224298898280E+0000	 1.02753593952623E-0003
 5.05850627606802E+0000	 4.76424596560712E-0004
 5.06464405658103E+0000	-6.54472395955856E-0005
 5.07067147650238E+0000	-5.73646500792255E-0004
 5.07660552216642E+0000	-1.03067796036184E-0003
 5.08246336845208E+0000	-1.42440659165226E-0003
 5.08826164793739E+0000	-1.74676507209294E-0003
 5.09401616287963E+0000	-1.99282698917825E-0003
 5.09974177591098E+0000	-2.16016431889575E-0003
 5.10545236201012E+0000	-2.24838613118678E-0003
 5.11116078365425E+0000	-2.25878046035030E-0003
 5.11687888705983E+0000	-2.19401282159603E-0003
 5.12261753010029E+0000	-2.05786046919654E-0003
 5.12838665408856E+0000	-1.85497921886254E-0003
 5.13419540948204E+0000	-1.59071103242136E-0003
 5.14005234412261E+0000	-1.27094959888864E-0003
 5.14596566192042E+0000	-9.02094406977973E-0004
 5.15194355265132E+0000	-4.91147300212272E-0004
 5.15799456547260E+0000	-4.60380600286113E-0005
 5.16412793446070E+0000	 4.23706397743256E-0004
 5.17035365366638E+0000	 9.05837244633738E-0004
 5.17668193817760E+0000	 1.38376721716088E-0003
 5.18312151390791E+0000	 1.83465714855719E-0003
 5.18967607295291E+0000	 2.22792898717726E-0003
 5.19633862113780E+0000	 2.52583731961999E-0003
 5.20308506472671E+0000	 2.68850618460781E-0003
 5.20987127134898E+0000	 2.68464038153504E-0003
 5.21663896533020E+0000	 2.50420270913421E-0003
 5.22333044457373E+0000	 2.16438921300931E-0003
 5.22990347599580E+0000	 1.70364813232630E-0003
 5.23633739278776E+0000	 1.16863098052440E-0003
 5.24263001864043E+0000	 6.03002473808176E-0004
 5.24879092997362E+0000	 4.21420582049991E-0005
 5.25483554704927E+0000	-4.87517642299405E-0004
 5.26078142623900E+0000	-9.67099668181863E-0004
 5.26664636810354E+0000	-1.38353342671969E-0003
 5.27244759350970E+0000	-1.72811306245931E-0003
 5.27820142911367E+0000	-1.99546913303529E-0003
 5.28392319506680E+0000	-2.18286207746456E-0003
 5.28962715988574E+0000	-2.28967962429970E-0003
 5.29532651915537E+0000	-2.31704943773729E-0003
 5.30103339542637E+0000	-2.26751453550672E-0003
 5.30675887047234E+0000	-2.14474780938404E-0003
 5.31251306232653E+0000	-1.95330132823873E-0003
 5.31830525660402E+0000	-1.69839764885080E-0003
 5.32414409990623E+0000	-1.38577814097315E-0003
 5.33003786390445E+0000	-1.02163443351820E-0003
 5.33599478574514E+0000	-6.12671089937374E-0004
 5.34202346928718E+0000	-1.66381734542509E-0004
 5.34813327548567E+0000	 3.08344170533442E-0004
 5.35433452660086E+0000	 8.00154559323276E-0004
 5.36063818995015E+0000	 1.29362678641143E-0003
 5.36705449451762E+0000	 1.76721925573598E-0003
 5.37358974475103E+0000	 2.19134844704462E-0003
 5.38024077402266E+0000	 2.52807153646670E-0003
 5.38698782021154E+0000	 2.73494141115641E-0003
 5.39378965813608E+0000	 2.77517467031332E-0003
 5.40058725116990E+0000	 2.63174992939356E-0003
 5.40731813861071E+0000	 2.31648753835805E-0003
 5.41393367139502E+0000	 1.86624471314244E-0003
 5.42040790851361E+0000	 1.32939706157359E-0003
 5.42673567568792E+0000	 7.52749813704970E-0004
 5.43292544527673E+0000	 1.74739528120297E-0004
 5.43899261661331E+0000	-3.75815028303977E-0004
 5.44495519286000E+0000	-8.78341113388737E-0004
 5.45083156084673E+0000	-1.31859666893794E-0003
 5.45663952830396E+0000	-1.68706206753562E-0003
 5.46239596194149E+0000	-1.97779285299006E-0003
 5.46811666294278E+0000	-2.18763705271917E-0003
 5.47381632024977E+0000	-2.31568367040445E-0003
 5.47950849006997E+0000	-2.36284135090105E-0003
 5.48520559728841E+0000	-2.33148755994676E-0003
 5.49091897013525E+0000	-2.22516114529981E-0003
 5.49665892057997E+0000	-2.04829254471033E-0003
 5.50243487908938E+0000	-1.80597790738643E-0003
 5.50825558998239E+0000	-1.50380992475992E-0003
 5.51412937537501E+0000	-1.14778656703212E-0003
 5.52006447683259E+0000	-7.44338207721159E-0004
 5.52606947028222E+0000	-3.00547586131673E-0004
 5.53215370341118E+0000	 1.75322870369889E-0004
 5.53832761161113E+0000	 6.72856957548359E-0004
 5.54460261852072E+0000	 1.17794701574832E-0003
 5.55099011178586E+0000	 1.67070739991375E-0003
 5.55749874003792E+0000	 2.12323346410468E-0003
 5.56412925819236E+0000	 2.49844463271774E-0003
 5.57086710555857E+0000	 2.75251753092343E-0003
 5.57767578195474E+0000	 2.84378942597751E-0003
 5.58449760236981E+0000	 2.74746782981378E-0003
 5.59126648346337E+0000	 2.46793845398475E-0003
 5.59792693859456E+0000	 2.03834695842672E-0003
 5.60444642302518E+0000	 1.50762075952608E-0003
 5.61081544979212E+0000	 9.25509343809207E-0004
 5.61704049803148E+0000	 3.33814709007774E-0004
 5.62313645885208E+0000	-2.35830159408300E-0004
 5.62912154809409E+0000	-7.60776046209605E-0004
 5.63501463772875E+0000	-1.22531162167920E-0003
 5.64083408621057E+0000	-1.61887712371402E-0003
 5.64659729648423E+0000	-1.93477946298090E-0003
 5.65232056441979E+0000	-2.16931908922960E-0003
 5.65801902325340E+0000	-2.32118057619823E-0003
 5.66370661950801E+0000	-2.39097192792979E-0003
 5.66939611253251E+0000	-2.38084417554715E-0003
 5.67509910857480E+0000	-2.29415968649454E-0003
 5.68082614174302E+0000	-2.13520162565459E-0003
 5.68658680942989E+0000	-1.90892994428359E-0003
 5.69238996619076E+0000	-1.62079479224169E-0003
 5.69824398197884E+0000	-1.27662360389577E-0003
 5.70415707519188E+0000	-8.82613448148103E-0004
 5.71013772516159E+0000	-4.45492065723639E-0004
 5.71619513359985E+0000	 2.70461083166997E-0005
 5.72233962439197E+0000	 5.25487633165547E-0004
 5.72858273536518E+0000	 1.03709114904881E-0003
 5.73493655114088E+0000	 1.54386707561796E-0003
 5.74141155870843E+0000	 2.02017795976891E-0003
 5.74801213846001E+0000	 2.43090561347164E-0003
 5.75472935220075E+0000	 2.73241328947295E-0003
 5.76153308079553E+0000	 2.87955250362751E-0003
 5.76836962926809E+0000	 2.83981594321984E-0003
 5.77517148046010E+0000	 2.60831666870086E-0003
 5.78187671876899E+0000	 2.21180149362684E-0003
 5.78844503895984E+0000	 1.69777719279901E-0003
 5.79486105975497E+0000	 1.11820752623647E-0003
 5.80112803064352E+0000	 5.18362894803445E-0004
 5.80725958572902E+0000	-6.68998808012167E-0005
 5.81327375729379E+0000	-6.12426432615842E-0004
 5.81918970648638E+0000	-1.10067975050314E-0003
 5.82502625004049E+0000	-1.51978108640755E-0003
 5.83080128884366E+0000	-1.86207062773329E-0003
 5.83653160628131E+0000	-2.12312817078458E-0003
 5.84223279265859E+0000	-2.30109560405161E-0003
 5.84791921096314E+0000	-2.39617104763197E-0003
 5.85360398955151E+0000	-2.41019555262835E-0003
 5.85929905122605E+0000	-2.34629498432590E-0003
 5.86501519077729E+0000	-2.20856704272132E-0003
 5.87076220754244E+0000	-2.00181794320013E-0003
 5.87654909434005E+0000	-1.73135836733967E-0003
 5.88238428517428E+0000	-1.40287063398140E-0003
 5.88827597089547E+0000	-1.02236940890225E-0003
 5.89423249343155E+0000	-5.96305828868409E-0004
 5.90026280606743E+0000	-1.31907910718524E-0004
 5.90637692199398E+0000	 3.62107695027893E-0004
 5.91258615506445E+0000	 8.74301546332425E-0004
 5.91890277261820E+0000	 1.38865171825308E-0003
 5.92533841931464E+0000	 1.88216659761910E-0003
 5.93190041639222E+0000	 2.32262410343187E-0003
 5.93858523868818E+0000	 2.66824015251287E-0003
 5.94537019062519E+0000	 2.87244585112512E-0003
 5.95220822705531E+0000	 2.89624792393310E-0003
 5.95903356692395E+0000	 2.72453683052820E-0003
 5.96577955314552E+0000	 2.37485199883453E-0003
 5.97239764170621E+0000	 1.89047062553555E-0003
 5.97886494585307E+0000	 1.32404298771130E-0003
 5.98517991987332E+0000	 7.23980829661573E-0004
 5.99135387275440E+0000	 1.28634123710353E-0004
 5.99740403627795E+0000	-4.33913904078374E-0004
 6.00334952797694E+0000	-9.43906871504450E-0004
 6.00920944563204E+0000	-1.38782482379293E-0003
 6.01500209490489E+0000	-1.75678290187655E-0003
 6.02074470298798E+0000	-2.04543081339660E-0003
 6.02645330635368E+0000	-2.25119647511628E-0003
 6.03214269696914E+0000	-2.37372912558307E-0003
 6.03782640124968E+0000	-2.41445022421012E-0003
 6.04351669808146E+0000	-2.37616721012670E-0003
 6.04922468745059E+0000	-2.26273656513031E-0003
 6.05496041552004E+0000	-2.07877970230854E-0003
 6.06073305500682E+0000	-1.82946080062867E-0003
 6.06655113876943E+0000	-1.52033561387342E-0003
 6.07242285184592E+0000	-1.15728515442869E-0003
 6.07835639450870E+0000	-7.46569398006090E-0004
 6.08436041772233E+0000	-2.95076246422682E-0004
 6.09044448319381E+0000	 1.89112827317339E-0004
 6.09661940099862E+0000	 6.95690339774124E-0004
 6.10289713848853E+0000	 1.21049313168433E-0003
 6.10928975930607E+0000	 1.71327713046559E-0003
 6.11580657183734E+0000	 2.17530142980056E-0003
 6.12244862431729E+0000	 2.55805593178190E-0003
 6.12920073538252E+0000	 2.81588643817115E-0003
 6.13602447646001E+0000	 2.90567205760055E-0003
 6.14285938285752E+0000	 2.80263997145871E-0003
 6.14963716612701E+0000	 2.51302014591578E-0003
 6.15630185949439E+0000	 2.07256081668524E-0003
 6.16282191978640E+0000	 1.53212305611544E-0003
 6.16918929207916E+0000	 9.42224250596427E-0004
 6.17541157417259E+0000	 3.44636216013586E-0004
 6.18150431144972E+0000	-2.29316747615428E-0004
 6.18748606277115E+0000	-7.57279605491123E-0004
 6.19337591143748E+0000	-1.22375240451807E-0003
 6.19919239501541E+0000	-1.61834263855750E-0003
 6.20495308438608E+0000	-1.93453435721015E-0003
 6.21067441071044E+0000	-2.16884335389914E-0003
 6.21637157916671E+0000	-2.32020406288772E-0003
 6.22205852521263E+0000	-2.38948274194123E-0003
 6.22774791377347E+0000	-2.37906246895940E-0003
 6.23345119177057E+0000	-2.29248143998503E-0003
 6.23917869962611E+0000	-2.13412656573046E-0003
 6.24493983883908E+0000	-1.90899169882955E-0003
 6.25074328893824E+0000	-1.62250850994493E-0003
 6.25659727296289E+0000	-1.28045770669610E-0003
 6.26250988154542E+0000	-8.88981718410818E-0004
 6.26848946529056E+0000	-4.54753981766993E-0004
 6.27454507250118E+0000	 1.45934622447858E-0005
