 1.15965871683851E-0003	 2.49397009504221E-0003
 7.81835451274794E-0003	 2.16376699274343E-0003
 1.43814333942807E-0002	 1.72589208266990E-0003
 2.08275658504064E-0002	 1.21026295903112E-0003
 2.71458661709202E-0002	 6.50057640980157E-0004
 3.33354406574355E-0002	 7.76868942104201E-0005
 3.94033825352722E-0002	-4.78158244516508E-0004
 4.53621868270822E-0002	-9.93975013909741E-0004
 5.12273906934641E-0002	-1.45167276504881E-0003
 5.70158212907275E-0002	-1.83805131159940E-0003
 6.27444901680001E-0002	-2.14398207627953E-0003
 6.84300079398111E-0002	-2.36357855391265E-0003
 7.40883577131553E-0002	-2.49349749471798E-0003
 7.97348894421637E-0002	-2.53242112473809E-0003
 8.53844341495605E-0002	-2.48072605160002E-0003
 9.10514668567691E-0002	-2.34032819841982E-0003
 9.67502647793519E-0002	-2.11469020902321E-0003
 1.02495013478824E-0001	-1.80897834861017E-0003
 1.08299810766498E-0001	-1.43035329783513E-0003
 1.14178510066455E-0001	-9.88368022471928E-0004
 1.20144338108605E-0001	-4.95421464781195E-0004
 1.26209227255560E-0001	 3.28226881348686E-0005
 1.32382835911966E-0001	 5.77190822877131E-0004
 1.38671303701963E-0001	 1.11510025377140E-0003
 1.45075891767622E-0001	 1.62116033819760E-0003
 1.51591741047634E-0001	 2.06833103968309E-0003
 1.58206966661683E-0001	 2.42955752798608E-0003
 1.64902183256762E-0001	 2.67974132387404E-0003
 1.71650475935054E-0001	 2.79802845566265E-0003
 1.78418026354149E-0001	 2.77054977941144E-0003
 1.85166026604968E-0001	 2.59351943848064E-0003
 1.91854553308628E-0001	 2.27577609472473E-0003
 1.98448075786553E-0001	 1.83912979048485E-0003
 2.04920751161754E-0001	 1.31546412011501E-0003
 2.11259271628101E-0001	 7.41412536498342E-0004
 2.17462432414331E-0001	 1.52825073762174E-0004
 2.23538385164671E-0001	-4.19096449491505E-0004
 2.29501207899539E-0001	-9.49475560468505E-0004
 2.35367962977734E-0001	-1.41977412415678E-0003
 2.41156670273753E-0001	-1.81694034245100E-0003
 2.46885136773867E-0001	-2.13230344399057E-0003
 2.52570409483121E-0001	-2.36054869148913E-0003
 2.58228619578593E-0001	-2.49890486059088E-0003
 2.63875043941762E-0001	-2.54656939078442E-0003
 2.69524268277363E-0001	-2.50435275860158E-0003
 2.75190376826489E-0001	-2.37451204333787E-0003
 2.80887117075714E-0001	-2.16074430825422E-0003
 2.86627998545226E-0001	-1.86831272379741E-0003
 2.92426287951330E-0001	-1.50427696979148E-0003
 2.98294864042503E-0001	-1.07779175676858E-0003
 3.04245900121379E-0001	-6.00422961839476E-0004
 3.10290357257838E-0001	-8.64133092559616E-0005
 3.16437300897650E-0001	 4.47181574063307E-0004
 3.22693092712668E-0001	 9.80554775809456E-0004
 3.29060533448896E-0001	 1.49143070324817E-0003
 3.35537999641615E-0001	 1.95553257053190E-0003
 3.42118507370360E-0001	 2.34719966347756E-0003
 3.48788527917221E-0001	 2.64028778115174E-0003
 3.55526498815380E-0001	 2.80983266013168E-0003
 3.62301569637643E-0001	 2.83518960618543E-0003
 3.69074047277230E-0001	 2.70485226259690E-0003
 3.75799255535890E-0001	 2.42154122351007E-0003
 3.82434852536071E-0001	 2.00454605002714E-0003
 3.88948749512322E-0001	 1.48699941591917E-0003
 3.95323742462257E-0001	 9.09025323551796E-0004
 4.01557286886564E-0001	 3.10294273037361E-0004
 4.07657920740003E-0001	-2.75036717660959E-0004
 4.13640846785548E-0001	-8.20310952163601E-0004
 4.19524316047113E-0001	-1.30618236427367E-0003
 4.25327283241312E-0001	-1.71942207945480E-0003
 4.31068150752677E-0001	-2.05152090965988E-0003
 4.36764244432259E-0001	-2.29746853949041E-0003
 4.42431712877490E-0001	-2.45482751656634E-0003
 4.48085639596664E-0001	-2.52309859345861E-0003
 4.53740238527062E-0001	-2.50333269404473E-0003
 4.59409056000216E-0001	-2.39793857511033E-0003
 4.65105132489807E-0001	-2.21064012591621E-0003
 4.70841094045973E-0001	-1.94654276336174E-0003
 4.76629153409314E-0001	-1.61227107212085E-0003
 4.82481009757527E-0001	-1.21613981842781E-0003
 4.88407647556448E-0001	-7.68320380276639E-0004
 4.94419050279620E-0001	-2.80969737225892E-0004
 5.00523859878170E-0001	 2.31693174170555E-0004
 5.06729014440146E-0001	 7.53343101258163E-0004
 5.13039359676078E-0001	 1.26546853757976E-0003
 5.19457128578238E-0001	 1.74716785866269E-0003
 5.25981024113339E-0001	 2.17481769482519E-0003
 5.32604519003839E-0001	 2.52189780664155E-0003
 5.39313147252434E-0001	 2.75976666009839E-0003
 5.46081342738987E-0001	 2.86063405276376E-0003
 5.52870807911201E-0001	 2.80357226300249E-0003
 5.59633341970372E-0001	 2.58227942306954E-0003
 5.66319331237568E-0001	 2.21038644517748E-0003
 5.72888625321353E-0001	 1.72001066817324E-0003
 5.79317876609035E-0001	 1.15379270564496E-0003
 5.85601250166347E-0001	 5.55248714479202E-0004
 5.91746261495568E-0001	-3.79734192888481E-0005
 5.97768315725654E-0001	-5.96739113900486E-0004
 6.03686281059921E-0001	-1.10020636954450E-0003
 6.09519707988797E-0001	-1.53435594533729E-0003
 6.15287403159325E-0001	-1.89031827565139E-0003
 6.21006870230173E-0001	-2.16295410802169E-0003
 6.26694223847347E-0001	-2.34980459730417E-0003
 6.32364323193047E-0001	-2.45038253459084E-0003
 6.38030978812631E-0001	-2.46573440425668E-0003
 6.43707153453103E-0001	-2.39820149369824E-0003
 6.49405116488915E-0001	-2.25131828973280E-0003
 6.55136534481620E-0001	-2.02979717448594E-0003
 6.60912495981432E-0001	-1.73955779350856E-0003
 6.66743481556357E-0001	-1.38776894615366E-0003
 6.72639301725932E-0001	-9.82883685844794E-0004
 6.78609034076104E-0001	-5.34668442775423E-0004
 6.84660989952036E-0001	-5.42576403422108E-0005
 6.90802718351943E-0001	 4.45694269974050E-0004
 6.97040991763711E-0001	 9.50652949738436E-0004
 7.03381598695979E-0001	 1.44352306203553E-0003
 7.09828595075566E-0001	 1.90362980236644E-0003
 7.16382508801901E-0001	 2.30563833280810E-0003
 7.23037049648924E-0001	 2.61924620556543E-0003
 7.29774545402096E-0001	 2.81117995752797E-0003
 7.36561963645725E-0001	 2.85112276160970E-0003
 7.43351278779373E-0001	 2.72129726929435E-0003
 7.50087304536919E-0001	 2.42536808267896E-0003
 7.56720855111242E-0001	 1.99016371794258E-0003
 7.63219750134201E-0001	 1.45816168631508E-0003
 7.69571916431730E-0001	 8.75881136040615E-0004
 7.75781511385417E-0001	 2.84832752529618E-0004
 7.81862599039014E-0001	-2.82476471312448E-0004
 7.87833761927271E-0001	-8.02719356644301E-0004
 7.93714674730696E-0001	-1.26019129777439E-0003
 7.99524341713246E-0001	-1.64491821589857E-0003
 8.05280390711691E-0001	-1.95103834809198E-0003
 8.10998930608771E-0001	-2.17560818224094E-0003
 8.16694661806202E-0001	-2.31779396443462E-0003
 8.22381067811092E-0001	-2.37835788034876E-0003
 8.28070601887539E-0001	-2.35934847167997E-0003
 8.33774832400722E-0001	-2.26392031627134E-0003
 8.39504539730416E-0001	-2.09622538852604E-0003
 8.45269776278533E-0001	-1.86133535759765E-0003
 8.51079913766874E-0001	-1.56517170508005E-0003
 8.56943709591691E-0001	-1.21444112540749E-0003
 8.62869424563932E-0001	-8.16598999421276E-0004
 8.68865013342571E-0001	-3.79894500055062E-0004
 8.74938378232775E-0001	 8.64148308891159E-0005
 8.81097614816285E-0001	 5.71561937296665E-0004
 8.87351070938208E-0001	 1.06236334492646E-0003
 8.93706884010008E-0001	 1.54185743330032E-0003
 9.00171483015031E-0001	 1.98765966362893E-0003
 9.06746463501092E-0001	 2.37068671177904E-0003
 9.13423602588620E-0001	 2.65567730932510E-0003
 9.20179140852764E-0001	 2.80558592454376E-0003
 9.26970875064623E-0001	 2.79102003777980E-0003
 9.33742829653825E-0001	 2.60192177026965E-0003
 9.40438302912632E-0001	 2.25409202968468E-0003
 9.47014412720374E-0001	 1.78492761420892E-0003
 9.53449393028326E-0001	 1.24140025454823E-0003
 9.59740767218660E-0001	 6.68451444159685E-0004
 9.65898911701730E-0001	 1.02692400677108E-0004
 9.71940707256613E-0001	-4.28943989388966E-0004
 9.77885212920490E-0001	-9.07962992837857E-0004
 9.83751317087048E-0001	-1.32234772925466E-0003
 9.89556706688151E-0001	-1.66477050975751E-0003
 9.95317555745203E-0001	-1.93123637726337E-0003
 1.00104854577378E+0000	-2.12014368285478E-0003
 1.00676300468892E+0000	-2.23166340061182E-0003
 1.01247306123135E+0000	-2.26733357725002E-0003
 1.01818977563683E+0000	-2.22978408139202E-0003
 1.02392324335460E+0000	-2.12253017846113E-0003
 1.02968268916491E+0000	-1.94979653188838E-0003
 1.03547657988698E+0000	-1.71635597937525E-0003
 1.04131278695656E+0000	-1.42739065400401E-0003
 1.04719882533607E+0000	-1.08840722528895E-0003
 1.05314218069356E+0000	-7.05263421081580E-0004
 1.05915070820468E+0000	-2.84388791236149E-0004
 1.06523303591763E+0000	 1.66695495426233E-0004
 1.07139882313536E+0000	 6.38447737155361E-0004
 1.07765860057823E+0000	 1.11789594548674E-0003
 1.08402275594966E+0000	 1.58681121672151E-0003
 1.09049907569427E+0000	 2.01985980594070E-0003
 1.09708831605521E+0000	 2.38377908765549E-0003
 1.10377806270808E+0000	 2.63950410843650E-0003
 1.11053722731801E+0000	 2.74936712075599E-0003
 1.11731606158435E+0000	 2.68902110853988E-0003
 1.12405560247551E+0000	 2.45834426640744E-0003
 1.13070330240424E+0000	 2.08313112458029E-0003
 1.13722521090088E+0000	 1.60587719010681E-0003
 1.14360853118367E+0000	 1.07275753199879E-0003
 1.14985677391877E+0000	 5.24351306373180E-0004
 1.15598297936810E+0000	-7.94123571252466E-0006
 1.16200437188961E+0000	-5.01700378155503E-0004
 1.16793914184569E+0000	-9.41801704710451E-0004
 1.17380484672831E+0000	-1.31857349944150E-0003
 1.17961776557187E+0000	-1.62629240239305E-0003
 1.18539272792995E+0000	-1.86209140913630E-0003
 1.19114314172078E+0000	-2.02520367626147E-0003
 1.19688108356160E+0000	-2.11643738427711E-0003
 1.20261739732535E+0000	-2.13779168985423E-0003
 1.20836179210736E+0000	-2.09214952984929E-0003
 1.21412295467692E+0000	-1.98300958657110E-0003
 1.21990870201330E+0000	-1.81424477659056E-0003
 1.22572620058868E+0000	-1.58989785370275E-0003
 1.23158227242164E+0000	-1.31404621764116E-0003
 1.23748379372807E+0000	-9.90788263022315E-0004
 1.24343816803946E+0000	-6.24422754293006E-0004
 1.24945381705753E+0000	-2.19908547022818E-0004
 1.25554057276255E+0000	 2.16302490237705E-0004
 1.26170976609777E+0000	 6.74985398470339E-0004
 1.26797368337137E+0000	 1.14241352580669E-0003
 1.27434390792019E+0000	 1.59837208749960E-0003
 1.28082796851608E+0000	 2.01453725510432E-0003
 1.28742399429290E+0000	 2.35461059590921E-0003
 1.29411435073461E+0000	 2.57835853487414E-0003
 1.30086173313247E+0000	 2.65102312161744E-0003
 1.30761278401135E+0000	 2.55566049766898E-0003
 1.31431063933777E+0000	 2.30095065068625E-0003
 1.32090985841298E+0000	 1.91824544709133E-0003
 1.32738469175425E+0000	 1.45029174227622E-0003
 1.33372826913644E+0000	 9.39695945905527E-0004
 1.33994688495175E+0000	 4.22264715198450E-0004
 1.34605401693272E+0000	-7.48468350589299E-0005
 1.35206609269667E+0000	-5.32364829561810E-0004
 1.35800006362525E+0000	-9.37298993096403E-0004
 1.36387220926320E+0000	-1.28139562371060E-0003
 1.36969762829969E+0000	-1.55991178478186E-0003
 1.37549006402457E+0000	-1.77071236577533E-0003
 1.38126187482481E+0000	-1.91360962073714E-0003
 1.38702406398899E+0000	-1.98985979966171E-0003
 1.39278634215808E+0000	-2.00175148673798E-0003
 1.39855722704293E+0000	-1.95224577788208E-0003
 1.40434419927307E+0000	-1.84465342287087E-0003
 1.41015393625460E+0000	-1.68235687200444E-0003
 1.41599264070602E+0000	-1.46860554560035E-0003
 1.42186646808144E+0000	-1.20643090689851E-0003
 1.42778203625235E+0000	-8.98743876786792E-0004
 1.43374696913112E+0000	-5.48688492419288E-0004
 1.43977038128077E+0000	-1.60327790919241E-0004
 1.44586315072380E+0000	 2.60275289474266E-0004
 1.45203774525805E+0000	 7.03558556234990E-0004
 1.45830725294411E+0000	 1.15461815267332E-0003
 1.46468313821067E+0000	 1.59134035636776E-0003
 1.47117124710203E+0000	 1.98333567828659E-0003
 1.47776613351311E+0000	 2.29327130464854E-0003
 1.48444542561103E+0000	 2.48256272335689E-0003
 1.49116825725993E+0000	 2.52171070019007E-0003
 1.49788175336840E+0000	 2.40114669121790E-0003
 1.50453424045335E+0000	 2.13537093525994E-0003
 1.51108757506867E+0000	 1.75723055154476E-0003
 1.51752202360449E+0000	 1.30698765746863E-0003
 1.52383392025366E+0000	 8.23027415893242E-0004
 1.53003034581644E+0000	 3.37127897294880E-0004
 1.53612420621080E+0000	-1.26582990442045E-0004
 1.54213086334278E+0000	-5.50844930663566E-0004
 1.54806617384470E+0000	-9.23955788953839E-0004
 1.55394545609946E+0000	-1.23852479280097E-0003
 1.55978298167231E+0000	-1.49045779792817E-0003
 1.56559173838504E+0000	-1.67816764043615E-0003
 1.57138333078422E+0000	-1.80195120658217E-0003
 1.57716795863470E+0000	-1.86347396428149E-0003
 1.58295445752560E+0000	-1.86531889703024E-0003
 1.58875040913563E+0000	-1.81057778674751E-0003
 1.59456233899363E+0000	-1.70248466298993E-0003
 1.60039601992087E+0000	-1.54411287485544E-0003
 1.60625689030296E+0000	-1.33817806115377E-0003
 1.61215057667979E+0000	-1.08700731544472E-0003
 1.61808347912774E+0000	-7.92745460451003E-0004
 1.62406333810044E+0000	-4.57867042276313E-0004
 1.63009965744933E+0000	-8.60454055130922E-0005
 1.63620380915590E+0000	 3.16600485538012E-0004
 1.64238857736185E+0000	 7.39913594992908E-0004
 1.64866680046009E+0000	 1.16791268724708E-0003
 1.65504868595543E+0000	 1.57724827411677E-0003
 1.66153751291122E+0000	 1.93687358415045E-0003
 1.66812423396089E+0000	 2.21051791458257E-0003
 1.67478321773818E+0000	 2.36335733010297E-0003
 1.68147293205247E+0000	 2.37194146307358E-0003
 1.68814384905127E+0000	 2.23258889347473E-0003
 1.69475049463065E+0000	 1.96262269473487E-0003
 1.70126084569092E+0000	 1.59381688507328E-0003
 1.70765905923750E+0000	 1.16297575252917E-0003
 1.71394288290295E+0000	 7.04663912802299E-0004
 1.72011920556974E+0000	 2.47636126213793E-0004
 1.72620008317282E+0000	-1.85977700254814E-0004
 1.73219995501471E+0000	-5.80124844996873E-0004
 1.73813391946083E+0000	-9.23843459086060E-0004
 1.74401673209504E+0000	-1.21026686801150E-0003
 1.74986224101663E+0000	-1.43575967928417E-0003
 1.75568307274395E+0000	-1.59919922750243E-0003
 1.76149046295898E+0000	-1.70137131573577E-0003
 1.76729418193425E+0000	-1.74444127413867E-0003
 1.77310254115256E+0000	-1.73146932620974E-0003
 1.77892249105238E+0000	-1.66595542105609E-0003
 1.78475983235645E+0000	-1.55142077295138E-0003
 1.79061956372878E+0000	-1.39106010202574E-0003
 1.79650637277368E+0000	-1.18752599724387E-0003
 1.80242524366282E+0000	-9.42925923553661E-0004
 1.80838210842469E+0000	-6.59112144533136E-0004
 1.81438442327653E+0000	-3.38320921781555E-0004
 1.82044151636650E+0000	 1.58221414771489E-0005
 1.82656452177842E+0000	 3.96958417303351E-0004
 1.83276566443661E+0000	 7.94404938511540E-0004
 1.83905658840481E+0000	 1.19154592097117E-0003
 1.84544541008709E+0000	 1.56474349963032E-0003
 1.85193247068976E+0000	 1.88378697508918E-0003
 1.85850569621979E+0000	 2.11522799548795E-0003
 1.86513794799837E+0000	 2.22923827025438E-0003
 1.87178934586771E+0000	 2.20818796943833E-0003
 1.87841523749257E+0000	 2.05251738636001E-0003
 1.88497621916268E+0000	 1.78022581237599E-0003
 1.89144505230626E+0000	 1.42075156898014E-0003
 1.89780829762942E+0000	 1.00736187578631E-0003
 1.90406413625688E+0000	 5.71443960422284E-0004
 1.91021887731904E+0000	 1.39560192346744E-0004
 1.91628375008317E+0000	-2.67432341084427E-0004
 1.92227251052197E+0000	-6.34149816055012E-0004
 1.92819983120677E+0000	-9.49998211986319E-0004
 1.93408027675976E+0000	-1.20838660597225E-0003
 1.93992766939213E+0000	-1.40598572376657E-0003
 1.94575469755148E+0000	-1.54207414436835E-0003
 1.95157267243439E+0000	-1.61796360402194E-0003
 1.95739138196362E+0000	-1.63647440432028E-0003
 1.96321902927759E+0000	-1.60143010744424E-0003
 1.96906227312195E+0000	-1.51715360756499E-0003
 1.97492640749939E+0000	-1.38797405380832E-0003
 1.98081571916285E+0000	-1.21779347810169E-0003
 1.98673403466409E+0000	-1.00980229201619E-0003
 1.99268541351192E+0000	-7.66454009026091E-0004
 1.99867487750147E+0000	-4.89793942087627E-0004
 2.00470901494496E+0000	-1.82185495774240E-0004
 2.01079627532159E+0000	 1.52587244878578E-0004
 2.01694675916993E+0000	 5.07923289137030E-0004
 2.02317128393915E+0000	 8.72874899943851E-0004
 2.02947948286062E+0000	 1.23079954388784E-0003
 2.03587678176367E+0000	 1.55879759640914E-0003
 2.04236051810402E+0000	 1.82887843248339E-0003
 2.04891637074357E+0000	 2.01177850884707E-0003
 2.05551724376048E+0000	 2.08332246133532E-0003
 2.06212650031255E+0000	 2.03117783890043E-0003
 2.06870508352009E+0000	 1.85855496869515E-0003
 2.07521929081029E+0000	 1.58288864541505E-0003
 2.08164577231986E+0000	 1.23076669355285E-0003
 2.08797270443142E+0000	 8.32067268489954E-0004
 2.09419827318539E+0000	 4.15450478669240E-0004
 2.10032809106942E+0000	 5.76326040827339E-0006
 2.10637262774581E+0000	-3.77013860900052E-0004
 2.11234511381718E+0000	-7.17856394922604E-0004
 2.11826000484554E+0000	-1.00629108654994E-0003
 2.12413192879045E+0000	-1.23580089169770E-0003
 2.12997498973947E+0000	-1.40320665952955E-0003
 2.13580230522613E+0000	-1.50809551144145E-0003
 2.14162568302232E+0000	-1.55230394753235E-0003
 2.14745538149174E+0000	-1.53942869190198E-0003
 2.15329993963768E+0000	-1.47432513648674E-0003
 2.15916610500739E+0000	-1.36256237185070E-0003
 2.16505892049024E+0000	-1.20983844920365E-0003
 2.17098203753513E+0000	-1.02141687536620E-0003
 2.17693828591896E+0000	-8.01706397372259E-0004
 2.18293044900837E+0000	-5.54136871376492E-0004
 2.18896209777941E+0000	-2.81456447887567E-0004
 2.19503826979794E+0000	 1.35063645753431E-0005
 2.20116576182491E+0000	 3.26673279019019E-0004
 2.20735281930833E+0000	 6.51290155373555E-0004
 2.21360802844573E+0000	 9.76495939455164E-0004
 2.21993827262498E+0000	 1.28629367679848E-0003
 2.22634581419325E+0000	 1.55954481190080E-0003
 2.23282504299828E+0000	 1.77172611641404E-0003
 2.23936013762569E+0000	 1.89884291276221E-0003
 2.24592525419898E+0000	 1.92279643429492E-0003
 2.25248805273279E+0000	 1.83616570973355E-0003
 2.25901548068411E+0000	 1.64416622767444E-0003
 2.26547938177341E+0000	 1.36310242025151E-0003
 2.27185998957881E+0000	 1.01654013664569E-0003
 2.27814691304116E+0000	 6.31031995645499E-0004
 2.28433830147245E+0000	 2.32615306962351E-0004
 2.29043908922409E+0000	-1.55507681498419E-0004
 2.29645900733631E+0000	-5.14182337356358E-0004
 2.30241077568798E+0000	-8.28679337288831E-0004
 2.30830866117721E+0000	-1.08854966104852E-0003
 2.31416742451106E+0000	-1.28722291217865E-0003
 2.32000158545281E+0000	-1.42152957475900E-0003
 2.32582490366795E+0000	-1.49123984904184E-0003
 2.33164997954606E+0000	-1.49864073230950E-0003
 2.33748790990068E+0000	-1.44812369555594E-0003
 2.34334797894586E+0000	-1.34572836433952E-0003
 2.34923741994932E+0000	-1.19858823861383E-0003
 2.35516133475984E+0000	-1.01426178019317E-0003
 2.36112288103687E+0000	-8.00007757627862E-0004
 2.36712379990340E+0000	-5.62155413116745E-0004
 2.37316525075324E+0000	-3.05778781060758E-0004
 2.37924878017678E+0000	-3.48613043082782E-0005
 2.38537714406207E+0000	 2.46975776537267E-0004
 2.39155467319948E+0000	 5.35266950084423E-0004
 2.39778692138450E+0000	 8.23257904067126E-0004
 2.40407943845473E+0000	 1.10059794988878E-0003
 2.41043568255008E+0000	 1.35266929580022E-0003
 2.41685438809361E+0000	 1.56112455418353E-0003
 2.42332715152162E+0000	 1.70605406571568E-0003
 2.42983735954163E+0000	 1.76962450926895E-0003
 2.43636137513469E+0000	 1.74012736709231E-0003
 2.44287188197034E+0000	 1.61484560345781E-0003
 2.44934213608926E+0000	 1.40067529890260E-0003
 2.45574962246761E+0000	 1.11265270383200E-0003
 2.46207831777660E+0000	 7.71326366548787E-0004
 2.46831953538740E+0000	 3.99876852290545E-0004
 2.47447165234567E+0000	 2.15310577935173E-0005
 2.48053907213642E+0000	-3.42433005676169E-0004
 2.48653079380599E+0000	-6.73961692620169E-0004
 2.49245893311410E+0000	-9.58821354118333E-0004
 2.49833743484786E+0000	-1.18668708123915E-0003
 2.50418107161842E+0000	-1.35094030380816E-0003
 2.51000470902918E+0000	-1.44835408486101E-0003
 2.51582275632527E+0000	-1.47877295898873E-0003
 2.52164870791321E+0000	-1.44482108127772E-0003
 2.52749469989776E+0000	-1.35161208088643E-0003
 2.53337104921428E+0000	-1.20639158035062E-0003
 2.53928580756160E+0000	-1.01802807246808E-0003
 2.54524443717820E+0000	-7.96296525422772E-0004
 2.55124976980640E+0000	-5.50985367297781E-0004
 2.55730239554107E+0000	-2.90987833554389E-0004
 2.56340150897672E+0000	-2.36535489444398E-0005
 2.56954603908007E+0000	 2.45310264680017E-0004
 2.57573569976431E+0000	 5.11235554308758E-0004
 2.58197152791679E+0000	 7.69284818216379E-0004
 2.58825557063424E+0000	 1.01299307213971E-0003
 2.59458961577148E+0000	 1.23309502792306E-0003
 2.60097318255741E+0000	 1.41721939832713E-0003
 2.60740135807198E+0000	 1.55088895872569E-0003
 2.61386335542967E+0000	 1.61984380740767E-0003
 2.62034260081204E+0000	 1.61304990524734E-0003
 2.62681852187156E+0000	 1.52526222370244E-0003
 2.63326933482310E+0000	 1.35820925221779E-0003
 2.63967476733615E+0000	 1.12028815931355E-0003
 2.64601807489634E+0000	 8.25330144289520E-0004
 2.65228730884909E+0000	 4.91000122571220E-0004
 2.65847598374558E+0000	 1.37069412769474E-0004
 2.66458317587939E+0000	-2.16335137406643E-0004
 2.67061305097882E+0000	-5.50318879134299E-0004
 2.67657395056008E+0000	-8.48421086549565E-0004
 2.68247728589679E+0000	-1.09732437875969E-0003
 2.68833647758897E+0000	-1.28712896951588E-0003
 2.69416607364353E+0000	-1.41134383344045E-0003
 2.69998106488243E+0000	-1.46675193992501E-0003
 2.70579634073728E+0000	-1.45325784259269E-0003
 2.71162619664976E+0000	-1.37375973527812E-0003
 2.71748380765712E+0000	-1.23402273204950E-0003
 2.72338061692748E+0000	-1.04247300959971E-0003
 2.72932565529964E+0000	-8.09794551259631E-0004
 2.73532490599477E+0000	-5.48215924519692E-0004
 2.74138093027697E+0000	-2.70457043500900E-0004
 2.74749300785451E+0000	 1.15225459712683E-0005
 2.75365793649723E+0000	 2.87628049666718E-0004
 2.75987135759801E+0000	 5.50142382733687E-0004
 2.76612914772151E+0000	 7.93348708428397E-0004
 2.77242825952854E+0000	 1.01234443133787E-0003
 2.77876655451527E+0000	 1.20155159885091E-0003
 2.78514159297667E+0000	 1.35365499996935E-0003
 2.79154884465793E+0000	 1.45960251334441E-0003
 2.79798014498964E+0000	 1.50988293295124E-0003
 2.80442322871738E+0000	 1.49666827535872E-0003
 2.81086267678681E+0000	 1.41588802421047E-0003
 2.81728182194899E+0000	 1.26833870793149E-0003
 2.82366469786681E+0000	 1.05960203548300E-0003
 2.82999739622978E+0000	 7.99257861751958E-0004
 2.83626884493400E+0000	 4.99993799321838E-0004
 2.84247134782563E+0000	 1.76807720027808E-0004
 2.84860105629382E+0000	-1.53851378428204E-0004
 2.85465825149546E+0000	-4.75134102942922E-0004
 2.86064725511711E+0000	-7.70934577768541E-0004
 2.86657594647996E+0000	-1.02689992310485E-0003
 2.87245503332301E+0000	-1.23113945359145E-0003
 2.87829726983065E+0000	-1.37461357056825E-0003
 2.88411675460745E+0000	-1.45129106364685E-0003
 2.88992834734799E+0000	-1.45819571775176E-0003
 2.89574716689710E+0000	-1.39543818128026E-0003
 2.90158808992625E+0000	-1.26627631592240E-0003
 2.90746515691613E+0000	-1.07718323627998E-0003
 2.91339081169384E+0000	-8.37832942022039E-0004
 2.91937496380224E+0000	-5.60848259072963E-0004
 2.92542398310212E+0000	-2.61124923684524E-0004
 2.93153990003498E+0000	 4.53918209662610E-0005
 2.93772020982236E+0000	 3.43387366133076E-0004
 2.94395860775585E+0000	 6.19889924704946E-0004
 2.95024660534846E+0000	 8.65346126292065E-0004
 2.95657543628059E+0000	 1.07353031866380E-0003
 2.96293736552552E+0000	 1.24033761673824E-0003
 2.96932577935411E+0000	 1.36217172693051E-0003
 2.97573412774736E+0000	 1.43489437004324E-0003
 2.98215446064040E+0000	 1.45397288387788E-0003
 2.98857653690605E+0000	 1.41574526699393E-0003
 2.99498812195306E+0000	 1.31903373959271E-0003
 3.00137630726518E+0000	 1.16614988725224E-0003
 3.00772904892074E+0000	 9.62838639714245E-0004
 3.01403616375367E+0000	 7.17486657267681E-0004
 3.02028963006236E+0000	 4.40277431067640E-0004
 3.02648357614083E+0000	 1.42699363894751E-0004
 3.03261437945122E+0000	-1.62680049224931E-0004
 3.03868097909207E+0000	-4.62494571759445E-0004
 3.04468521197277E+0000	-7.43115215202594E-0004
 3.05063193878474E+0000	-9.91394690082632E-0004
 3.05652887056688E+0000	-1.19543263110953E-0003
 3.06238616494614E+0000	-1.34519975516504E-0003
 3.06821592511657E+0000	-1.43296808810501E-0003
 3.07403170664408E+0000	-1.45358974279914E-0003
 3.07984806896736E+0000	-1.40470759594479E-0003
 3.08568014206221E+0000	-1.28697311538394E-0003
 3.09154313091463E+0000	-1.10430749945282E-0003
 3.09745165460370E+0000	-8.64182157833844E-0004
 3.10341882032531E+0000	-5.77813775682143E-0004
 3.10945498924525E+0000	-2.60071938307820E-0004
 3.11556633776117E+0000	 7.11816483804537E-0005
 3.12175356614194E+0000	 3.96570090093326E-0004
 3.12801135546741E+0000	 6.97467063172007E-0004
 3.13432915387842E+0000	 9.58496512916091E-0004
 3.14069332976521E+0000	 1.16925629536564E-0003
 3.14708985960617E+0000	 1.32442133035248E-0003
 3.15350625976345E+0000	 1.42229494210695E-0003
 3.15993195938699E+0000	 1.46285100350420E-0003
 3.16635737812942E+0000	 1.44650819202153E-0003
 3.17277274998995E+0000	 1.37419899167328E-0003
 3.17916770564926E+0000	 1.24833128974695E-0003
 3.18553190812243E+0000	 1.07368803932684E-0003
 3.19185621287475E+0000	 8.57524505545012E-0004
 3.19813353768460E+0000	 6.08856514299055E-0004
 3.20435902610536E+0000	 3.37516099708703E-0004
 3.21052969803817E+0000	 5.35458778155742E-0005
 3.21664406482417E+0000	-2.32918678164926E-0004
 3.22270204101041E+0000	-5.11517887899765E-0004
 3.22870516588732E+0000	-7.71620048245645E-0004
 3.23465693265113E+0000	-1.00253619389944E-0003
 3.24056300996987E+0000	-1.19396886697117E-0003
 3.24643125761202E+0000	-1.33655503038701E-0003
 3.25227156077684E+0000	-1.42237512435784E-0003
 3.25809556374885E+0000	-1.44537615920696E-0003
 3.26391637058307E+0000	-1.40172918404857E-0003
 3.26974823145212E+0000	-1.29017758295628E-0003
 3.27560617767555E+0000	-1.11243081095477E-0003
 3.28150552004869E+0000	-8.73626408315014E-0004
 3.28746108932196E+0000	-5.82822655734922E-0004
 3.29348608849498E+0000	-2.53386447592547E-0004
 3.29959048464257E+0000	 9.69975284471219E-0005
 3.30577906352342E+0000	 4.47105560112920E-0004
 3.31204964515435E+0000	 7.74133130248084E-0004
 3.31839236539580E+0000	 1.05681846159278E-0003
 3.32479090482161E+0000	 1.27888380981382E-0003
 3.33122565552243E+0000	 1.43125858120209E-0003
 3.33767747766457E+0000	 1.51193318406724E-0003
 3.34413020603230E+0000	 1.52378102612751E-0003
 3.35057105727377E+0000	 1.47194854020174E-0003
 3.35698959540962E+0000	 1.36230670266699E-0003
 3.36337660771168E+0000	 1.20131520550327E-0003
 3.36972381239727E+0000	 9.96589329355263E-0004
 3.37602437916711E+0000	 7.57209749240755E-0004
 3.38227360086791E+0000	 4.93335560126571E-0004
 3.38846910453481E+0000	 2.15377459108577E-0004
 3.39461049372159E+0000	-6.67203132132513E-0005
 3.40069874546101E+0000	-3.43744421369091E-0004
 3.40673575851845E+0000	-6.07057133865758E-0004
 3.41272424857944E+0000	-8.48289820037938E-0004
 3.41866793991719E+0000	-1.05915416188983E-0003
 3.42457187173036E+0000	-1.23149642093018E-0003
 3.43044264836793E+0000	-1.35756857575232E-0003
 3.43628855244736E+0000	-1.43041598188316E-0003
 3.44211952708137E+0000	-1.44429202708605E-0003
 3.44794707206230E+0000	-1.39506467608870E-0003
 3.45378408713191E+0000	-1.28063221749135E-0003
 3.45964465426531E+0000	-1.10139149723104E-0003
 3.46554370021674E+0000	-8.60796918111672E-0004
 3.47149643047208E+0000	-5.66013248746272E-0004
 3.47751738327608E+0000	-2.28592103070339E-0004
 3.48361894142479E+0000	 1.35028141851072E-0004
 3.48980922760418E+0000	 5.03593723371673E-0004
 3.49608961094797E+0000	 8.52257241920310E-0004
 3.50245262170211E+0000	 1.15544791243961E-0003
 3.50888161174989E+0000	 1.39117662427786E-0003
 3.51535322349821E+0000	 1.54529141275556E-0003
 3.52184214915475E+0000	 1.61348532542405E-0003
 3.52832589247779E+0000	 1.59997036380638E-0003
 3.53478725378924E+0000	 1.51399051375966E-0003
 3.54121413080056E+0000	 1.36649032642657E-0003
 3.54759796788479E+0000	 1.16840885141737E-0003
 3.55393242141740E+0000	 9.30499146753974E-0004
 3.56021292469950E+0000	 6.63694762735090E-0004
 3.56643688180766E+0000	 3.79177404814642E-0004
 3.57260386001370E+0000	 8.79498356990821E-0005
 3.57871539422360E+0000	-1.99763527482469E-0004
 3.58477445267664E+0000	-4.74888790614905E-0004
 3.59078485981400E+0000	-7.29487490926342E-0004
 3.59675094223132E+0000	-9.56461988284825E-0004
 3.60267748719185E+0000	-1.14920854058839E-0003
 3.60856993807485E+0000	-1.30140787590600E-0003
 3.61443467948918E+0000	-1.40702972955841E-0003
 3.62027928621660E+0000	-1.46052522019303E-0003
 3.62611267691885E+0000	-1.45713647123152E-0003
 3.63194517257779E+0000	-1.39326646756712E-0003
 3.63778848099058E+0000	-1.26689444756204E-0003
 3.64365561052593E+0000	-1.07806058336763E-0003
 3.64956067280333E+0000	-8.29458294639987E-0004
 3.65551847992328E+0000	-5.27155671377768E-0004
 3.66154378734878E+0000	-1.81413082875538E-0004
 3.66764999278758E+0000	 1.92544313765805E-0004
 3.67384711998406E+0000	 5.74127901042713E-0004
 3.68013910568564E+0000	 9.37945322407628E-0004
 3.68652092168136E+0000	 1.25606099769077E-0003
 3.69297686035600E+0000	 1.50232789136673E-0003
 3.69948171855675E+0000	 1.65786566833804E-0003
 3.70600550758306E+0000	 1.71517600985817E-0003
 3.71251982965239E+0000	 1.67843356822285E-0003
 3.71900262133307E+0000	 1.55995905196601E-0003
 3.72543939299600E+0000	 1.37541918100449E-0003
 3.73182173877462E+0000	 1.14036873839518E-0003
 3.73814511659490E+0000	 8.68953005828271E-0004
 3.74440732394913E+0000	 5.74033954448417E-0004
 3.75060794477882E+0000	 2.67632723960428E-0004
 3.75674831070248E+0000	-3.89548777758918E-0005
 3.76283143896880E+0000	-3.35397822734680E-0004
 3.76886171668434E+0000	-6.12629685382508E-0004
 3.77484442169827E+0000	-8.62946096607390E-0004
 3.78078529766571E+0000	-1.07983840216267E-0003
 3.78669034395750E+0000	-1.25767401451538E-0003
 3.79256585142933E+0000	-1.39139096922007E-0003
 3.79841861015825E+0000	-1.47633293008967E-0003
 3.80425617695211E+0000	-1.50826962324106E-0003
 3.81008711177191E+0000	-1.48358051114482E-0003
 3.81592113987211E+0000	-1.39955449556756E-0003
 3.82176923436390E+0000	-1.25477403392608E-0003
 3.82764361996056E+0000	-1.04958686497057E-0003
 3.83355766963087E+0000	-7.86696192612718E-0004
 3.83952561185052E+0000	-4.71899843757329E-0004
 3.84556190239696E+0000	-1.14966315829047E-0004
 3.85168006043777E+0000	 2.69463957042593E-0004
 3.85789076197031E+0000	 6.61241086505484E-0004
 3.86419911455269E+0000	 1.03488206442338E-0003
 3.87060146417868E+0000	 1.36135621930689E-0003
 3.87708289533489E+0000	 1.61214108750251E-0003
 3.88361734709763E+0000	 1.76514086701244E-0003
 3.89017175942713E+0000	 1.81017272932428E-0003
 3.89671317679406E+0000	 1.75082802661346E-0003
 3.90321523239008E+0000	 1.60149914783281E-0003
 3.90966092757537E+0000	 1.38173866098733E-0003
 3.91604160822996E+0000	 1.11131344185308E-0003
 3.92235421359131E+0000	 8.07708256174242E-0004
 3.92859880386966E+0000	 4.85770002512946E-0004
 3.93477718465824E+0000	 1.58312580940529E-0004
 3.94089245278599E+0000	-1.63282645755051E-0004
 3.94694892543736E+0000	-4.68841959791148E-0004
 3.95295203467222E+0000	-7.49458016809932E-0004
 3.95890805989885E+0000	-9.97582133947428E-0004
 3.96482378825477E+0000	-1.20697727123330E-0003
 3.97070625373301E+0000	-1.37251195584637E-0003
 3.97656265147043E+0000	-1.48988498000869E-0003
 3.98240043333079E+0000	-1.55539923899596E-0003
 3.98822752324952E+0000	-1.56587010046133E-0003
 3.99405256810456E+0000	-1.51869823236044E-0003
 3.99988515556104E+0000	-1.41209318376299E-0003
 4.00573596151417E+0000	-1.24542041513039E-0003
 4.01161681009859E+0000	-1.01965985073685E-0003
 4.01754061979832E+0000	-7.37991373506947E-0004
 4.02352116457291E+0000	-4.06536184475248E-0004
 4.02957250886430E+0000	-3.52546797559050E-0005
 4.03570790593990E+0000	 3.61094855748073E-0004
 4.04193793023419E+0000	 7.62217688438315E-0004
 4.04826773828274E+0000	 1.14231498291607E-0003
 4.05469376115775E+0000	 1.47169426472694E-0003
 4.06120091260352E+0000	 1.72069007603023E-0003
 4.06776222397381E+0000	 1.86569344116495E-0003
 4.07434259190929E+0000	 1.89522702313933E-0003
 4.08090607459692E+0000	 1.81271312385824E-0003
 4.08742330326717E+0000	 1.63405317084082E-0003
 4.09387534613050E+0000	 1.38168250320485E-0003
 4.10025322048823E+0000	 1.07869747237122E-0003
 4.10655495366566E+0000	 7.45427102251327E-0004
 4.11278248953333E+0000	 3.98559239545724E-0004
 4.11893964357082E+0000	 5.17133424872792E-0005
 4.12503119894132E+0000	-2.83656802901175E-0004
 4.13106269840748E+0000	-5.97636271103154E-0004
 4.13704044779782E+0000	-8.81606676773091E-0004
 4.14297145222744E+0000	-1.12822655351819E-0003
 4.14886323592024E+0000	-1.33143192592406E-0003
 4.15472363063361E+0000	-1.48634502376482E-0003
 4.16056063975374E+0000	-1.58909181462356E-0003
 4.16638243820576E+0000	-1.63659971510121E-0003
 4.17219750465654E+0000	-1.62646209995157E-0003
 4.17801483627246E+0000	-1.55693268414253E-0003
 4.18384417947630E+0000	-1.42707588843140E-0003
 4.18969621749641E+0000	-1.23707080901834E-0003
 4.19558267079455E+0000	-9.88658538357185E-0004
 4.20151626890397E+0000	-6.85733937581080E-0004
 4.20751052403103E+0000	-3.35096685481097E-0004
 4.21357917269540E+0000	 5.26393185656694E-0005
 4.21973507159114E+0000	 4.62066456661700E-0004
 4.22598829968787E+0000	 8.72218238454689E-0004
 4.23234334904358E+0000	 1.25660049704282E-0003
 4.23879573585768E+0000	 1.58486618169880E-0003
 4.24532917711441E+0000	 1.82686006952761E-0003
 4.25191526268420E+0000	 1.95877265261897E-0003
 4.25851726374406E+0000	 1.96932432486164E-0003
 4.26509753413064E+0000	 1.86268147678847E-0003
 4.27162518458585E+0000	 1.65616953499581E-0003
 4.27808033900232E+0000	 1.37424980256968E-0003
 4.28445393331523E+0000	 1.04228668537077E-0003
 4.29074477199600E+0000	 6.82648460152430E-0004
 4.29695616110304E+0000	 3.13479756639327E-0004
 4.30309347509340E+0000	-5.08411141368420E-0005
 4.30916291713801E+0000	-3.98685775001380E-0004
 4.31517113677160E+0000	-7.20305148694920E-0004
 4.32112523937299E+0000	-1.00734314652205E-0003
 4.32703284653097E+0000	-1.25267078076034E-0003
 4.33290206219414E+0000	-1.45036615293593E-0003
 4.33874135356685E+0000	-1.59569246969028E-0003
 4.34455942592652E+0000	-1.68501107516053E-0003
 4.35036516831011E+0000	-1.71564609145522E-0003
 4.35616770672833E+0000	-1.68576175028834E-0003
 4.36197655501389E+0000	-1.59432134125613E-0003
 4.36780181914172E+0000	-1.44118054757160E-0003
 4.37365439432553E+0000	-1.22734351270994E-0003
 4.37954609083169E+0000	-9.55390340485647E-0004
 4.38548962198840E+0000	-6.30076527348171E-0004
 4.39149836914592E+0000	-2.59103245004622E-0004
 4.39758578885286E+0000	 1.45960659515731E-0004
 4.40376425335842E+0000	 5.68704017567941E-0004
 4.41004307517773E+0000	 9.87141682070847E-0004
 4.41642560151032E+0000	 1.37384127154780E-0003
 4.42290576541051E+0000	 1.69780427486241E-0003
 4.42946536958810E+0000	 1.92880484430834E-0003
 4.43607411528869E+0000	 2.04373620396153E-0003
 4.44269384687282E+0000	 2.03266040819689E-0003
 4.44928613737976E+0000	 1.90132867497771E-0003
 4.45581982253368E+0000	 1.66858107101068E-0003
 4.46227505888754E+0000	 1.36026586020676E-0003
 4.46864306968157E+0000	 1.00305158012218E-0003
 4.47492323588147E+0000	 6.20496736832938E-0004
 4.48111971535764E+0000	 2.31709859777181E-0004
 4.48723890053054E+0000	-1.48293175611301E-0004
 4.49328802093480E+0000	-5.07586253321010E-0004
 4.49927463182969E+0000	-8.36381692263556E-0004
 4.50520657601436E+0000	-1.12641647304298E-0003
 4.51109208110535E+0000	-1.37067685016824E-0003
 4.51693980887383E+0000	-1.56333105216884E-0003
 4.52275881406561E+0000	-1.69972810857130E-0003
 4.52855845486553E+0000	-1.77637382361050E-0003
 4.53434832228172E+0000	-1.79086268095434E-0003
 4.54013823962630E+0000	-1.74179636798322E-0003
 4.54593834889535E+0000	-1.62874555495452E-0003
 4.55175926509260E+0000	-1.45231482664352E-0003
 4.55761225058053E+0000	-1.21435956123638E-0003
 4.56350934040749E+0000	-9.18386173936187E-0004
 4.56946333182947E+0000	-5.70148714923254E-0004
 4.57548752776703E+0000	-1.78434507180771E-0004
 4.58159508378592E+0000	 2.44004480959534E-0004
 4.58779775253644E+0000	 6.79505676289268E-0004
 4.59410379707617E+0000	 1.10486101023255E-0003
 4.60051499829750E+0000	 1.49163601259196E-0003
 4.60702322357257E+0000	 1.80835346878313E-0003
 4.61360796332120E+0000	 2.02517624105302E-0003
 4.62023690656339E+0000	 2.12039838108434E-0003
 4.62687078008048E+0000	 2.08616530294972E-0003
 4.63347110531177E+0000	 1.93028904840588E-0003
 4.64000733501030E+0000	 1.67309536390364E-0003
 4.64646035174059E+0000	 1.34130308001220E-0003
 4.65282193046339E+0000	 9.62132934280009E-0004
 4.65909186473279E+0000	 5.59646525735322E-0004
 4.66527473453226E+0000	 1.53488229142540E-0004
 4.67137745934243E+0000	-2.40811534429746E-0004
 4.67740790146224E+0000	-6.10915396835095E-0004
 4.68337429832753E+0000	-9.46768498799848E-0004
 4.68928516608745E+0000	-1.23997153101113E-0003
 4.69514937219469E+0000	-1.48346300404932E-0003
 4.70097619827352E+0000	-1.67141530184437E-0003
 4.70677533202496E+0000	-1.79922583570236E-0003
 4.71255680448741E+0000	-1.86351724875440E-0003
 4.71833092149177E+0000	-1.86211175579576E-0003
 4.72410823629891E+0000	-1.79399035429532E-0003
 4.72989958896564E+0000	-1.65927763200559E-0003
 4.73571620877630E+0000	-1.45930646440104E-0003
 4.74156984553862E+0000	-1.19681735416639E-0003
 4.74747286527457E+0000	-8.76337727525754E-0004
 4.75343821434667E+0000	-5.04767704048630E-0004
 4.75947912051275E+0000	-9.21665807298687E-0005
 4.76560835834236E+0000	 3.47323855986427E-0004
 4.77183686949739E+0000	 7.94593746665675E-0004
 4.77817154460903E+0000	 1.22509382884527E-0003
 4.78461217520631E+0000	 1.60944874261859E-0003
 4.79114816340848E+0000	 1.91602621021391E-0003
 4.79775649977551E+0000	 2.11593751040640E-0003
 4.80440302465478E+0000	 2.18949900763002E-0003
 4.81104784060088E+0000	 2.13138450049911E-0003
 4.81765306608785E+0000	 1.95157591151147E-0003
 4.82418935498412E+0000	 1.67164790827426E-0003
 4.83063867109825E+0000	 1.31871993949590E-0003
 4.83699340484549E+0000	 9.20029729459465E-0004
 4.84325357273389E+0000	 4.99697209364293E-0004
 4.84942383816774E+0000	 7.76445360590288E-0005
 4.85551128275871E+0000	-3.30133495513374E-0004
 4.86152411085986E+0000	-7.10772761206520E-0004
 4.86747107925644E+0000	-1.05374817761818E-0003
 4.87336134427381E+0000	-1.35031522586840E-0003
 4.87920447212110E+0000	-1.59320820171231E-0003
 4.88501046178435E+0000	-1.77652143139237E-0003
 4.89078972437800E+0000	-1.89568118509218E-0003
 4.89655302434154E+0000	-1.94744024452466E-0003
 4.90231141496731E+0000	-1.92986490645727E-0003
 4.90807620259890E+0000	-1.84231893773717E-0003
 4.91385896049717E+0000	-1.68547434272522E-0003
 4.91967159165967E+0000	-1.46139405130131E-0003
 4.92552641286353E+0000	-1.17373768899646E-0003
 4.93143619997505E+0000	-8.28138259068674E-0004
 4.93741409576420E+0000	-4.32781297551520E-0004
 4.94347323609581E+0000	 8.20196504381786E-0007
 4.94962590518221E+0000	 4.56938193105068E-0004
 4.95588200956479E+0000	 9.14849962601627E-0004
 4.96224672540669E+0000	 1.34860305472636E-0003
 4.96871744716104E+0000	 1.72801862325415E-0003
 4.97528078335520E+0000	 2.02170842261679E-0003
 4.98191117483689E+0000	 2.20231949144660E-0003
 4.98857294135489E+0000	 2.25272592521563E-0003
 4.99522613718780E+0000	 2.17035873879161E-0003
 5.00183402901101E+0000	 1.96722989076589E-0003
 5.00836880149331E+0000	 1.66579629588369E-0003
 5.01481357677916E+0000	 1.29317055695115E-0003
 5.02116125101483E+0000	 8.76278508490857E-0004
 5.02741185155744E+0000	 4.39097605340549E-0004
 5.03356988564405E+0000	 1.76177705486682E-0006
 5.03964238957327E+0000	-4.19221483331610E-0004
 5.04563777410746E+0000	-8.10337714219881E-0004
 5.05156526689670E+0000	-1.16044035852287E-0003
 5.05743469447351E+0000	-1.46030483867018E-0003
 5.06325640394617E+0000	-1.70237296364640E-0003
 5.06904121204906E+0000	-1.88063010773456E-0003
 5.07480034169987E+0000	-1.99054996350680E-0003
 5.08054534912678E+0000	-2.02906302093321E-0003
 5.08628806129558E+0000	-1.99453271848549E-0003
 5.09204054307425E+0000	-1.88674695722954E-0003
 5.09781510372580E+0000	-1.70695017988896E-0003
 5.10362433606324E+0000	-1.45795324801918E-0003
 5.10948115879271E+0000	-1.14436494567890E-0003
 5.11539880141545E+0000	-7.72987572541488E-0004
 5.12139062985311E+0000	-3.53403031703857E-0004
 5.12746966157515E+0000	 1.01267981504098E-0004
 5.13364757466344E+0000	 5.73542670737225E-0004
 5.13993301391698E+0000	 1.04095763891046E-0003
 5.14632911662134E+0000	 1.47614872101127E-0003
 5.15283053359600E+0000	 1.84832471346924E-0003
 5.15942086233975E+0000	 2.12675370307427E-0003
 5.16607207044623E+0000	 2.28613379270925E-0003
 5.17274735493330E+0000	 2.31226690882610E-0003
 5.17940724471612E+0000	 2.20536752179052E-0003
 5.18601652441851E+0000	 1.97919431753292E-0003
 5.19254899645133E+0000	 1.65670934056307E-0003
 5.19898881084791E+0000	 1.26474037770512E-0003
 5.20532915852047E+0000	 8.29787902607709E-0004
 5.21156988993694E+0000	 3.75710221988480E-0004
 5.21771524029430E+0000	-7.70445799819779E-0005
 5.22377216563020E+0000	-5.11328829939362E-0004
 5.22974931596842E+0000	-9.12864379098912E-0004
 5.23565646751645E+0000	-1.26980681282723E-0003
 5.24150421504050E+0000	-1.57242068175192E-0003
 5.24730378362912E+0000	-1.81286828796038E-0003
 5.25306688778963E+0000	-1.98507438318927E-0003
 5.25880561483535E+0000	-2.08463125853648E-0003
 5.26453233385238E+0000	-2.10872650113183E-0003
 5.27025963787203E+0000	-2.05609392579288E-0003
 5.27600032347988E+0000	-1.92700188946085E-0003
 5.28176740370572E+0000	-1.72330300451754E-0003
 5.28757413708336E+0000	-1.44857670487998E-0003
 5.29343403589085E+0000	-1.10840054438941E-0003
 5.29936078670418E+0000	-7.10783161858104E-0004
 5.30536797505686E+0000	-2.66772130945373E-0004
 5.31146845777455E+0000	 2.08802571133396E-0004
 5.31767319159840E+0000	 6.96595534371484E-0004
 5.32398935550608E+0000	 1.17234521460409E-0003
 5.33041778543975E+0000	 1.60734321197756E-0003
 5.33695016474979E+0000	 1.97042984634720E-0003
 5.34356703672281E+0000	 2.23191228504612E-0003
 5.35023812495936E+0000	 2.36889609658383E-0003
 5.35692592620059E+0000	 2.37022658685959E-0003
 5.36359181676726E+0000	 2.23869710048601E-0003
 5.37020220733102E+0000	 1.98943634090532E-0003
 5.37673234702164E+0000	 1.64560604967612E-0003
 5.38316711645286E+0000	 1.23365967349923E-0003
 5.38949974845496E+0000	 7.79789104460277E-0004
 5.39572980191435E+0000	 3.07960198715118E-0004
 5.40186127353616E+0000	-1.60832727364885E-0004
 5.40790117916262E+0000	-6.08636095372323E-0004
 5.41385859505170E+0000	-1.02033779811036E-0003
 5.41974402713248E+0000	-1.38341479261757E-0003
 5.42556898049406E+0000	-1.68770394863252E-0003
 5.43134564836710E+0000	-1.92520533111110E-0003
 5.43708668272537E+0000	-2.08990973948789E-0003
 5.44280503279830E+0000	-2.17764754103237E-0003
 5.44851384591845E+0000	-2.18596579898594E-0003
 5.45422642437015E+0000	-2.11404832865432E-0003
 5.45995622738718E+0000	-1.96269813875588E-0003
 5.46571690056050E+0000	-1.73440546944988E-0003
 5.47152230389403E+0000	-1.43352818616131E-0003
 5.47738649112046E+0000	-1.06661267305103E-0003
 5.48332356340048E+0000	-6.42876432206260E-0004
 5.48934728004291E+0000	-1.74846645750950E-0004
 5.49547026616819E+0000	 3.20915877165598E-0004
 5.50170264078101E+0000	 8.23200543988959E-0004
 5.50804995977676E+0000	 1.30601468197808E-0003
 5.51451061597967E+0000	 1.73949375357666E-0003
 5.52107331013853E+0000	 2.09241571418757E-0003
 5.52771574715634E+0000	 2.33643641299152E-0003
 5.53440583216143E+0000	 2.45117951329207E-0003
 5.54110578993727E+0000	 2.42830679063303E-0003
 5.54777800744220E+0000	 2.27270992609685E-0003
 5.55439031262437E+0000	 2.00042386886471E-0003
 5.56091895127859E+0000	 1.63460872204827E-0003
 5.56734908445450E+0000	 1.20146888222741E-0003
 5.57367372369084E+0000	 7.27235749648647E-0004
 5.57989212182459E+0000	 2.36385874883187E-0004
 5.58600822623557E+0000	-2.49222854174892E-0004
 5.59202940717142E+0000	-7.10671622953455E-0004
 5.59796546743700E+0000	-1.13201637976711E-0003
 5.60382787976984E+0000	-1.50017708157113E-0003
 5.60962920434800E+0000	-1.80474737390670E-0003
 5.61538265743270E+0000	-2.03776308477242E-0003
 5.62110181249779E+0000	-2.19346060622631E-0003
 5.62680041662173E+0000	-2.26805421007926E-0003
 5.63249230253122E+0000	-2.25955864295587E-0003
 5.63819137396778E+0000	-2.16768007390028E-0003
 5.64391163932311E+0000	-1.99379634581932E-0003
 5.64966726379595E+0000	-1.74104743077516E-0003
 5.65547260042993E+0000	-1.41455802411053E-0003
 5.66134214173509E+0000	-1.02181249031988E-0003
 5.66729030387245E+0000	-5.73189897807726E-0004
 5.67333091705816E+0000	-8.26302249855816E-0005
 5.67947626325249E+0000	 4.31676121292961E-0004
 5.68573551262826E+0000	 9.46818826044247E-0004
 5.69211253137319E+0000	 1.43533748838466E-0003
 5.69860333903066E+0000	 1.86657199453522E-0003
 5.70519396732859E+0000	 2.20960195592660E-0003
 5.71185985918520E+0000	 2.43759486305332E-0003
 5.71856776172626E+0000	 2.53244690380490E-0003
 5.72528003735825E+0000	 2.48797415079483E-0003
 5.73195998787240E+0000	 2.31036301570010E-0003
 5.73857629334677E+0000	 2.01599249129849E-0003
 5.74510544979080E+0000	 1.62792593304595E-0003
 5.75153229798659E+0000	 1.17245565767778E-0003
 5.75784936464823E+0000	 6.76410718650737E-0004
 5.76405568193577E+0000	 1.65316848134516E-0004
 5.77015546728575E+0000	-3.37750409147617E-0004
 5.77615684294703E+0000	-8.12790514813984E-0004
 5.78207068684314E+0000	-1.24311196173694E-0003
 5.78790967039319E+0000	-1.61528393228948E-0003
 5.79368751186142E+0000	-1.91890559813896E-0003
 5.79941844633414E+0000	-2.14628365345659E-0003
 5.80511689063053E+0000	-2.29209245187694E-0003
 5.81079726801473E+0000	-2.35307126552696E-0003
 5.81647395318108E+0000	-2.32779526246325E-0003
 5.82216129885542E+0000	-2.21654438422868E-0003
 5.82787370683306E+0000	-2.02128807307062E-0003
 5.83362570415726E+0000	-1.74580218892760E-0003
 5.83943197589722E+0000	-1.39593409713529E-0003
 5.84530728693029E+0000	-9.80027049638361E-0004
 5.85126619590999E+0000	-5.09496178034562E-0004
 5.85732243128401E+0000	 4.98326584114171E-0007
 5.86348778206719E+0000	 5.30425646639507E-0004
 5.86977039865464E+0000	 1.05608941855110E-0003
 5.87617256571297E+0000	 1.54909459990918E-0003
 5.88268834157741E+0000	 1.97854662702825E-0003
 5.88930186976922E+0000	 2.31419922773868E-0003
 5.89598735504592E+0000	 2.53063107385808E-0003
 5.90271128771629E+0000	 2.61128317181835E-0003
 5.90943651362141E+0000	 2.55094733644277E-0003
 5.91612684958462E+0000	 2.35594454663715E-0003
 5.92275088289878E+0000	 2.04232244265672E-0003
 5.92928430988045E+0000	 1.63304107276976E-0003
 5.93571089847344E+0000	 1.15499915696042E-0003
 5.94202241765681E+0000	 6.36345250555477E-0004
 5.94821783172550E+0000	 1.04272903420231E-0004
 5.95430201593039E+0000	-4.16578601731349E-0004
 5.96028426458644E+0000	-9.05068876041403E-0004
 5.96617684888146E+0000	-1.34390666189952E-0003
 5.97199380597686E+0000	-1.71955598226457E-0003
 5.97775003962409E+0000	-2.02187861594334E-0003
 5.98346072949570E+0000	-2.24367086232893E-0003
 5.98914099973971E+0000	-2.38020682724796E-0003
 5.99480578201143E+0000	-2.42885596467680E-0003
 6.00046981107258E+0000	-2.38881074616472E-0003
 6.00614769987227E+0000	-2.26094247194573E-0003
 6.01185404789626E+0000	-2.04779599562748E-0003
 6.01760353697971E+0000	-1.75373263578736E-0003
 6.02341096023978E+0000	-1.38522926173447E-0003
 6.02929111140143E+0000	-9.51333468373595E-0004
 6.03525843583138E+0000	-4.64250138748533E-0004
 6.04132632087028E+0000	 6.00188750918558E-0005
 6.04750590576288E+0000	 6.01152552467797E-0004
 6.05380436341186E+0000	 1.13439893074218E-0003
 6.06022279464425E+0000	 1.63126421524437E-0003
 6.06675417861099E+0000	 2.06134871330591E-0003
 6.07338210732831E+0000	 2.39536479339896E-0003
 6.08008103317836E+0000	 2.60882717330755E-0003
 6.08681829560592E+0000	 2.68544463305973E-0003
 6.09355747939904E+0000	 2.61927388421130E-0003
 6.10026222383633E+0000	 2.41524549910356E-0003
 6.10689972655436E+0000	 2.08825138089329E-0003
 6.11344354569935E+0000	 1.66116711712681E-0003
 6.11987546061991E+0000	 1.16212112695685E-0003
 6.12618615686296E+0000	 6.21389700734476E-0004
 6.13237467385181E+0000	 6.84725471260049E-0005
 6.13844690116335E+0000	-4.70113400014385E-0004
 6.14441364953532E+0000	-9.72068588033674E-0004
 6.15028879643012E+0000	-1.41965982892655E-0003
 6.15608780481777E+0000	-1.79946368229364E-0003
 6.16182670237493E+0000	-2.10180548291538E-0003
 6.16752147474209E+0000	-2.32012119871383E-0003
 6.17318777432506E+0000	-2.45037796509328E-0003
 6.17884084394806E+0000	-2.49061922891118E-0003
 6.18449557222577E+0000	-2.44065925707258E-0003
 6.19016661660151E+0000	-2.30193285828122E-0003
 6.19586854238178E+0000	-2.07750038964973E-0003
 6.20161592904071E+0000	-1.77220753260333E-0003
 6.20742338829453E+0000	-1.39299715015815E-0003
 6.21330542345031E+0000	-9.49359801081770E-0004
 6.21927604122729E+0000	-4.53882005661510E-0004
 6.22534801767833E+0000	 7.72009083839877E-0005
 6.23153174207077E+0000	 6.23618839025120E-0004
 6.23783364811919E+0000	 1.16110381922793E-0003
 6.24425440944012E+0000	 1.66214057777471E-0003
 6.25078728663176E+0000	 2.09762459084304E-0003
 6.25741713951017E+0000	 2.43935520288864E-0003
 6.26412051182271E+0000	 2.66296402171265E-0003
 6.27086687131598E+0000	 2.75072607668062E-0003
 6.27762080510926E+0000	 2.69384036354818E-0003
