 1.48995606216041E-0003	 2.29647886360807E-0003
 8.10473527500982E-0003	 1.89163947752518E-0003
 1.46026593660259E-0002	 1.38650914233371E-0003
 2.09644207951023E-0002	 8.20717055301689E-0004
 2.71863937777070E-0002	 2.34504794880480E-0004
 3.32770077580800E-0002	-3.37376962359000E-0004
 3.92517978230934E-0002	-8.68112380490061E-0004
 4.51293276716353E-0002	-1.33859837478210E-0003
 5.09286322798452E-0002	-1.73602315300632E-0003
 5.66679541861229E-0002	-2.05224172286923E-0003
 6.23643289481403E-0002	-2.28240645741487E-0003
 6.80336440352002E-0002	-2.42398662927753E-0003
 7.36909167352930E-0002	-2.47616970983081E-0003
 7.93506289652119E-0002	-2.43959207746551E-0003
 8.50270110041306E-0002	-2.31633731362531E-0003
 9.07341943055103E-0002	-2.11013633356729E-0003
 9.64861705468197E-0002	-1.82669282931259E-0003
 1.02296514221513E-0001	-1.47403722152749E-0003
 1.08177863134409E-0001	-1.06278867002586E-0003
 1.14141213832241E-0001	-6.06195842882225E-0004
 1.20195168099704E-0001	-1.19861306803568E-0004
 1.26345323192488E-0001	 3.78849435156234E-0004
 1.32593977449781E-0001	 8.71577505228376E-0004
 1.38940201474021E-0001	 1.33967631670479E-0003
 1.45380142228383E-0001	 1.76460114155273E-0003
 1.51907241090850E-0001	 2.12783834559142E-0003
 1.58511905039705E-0001	 2.41048097165906E-0003
 1.65180206412085E-0001	 2.59299142957015E-0003
 1.71891663207068E-0001	 2.65617389250379E-0003
 1.78617188505432E-0001	 2.58440590231033E-0003
 1.85319383935736E-0001	 2.37107196721950E-0003
 1.91957106036301E-0001	 2.02391348133532E-0003
 1.98493565105572E-0001	 1.56654213329561E-0003
 2.04903941967555E-0001	 1.03422555339825E-0003
 2.11178519235946E-0001	 4.66197116218738E-0004
 2.17320835287027E-0001	-1.01318583870931E-0004
 2.23343311096399E-0001	-6.38918135205540E-0004
 2.29262920912766E-0001	-1.12481407637836E-0003
 2.35098119198353E-0001	-1.54390627228665E-0003
 2.40867114923941E-0001	-1.88628485695211E-0003
 2.46587137486879E-0001	-2.14580781399022E-0003
 2.52274305089189E-0001	-2.31900278229758E-0003
 2.57943805059534E-0001	-2.40434063645399E-0003
 2.63610194071886E-0001	-2.40185000154118E-0003
 2.69287690965217E-0001	-2.31301881893496E-0003
 2.74990370515463E-0001	-2.14092162165575E-0003
 2.80732186668350E-0001	-1.89050114627003E-0003
 2.86526772589014E-0001	-1.56891433251608E-0003
 2.92386996315216E-0001	-1.18582850302074E-0003
 2.98324305836359E-0001	-7.53537437779794E-0004
 3.04347973971169E-0001	-2.86784833686259E-0004
 3.10464422186604E-0001	 1.97741219640452E-0004
 3.16676810087018E-0001	 6.82151979395962E-0004
 3.22984986640448E-0001	 1.14812989124117E-0003
 3.29385735402165E-0001	 1.57748101349213E-0003
 3.35873074237457E-0001	 1.95229278440887E-0003
 3.42438234283964E-0001	 2.25470263404889E-0003
 3.49068909113247E-0001	 2.46660267351582E-0003
 3.55747619476682E-0001	 2.57003015053617E-0003
 3.62449763712917E-0001	 2.54921529150506E-0003
 3.69142921425368E-0001	 2.39472120133531E-0003
 3.75789352522907E-0001	 2.10850657214322E-0003
 3.82352187503915E-0001	 1.70697315085293E-0003
 3.88802886025632E-0001	 1.21933598531798E-0003
 3.95126066139167E-0001	 6.81704751150528E-0004
 4.01319752813450E-0001	 1.30139243613287E-0004
 4.07392230316809E-0001	-4.04245034546726E-0004
 4.13357924543503E-0001	-8.97243856024877E-0004
 4.19233994692801E-0001	-1.33139419681869E-0003
 4.25038152091445E-0001	-1.69481025449705E-0003
 4.30787548915436E-0001	-1.97982612045286E-0003
 4.36498390721720E-0001	-2.18183468764794E-0003
 4.42185965090093E-0001	-2.29845215678223E-0003
 4.47864867044651E-0001	-2.32901626832187E-0003
 4.53549272678172E-0001	-2.27438157295937E-0003
 4.59253155272291E-0001	-2.13695938633617E-0003
 4.64990362373533E-0001	-1.92093852486184E-0003
 4.70774490955745E-0001	-1.63260529089403E-0003
 4.76618524561940E-0001	-1.28065693971465E-0003
 4.82534243395908E-0001	-8.76381545787878E-0004
 4.88531489238323E-0001	-4.33580432693734E-0004
 4.94617442756791E-0001	 3.18361431227818E-0005
 5.00796104139557E-0001	 5.02537308738794E-0004
 5.07068111459953E-0001	 9.60574206739589E-0004
 5.13430889206309E-0001	 1.38806211187886E-0003
 5.19878956111250E-0001	 1.76754873056371E-0003
 5.26404095222950E-0001	 2.08201262276594E-0003
 5.32995034290513E-0001	 2.31466711000955E-0003
 5.39636403944676E-0001	 2.44907421692202E-0003
 5.46307200435951E-0001	 2.47034363940092E-0003
 5.52979753462649E-0001	 2.36801078880188E-0003
 5.59620779783709E-0001	 2.14019142551547E-0003
 5.66195558012712E-0001	 1.79709138058005E-0003
 5.72674224831985E-0001	 1.36133926662445E-0003
 5.79037229010836E-0001	 8.64248511773836E-0004
 5.85277366697997E-0001	 3.39846989659037E-0004
 5.91398245676372E-0001	-1.80429025351085E-0004
 5.97410912054337E-0001	-6.70719570423876E-0004
 6.03330451716095E-0001	-1.11147583639212E-0003
 6.09173485755668E-0001	-1.48883511276416E-0003
 6.14956690109133E-0001	-1.79348599238316E-0003
 6.20696112671223E-0001	-2.01953887607304E-0003
 6.26407001800853E-0001	-2.16362967092832E-0003
 6.32103913621693E-0001	-2.22432163886747E-0003
 6.37800931505288E-0001	-2.20179761284391E-0003
 6.43511877950382E-0001	-2.09780573531443E-0003
 6.49250426891621E-0001	-1.91580580802342E-0003
 6.55030043611872E-0001	-1.66124528479942E-0003
 6.60863702543784E-0001	-1.34186977703621E-0003
 6.66763372805991E-0001	-9.67948150237575E-0004
 6.72739324558312E-0001	-5.52283841646266E-0004
 6.78799386319231E-0001	-1.09917728989950E-0004
 6.84948336695084E-0001	 3.42480155652301E-0004
 6.91187592065652E-0001	 7.87406792235328E-0004
 6.97515237352112E-0001	 1.20729702318559E-0003
 7.03926290297249E-0001	 1.58506505852715E-0003
 7.10412964752159E-0001	 1.90432100169153E-0003
 7.16964642440715E-0001	 2.14934517717936E-0003
 7.23567319514994E-0001	 2.30514506005503E-0003
 7.30202572029465E-0001	 2.35815733913071E-0003
 7.36846624999882E-0001	 2.29814826521995E-0003
 7.43470652626030E-0001	 2.12130579017107E-0003
 7.50043368268614E-0001	 1.83342883403086E-0003
 7.56535777541527E-0001	 1.45127634648211E-0003
 7.62926259455413E-0001	 1.00071278496902E-0003
 7.69203602749179E-0001	 5.12242719625944E-0004
 7.75366978379408E-0001	 1.60636206272798E-0005
 7.81423662569801E-0001	-4.61471530427782E-0004
 7.87386047656166E-0001	-8.99406468916794E-0004
 7.93269065657974E-0001	-1.28220544321078E-0003
 7.99088441968476E-0001	-1.59898867114351E-0003
 8.04859732634036E-0001	-1.84255155496419E-0003
 8.10597930520121E-0001	-2.00848336491280E-0003
 8.16317420875674E-0001	-2.09451600612810E-0003
 8.22032112605434E-0001	-2.10013425016167E-0003
 8.27755615402552E-0001	-2.02643313750848E-0003
 8.33501362095007E-0001	-1.87618481791558E-0003
 8.39282594906050E-0001	-1.65405699485456E-0003
 8.45112154427594E-0001	-1.36690068038034E-0003
 8.51002042908191E-0001	-1.02399795619733E-0003
 8.56962788193570E-0001	-6.37143320990263E-0004
 8.63002708493878E-0001	-2.20447828754712E-0004
 8.69127243959773E-0001	 2.10175005881900E-0004
 8.75338530002829E-0001	 6.37766223805557E-0004
 8.81635305351522E-0001	 1.04513897919704E-0003
 8.88013102422977E-0001	 1.41554958621002E-0003
 8.94464536353323E-0001	 1.73309630319009E-0003
 9.00979449747175E-0001	 1.98287123715627E-0003
 9.07544705735431E-0001	 2.15107654768984E-0003
 9.14143599821415E-0001	 2.22549758849628E-0003
 9.20755221747560E-0001	 2.19676843693524E-0003
 9.27354515826135E-0001	 2.06056053004503E-0003
 9.33913888858390E-0001	 1.82011583526591E-0003
 9.40406593698418E-0001	 1.48781800892753E-0003
 9.46810911689919E-0001	 1.08453332547631E-0003
 9.53113362681112E-0001	 6.36604993065366E-0004
 9.59309677342305E-0001	 1.71767742610159E-0004
 9.65403613232302E-0001	-2.84378576000081E-0004
 9.71404645607580E-0001	-7.10426509989535E-0004
 9.77325600171389E-0001	-1.08977405348488E-0003
 9.83180821799894E-0001	-1.41029941707226E-0003
 9.88985015536575E-0001	-1.66362759003652E-0003
 9.94752652803144E-0001	-1.84434822425371E-0003
 1.00049776684071E+0000	-1.94937123382121E-0003
 1.00623397404099E+0000	-1.97749324367621E-0003
 1.01197458988137E+0000	-1.92918760108523E-0003
 1.01773273467873E+0000	-1.80659870762308E-0003
 1.02352134261939E+0000	-1.61369814630715E-0003
 1.02935300467125E+0000	-1.35653496238164E-0003
 1.03523960269190E+0000	-1.04348412637435E-0003
 1.04119173825705E+0000	-6.85374145508140E-0004
 1.04721802731097E+0000	-2.95376087037980E-0004
 1.05332440285086E+0000	 1.11415197884781E-0004
 1.05951360050725E+0000	 5.18676372586818E-0004
 1.06578495317583E+0000	 9.09682282089885E-0004
 1.07213449437993E+0000	 1.26806383689367E-0003
 1.07855523270009E+0000	 1.57834746254077E-0003
 1.08503738802640E+0000	 1.82625978029514E-0003
 1.09156840642895E+0000	 1.99894074752731E-0003
 1.09813270439952E+0000	 2.08534586148843E-0003
 1.10471134284495E+0000	 2.07715619231786E-0003
 1.11128212356201E+0000	 1.97033148965996E-0003
 1.11782071476764E+0000	 1.76698707681533E-0003
 1.12430308172933E+0000	 1.47675140621275E-0003
 1.13070872548412E+0000	 1.11663913353792E-0003
 1.13702354532898E+0000	 7.09092963641554E-0004
 1.14324121529698E+0000	 2.78847540998598E-0004
 1.14936279182229E+0000	-1.50188718274663E-0004
 1.15539511214619E+0000	-5.57114416028886E-0004
 1.16134882131644E+0000	-9.25030421214063E-0004
 1.16723664358582E+0000	-1.24110566125412E-0003
 1.17307215486471E+0000	-1.49612662683506E-0003
 1.17886905620994E+0000	-1.68387547447437E-0003
 1.18464083456880E+0000	-1.80055052673324E-0003
 1.19040067479226E+0000	-1.84433482465045E-0003
 1.19616150109117E+0000	-1.81515096657255E-0003
 1.20193604561569E+0000	-1.71460187559145E-0003
 1.20773685710945E+0000	-1.54607076438957E-0003
 1.21357617647884E+0000	-1.31492790344542E-0003
 1.21946562723128E+0000	-1.02876304897325E-0003
 1.22541570682363E+0000	-6.97535759371247E-0004
 1.23143512468958E+0000	-3.33526733615560E-0004
 1.23753010343620E+0000	 4.89963129067744E-0005
 1.24370380763516E+0000	 4.34402615458226E-0004
 1.24995604514741E+0000	 8.06505464336835E-0004
 1.25628328393651E+0000	 1.14936892911645E-0003
 1.26267889061301E+0000	 1.44794912622195E-0003
 1.26913340883604E+0000	 1.68851888547271E-0003
 1.27563470868769E+0000	 1.85897414295122E-0003
 1.28216795409756E+0000	 1.94923638938433E-0003
 1.28871552915882E+0000	 1.95198584935386E-0003
 1.29525726793666E+0000	 1.86382067893721E-0003
 1.30177140514100E+0000	 1.68662612571221E-0003
 1.30823645194199E+0000	 1.42858674767319E-0003
 1.31463370170004E+0000	 1.10416551900624E-0003
 1.32094958077117E+0000	 7.32728551263624E-0004
 1.32717700821874E+0000	 3.36157924777850E-0004
 1.33331541013662E+0000	-6.37339192283986E-0005
 1.33936965631973E+0000	-4.47230169380539E-0004
 1.34534850837287E+0000	-7.97841896243257E-0004
 1.35126310968401E+0000	-1.10262864175148E-0003
 1.35712580880623E+0000	-1.35198994571804E-0003
 1.36294938758471E+0000	-1.53921698630420E-0003
 1.36874663903453E+0000	-1.66001269957243E-0003
 1.37453019416267E+0000	-1.71210060676808E-0003
 1.38031249371700E+0000	-1.69497807453432E-0003
 1.38610581128260E+0000	-1.60982891306392E-0003
 1.39192224508045E+0000	-1.45958225334426E-0003
 1.39777360628101E+0000	-1.24907915124612E-0003
 1.40367114778502E+0000	-9.85280271736837E-0004
 1.40962510815215E+0000	-6.77420001945812E-0004
 1.41564409678374E+0000	-3.36996599554102E-0004
 1.42173441300795E+0000	 2.24955996270838E-0005
 1.42789944723205E+0000	 3.86121428127097E-0004
 1.43413931496214E+0000	 7.38275251855293E-0004
 1.44045079785173E+0000	 1.06350582694269E-0003
 1.44682753787940E+0000	 1.34722557129216E-0003
 1.45326032944529E+0000	 1.57622511625734E-0003
 1.45973734936298E+0000	 1.73905628541114E-0003
 1.46624426839621E+0000	 1.82645743466909E-0003
 1.47276435747808E+0000	 1.83200455615720E-0003
 1.47927885528326E+0000	 1.75304301424526E-0003
 1.48576789224471E+0000	 1.59171275809791E-0003
 1.49221208566258E+0000	 1.35564284745904E-0003
 1.49859456599137E+0000	 1.05784234434035E-0003
 1.50490286872485E+0000	 7.15570803835748E-0004
 1.51113008867006E+0000	 3.48423435454351E-0004
 1.51727500697942E+0000	-2.37945592653129E-0005
 1.52334133696784E+0000	-3.82828419146506E-0004
 1.52933650123829E+0000	-7.13064164901252E-0004
 1.53527035796508E+0000	-1.00195322512084E-0003
 1.54115414284393E+0000	-1.23995811972382E-0003
 1.54699972439005E+0000	-1.42024478180309E-0003
 1.55281915602374E+0000	-1.53830370434195E-0003
 1.55862445497128E+0000	-1.59161721356577E-0003
 1.56442752375940E+0000	-1.57943511212260E-0003
 1.57024013272892E+0000	-1.50268238334060E-0003
 1.57607388861796E+0000	-1.36399520817984E-0003
 1.58194012170053E+0000	-1.16785721352895E-0003
 1.58784963616300E+0000	-9.20781476490664E-0004
 1.59381229302886E+0000	-6.31456356033104E-0004
 1.59983643858635E+0000	-3.10754207105161E-0004
 1.60592825165206E+0000	 2.84910688585967E-0005
 1.61209114017266E+0000	 3.71981944869574E-0004
 1.61832533453786E+0000	 7.04685099631203E-0004
 1.62462777026042E+0000	 1.01165276900277E-0003
 1.63099223842672E+0000	 1.27877191079903E-0003
 1.63740967528807E+0000	 1.49334331907718E-0003
 1.64386844034619E+0000	 1.64452488578409E-0003
 1.65035452243890E+0000	 1.72378400678776E-0003
 1.65685177066172E+0000	 1.72551161410891E-0003
 1.66334237563590E+0000	 1.64782385539420E-0003
 1.66980782363772E+0000	 1.49336595876931E-0003
 1.67623036629801E+0000	 1.26976171715127E-0003
 1.68259476256075E+0000	 9.89360286291196E-0004
 1.68888983138791E+0000	 6.68164951330575E-0004
 1.69510936710744E+0000	 3.24167972158299E-0004
 1.70125222108228E+0000	-2.44547327191935E-0005
 1.70732167287460E+0000	-3.60848947805395E-0004
 1.71332440889990E+0000	-6.70449093310947E-0004
 1.71926943648859E+0000	-9.41398801519701E-0004
 1.72516715430457E+0000	-1.16456181665225E-0003
 1.73102867207216E+0000	-1.33330049150376E-0003
 1.73686537872699E+0000	-1.44317409668402E-0003
 1.74268870846286E+0000	-1.49166157077365E-0003
 1.74851003630673E+0000	-1.47796861049300E-0003
 1.75434063305551E+0000	-1.40294504827442E-0003
 1.76019161302759E+0000	-1.26911309142358E-0003
 1.76607381348860E+0000	-1.08078453102631E-0003
 1.77199755425587E+0000	-8.44220966990043E-0004
 1.77797224623339E+0000	-5.67765561855859E-0004
 1.78400585484331E+0000	-2.61855279582484E-0004
 1.79010427810519E+0000	 6.11759247122250E-0005
 1.79627075408523E+0000	 3.87553542787929E-0004
 1.80250543655812E+0000	 7.02751025766500E-0004
 1.80880523917049E+0000	 9.92295411143253E-0004
 1.81516394907491E+0000	 1.24253477181030E-0003
 1.82157250552385E+0000	 1.44126101073519E-0003
 1.82801930515511E+0000	 1.57820071423629E-0003
 1.83449047247812E+0000	 1.64549564568927E-0003
 1.84097018166123E+0000	 1.63830305428553E-0003
 1.84744123066300E+0000	 1.55552097067287E-0003
 1.85388604547277E+0000	 1.40044665049159E-0003
 1.86028810458851E+0000	 1.18104322810851E-0003
 1.86663351930710E+0000	 9.09540979996422E-0004
 1.87291235324886E+0000	 6.01336575824655E-0004
 1.87911932755212E+0000	 2.73437518571972E-0004
 1.88525379617221E+0000	-5.71465456965152E-0005
 1.89131913207500E+0000	-3.74711380846565E-0004
 1.89732180261658E+0000	-6.65689033386018E-0004
 1.90327040495787E+0000	-9.19010724322542E-0004
 1.90917484070904E+0000	-1.12612110937375E-0003
 1.91504570538585E+0000	-1.28079298355979E-0003
 1.92089389221981E+0000	-1.37887102672442E-0003
 1.92673036814629E+0000	-1.41803486740666E-0003
 1.93256606323967E+0000	-1.39763468386444E-0003
 1.93841181181087E+0000	-1.31862316859329E-0003
 1.94427828566664E+0000	-1.18358480367056E-0003
 1.95017586455410E+0000	-9.96842914935052E-0004
 1.95611439730401E+0000	-7.64603278945331E-0004
 1.96210282489143E+0000	-4.95070040420990E-0004
 1.96814866926050E+0000	-1.98451433193049E-0004
 1.97425743968006E+0000	 1.13227725026867E-0004
 1.98043205921783E+0000	 4.26557600205869E-0004
 1.98667244001523E+0000	 7.27401363118393E-0004
 1.99297530748700E+0000	 1.00168102168085E-0003
 1.99933428722194E+0000	 1.23614855297519E-0003
 2.00574016922371E+0000	 1.41903600105314E-0003
 2.01218122589322E+0000	 1.54058469813057E-0003
 2.01864352719119E+0000	 1.59355669858042E-0003
 2.02511133466935E+0000	 1.57383861391519E-0003
 2.03156775940609E+0000	 1.48112325112363E-0003
 2.03799582920681E+0000	 1.31946629992692E-0003
 2.04437991274251E+0000	 1.09740831756651E-0003
 2.05070720980324E+0000	 8.27437677132947E-0004
 2.05696890892251E+0000	 5.24819560982389E-0004
 2.06316071858373E+0000	 2.06070856114658E-0004
 2.06928272039183E+0000	-1.12536277064747E-0004
 2.07533871472917E+0000	-4.16140636352673E-0004
 2.08133532565138E+0000	-6.92002529474822E-0004
 2.08728110295276E+0000	-9.29792074146791E-0004
 2.09318576907330E+0000	-1.12157428027905E-0003
 2.09905966737914E+0000	-1.26162652807944E-0003
 2.10491340476209E+0000	-1.34620152414564E-0003
 2.11075764752847E+0000	-1.37331403192128E-0003
 2.11660301619971E+0000	-1.34259713143774E-0003
 2.12246002245538E+0000	-1.25524776635323E-0003
 2.12833899365289E+0000	-1.11406059502786E-0003
 2.13424993488205E+0000	-9.23530343818215E-0004
 2.14020228690807E+0000	-6.89983135292266E-0004
 2.14620455507017E+0000	-4.21676706003412E-0004
 2.15226381410587E+0000	-1.28793370015853E-0004
 2.15838513727300E+0000	 1.76750616364961E-0004
 2.16457104427053E+0000	 4.81726744890647E-0004
 2.17082108705908E+0000	 7.72232952127342E-0004
 2.17713166874630E+0000	 1.03446135971770E-0003
 2.18349611385740E+0000	 1.25546500567053E-0003
 2.18990491761068E+0000	 1.42382372925029E-0003
 2.19634606575480E+0000	 1.53020582507762E-0003
 2.20280537979146E+0000	 1.56791597300286E-0003
 2.20926697304176E+0000	 1.53352008214609E-0003
 2.21571399334308E+0000	 1.42750886469208E-0003
 2.22212976981363E+0000	 1.25477975425568E-0003
 2.22849927000628E+0000	 1.02463310772537E-0003
 2.23481054499604E+0000	 7.50096773215048E-0004
 2.24105576818116E+0000	 4.46659208936160E-0004
 2.24723161723445E+0000	 1.30728137545905E-0004
 2.25333900196761E+0000	-1.81805897943803E-0004
 2.25938234196005E+0000	-4.76634841689249E-0004
 2.26536866223973E+0000	-7.41642394615201E-0004
 2.27130672568942E+0000	-9.67116504821006E-0004
 2.27720632640875E+0000	-1.14569131296531E-0003
 2.28307778318513E+0000	-1.27214907091835E-0003
 2.28893161704622E+0000	-1.34318554475915E-0003
 2.29477836930506E+0000	-1.35720812417034E-0003
 2.30062850669136E+0000	-1.31420562477357E-0003
 2.30649235924877E+0000	-1.21570499334204E-0003
 2.31238003948311E+0000	-1.06481095165009E-0003
 2.31830129627892E+0000	-8.66307000565834E-0004
 2.32426526604149E+0000	-6.26777916641408E-0004
 2.33028010032452E+0000	-3.54695377524804E-0004
 2.33635247791348E+0000	-6.03947539537656E-0005
 2.34248704967261E+0000	 2.44127341688430E-0004
 2.34868590618265E+0000	 5.45636954788649E-0004
 2.35494817928539E+0000	 8.30293095823706E-0004
 2.36126986519894E+0000	 1.08440212455610E-0003
 2.36764388578348E+0000	 1.29517691999296E-0003
 2.37406032246918E+0000	 1.45141161835937E-0003
 2.38050672858790E+0000	 1.54407306237047E-0003
 2.38696849206029E+0000	 1.56689353574517E-0003
 2.39342934694745E+0000	 1.51703646827311E-0003
 2.39987220786086E+0000	 1.39576720842065E-0003
 2.40628041840658E+0000	 1.20888117262277E-0003
 2.41263927393234E+0000	 9.66582448490089E-0004
 2.41893745585500E+0000	 6.82661297122341E-0004
 2.42516797864732E+0000	 3.73107257826228E-0004
 2.43132843525610E+0000	 5.45181519324545E-0005
 2.43742059589420E+0000	-2.57310139539567E-0004
 2.44344960067130E+0000	-5.48373968669356E-0004
 2.44942302276639E+0000	-8.06983671414246E-0004
 2.45535000859663E+0000	-1.02390234883790E-0003
 2.46124060035041E+0000	-1.19223876042199E-0003
 2.46710526415133E+0000	-1.30722418919820E-0003
 2.47295459808090E+0000	-1.36597078229260E-0003
 2.47879917208874E+0000	-1.36727363389814E-0003
 2.48464944539402E+0000	-1.31148969093880E-0003
 2.49051570781819E+0000	-1.20050419446170E-0003
 2.49640799520250E+0000	-1.03777728631015E-0003
 2.50233593484893E+0000	-8.28446606710311E-0004
 2.50830848674092E+0000	-5.79444382176754E-0004
 2.51433356386491E+0000	-2.99570605936653E-0004
 2.52041754358776E+0000	 5.47313255799969E-0007
 2.52656472059264E+0000	 3.08673978318430E-0004
 2.53277678980968E+0000	 6.11400688171069E-0004
 2.53905246431054E+0000	 8.94776309471011E-0004
 2.54538730718146E+0000	 1.14505357985503E-0003
 2.55177378766074E+0000	 1.34944020448777E-0003
 2.55820149753719E+0000	 1.49677873123862E-0003
 2.56465744595452E+0000	 1.57816781000874E-0003
 2.57112642649042E+0000	 1.58761047747322E-0003
 2.57759157783939E+0000	 1.52274363336124E-0003
 2.58403531915480E+0000	 1.38554424320259E-0003
 2.59044072645819E+0000	 1.18272514935412E-0003
 2.59679315659143E+0000	 9.25500677921081E-0004
 2.60308170351173E+0000	 6.28603018376829E-0004
 2.60930007394218E+0000	 3.08748831833914E-0004
 2.61544670170339E+0000	-1.70310772189522E-0005
 2.62152421046989E+0000	-3.32801191452492E-0004
 2.62753850705020E+0000	-6.24653831778684E-0004
 2.63349779539811E+0000	-8.81151821517397E-0004
 2.63941170947849E+0000	-1.09339466323928E-0003
 2.64529065368962E+0000	-1.25485873050000E-0003
 2.65114535883162E+0000	-1.36114332835911E-0003
 2.65698661759316E+0000	-1.40971622895228E-0003
 2.66282514612398E+0000	-1.39971533980320E-0003
 2.66867151509185E+0000	-1.33183433194432E-0003
 2.67453609629487E+0000	-1.20829860203299E-0003
 2.68042897565042E+0000	-1.03292061855562E-0003
 2.68635979002254E+0000	-8.11207411787463E-0004
 2.69233745620735E+0000	-5.50476229263488E-0004
 2.69836977912907E+0000	-2.59918656411886E-0004
 2.70446295564244E+0000	 4.94555776512441E-0005
 2.71062102812908E+0000	 3.65056905377864E-0004
 2.71684537693796E+0000	 6.73166354382359E-0004
 2.72313435223647E+0000	 9.59573045582999E-0004
 2.72948311525598E+0000	 1.21031642659353E-0003
 2.73588368959130E+0000	 1.41242914697681E-0003
 2.74232515525815E+0000	 1.55461939369774E-0003
 2.74879391370065E+0000	 1.62792284973694E-0003
 2.75527404338421E+0000	 1.62641843094467E-0003
 2.76174790022905E+0000	 1.54804722862017E-0003
 2.76819716177905E+0000	 1.39538706467508E-0003
 2.77460435973764E+0000	 1.17604197291373E-0003
 2.78095464465531E+0000	 9.02301144275099E-0004
 2.78723729969549E+0000	 5.89978564252332E-0004
 2.79344656501476E+0000	 2.56704297027620E-0004
 2.79958162386005E+0000	-7.98550948195703E-0005
 2.80564592021140E+0000	-4.03428094652360E-0004
 2.81164613850128E+0000	-7.00026564041533E-0004
 2.81759115412854E+0000	-9.58314714571851E-0004
 2.82349114724926E+0000	-1.16960244398732E-0003
 2.82935695287407E+0000	-1.32762942444861E-0003
 2.83519963995982E+0000	-1.42827577609917E-0003
 2.84103027263882E+0000	-1.46929045399769E-0003
 2.84685979387998E+0000	-1.45008929653292E-0003
 2.85269897191249E+0000	-1.37164579236753E-0003
 2.85855835428997E+0000	-1.23647678423254E-0003
 2.86444818030414E+0000	-1.04870854304077E-0003
 2.87037820997483E+0000	-8.14192647088131E-0004
 2.87635743980034E+0000	-5.40624646833116E-0004
 2.88239369559423E+0000	-2.37603564567545E-0004
 2.88849312335242E+0000	 8.34369485461578E-0005
 2.89465963697919E+0000	 4.09484958327480E-0004
 2.90089441423809E+0000	 7.26418199698167E-0004
 2.90719553870649E+0000	 1.01965132878222E-0003
 2.91355784878186E+0000	 1.27487604185414E-0003
 2.91997298222774E+0000	 1.47879435306313E-0003
 2.92642954115320E+0000	 1.61979952555264E-0003
 2.93291331243109E+0000	 1.68865788315994E-0003
 2.93940759151700E+0000	 1.67930248941232E-0003
 2.94589380713103E+0000	 1.58976839493150E-0003
 2.95235267690426E+0000	 1.42307359240237E-0003
 2.95876592301224E+0000	 1.18763568781358E-0003
 2.96511822052234E+0000	 8.96836575814351E-0004
 2.97139880926736E+0000	 5.67671744190356E-0004
 2.97760229054479E+0000	 2.18836231672542E-0004
 2.98372848876922E+0000	-1.31195846038185E-0004
 2.98978161452168E+0000	-4.65648387221442E-0004
 2.99576911627958E+0000	-7.70300298996554E-0004
 3.00170055364980E+0000	-1.03378522674349E-0003
 3.00758668139130E+0000	-1.24751124051531E-0003
 3.01343880209709E+0000	-1.40538537119639E-0003
 3.01926836457698E+0000	-1.50348459601263E-0003
 3.02508674962207E+0000	-1.53976305567817E-0003
 3.03090517648056E+0000	-1.51384343352110E-0003
 3.03673466663782E+0000	-1.42691119018687E-0003
 3.04258600794547E+0000	-1.28170993806847E-0003
 3.04846966905511E+0000	-1.08261985459788E-0003
 3.05439562246740E+0000	-8.35785162318020E-0004
 3.06037304753953E+0000	-5.49240272751371E-0004
 3.06640990646493E+0000	-2.32969679776675E-0004
 3.07251241854281E+0000	 1.01169046987998E-0004
 3.07868449677340E+0000	 4.39716830306136E-0004
 3.08492724182834E+0000	 7.68097964446030E-0004
 3.09123858999433E+0000	 1.07127801839781E-0003
 3.09761316776211E+0000	 1.33450203192371E-0003
 3.10404232746712E+0000	 1.54401518281442E-0003
 3.11051427649413E+0000	 1.68773588607825E-0003
 3.11701423718223E+0000	 1.75596236170507E-0003
 3.12352471411159E+0000	 1.74224993137327E-0003
 3.13002611917219E+0000	 1.64448737380024E-0003
 3.13649803208175E+0000	 1.46592620787458E-0003
 3.14292112097810E+0000	 1.21566725464224E-0003
 3.14927931903330E+0000	 9.08153162383362E-0004
 3.15556158129729E+0000	 5.61619290958921E-0004
 3.16176268353660E+0000	 1.95944768057258E-0004
 3.16788296678457E+0000	-1.69442697907522E-0004
 3.17392733739599E+0000	-5.17115070111916E-0004
 3.17990397634374E+0000	-8.32483722355261E-0004
 3.18582312126065E+0000	-1.10403481636915E-0003
 3.19169611003266E+0000	-1.32317468528537E-0003
 3.19753472906685E+0000	-1.48389149207864E-0003
 3.20335082715328E+0000	-1.58238232607162E-0003
 3.20915612447541E+0000	-1.61673521025688E-0003
 3.21496214251456E+0000	-1.58671053516272E-0003
 3.22078018715982E+0000	-1.49363662889235E-0003
 3.22662132572882E+0000	-1.34041408022858E-0003
 3.23249630656880E+0000	-1.13160737144860E-0003
 3.23841537900996E+0000	-8.73586522450684E-0004
 3.24438798544878E+0000	-5.74664816462949E-0004
 3.25042232054571E+0000	-2.45164212740548E-0004
 3.25652478680020E+0000	 1.02664634119438E-0004
 3.26269941599121E+0000	 4.54925119431620E-0004
 3.26894735636651E+0000	 7.96574473811297E-0004
 3.27526652273659E+0000	 1.11209204100163E-0003
 3.28165145494551E+0000	 1.38621503022174E-0003
 3.28809334391126E+0000	 1.60464271585448E-0003
 3.29458012077659E+0000	 1.75469277462063E-0003
 3.30109654191978E+0000	 1.82602192454644E-0003
 3.30762437233939E+0000	 1.81158459051668E-0003
 3.31414297847219E+0000	 1.70886901254382E-0003
 3.32063067455450E+0000	 1.52111759876776E-0003
 3.32706686060614E+0000	 1.25793515476985E-0003
 3.33343447075431E+0000	 9.34743767120112E-0004
 3.33972192804413E+0000	 5.71035934563275E-0004
 3.34592398322695E+0000	 1.87963422995099E-0004
 3.35204135503108E+0000	-1.93968549659337E-0004
 3.35807956101842E+0000	-5.56549435231435E-0004
 3.36404747023022E+0000	-8.84702183700423E-0004
 3.36995597970352E+0000	-1.16666038093842E-0003
 3.37581700651258E+0000	-1.39373925215634E-0003
 3.38164282423670E+0000	-1.55993138563158E-0003
 3.38744568812291E+0000	-1.66148583272299E-0003
 3.39323766567825E+0000	-1.69656078359643E-0003
 3.39903059026760E+0000	-1.66499148631060E-0003
 3.40483606528799E+0000	-1.56818449981476E-0003
 3.41066545688427E+0000	-1.40912953004917E-0003
 3.41652982215334E+0000	-1.19250434264678E-0003
 3.42243972950828E+0000	-9.24832349472696E-0004
 3.42840494267802E+0000	-6.14635451087651E-0004
 3.43443396445884E+0000	-2.72509923722684E-0004
 3.44053347275548E+0000	 8.89510243053725E-0005
 3.44670772379653E+0000	 4.55446414468247E-0004
 3.45295802820777E+0000	 8.11479415274331E-0004
 3.45928239958884E+0000	 1.14103543622782E-0003
 3.46567541579719E+0000	 1.42831537932731E-0003
 3.47212823686624E+0000	 1.65842012637295E-0003
 3.47862865395650E+0000	 1.81798009175381E-0003
 3.48516108952476E+0000	 1.89587414398394E-0003
 3.49170667012296E+0000	 1.88425791667421E-0003
 3.49824374740041E+0000	 1.77996838893204E-0003
 3.50474929765520E+0000	 1.58597460316066E-0003
 3.51120127653986E+0000	 1.31216631737086E-0003
 3.51758137789209E+0000	 9.74819187194670E-0004
 3.52387724442721E+0000	 5.94662091777528E-0004
 3.53008339303515E+0000	 1.94180570434634E-0004
 3.53620077028648E+0000	-2.04937238378077E-0004
 3.54223541077445E+0000	-5.83580814680906E-0004
 3.54819681921532E+0000	-9.26074307629542E-0004
 3.55409652648517E+0000	-1.22030308351672E-0003
 3.55994701828604E+0000	-1.45741095402210E-0003
 3.56576105186093E+0000	-1.63132717114548E-0003
 3.57155128780929E+0000	-1.73829348710900E-0003
 3.57733014016155E+0000	-1.77648329184662E-0003
 3.58310975352901E+0000	-1.74575219375901E-0003
 3.58890202974952E+0000	-1.64752785664847E-0003
 3.59471863893479E+0000	-1.48482728213789E-0003
 3.60057095980031E+0000	-1.26237430426737E-0003
 3.60646990435707E+0000	-9.86774124967295E-0004
 3.61242559741104E+0000	-6.66684187646909E-0004
 3.61844690718208E+0000	-3.12905202219138E-0004
 3.62454086195496E+0000	 6.16881053183298E-0005
 3.63071203267984E+0000	 4.42437312072458E-0004
 3.63696199374759E+0000	 8.13421078006248E-0004
 3.64328896613366E+0000	 1.15814258583567E-0003
 3.64968768051778E+0000	 1.46026137954454E-0003
 3.65614939029831E+0000	 1.70425679846910E-0003
 3.66266188464312E+0000	 1.87602162884711E-0003
 3.66920940015795E+0000	 1.96356049219926E-0003
 3.67577256056147E+0000	 1.95806728521039E-0003
 3.68232878293258E+0000	 1.85549502359319E-0003
 3.68885368543077E+0000	 1.65826870726773E-0003
 3.69532364306920E+0000	 1.37631665895487E-0003
 3.70171888810364E+0000	 1.02660658365637E-0003
 3.70802603760357E+0000	 6.31051552240402E-0004
 3.71423916042673E+0000	 2.13510135769125E-0004
 3.72035927458595E+0000	-2.03054872861367E-0004
 3.72639283277025E+0000	-5.98524684453945E-0004
 3.73234992012571E+0000	-9.56521840074174E-0004
 3.73824267397904E+0000	-1.26449528851451E-0003
 3.74408413645277E+0000	-1.51334494231418E-0003
 3.74988754288854E+0000	-1.69687723014419E-0003
 3.75566595525963E+0000	-1.81127602244466E-0003
 3.76143212928228E+0000	-1.85468391245414E-0003
 3.76719851463920E+0000	-1.82693143303481E-0003
 3.77297730519183E+0000	-1.72941903803021E-0003
 3.77878047077556E+0000	-1.56513726032963E-0003
 3.78461971313895E+0000	-1.33879544308630E-0003
 3.79050629911094E+0000	-1.05701352099567E-0003
 3.79645073972843E+0000	-7.28513213633972E-0004
 3.80246231083806E+0000	-3.64228496254424E-0004
 3.80854845136244E+0000	 2.27497402809175E-0005
 3.81471412349753E+0000	 4.17459443241924E-0004
 3.82096125404477E+0000	 8.03593197947466E-0004
 3.82728836763687E+0000	 1.16419444683022E-0003
 3.83369045007392E+0000	 1.48239005364383E-0003
 3.84015896022622E+0000	 1.74203371418639E-0003
 3.84668181483938E+0000	 1.92825706135544E-0003
 3.85324321441629E+0000	 2.02812830999303E-0003
 3.85982343357167E+0000	 2.03175199950700E-0003
 3.86639906996805E+0000	 1.93398937692698E-0003
 3.87294440583501E+0000	 1.73645529863788E-0003
 3.87943413450544E+0000	 1.44885463908045E-0003
 3.88584682402167E+0000	 1.08866053957434E-0003
 3.89216782423238E+0000	 6.78895911671463E-0004
 3.89839053880921E+0000	 2.44817936844830E-0004
 3.90451589804758E+0000	-1.89250989409648E-0004
 3.91055067377681E+0000	-6.02079418537763E-0004
 3.91650547850275E+0000	-9.76489423727415E-0004
 3.92239303160239E+0000	-1.29941047141314E-0003
 3.92822692214453E+0000	-1.56143247773759E-0003
 3.93402085990882E+0000	-1.75618692352397E-0003
 3.93978830506730E+0000	-1.87975727481822E-0003
 3.94554234970913E+0000	-1.93021788805877E-0003
 3.95129574046412E+0000	-1.90733765472463E-0003
 3.95706095314619E+0000	-1.81245043779896E-0003
 3.96285024749490E+0000	-1.64847515085915E-0003
 3.96867564209556E+0000	-1.42005383903381E-0003
 3.97454876027411E+0000	-1.13376034447992E-0003
 3.98048051339217E+0000	-7.98313454553726E-0004
 3.98648061527091E+0000	-4.24710672270442E-0004
 3.99255696397066E+0000	-2.61924547835527E-0005
 3.99871497855253E+0000	 3.82032805312639E-0004
 4.00495701705832E+0000	 7.83314980422723E-0004
 4.01128199480534E+0000	 1.16026603370873E-0003
 4.01768524524316E+0000	 1.49549577456106E-0003
 4.02415853392277E+0000	 1.77223813675644E-0003
 4.03069002428414E+0000	 1.97485600779601E-0003
 4.03726402539487E+0000	 2.08944245223445E-0003
 4.04386062334818E+0000	 2.10491250805972E-0003
 4.05045573302864E+0000	 2.01484998511127E-0003
 4.05702235267853E+0000	 1.81980027490185E-0003
 4.06353341781891E+0000	 1.52897262452942E-0003
 4.06996564040715E+0000	 1.16014129236575E-0003
 4.07630285983224E+0000	 7.37351357440436E-0004
 4.08253759205121E+0000	 2.87280077578465E-0004
 4.08867051839379E+0000	-1.64303412820380E-0004
 4.09470863375354E+0000	-5.94947262810730E-0004
 4.10066303104227E+0000	-9.86572962006647E-0004
 4.10654699432685E+0000	-1.32550911238154E-0003
 4.11237465656886E+0000	-1.60197367844119E-0003
 4.11816020344349E+0000	-1.80937688358237E-0003
 4.12391749378280E+0000	-1.94366613066054E-0003
 4.12965995288016E+0000	-2.00281762982704E-0003
 4.13540061680570E+0000	-1.98651003286455E-0003
 4.14115223222303E+0000	-1.89597942762724E-0003
 4.14692733609111E+0000	-1.73403608312777E-0003
 4.15273825277996E+0000	-1.50520952702338E-0003
 4.15859695694963E+0000	-1.21597309370569E-0003
 4.16451476585744E+0000	-8.74979935190465E-0004
 4.17050185213346E+0000	-4.93223324954734E-0004
 4.17656661198326E+0000	-8.40258922569560E-0005
 4.18271497854714E+0000	 3.37218162189758E-0004
 4.18894981331212E+0000	 7.53564143146855E-0004
 4.19527050437017E+0000	 1.14722599894941E-0003
 4.20167282112130E+0000	 1.50031712340120E-0003
 4.20814893225313E+0000	 1.79546313988807E-0003
 4.21468736182312E+0000	 2.01625897278557E-0003
 4.22127266954275E+0000	 2.14779698362458E-0003
 4.22788491892345E+0000	 2.17771884592495E-0003
 4.23449949487309E+0000	 2.09815716338342E-0003
 4.24108818509300E+0000	 1.90832708350732E-0003
 4.24762210541087E+0000	 1.61665415658552E-0003
 4.25407591794352E+0000	 1.24098971825943E-0003
 4.26043169396524E+0000	 8.06303026524596E-0004
 4.26668082381296E+0000	 3.40716308594496E-0004
 4.27282357096168E+0000	-1.28455579007953E-0004
 4.27886705872443E+0000	-5.77420070475210E-0004
 4.28482282075226E+0000	-9.87089307716586E-0004
 4.29070469780918E+0000	-1.34310595524566E-0003
 4.29652737266667E+0000	-1.63525444428548E-0003
 4.30230551581990E+0000	-1.85668054129830E-0003
 4.30805339091053E+0000	-2.00316470653752E-0003
 4.31378475722989E+0000	-2.07256087509362E-0003
 4.31951293509582E+0000	-2.06443527012100E-0003
 4.32525093155632E+0000	-1.97990181284359E-0003
 4.33101154692049E+0000	-1.82163200042522E-0003
 4.33680739709777E+0000	-1.59400419146095E-0003
 4.34265079763141E+0000	-1.30334238041650E-0003
 4.34855347006228E+0000	-9.58175143200747E-0004
 4.35452605823164E+0000	-5.69424865845083E-0004
 4.36057748694214E+0000	-1.50426844270543E-0004
 4.36671425335341E+0000	 2.83304698644419E-0004
 4.37293978985997E+0000	 7.14586208947279E-0004
 4.37925403777693E+0000	 1.12527556250650E-0003
 4.38565329178852E+0000	 1.49701845077840E-0003
 4.39213022279078E+0000	 1.81185098465518E-0003
 4.39867383318214E+0000	 2.05260865335376E-0003
 4.40526908245059E+0000	 2.20336697169694E-0003
 4.41189619207530E+0000	 2.25041940670958E-0003
 4.41853019375962E+0000	 2.18427436985074E-0003
 4.42514176400675E+0000	 2.00253911318663E-0003
 4.43170014895436E+0000	 1.71253304195682E-0003
 4.43817775381984E+0000	 1.33192386836859E-0003
 4.44455459146266E+0000	 8.86487156266549E-0004
 4.45082065429473E+0000	 4.05818502847229E-0004
 4.45697559678519E+0000	-8.11034840652227E-0005
 4.46302656883866E+0000	-5.49002664527998E-0004
 4.46898550873231E+0000	-9.77654864218944E-0004
 4.47486681454482E+0000	-1.35192026375484E-0003
 4.48068573442219E+0000	-1.66108266724735E-0003
 4.48645744125354E+0000	-1.89797892630852E-0003
 4.49219661656561E+0000	-2.05819314577160E-0003
 4.49791735953400E+0000	-2.13943600361523E-0003
 4.50363327284902E+0000	-2.14114330620106E-0003
 4.50935761502147E+0000	-2.06428728425514E-0003
 4.51510343548640E+0000	-1.91137573044302E-0003
 4.52088362498104E+0000	-1.68660224466048E-0003
 4.52671082473453E+0000	-1.39609688333358E-0003
 4.53259715201283E+0000	-1.04820716101915E-0003
 4.53855372567700E+0000	-6.53717521678641E-0004
 4.54459002048943E+0000	-2.25902282539728E-0004
 4.55071313962142E+0000	 2.19678293150086E-0004
 4.55692714874242E+0000	 6.65669212337820E-0004
 4.56323262180362E+0000	 1.09362813659837E-0003
 4.56962647140785E+0000	 1.48477638641679E-0003
 4.57610197694140E+0000	 1.82059391689058E-0003
 4.58264874821577E+0000	 2.08318033313047E-0003
 4.58925231199883E+0000	 2.25559405646187E-0003
 4.59589325907512E+0000	 2.32271843430100E-0003
 4.60254648996730E+0000	 2.27326304047578E-0003
 4.60918171816332E+0000	 2.10291880442503E-0003
 4.61576629790954E+0000	 1.81751489435268E-0003
 4.62227015681486E+0000	 1.43420392560964E-0003
 4.62867090860512E+0000	 9.79401517861988E-0004
 4.63495681430380E+0000	 4.84194414110074E-0004
 4.64112668063544E+0000	-2.06380052441769E-0005
 4.64718755679873E+0000	-5.08162364869995E-0004
 4.65315174230524E+0000	-9.56862137665626E-0004
 4.65903419641879E+0000	-1.35069681430795E-0003
 4.66485075579968E+0000	-1.67836864472394E-0003
 4.67061712157017E+0000	-1.93235345934349E-0003
 4.67634841348339E+0000	-2.10800625071558E-0003
 4.68205908213027E+0000	-2.20287295094747E-0003
 4.68776301454303E+0000	-2.21624230705328E-0003
 4.69347371373133E+0000	-2.14892788722499E-0003
 4.69920446394962E+0000	-2.00325210302770E-0003
 4.70496841168827E+0000	-1.78319361721413E-0003
 4.71077850378227E+0000	-1.49464676250308E-0003
 4.71664723721594E+0000	-1.14572268341942E-0003
 4.72258620006339E+0000	-7.46999117449042E-0004
 4.72860542766449E+0000	-3.11609966986555E-0004
 4.73471266097082E+0000	 1.44923041433199E-0004
 4.74091265349181E+0000	 6.05156200506276E-0004
 4.74720668740222E+0000	 1.05042193910463E-0003
 4.75359238675615E+0000	 1.46158237872918E-0003
 4.76006375154822E+0000	 1.81961897514220E-0003
 4.76661114024214E+0000	 2.10594701709686E-0003
 4.77322083827031E+0000	 2.30264034512639E-0003
 4.77987406254136E+0000	 2.39314270200550E-0003
 4.78654587834844E+0000	 2.36420453126786E-0003
 4.79320527504064E+0000	 2.20926191198684E-0003
 4.79981776302981E+0000	 1.93218287499001E-0003
 4.80635058116406E+0000	 1.54915497908936E-0003
 4.81277854601686E+0000	 1.08696797086230E-0003
 4.81908776308123E+0000	 5.78171453415092E-0004
 4.82527586936778E+0000	 5.54881106882280E-0005
 4.83134963095158E+0000	-4.52284212731460E-0004
 4.83732163803407E+0000	-9.22141092636629E-0004
 4.84320740676990E+0000	-1.33698942588376E-0003
 4.84902338734981E+0000	-1.68484441145606E-0003
 4.85478584087272E+0000	-1.95775254194556E-0003
 4.86051035228201E+0000	-2.15079713795061E-0003
 4.86621174085901E+0000	-2.26133263772694E-0003
 4.87190418410066E+0000	-2.28848194446157E-0003
 4.87760142476816E+0000	-2.23288294627364E-0003
 4.88331696765241E+0000	-2.09665227521500E-0003
 4.88906419347333E+0000	-1.88352536864880E-0003
 4.89485632938625E+0000	-1.59912072347399E-0003
 4.90070622797270E+0000	-1.25125819202176E-0003
 4.90662592989640E+0000	-8.50237828524326E-0004
 4.91262602895900E+0000	-4.08967515907472E-0004
 4.91871492240675E+0000	 5.71652880805246E-0005
 4.92489809408184E+0000	 5.30727382909806E-0004
 4.93117760049859E+0000	 9.92922477158657E-0004
 4.93755186446381E+0000	 1.42434493430007E-0003
 4.94401571589916E+0000	 1.80556743064328E-0003
 4.95056040578174E+0000	 2.11741395090312E-0003
 4.95717318585217E+0000	 2.34106153454464E-0003
 4.96383620316897E+0000	 2.45855117248374E-0003
 4.97052508058681E+0000	 2.45456890823284E-0003
 4.97720846509907E+0000	 2.31995740165324E-0003
 4.98385021301086E+0000	 2.05606098226563E-0003
 4.99041473243860E+0000	 1.67748462051824E-0003
 4.99687360675761E+0000	 1.21095375364528E-0003
 5.00321024886191E+0000	 6.90343474069736E-0004
 5.00942067831267E+0000	 1.50433340650860E-0004
 5.01551109904004E+0000	-3.77881586994356E-0004
 5.02149426369819E+0000	-8.69866739512201E-0004
 5.02738621395656E+0000	-1.30717810803100E-0003
 5.03320403018551E+0000	-1.67700099244845E-0003
 5.03896456631705E+0000	-1.97085733226128E-0003
 5.04468390432110E+0000	-2.18349825785929E-0003
 5.05037725493245E+0000	-2.31204880906993E-0003
 5.05605909672174E+0000	-2.35544099493217E-0003
 5.06174341011601E+0000	-2.31411713209571E-0003
 5.06744390653113E+0000	-2.18996704005378E-0003
 5.07317417713596E+0000	-1.98645529088916E-0003
 5.07894769893935E+0000	-1.70888543487609E-0003
 5.08477764768759E+0000	-1.36473141272718E-0003
 5.09067648860680E+0000	-9.63942991194158E-0004
 5.09665535781163E+0000	-5.19111567304661E-0004
 5.10272331162794E+0000	-4.53854059165040E-0005
 5.10888659043132E+0000	 4.39926144598604E-0004
 5.11514807509303E+0000	 9.18013803333466E-0004
 5.12150705836972E+0000	 1.36932041980366E-0003
 5.12795929235692E+0000	 1.77413255467245E-0003
 5.13449704715176E+0000	 2.11282382686774E-0003
 5.14110873993212E+0000	 2.36583597271767E-0003
 5.14777777676261E+0000	 2.51394942012091E-0003
 5.15448082592813E+0000	 2.53979830935122E-0003
 5.16118675881876E+0000	 2.43136382050877E-0003
 5.16785819960297E+0000	 2.18685182775312E-0003
 5.17445675732074E+0000	 1.81847353584216E-0003
 5.18095037323828E+0000	 1.35219604968811E-0003
 5.18731912022178E+0000	 8.22879878610225E-0004
 5.19355678619633E+0000	 2.67381609050122E-0004
 5.19966858575896E+0000	-2.81075055802820E-0004
 5.20566720565502E+0000	-7.95737278529104E-0004
 5.21156912649683E+0000	-1.25675433630339E-0003
 5.21739205104471E+0000	-1.65028751901992E-0003
 5.22315345204302E+0000	-1.96719956736662E-0003
 5.22886994197278E+0000	-2.20182112038850E-0003
 5.23455715056937E+0000	-2.35099165936111E-0003
 5.24022987302275E+0000	-2.41341615356169E-0003
 5.24590232884953E+0000	-2.38931547284231E-0003
 5.25158842343939E+0000	-2.28032908484444E-0003
 5.25730193319153E+0000	-2.08962273531550E-0003
 5.26305655008284E+0000	-1.82214669510581E-0003
 5.26886573300705E+0000	-1.48497522892174E-0003
 5.27474233293260E+0000	-1.08763509347592E-0003
 5.28069799833526E+0000	-6.42308596261152E-0004
 5.28674243102933E+0000	-1.63794869737703E-0004
 5.29288263557804E+0000	 3.30842306752960E-0004
 5.29912234628723E+0000	 8.22908319246706E-0004
 5.30546177215720E+0000	 1.29282694100768E-0003
 5.31189764764152E+0000	 1.72074498388468E-0003
 5.31842334644797E+0000	 2.08676717760899E-0003
 5.32502860302781E+0000	 2.37083702095467E-0003
 5.33169838501781E+0000	 2.55274797859173E-0003
 5.33841094380553E+0000	 2.61328025860475E-0003
 5.34513612651944E+0000	 2.53746445931158E-0003
 5.35183605903393E+0000	 2.31980723706084E-0003
 5.35846989916378E+0000	 1.96915629593935E-0003
 5.36500169500090E+0000	 1.50970677668191E-0003
 5.37140747657339E+0000	 9.76644447943876E-0004
 5.37767799929928E+0000	 4.08726498517098E-0004
 5.38381685832812E+0000	-1.58321957347160E-0004
 5.38983629180383E+0000	-6.95413164692941E-0004
 5.39575303812924E+0000	-1.18087158471540E-0003
 5.40158536621289E+0000	-1.59957623083536E-0003
 5.40735137397080E+0000	-1.94154301696741E-0003
 5.41306823383619E+0000	-2.20055471872298E-0003
 5.41875202515746E+0000	-2.37308248240449E-0003
 5.42441788052428E+0000	-2.45755130578014E-0003
 5.43008026465453E+0000	-2.45392519041274E-0003
 5.43575326699283E+0000	-2.36356522489356E-0003
 5.44145082404801E+0000	-2.18930921505214E-0003
 5.44718680504235E+0000	-1.93571666669175E-0003
 5.45297490611104E+0000	-1.60941018773991E-0003
 5.45882831620372E+0000	-1.21942263467056E-0003
 5.46475915432546E+0000	-7.77435786531308E-0004
 5.47077773952439E+0000	-2.97789780747514E-0004
 5.47689183063695E+0000	 2.02819877018330E-0004
 5.48310602296506E+0000	 7.05942580016835E-0004
 5.48942145971643E+0000	 1.19211780348817E-0003
 5.49583587704023E+0000	 1.64150415562971E-0003
 5.50234377505214E+0000	 2.03413584952386E-0003
 5.50893626992031E+0000	 2.34974632224185E-0003
 5.51560009664499E+0000	 2.56753849315669E-0003
 5.52231558209755E+0000	 2.66686176254404E-0003
 5.52905440831813E+0000	 2.63000351625508E-0003
 5.53577926350708E+0000	 2.44743959496071E-0003
 5.54244766009708E+0000	 2.12366520332358E-0003
 5.54901986007713E+0000	 1.67978017249051E-0003
 5.55546723462162E+0000	 1.15020406843317E-0003
 5.56177655345480E+0000	 5.75079051777987E-0004
 5.56794891938238E+0000	-7.35669371778688E-0006
 5.57399552368749E+0000	-5.65383301228487E-0004
 5.57993303473361E+0000	-1.07513062833702E-0003
 5.58578014791340E+0000	-1.51986590631297E-0003
 5.59155555280815E+0000	-1.88850519065457E-0003
 5.59727699699577E+0000	-2.17410496296129E-0003
 5.60296103899777E+0000	-2.37264911933512E-0003
 5.60862317408842E+0000	-2.48220623388691E-0003
 5.61427812397137E+0000	-2.50243419366046E-0003
 5.61994015670209E+0000	-2.43438085518939E-0003
 5.62562334589711E+0000	-2.28052493044820E-0003
 5.63134169959443E+0000	-2.04499871442875E-0003
 5.63710910163129E+0000	-1.73392403125230E-0003
 5.64293902472225E+0000	-1.35577270428036E-0003
 5.64884400753750E+0000	-9.21638648642191E-0004
 5.65483494676956E+0000	-4.45297533862076E-0004
 5.66092033191616E+0000	 5.70407846168777E-0005
 5.66710560965323E+0000	 5.67291389515340E-0004
 5.67339285142264E+0000	 1.06623250971412E-0003
 5.67978077659655E+0000	 1.53416947196950E-0003
 5.68626496962965E+0000	 1.95124705287154E-0003
 5.69283788331010E+0000	 2.29727815479105E-0003
 5.69948806553745E+0000	 2.55133808670433E-0003
 5.70619824191515E+0000	 2.69196768520934E-0003
 5.71294273265825E+0000	 2.69928291246763E-0003
 5.71968606484835E+0000	 2.55982647473788E-0003
 5.72638542720499E+0000	 2.27299299784298E-0003
 5.73299798860668E+0000	 1.85531037568309E-0003
 5.73949018363198E+0000	 1.33887335734492E-0003
 5.74584382929449E+0000	 7.64197665877808E-0004
 5.75205643313076E+0000	 1.71728546461020E-0004
 5.75813727402482E+0000	-4.04001955700027E-0004
 5.76410241388732E+0000	-9.36549218995038E-0004
 5.76997070299701E+0000	-1.40717617522126E-0003
 5.77576131775383E+0000	-1.80337420421548E-0003
 5.78149256383700E+0000	-2.11723349219909E-0003
 5.78718149848023E+0000	-2.34408566813143E-0003
 5.79284400597918E+0000	-2.48153515225446E-0003
 5.79849508216359E+0000	-2.52886539402489E-0003
 5.80414917403184E+0000	-2.48676634720570E-0003
 5.80982047342716E+0000	-2.35732327413245E-0003
 5.81552309026447E+0000	-2.14420606865867E-0003
 5.82127104508567E+0000	-1.85299068228166E-0003
 5.82707803585193E+0000	-1.49152634070110E-0003
 5.83295696335368E+0000	-1.07023804079346E-0003
 5.83891925405419E+0000	-6.02238353735403E-0004
 5.84497409536628E+0000	-1.03142454830444E-0004
 5.85112776564916E+0000	 4.09439886450073E-0004
 5.85738324544106E+0000	 9.16628800164892E-0004
 5.86374019632717E+0000	 1.39897877660541E-0003
 5.87019519855801E+0000	 1.83687750974718E-0003
 5.87674189858751E+0000	 2.21044925156281E-0003
 5.88337052002942E+0000	 2.49907717889294E-0003
 5.89006623999401E+0000	 2.68120669339417E-0003
 5.89680655513881E+0000	 2.73567184186008E-0003
 5.90355906638807E+0000	 2.64573435113086E-0003
 5.91028234558857E+0000	 2.40550216820904E-0003
 5.91693188585816E+0000	 2.02564795416376E-0003
 5.92346956929951E+0000	 1.53406135423054E-0003
 5.92987156427983E+0000	 9.70031983276211E-0004
 5.93613057548033E+0000	 3.75397116111859E-0004
 5.94225283316503E+0000	-2.12598130696574E-0004
 5.94825299143923E+0000	-7.64638380014348E-0004
 5.95414959207354E+0000	-1.25956627901082E-0003
 5.95996207657402E+0000	-1.68306122214122E-0003
 5.96570922982497E+0000	-2.02594153917435E-0003
 5.97140860006841E+0000	-2.28266735609990E-0003
 5.97707647924772E+0000	-2.45023192090522E-0003
 5.98272815640227E+0000	-2.52745064223796E-0003
 5.98837826328786E+0000	-2.51459717520220E-0003
 5.99404109648989E+0000	-2.41332407637837E-0003
 5.99973083414575E+0000	-2.22680504191910E-0003
 6.00546158267907E+0000	-1.96003054280937E-0003
 6.01124720359028E+0000	-1.62017329775361E-0003
 6.01710089617521E+0000	-1.21691655667163E-0003
 6.02303456119458E+0000	-7.62618982370214E-0004
 6.02905804418938E+0000	-2.72199852971142E-0004
 6.03517843103477E+0000	 2.37305240182748E-0004
 6.04139959080734E+0000	 7.47443106427379E-0004
 6.04772208493237E+0000	 1.23908510861088E-0003
 6.05414338856485E+0000	 1.69293140567362E-0003
 6.06065814702702E+0000	 2.08954918110387E-0003
 6.06725797861995E+0000	 2.40894177239239E-0003
 6.07393027311054E+0000	 2.63010183497587E-0003
 6.08065581653250E+0000	 2.73160690209809E-0003
 6.08740614609151E+0000	 2.69458361825055E-0003
 6.09414294613004E+0000	 2.50845173594610E-0003
 6.10082205970840E+0000	 2.17740448668534E-0003
 6.10740210953511E+0000	 1.72333255537826E-0003
 6.11385359489479E+0000	 1.18221943328502E-0003
 6.12016340167335E+0000	 5.95826912643487E-0004
 6.12633341509420E+0000	 3.52422265191100E-0006
 6.13237580368810E+0000	-5.62451729652894E-0004
 6.13830809008902E+0000	-1.07817551583107E-0003
 6.14414958584794E+0000	-1.52710540558397E-0003
 6.14991937109561E+0000	-1.89842901921677E-0003
 6.15563542136068E+0000	-2.18546060537625E-0003
 6.16131442994456E+0000	-2.38439024159512E-0003
 6.16697199115207E+0000	-2.49344019418088E-0003
 6.17262292921658E+0000	-2.51239094214544E-0003
 6.17828163695107E+0000	-2.44241565785470E-0003
 6.18396233133181E+0000	-2.28615922113629E-0003
 6.18967915508934E+0000	-2.04799420172396E-0003
 6.19544606855772E+0000	-1.73437342896285E-0003
 6.20127649860751E+0000	-1.35417669081379E-0003
 6.20718275466284E+0000	-9.18927121419205E-0004
 6.21317529089768E+0000	-4.42752903877261E-0004
 6.21926197181015E+0000	 5.79791966795659E-0005
 6.22544753884052E+0000	 5.65319248792638E-0004
 6.23173342616997E+0000	 1.06050111084818E-0003
 6.23811792529609E+0000	 1.52455449527949E-0003
 6.24459649540345E+0000	 1.93851484063968E-0003
 6.25116181319171E+0000	 2.28314126860653E-0003
 6.25780303222062E+0000	 2.53840101709446E-0003
 6.26450389736294E+0000	 2.68352241165904E-0003
 6.27124012830778E+0000	 2.69886311515614E-0003
 6.27797779247851E+0000	 2.57048115613535E-0003
