-2.23312294069844E-0003	-1.19774746852276E-0003
 3.66578689874479E-0003	-7.44279780029641E-0004
 9.64881961546697E-0003	-2.31605740434256E-0004
 1.57345635429789E-0002	 3.28205962141571E-0004
 2.19423071547058E-0002	 9.16375548786357E-0004
 2.82896439135654E-0002	 1.50505726258753E-0003
 3.47878533284755E-0002	 2.05555453975044E-0003
 4.14347085723258E-0002	 2.51912073937986E-0003
 4.82064312791652E-0002	 2.84333819117023E-0003
 5.50541434483810E-0002	 2.98542734172434E-0003
 6.19112373962646E-0002	 2.92755838346919E-0003
 6.87109587559237E-0002	 2.68361204964930E-0003
 7.54034626905723E-0002	 2.29193201235023E-0003
 8.19624396497591E-0002	 1.80053930478984E-0003
 8.83816514768706E-0002	 1.25483285292795E-0003
 9.46676496212308E-0002	 6.91782766523652E-0004
 1.00833383199162E-0001	 1.39085026730516E-0004
 1.06894088909657E-0001	-3.83428753698135E-0004
 1.12865107504406E-0001	-8.61874003019870E-0004
 1.18760910331703E-0001	-1.28661675393495E-0003
 1.24594780494008E-0001	-1.65097244618809E-0003
 1.30378818367077E-0001	-1.95026303281782E-0003
 1.36124101693987E-0001	-2.18114766204879E-0003
 1.41840922083359E-0001	-2.34115347042535E-0003
 1.47539065198744E-0001	-2.42835776349378E-0003
 1.53228121414900E-0001	-2.44119514112122E-0003
 1.58917820309092E-0001	-2.37837948695266E-0003
 1.64618383352913E-0001	-2.23894247815293E-0003
 1.70340887743095E-0001	-2.02240037020273E-0003
 1.76097630266936E-0001	-1.72907268891045E-0003
 1.81902469781750E-0001	-1.36059305109359E-0003
 1.87771102252988E-0001	-9.20674616882985E-0004
 1.93721169201803E-0001	-4.16216215943161E-0004
 1.99771997405065E-0001	 1.41158509762714E-0004
 2.05943592088566E-0001	 7.33099330124899E-0004
 2.12254269774454E-0001	 1.33228338411054E-0003
 2.18716181744920E-0001	 1.90076361626707E-0003
 2.25328464983041E-0001	 2.39081853155504E-0003
 2.32069710657533E-0001	 2.75102374400968E-0003
 2.38894672372974E-0001	 2.93863549786625E-0003
 2.45740900492058E-0001	 2.93373272804028E-0003
 2.52544602892319E-0001	 2.74574799427436E-0003
 2.59256324284502E-0001	 2.40751168908731E-0003
 2.65847643235552E-0001	 1.96224514032965E-0003
 2.72308808218430E-0001	 1.45225793288078E-0003
 2.78642583671928E-0001	 9.13171958368171E-0004
 2.84858530660917E-0001	 3.72626963541007E-0004
 2.90969142411826E-0001	-1.48816427545785E-0004
 2.96987656296706E-0001	-6.36147061864021E-0004
 3.02926970849630E-0001	-1.07844790517632E-0003
 3.08799198524113E-0001	-1.46771747619840E-0003
 3.14615566408872E-0001	-1.79797214956061E-0003
 3.20386509382403E-0001	-2.06458272204515E-0003
 3.26121874357679E-0001	-2.26380089429747E-0003
 3.31831190344947E-0001	-2.39244473592028E-0003
 3.37523975687751E-0001	-2.44772326628942E-0003
 3.43210062539463E-0001	-2.42718748133666E-0003
 3.48899924823402E-0001	-2.32880107654327E-0003
 3.54605000574896E-0001	-2.15113206147510E-0003
 3.60338000644408E-0001	-1.89367902066968E-0003
 3.66113188690992E-0001	-1.55736413473358E-0003
 3.71946594791992E-0001	-1.14524815392695E-0003
 3.77856075260075E-0001	-6.63544397914024E-0004
 3.83861037947876E-0001	-1.23011667014768E-0004
 3.89981500349404E-0001	 4.59255611282310E-0004
 3.96235954919238E-0001	 1.05784292954310E-0003
 4.02637423694643E-0001	 1.63756291474885E-0003
 4.09187507004695E-0001	 2.15411965056854E-0003
 4.15869796729328E-0001	 2.55910206856596E-0003
 4.22646557192820E-0001	 2.81026845556707E-0003
 4.29463324950375E-0001	 2.88377852768295E-0003
 4.36261496535370E-0001	 2.78103738724857E-0003
 4.42992048634820E-0001	 2.52550957879234E-0003
 4.49622899485821E-0001	 2.15271364295745E-0003
 4.56138627918612E-0001	 1.70027977910764E-0003
 4.62536156011483E-0001	 1.20196189199137E-0003
 4.68820008442502E-0001	 6.85484345628642E-0004
 4.74998734004587E-0001	 1.72599348595084E-0004
 4.81082637157071E-0001	-3.19982667740805E-0004
 4.87082485653656E-0001	-7.79484082248355E-0004
 4.93008854065529E-0001	-1.19604345603385E-0003
 4.98871868797524E-0001	-1.56187303714275E-0003
 5.04681206374408E-0001	-1.87060646855458E-0003
 5.10446246860365E-0001	-2.11683208155237E-0003
 5.16176312578990E-0001	-2.29579792062609E-0003
 5.21880942197737E-0001	-2.40326829892552E-0003
 5.27570167858640E-0001	-2.43550900026986E-0003
 5.33254778857940E-0001	-2.38938150244136E-0003
 5.38946567030770E-0001	-2.26253672277577E-0003
 5.44658553240261E-0001	-2.05371501609220E-0003
 5.50405187683982E-0001	-1.76317957706748E-0003
 5.56202494534997E-0001	-1.39333200908903E-0003
 5.62068086559164E-0001	-9.49575591775581E-0004
 5.68020897619818E-0001	-4.41488978438955E-0004
 5.74080362970044E-0001	 1.15683812873627E-0004
 5.80264638313837E-0001	 6.99399884645244E-0004
 5.86587396329821E-0001	 1.27860566775106E-0003
 5.93053057736132E-0001	 1.81412548074151E-0003
 5.99651406678355E-0001	 2.26227524007462E-0003
 6.06354303665914E-0001	 2.58255070178244E-0003
 6.13117963708723E-0001	 2.74741109336901E-0003
 6.19891615091699E-0001	 2.74913351653519E-0003
 6.26628484191646E-0001	 2.59961624065305E-0003
 6.33293396641540E-0001	 2.32407093499515E-0003
 6.39864723370754E-0001	 1.95316159383661E-0003
 6.46332368680005E-0001	 1.51717619820461E-0003
 6.52694458480904E-0001	 1.04302798742218E-0003
 6.58954322356810E-0001	 5.53301574934817E-0004
 6.65118253982209E-0001	 6.63951582264633E-0005
 6.71194023583790E-0001	-4.02858402610846E-0004
 6.77189993516789E-0001	-8.42424355309729E-0004
 6.83114687744191E-0001	-1.24233303051592E-0003
 6.88976679709785E-0001	-1.59408099230029E-0003
 6.94784676535483E-0001	-1.89021094352524E-0003
 7.00547698211653E-0001	-2.12407156082298E-0003
 7.06275280220417E-0001	-2.28972972775895E-0003
 7.11977660834610E-0001	-2.38199696139056E-0003
 7.17665941935127E-0001	-2.39653765793223E-0003
 7.23352228746292E-0001	-2.33004361098697E-0003
 7.29049757276068E-0001	-2.18048071599498E-0003
 7.34773008565372E-0001	-1.94743495882030E-0003
 7.40537785813620E-0001	-1.63260231645298E-0003
 7.46361191316032E-0001	-1.24047679808393E-0003
 7.52261379796298E-0001	-7.79282420282430E-0004
 7.58256880780867E-0001	-2.62145183628144E-0004
 7.64365192247519E-0001	 2.91632885791867E-0004
 7.70600324210887E-0001	 8.55606709224445E-0004
 7.76969189115802E-0001	 1.39633976977740E-0003
 7.83467430529896E-0001	 1.87578425064783E-0003
 7.90076407528030E-0001	 2.25658624152271E-0003
 7.96763706828080E-0001	 2.50934962447731E-0003
 8.03488286383536E-0001	 2.61880247291552E-0003
 8.10208347952367E-0001	 2.58567429347538E-0003
 8.16888185777320E-0001	 2.42380722851201E-0003
 8.23501576967133E-0001	 2.15489070670726E-0003
 8.30031917679240E-0001	 1.80354039335569E-0003
 8.36470611755439E-0001	 1.39396181491057E-0003
 8.42814979529559E-0001	 9.48169473893274E-0004
 8.49066325810442E-0001	 4.85324008772372E-0004
 8.55228420061107E-0001	 2.17793574926699E-0005
 8.61306470487317E-0001	-4.28485619197666E-0004
 8.67306568615697E-0001	-8.53316092576690E-0004
 8.73235498996026E-0001	-1.24190284473826E-0003
 8.79100767731942E-0001	-1.58447540559207E-0003
 8.84910713779409E-0001	-1.87217804544943E-0003
 8.90674613059920E-0001	-2.09708445076240E-0003
 8.96402739865598E-0001	-2.25229183330284E-0003
 9.02106390516294E-0001	-2.33205056900605E-0003
 9.07797892025639E-0001	-2.33191405885423E-0003
 9.13490616084407E-0001	-2.24892140833366E-0003
 9.19199002486312E-0001	-2.08184598383081E-0003
 9.24938570876926E-0001	-1.83155444600005E-0003
 9.30725865913940E-0001	-1.50152270214894E-0003
 9.36578236089361E-0001	-1.09854226672912E-0003
 9.42513289975925E-0001	-6.33608639240808E-0004
 9.48547818042056E-0001	-1.22886792275810E-0004
 9.54695959883021E-0001	 4.11531345879030E-0004
 9.60966538297109E-0001	 9.41618829397638E-0004
 9.67359905826686E-0001	 1.43489420596482E-0003
 9.73865345098596E-0001	 1.85793296249429E-0003
 9.80460574135621E-0001	 2.18152552927424E-0003
 9.87114399347054E-0001	 2.38575536595394E-0003
 9.93791857959233E-0001	 2.46277407149672E-0003
 1.00045966976394E+0000	 2.41628511154228E-0003
 1.00709000101326E+0000	 2.25865826260653E-0003
 1.01366199533579E+0000	 2.00738203173369E-0003
 1.02016163927130E+0000	 1.68202110667208E-0003
 1.02658071916851E+0000	 1.30207219959703E-0003
 1.03291542245454E+0000	 8.85732998425241E-0004
 1.03916498299280E+0000	 4.49464592835862E-0004
 1.04533065983242E+0000	 8.11609908614362E-0006
 1.05141517605918E+0000	-4.24699301196938E-0004
 1.05742256015204E+0000	-8.36261716772890E-0004
 1.06335821411703E+0000	-1.21459655768558E-0003
 1.06922902259989E+0000	-1.54853717905692E-0003
 1.07504338731836E+0000	-1.82791968640527E-0003
 1.08081116052385E+0000	-2.04381194380933E-0003
 1.08654351209261E+0000	-2.18871255551873E-0003
 1.09225278324872E+0000	-2.25670536065869E-0003
 1.09795236678568E+0000	-2.24359451632370E-0003
 1.10365662614497E+0000	-2.14706619566672E-0003
 1.10938083503292E+0000	-1.96692813890721E-0003
 1.11514108826024E+0000	-1.70547245126969E-0003
 1.12095410098704E+0000	-1.36799030624428E-0003
 1.12683677596923E+0000	-9.63432082390283E-0004
 1.13280538384010E+0000	-5.05137439393919E-0004
 1.13887419778342E+0000	-1.14395497637322E-0005
 1.14505351159897E+0000	 4.94220139884633E-0004
 1.15134722893115E+0000	 9.84171578873875E-0004
 1.15775065154963E+0000	 1.42882054343873E-0003
 1.16424948910881E+0000	 1.80029810024546E-0003
 1.17082097667385E+0000	 2.07651456808667E-0003
 1.17743705825879E+0000	 2.24412279571481E-0003
 1.18406847140071E+0000	 2.29934549543336E-0003
 1.19068827568215E+0000	 2.24678822809676E-0003
 1.19727404193519E+0000	 2.09715908340040E-0003
 1.20380869507303E+0000	 1.86478185703456E-0003
 1.21028031091639E+0000	 1.56543040395663E-0003
 1.21668121586829E+0000	 1.21479311281534E-0003
 1.22300680918364E+0000	 8.27726848983418E-0004
 1.22925455691723E+0000	 4.18223335555196E-0004
 1.23542345980782E+0000	-2.28939133535436E-0007
 1.24151402326171E+0000	-4.14282068303865E-0004
 1.24752852395923E+0000	-8.10636849974194E-0004
 1.25347129602723E+0000	-1.17627357423294E-0003
 1.25934884555634E+0000	-1.49888447603100E-0003
 1.26516974886461E+0000	-1.76733602528852E-0003
 1.27094439970808E+0000	-1.97204003384284E-0003
 1.27668470606483E+0000	-2.10519801271356E-0003
 1.28240381560106E+0000	-2.16095022134470E-0003
 1.28811590488271E+0000	-2.13549235872218E-0003
 1.29383602453697E+0000	-2.02722614911023E-0003
 1.29957995823780E+0000	-1.83699791680249E-0003
 1.30536402495153E+0000	-1.56845864679477E-0003
 1.31120472704544E+0000	-1.22854816229551E-0003
 1.31711812311919E+0000	-8.28055335429855E-0004
 1.32311879891478E+0000	-3.82123140879093E-0004
 1.32921835888651E+0000	 8.95501465679188E-0005
 1.33542351851199E+0000	 5.63176754649269E-0004
 1.34173416874663E+0000	 1.01237655789183E-0003
 1.34814210559671E+0000	 1.41080147916301E-0003
 1.35463117756495E+0000	 1.73541867789599E-0003
 1.36117913278999E+0000	 1.96945222774275E-0003
 1.36776064263102E+0000	 2.10400750520991E-0003
 1.37435049590303E+0000	 2.13805425714628E-0003
 1.38092614297135E+0000	 2.07712748069954E-0003
 1.38746923184408E+0000	 1.93133210218922E-0003
 1.39396606757092E+0000	 1.71317953265853E-0003
 1.40040709949261E+0000	 1.43575103482419E-0003
 1.40678578585075E+0000	 1.11161068784921E-0003
 1.41309739436361E+0000	 7.52616243900225E-0004
 1.41933825836384E+0000	 3.70391498464714E-0004
 1.42550571032604E+0000	-2.30265156916743E-0005
 1.43159854756397E+0000	-4.14825260058459E-0004
 1.43761766458640E+0000	-7.91548143899485E-0004
 1.44356650535704E+0000	-1.13963760342085E-0003
 1.44945117264629E+0000	-1.44614700318635E-0003
 1.45528022765663E+0000	-1.69939103338852E-0003
 1.46106431630510E+0000	-1.88941611811174E-0003
 1.46681576050774E+0000	-2.00828703859200E-0003
 1.47254820046343E+0000	-2.05025323424331E-0003
 1.47827631327183E+0000	-2.01187705481128E-0003
 1.48401558565423E+0000	-1.89219603593342E-0003
 1.48978208543626E+0000	-1.69296874747613E-0003
 1.49559215158138E+0000	-1.41902472752900E-0003
 1.50146190206667E+0000	-1.07869927558851E-0003
 1.50740644833190E+0000	-6.84273626628418E-0004
 1.51343872558142E+0000	-2.52253388521244E-0004
 1.51956793799154E+0000	 1.96782846769415E-0004
 1.52579781165696E+0000	 6.39085408537903E-0004
 1.53212511541449E+0000	 1.04959678886055E-0003
 1.53853908349130E+0000	 1.40463288635178E-0003
 1.54502221279740E+0000	 1.68476564516739E-0003
 1.55155238087231E+0000	 1.87705920077243E-0003
 1.55810569850410E+0000	 1.97605961692920E-0003
 1.56465935624434E+0000	 1.98342998956706E-0003
 1.57119387453481E+0000	 1.90646855501949E-0003
 1.57769434153547E+0000	 1.75592878603469E-0003
 1.58415043103796E+0000	 1.54374011012529E-0003
 1.59055536794470E+0000	 1.28130540872811E-0003
 1.59690440887045E+0000	 9.78825402315141E-0004
 1.60319354681126E+0000	 6.45637717945189E-0004
 1.60941894333256E+0000	 2.91135775157067E-0004
 1.61557718448394E+0000	-7.43328341059861E-0005
 1.62166607669682E+0000	-4.39052878685348E-0004
 1.62768552938933E+0000	-7.90156377444667E-0004
 1.63363815532941E+0000	-1.11430458143743E-0003
 1.63952944643683E+0000	-1.39854034713001E-0003
 1.64536758857886E+0000	-1.63105940683251E-0003
 1.65116307296016E+0000	-1.80178041502597E-0003
 1.65692825246974E+0000	-1.90271341905642E-0003
 1.66267693292817E+0000	-1.92819221397260E-0003
 1.66842402648083E+0000	-1.87505291682639E-0003
 1.67418524582614E+0000	-1.74282979821979E-0003
 1.67997678356503E+0000	-1.53401533234064E-0003
 1.68581489527301E+0000	-1.25439878612346E-0003
 1.69171528655293E+0000	-9.13451651247721E-0004
 1.69769220285118E+0000	-5.24660701888679E-0004
 1.70375716130878E+0000	-1.05620340966671E-0004
 1.70991738150691E+0000	 3.22386493623570E-0004
 1.71617417843453E+0000	 7.35589986910898E-0004
 1.72252180262290E+0000	 1.10981147202933E-0003
 1.72894727159771E+0000	 1.42315225599708E-0003
 1.73543149400440E+0000	 1.65867785329636E-0003
 1.74195155332948E+0000	 1.80639869629052E-0003
 1.74848367061400E+0000	 1.86404816766460E-0003
 1.75500619655757E+0000	 1.83644587014728E-0003
 1.76150190436451E+0000	 1.73356291785461E-0003
 1.76795895695009E+0000	 1.56784118813850E-0003
 1.77437037192773E+0000	 1.35165563970690E-0003
 1.78073242016120E+0000	 1.09572291858523E-0003
 1.78704275767452E+0000	 8.08775234639887E-0004
 1.79329903305238E+0000	 4.98274147828771E-0004
 1.79949837034564E+0000	 1.71608797112070E-0004
 1.80563771770313E+0000	-1.62822538215287E-0004
 1.81171473994655E+0000	-4.95063408553869E-0004
 1.81772881697624E+0000	-8.13700454468887E-0004
 1.82368179480448E+0000	-1.10646955467133E-0003
 1.82957833094932E+0000	-1.36109828794333E-0003
 1.83542585916687E+0000	-1.56613974730820E-0003
 1.84123429774224E+0000	-1.71165554305084E-0003
 1.84701563853105E+0000	-1.78971292451295E-0003
 1.85278351586304E+0000	-1.79473238808591E-0003
 1.85855280057707E+0000	-1.72375283325739E-0003
 1.86433921427061E+0000	-1.57668206818473E-0003
 1.87015891779655E+0000	-1.35658202681965E-0003
 1.87602799592627E+0000	-1.07000433383925E-0003
 1.88196173963107E+0000	-7.27339766711240E-0004
 1.88797363180421E+0000	-3.43070333923850E-0004
 1.89407399819152E+0000	 6.42769327089945E-0005
 1.90026842017989E+0000	 4.72739734028207E-0004
 1.90655620751604E+0000	 8.58321832248118E-0004
 1.91292940186510E+0000	 1.19721409962361E-0003
 1.91937278705309E+0000	 1.46855094922128E-0003
 1.92586517937297E+0000	 1.65715394291158E-0003
 1.93238196557479E+0000	 1.75559771890554E-0003
 1.93889850070164E+0000	 1.76494038261381E-0003
 1.94539354809589E+0000	 1.69368382001626E-0003
 1.95185167849501E+0000	 1.55514263216481E-0003
 1.95826386679940E+0000	 1.36415182913778E-0003
 1.96462635765434E+0000	 1.13430898885617E-0003
 1.97093857953474E+0000	 8.76519218241169E-0004
 1.97720103963871E+0000	 5.98920091046018E-0004
 1.98341385008512E+0000	 3.07778135650724E-0004
 1.98957613948305E+0000	 8.78683073195132E-0006
 1.99568628134878E+0000	-2.91742877734918E-0004
 2.00174267127911E+0000	-5.86137471534907E-0004
 2.00774470946978E+0000	-8.65191709890754E-0004
 2.01369368009550E+0000	-1.11851928740315E-0003
 2.01959332981362E+0000	-1.33524644790789E-0003
 2.02545008295019E+0000	-1.50483696826255E-0003
 2.03127294128603E+0000	-1.61787597445614E-0003
 2.03707317317992E+0000	-1.66671793494085E-0003
 2.04286389884472E+0000	-1.64598274557174E-0003
 2.04865964352790E+0000	-1.55293808169607E-0003
 2.05447587968975E+0000	-1.38782827730265E-0003
 2.06032852854928E+0000	-1.15420247470148E-0003
 2.06623334948787E+0000	-8.59261506443068E-0004
 2.07220512160825E+0000	-5.14184636458287E-0004
 2.07825653194342E+0000	-1.34316187603353E-0004
 2.08439675391937E+0000	 2.60993714108502E-0004
 2.09062984036157E+0000	 6.49143434247066E-0004
 2.09695323292445E+0000	 1.00581855850717E-0003
 2.10335681841763E+0000	 1.30732598907936E-0003
 2.10982298100977E+0000	 1.53349848870392E-0003
 2.11632802450369E+0000	 1.67069427548068E-0003
 2.12284511870413E+0000	 1.71411328630816E-0003
 2.12934835759573E+0000	 1.66844440515925E-0003
 2.13581672163645E+0000	 1.54623292331672E-0003
 2.14223646887983E+0000	 1.36443517963698E-0003
 2.14860124503057E+0000	 1.14057608978919E-0003
 2.15491037844428E+0000	 8.89892715719941E-0004
 2.16116644165781E+0000	 6.24045026093490E-0004
 2.16737302115739E+0000	 3.51201847013040E-0004
 2.17353318428085E+0000	 7.69775296698208E-0005
 2.17964875587425E+0000	-1.94293490990018E-0004
 2.18572031483849E+0000	-4.58325291884353E-0004
 2.19174773248675E+0000	-7.09945834197374E-0004
 2.19773103171579E+0000	-9.42609205166860E-0004
 2.20367132535977E+0000	-1.14840321444058E-0003
 2.20957160928833E+0000	-1.31849244929575E-0003
 2.21543725635495E+0000	-1.44384689129463E-0003
 2.22127616371899E+0000	-1.51607174767702E-0003
 2.22709860314915E+0000	-1.52818681856788E-0003
 2.23291687301709E+0000	-1.47527787487638E-0003
 2.23874484388334E+0000	-1.35501721603999E-0003
 2.24459744476290E+0000	-1.16809618053300E-0003
 2.25049007927673E+0000	-9.18618637452053E-0004
 2.25643791054639E+0000	-6.14472919907219E-0004
 2.26245492863350E+0000	-2.67635984835092E-0004
 2.26855273458922E+0000	 1.05719343946563E-0004
 2.27473905704998E+0000	 4.85514784342399E-0004
 2.28101615018656E+0000	 8.48669129059934E-0004
 2.28737935465945E+0000	 1.17075744454696E-0003
 2.29381619381584E+0000	 1.42845037993225E-0003
 2.30030646433471E+0000	 1.60260471130488E-0003
 2.30682386585544E+0000	 1.68156239065380E-0003
 2.31333948508518E+0000	 1.66365030779014E-0003
 2.31982653761588E+0000	 1.55754620552720E-0003
 2.32626467568332E+0000	 1.37989917576128E-0003
 2.33264213589907E+0000	 1.15112827311418E-0003
 2.33895527620477E+0000	 8.91237347763269E-0004
 2.34520639035868E+0000	 6.17027248306148E-0004
 2.35140106067733E+0000	 3.41010077539485E-0004
 2.35754590013825E+0000	 7.16076851592033E-0005
 2.36364700030677E+0000	-1.85936129986340E-0004
 2.36970908780204E+0000	-4.28359897222916E-0004
 2.37573529368485E+0000	-6.53170451430585E-0004
 2.38172743328081E+0000	-8.57588323872489E-0004
 2.38768668021290E+0000	-1.03780251521242E-0003
 2.39361446934130E+0000	-1.18865406265443E-0003
 2.39951341403414E+0000	-1.30379020858538E-0003
 2.40538802838835E+0000	-1.37621864988758E-0003
 2.41124512252920E+0000	-1.39910124944997E-0003
 2.41709385079899E+0000	-1.36660723989773E-0003
 2.42294547868567E+0000	-1.27469676741460E-0003
 2.42881295992891E+0000	-1.12178503980849E-0003
 2.43471038533796E+0000	-9.09299147206326E-0004
 2.44065230787336E+0000	-6.42157682678723E-0004
 2.44665289696141E+0000	-3.29173118134399E-0004
 2.45272485810361E+0000	 1.66901754679657E-0005
 2.45887809392117E+0000	 3.78345186583629E-0004
 2.46511817924736E+0000	 7.35081166600311E-0004
 2.47144483246910E+0000	 1.06368282442168E-0003
 2.47785063116364E+0000	 1.34024628331384E-0003
 2.48432027559200E+0000	 1.54272390273794E-0003
 2.49083088051889E+0000	 1.65414378103927E-0003
 2.49735397910163E+0000	 1.66602152566479E-0003
 2.50385956766304E+0000	 1.58070341491225E-0003
 2.51032126902073E+0000	 1.41113215098856E-0003
 2.51672054710201E+0000	 1.17768323558737E-0003
 2.52304829960178E+0000	 9.03480249745919E-0004
 2.52930379568096E+0000	 6.10211845903830E-0004
 2.53549216459006E+0000	 3.15619367734386E-0004
 2.54162170469397E+0000	 3.26677435494101E-0005
 2.54770170422175E+0000	-2.30156274453923E-0004
 2.55374094074194E+0000	-4.67973147100580E-0004
 2.55974678970181E+0000	-6.78413810813369E-0004
 2.56572484382571E+0000	-8.60475229643027E-0004
 2.57167898470986E+0000	-1.01344361127865E-0003
 2.57761185959405E+0000	-1.13601165311527E-0003
 2.58352566864836E+0000	-1.22573211442397E-0003
 2.58942309098047E+0000	-1.27891273672089E-0003
 2.59530813374959E+0000	-1.29095851423376E-0003
 2.60118672165102E+0000	-1.25705456679807E-0003
 2.60706693940757E+0000	-1.17302035669890E-0003
 2.61295893972742E+0000	-1.03617999116831E-0003
 2.61887458080944E+0000	-8.46157051675638E-0004
 2.62482684807209E+0000	-6.05564464818331E-0004
 2.63082906920504E+0000	-3.20580269265330E-0004
 2.63689389237808E+0000	-1.36664113216562E-0006
 2.64303200624700E+0000	 3.37778568217856E-0004
 2.64925065751820E+0000	 6.78701347953088E-0004
 2.65555213570248E+0000	 1.00024330517114E-0003
 2.66193245872327E+0000	 1.27970460974871E-0003
 2.66838046272459E+0000	 1.49487928618104E-0003
 2.67487751245536E+0000	 1.62666200297877E-0003
 2.68139829205400E+0000	 1.66217694590522E-0003
 2.68791334868159E+0000	 1.59784789462379E-0003
 2.69439350357030E+0000	 1.44102602336383E-0003
 2.70081486045136E+0000	 1.20884779016267E-0003
 2.70716230898576E+0000	 9.24464078855406E-0004
 2.71343027567842E+0000	 6.12356362777553E-0004
 2.71962114073444E+0000	 2.94589631009966E-0004
 2.72574262794465E+0000	-1.12104393927305E-0005
 2.73180526705949E+0000	-2.92381413778828E-0004
 2.73782042007213E+0000	-5.40835933700568E-0004
 2.74379892337604E+0000	-7.52246117125879E-0004
 2.74975023794011E+0000	-9.25066199330123E-0004
 2.75568201067987E+0000	-1.05950737308791E-0003
 2.76160000944483E+0000	-1.15653103775247E-0003
 2.76750842360871E+0000	-1.21695104738159E-0003
 2.77341049130639E+0000	-1.24077522670138E-0003
 2.77930933828580E+0000	-1.22691557397273E-0003
 2.78520884369831E+0000	-1.17333042786737E-0003
 2.79111433752439E+0000	-1.07755652773605E-0003
 2.79703299340332E+0000	-9.37503176022765E-0004
 2.80297386889575E+0000	-7.52357486890994E-0004
 2.80894760685272E+0000	-5.23482166458204E-0004
 2.81496582025901E+0000	-2.55229583498601E-0004
 2.82104015820270E+0000	 4.43992537111936E-0005
 2.82718104412298E+0000	 3.63369962857770E-0004
 2.83339614153253E+0000	 6.85688067949912E-0004
 2.83968874195737E+0000	 9.92113362419598E-0004
 2.84605639581183E+0000	 1.26156390706899E-0003
 2.85249007828995E+0000	 1.47305183810074E-0003
 2.85897400401524E+0000	 1.60792368224676E-0003
 2.86548615153396E+0000	 1.65231847997944E-0003
 2.87199981765065E+0000	 1.59975060348559E-0003
 2.87848664641419E+0000	 1.45319352653062E-0003
 2.88492088736248E+0000	 1.22546185022741E-0003
 2.89128348051843E+0000	 9.37116060055233E-0004
 2.89756429753691E+0000	 6.12537815857395E-0004
 2.90376195663848E+0000	 2.75831238269332E-0004
 2.90988193358471E+0000	-5.21005516378986E-0005
 2.91593412238084E+0000	-3.54946897032994E-0004
 2.92193064715953E+0000	-6.21203656727149E-0004
 2.92788421352155E+0000	-8.43728127991854E-0004
 2.93380697415473E+0000	-1.01900985294650E-0003
 2.93970979171784E+0000	-1.14634228421854E-0003
 2.94560181212395E+0000	-1.22695947373433E-0003
 2.95149032339772E+0000	-1.26316671280723E-0003
 2.95738091335197E+0000	-1.25752043883389E-0003
 2.96327792618011E+0000	-1.21216077443942E-0003
 2.96918515624071E+0000	-1.12842430970738E-0003
 2.97510664121259E+0000	-1.00683349541644E-0003
 2.98104737504160E+0000	-8.47477797830029E-0004
 2.98701377961823E+0000	-6.50713480596411E-0004
 2.99301383296893E+0000	-4.18058778708137E-0004
 2.99905680399500E+0000	-1.53156244888742E-0004
 3.00515256129236E+0000	 1.37322851247980E-0004
 3.01131042840942E+0000	 4.42991840445663E-0004
 3.01753761470419E+0000	 7.49515884103334E-0004
 3.02383741462784E+0000	 1.03911376957691E-0003
 3.03020759470574E+0000	 1.29195866885563E-0003
 3.03663948277890E+0000	 1.48831754486773E-0003
 3.04311804681532E+0000	 1.61094142786613E-0003
 3.04962284340245E+0000	 1.64723238459393E-0003
 3.05612959274627E+0000	 1.59104457684822E-0003
 3.06261241676778E+0000	 1.44408243713735E-0003
 3.06904685921644E+0000	 1.21646338621046E-0003
 3.07541322469757E+0000	 9.25746841226729E-0004
 3.08169911643987E+0000	 5.94297230705400E-0004
 3.08790024558333E+0000	 2.45829921043645E-0004
 3.09401951713166E+0000	-9.76435152964779E-0005
 3.10006514332384E+0000	-4.17737814214596E-0004
 3.10604860715331E+0000	-7.00457011320322E-0004
 3.11198295348098E+0000	-9.36157965964136E-0004
 3.11788153122774E+0000	-1.11910262870660E-0003
 3.12375712207092E+0000	-1.24685161869371E-0003
 3.12962135057928E+0000	-1.31961006325419E-0003
 3.13548430690418E+0000	-1.33955120893211E-0003
 3.14135436890523E+0000	-1.31012035759073E-0003
 3.14723824926505E+0000	-1.23534673050106E-0003
 3.15314129225643E+0000	-1.11923900325237E-0003
 3.15906799891738E+0000	-9.65377772586782E-0004
 3.16502268799089E+0000	-7.76813724302948E-0004
 3.17101014182876E+0000	-5.56326323425218E-0004
 3.17703607153387E+0000	-3.07020687761998E-0004
 3.18310725813726E+0000	-3.31768923368676E-0005
 3.18923125372312E+0000	 2.58775769945034E-0004
 3.19541554331964E+0000	 5.59340339757037E-0004
 3.20166611788320E+0000	 8.55369724598878E-0004
 3.20798557612042E+0000	 1.13020975110788E-0003
 3.21437118854229E+0000	 1.36492670875595E-0003
 3.22081365394057E+0000	 1.54063264376989E-0003
 3.22729720069692E+0000	 1.64133066204064E-0003
 3.23380107834357E+0000	 1.65634656598265E-0003
 3.24030181919227E+0000	 1.58173139702274E-0003
 3.24677560064071E+0000	 1.42069172379376E-0003
 3.25320050900538E+0000	 1.18334436974442E-0003
 3.25955872171507E+0000	 8.85785984447337E-0004
 3.26583831642074E+0000	 5.48305191348281E-0004
 3.27203416241386E+0000	 1.92928546307048E-0004
 3.27814762345627E+0000	-1.59063532725435E-0004
 3.28418533330501E+0000	-4.89013826523385E-0004
 3.29015759156548E+0000	-7.81903371483400E-0004
 3.29607684596144E+0000	-1.02662732740235E-0003
 3.30195648408280E+0000	-1.21581074518409E-0003
 3.30780995602206E+0000	-1.34541253079370E-0003
 3.31365015471156E+0000	-1.41426392445907E-0003
 3.31948897112522E+0000	-1.42359447392884E-0003
 3.32533697586136E+0000	-1.37654377546215E-0003
 3.33120322486072E+0000	-1.27764473546020E-0003
 3.33709522190219E+0000	-1.13228736939728E-0003
 3.34301907561374E+0000	-9.46217012746617E-0004
 3.34897985468571E+0000	-7.25162796667731E-0004
 3.35498208175303E+0000	-4.74703209731799E-0004
 3.36103024328215E+0000	-2.00442679691068E-0004
 3.36712915639016E+0000	 9.14889303057259E-0005
 3.37328402268017E+0000	 3.93669310739719E-0004
 3.37949999525333E+0000	 6.96481630902537E-0004
 3.38578110400654E+0000	 9.87334359428142E-0004
 3.39212851448813E+0000	 1.25043702813920E-0003
 3.39853843835059E+0000	 1.46766784312118E-0003
 3.40500049586818E+0000	 1.62083081233869E-0003
 3.41149754359467E+0000	 1.69488188003111E-0003
 3.41800743795676E+0000	 1.68091480267334E-0003
 3.42450609661423E+0000	 1.57767156002401E-0003
 3.43097056304873E+0000	 1.39128801583917E-0003
 3.43738120406459E+0000	 1.13395602553175E-0003
 3.44372302006926E+0000	 8.22279331055678E-0004
 3.44998638389505E+0000	 4.75602651113969E-0004
 3.45616731492626E+0000	 1.14293498037810E-0004
 3.46226720489477E+0000	-2.41937422599713E-0004
 3.46829200815550E+0000	-5.75427947788114E-0004
 3.47425110732249E+0000	-8.71461414207140E-0004
 3.48015613664198E+0000	-1.11864546190306E-0003
 3.48601996659390E+0000	-1.30890116377591E-0003
 3.49185592393113E+0000	-1.43723549622005E-0003
 3.49767722450862E+0000	-1.50143360388159E-0003
 3.50349655543755E+0000	-1.50174271870478E-0003
 3.50932574675236E+0000	-1.44056301822228E-0003
 3.51517550157217E+0000	-1.32212749371325E-0003
 3.52105519082624E+0000	-1.15214750232939E-0003
 3.52697274835161E+0000	-9.37422467189938E-0004
 3.53293470833308E+0000	-6.85453267852557E-0004
 3.53894639869849E+0000	-4.04139853359703E-0004
 3.54501224709735E+0000	-1.01658996516022E-0004
 3.55113609455274E+0000	 2.13405458126686E-0004
 3.55732136677031E+0000	 5.31660048396352E-0004
 3.56357092062231E+0000	 8.42277898106588E-0004
 3.56988636017620E+0000	 1.13232012708426E-0003
 3.57626666986702E+0000	 1.38636979001459E-0003
 3.58270629028285E+0000	 1.58706476935666E-0003
 3.58919331936827E+0000	 1.71706791415943E-0003
 3.59570902062578E+0000	 1.76236203424257E-0003
 3.60222955630809E+0000	 1.71567994986833E-0003
 3.60872959217308E+0000	 1.57836566245783E-0003
 3.61518615672329E+0000	 1.35982936375650E-0003
 3.62158119552786E+0000	 1.07529188896644E-0003
 3.62790244989795E+0000	 7.43197542136269E-0004
 3.63414326109809E+0000	 3.83168989208681E-0004
 3.64030198583414E+0000	 1.45975681570227E-0005
 3.64638132498920E+0000	-3.44366133025565E-0004
 3.65238758807739E+0000	-6.77577247836524E-0004
 3.65832988320449E+0000	-9.71427593818268E-0004
 3.66421929048236E+0000	-1.21511845306160E-0003
 3.67006810943680E+0000	-1.40069935351326E-0003
 3.67588924310132E+0000	-1.52294696428927E-0003
 3.68169572944724E+0000	-1.57917004326917E-0003
 3.68750038960929E+0000	-1.56900454027704E-0003
 3.69331554566256E+0000	-1.49422714100074E-0003
 3.69915276708293E+0000	-1.35858232473920E-0003
 3.70502262755126E+0000	-1.16759761216739E-0003
 3.71093448347227E+0000	-9.28360521925425E-0004
 3.71689630999739E+0000	-6.49251865726205E-0004
 3.72291463340613E+0000	-3.39668095660222E-0004
 3.72899456895688E+0000	-9.80162725904899E-0006
 3.73513991766999E+0000	 3.29443348447235E-0004
 3.74135321946304E+0000	 6.66352479647488E-0004
 3.74763562145180E+0000	 9.88130749545874E-0004
 3.75398639152859E+0000	 1.28055383629030E-0003
 3.76040190818512E+0000	 1.52778972616273E-0003
 3.76687411924760E+0000	 1.71287653561181E-0003
 3.77338894543340E+0000	 1.81945120883597E-0003
 3.77992573748951E+0000	 1.83486939928444E-0003
 3.78645893992226E+0000	 1.75373816773414E-0003
 3.79296194985800E+0000	 1.57999562332167E-0003
 3.79941153255850E+0000	 1.32625588456648E-0003
 3.80579077349182E+0000	 1.01092705171460E-0003
 3.81208979554890E+0000	 6.54807912807794E-0004
 3.81830489796074E+0000	 2.78531399472744E-0004
 3.82443718819178E+0000	-9.88235823041969E-0005
 3.83049137254571E+0000	-4.60309668840766E-0004
 3.83647486190383E+0000	-7.91320016670723E-0004
 3.84239710086005E+0000	-1.07967628683607E-0003
 3.84826901077687E+0000	-1.31566373496207E-0003
 3.85410250038412E+0000	-1.49200957340307E-0003
 3.85991004432080E+0000	-1.60380332538392E-0003
 3.86570433836184E+0000	-1.64837984499924E-0003
 3.87149802548262E+0000	-1.62519610883918E-0003
 3.87730346946296E+0000	-1.53572596551684E-0003
 3.88313254444497E+0000	-1.38337911184983E-0003
 3.88899641380986E+0000	-1.17343075897750E-0003
 3.89490528889398E+0000	-9.12935509275830E-0004
 3.90086818172841E+0000	-6.10600953399178E-0004
 3.90689268387821E+0000	-2.76618166688122E-0004
 3.91298479810787E+0000	 7.75185637004895E-0005
 3.91914881054276E+0000	 4.39145111514423E-0004
 3.92538713269125E+0000	 7.94470249769843E-0004
 3.93170000163158E+0000	 1.12854382347161E-0003
 3.93808492448788E+0000	 1.42524859065032E-0003
 3.94453578359990E+0000	 1.66751303163345E-0003
 3.95104162776897E+0000	 1.83808976777701E-0003
 3.95758551266280E+0000	 1.92135417128805E-0003
 3.96414430729894E+0000	 1.90628407571354E-0003
 3.97069056165021E+0000	 1.78981285701949E-0003
 3.97719655907547E+0000	 1.57876842823532E-0003
 3.98363899413402E+0000	 1.28897465831883E-0003
 3.99000208818487E+0000	 9.41896113286044E-0004
 3.99627814997568E+0000	 5.60662934112813E-0004
 4.00246623407807E+0000	 1.67119865975019E-0004
 4.00857017519037E+0000	-2.19612985135330E-0004
 4.01459689840219E+0000	-5.83458168620078E-0004
 4.02055529016866E+0000	-9.11176414321817E-0004
 4.02645553607526E+0000	-1.19205585916117E-0003
 4.03230872938564E+0000	-1.41766922305526E-0003
 4.03812659905034E+0000	-1.58172029748035E-0003
 4.04392128181897E+0000	-1.67994649144658E-0003
 4.04970511572602E+0000	-1.71004653493307E-0003
 4.05549045234975E+0000	-1.67162189348829E-0003
 4.06128948378433E+0000	-1.56613460642290E-0003
 4.06711407139182E+0000	-1.39688627105591E-0003
 4.07297555761263E+0000	-1.16901493829393E-0003
 4.07888454500232E+0000	-8.89495033047370E-0004
 4.08485063903113E+0000	-5.67118187196448E-0004
 4.09088216763918E+0000	-2.12438516124679E-0004
 4.09698589714103E+0000	 1.62311963073654E-0004
 4.10316674222651E+0000	 5.43305226171059E-0004
 4.10942741339233E+0000	 9.15165554244526E-0004
 4.11576789241874E+0000	 1.26101718357937E-0003
 4.12218463723192E+0000	 1.56268011132016E-0003
 4.12866952338443E+0000	 1.80126961035722E-0003
 4.13520871385301E+0000	 1.95850166365630E-0003
 4.14178192222811E+0000	 2.01895231156460E-0003
 4.14836287733753E+0000	 1.97318671487869E-0003
 4.15492182262597E+0000	 1.82087321071465E-0003
 4.16142996569077E+0000	 1.57221882209869E-0003
 4.16786425978146E+0000	 1.24648323202587E-0003
 4.17421036050299E+0000	 8.68090022836306E-0004
 4.18046283269663E+0000	 4.62269927953914E-0004
 4.18662335907990E+0000	 5.19378241221054E-0005
 4.19269833685408E+0000	-3.43707099339721E-0004
 4.19869684878020E+0000	-7.09295122237001E-0004
 4.20462934241239E+0000	-1.03278651615943E-0003
 4.21050693049443E+0000	-1.30485599421627E-0003
 4.21634108491427E+0000	-1.51840230296862E-0003
 4.22214351793527E+0000	-1.66824022586351E-0003
 4.22792611927478E+0000	-1.75094247220382E-0003
 4.23370088727267E+0000	-1.76477606789133E-0003
 4.23947983640325E+0000	-1.70968865077019E-0003
 4.24527488189295E+0000	-1.58732000421167E-0003
 4.25109770365833E+0000	-1.40102966932263E-0003
 4.25695958601209E+0000	-1.15593780128788E-0003
 4.26287122447960E+0000	-8.58974782468031E-0004
 4.26884249107145E+0000	-5.18930264892212E-0004
 4.27488215433889E+0000	-1.46490957842295E-0004
 4.28099755356453E+0000	 2.45735473089543E-0004
 4.28719421233150E+0000	 6.43198075828379E-0004
 4.29347533152288E+0000	 1.02937159461662E-0003
 4.29984104289250E+0000	 1.38577105205926E-0003
 4.30628730836013E+0000	 1.69221682862020E-0003
 4.31280451615756E+0000	 1.92772179695598E-0003
 4.31937616233912E+0000	 2.07238922034281E-0003
 4.32597837244529E+0000	 2.11043141449018E-0003
 4.33258117065673E+0000	 2.03381245997502E-0003
 4.33915201701283E+0000	 1.84523381874488E-0003
 4.34566098178027E+0000	 1.55880191814988E-0003
 4.35208560690942E+0000	 1.19756072202000E-0003
 4.35841340996100E+0000	 7.88882409713984E-0004
 4.36464146303043E+0000	 3.59830447110311E-0004
 4.37077407530453E+0000	-6.59113942500101E-0005
 4.37682004588373E+0000	-4.69236953293515E-0004
 4.38279043962700E+0000	-8.35493822636820E-0004
 4.38869717323328E+0000	-1.15375107342088E-0003
 4.39455230031780E+0000	-1.41596871073169E-0003
 4.40036775526569E+0000	-1.61632420280836E-0003
 4.40615533260810E+0000	-1.75077012074249E-0003
 4.41192674540559E+0000	-1.81680018412211E-0003
 4.41769367426726E+0000	-1.81336486530434E-0003
 4.42346776996925E+0000	-1.74087664156017E-0003
 4.42926060361987E+0000	-1.60126002992769E-0003
 4.43508357179530E+0000	-1.39802034906571E-0003
 4.44094776537049E+0000	-1.13632071747605E-0003
 4.44686380557240E+0000	-8.23066428781361E-0004
 4.45284164339885E+0000	-4.67000172729012E-0004
 4.45889031052171E+0000	-7.88130562999367E-0005
 4.46501759880550E+0000	 3.28722715192236E-0004
 4.47122962424039E+0000	 7.40595184189942E-0004
 4.47753018966045E+0000	 1.13938331041631E-0003
 4.48391980760051E+0000	 1.50516984979862E-0003
 4.49039425066376E+0000	 1.81580739442894E-0003
 4.49694270590801E+0000	 2.04803846106918E-0003
 4.50354610817469E+0000	 2.18000974077985E-0003
 4.51017679211104E+0000	 2.19523474379283E-0003
 4.51680065141106E+0000	 2.08702383409333E-0003
 4.52338203182146E+0000	 1.86144284431460E-0003
 4.52988990938175E+0000	 1.53699275648428E-0003
 4.53630280923022E+0000	 1.14081372507993E-0003
 4.54261059042019E+0000	 7.03185470846430E-0004
 4.54881314164625E+0000	 2.52695929343463E-0004
 4.55491744987734E+0000	-1.86576690411655E-0004
 4.56093457158982E+0000	-5.95897308463109E-0004
 4.56687733494231E+0000	-9.61449676318363E-0004
 4.57275893778283E+0000	-1.27339446784348E-0003
 4.57859227087928E+0000	-1.52488978584921E-0003
 4.58438971284080E+0000	-1.71130200090360E-0003
 4.59016317556211E+0000	-1.82967192888075E-0003
 4.59592424283832E+0000	-1.87841648043857E-0003
 4.60168430572683E+0000	-1.85721090334743E-0003
 4.60745464615185E+0000	-1.76699011940917E-0003
 4.61324645380491E+0000	-1.61001624262019E-0003
 4.61907078172029E+0000	-1.38997530760524E-0003
 4.62493845459601E+0000	-1.11208456622829E-0003
 4.63085994264506E+0000	-7.83209035985430E-0004
 4.63684520387644E+0000	-4.12000028638396E-0004
 4.64290347956213E+0000	-9.07727448403654E-0006
 4.64904300012183E+0000	 4.12723252419701E-0004
 4.65527051989591E+0000	 8.38028898198856E-0004
 4.66159054954270E+0000	 1.24857744690286E-0003
 4.66800410991054E+0000	 1.62298397997021E-0003
 4.67450686266417E+0000	 1.93699668674259E-0003
 4.68108674692127E+0000	 2.16489105792339E-0003
 4.68772191554864E+0000	 2.28269946188085E-0003
 4.69438054977944E+0000	 2.27326701293418E-0003
 4.70102408624861E+0000	 2.13158316484208E-0003
 4.70761372358194E+0000	 1.86763170103153E-0003
 4.71411770903632E+0000	 1.50479060125172E-0003
 4.72051614186476E+0000	 1.07444158548497E-0003
 4.72680174854102E+0000	 6.09548702027501E-0004
 4.73297750951018E+0000	 1.39795507209928E-0004
 4.73905309497860E+0000	-3.10783849955049E-0004
 4.74504163820709E+0000	-7.24146288086577E-0004
 4.75095747322361E+0000	-1.08747179655708E-0003
 4.75681483506787E+0000	-1.39202933304575E-0003
 4.76262727543973E+0000	-1.63209777144149E-0003
 4.76840752545717E+0000	-1.80411790512666E-0003
 4.77416759444379E+0000	-1.90611353269125E-0003
 4.77991895983601E+0000	-1.93735472195109E-0003
 4.78567275788054E+0000	-1.89821103012729E-0003
 4.79143992599903E+0000	-1.79013727993758E-0003
 4.79723127794158E+0000	-1.61574020751817E-0003
 4.80305751399682E+0000	-1.37888695993664E-0003
 4.80892918072429E+0000	-1.08483417500888E-0003
 4.81485659645399E+0000	-7.40377336318495E-0004
 4.82084974785418E+0000	-3.54041010181948E-0004
 4.82691813686118E+0000	 6.36538796020970E-0005
 4.83307051444418E+0000	 4.99807898208440E-0004
 4.83931437873481E+0000	 9.38634507866850E-0004
 4.84565504870300E+0000	 1.36089094352382E-0003
 4.85209408289576E+0000	 1.74347821020682E-0003
 4.85862688917651E+0000	 2.05972124860859E-0003
 4.86523976160867E+0000	 2.28117031427815E-0003
 4.87190745759494E+0000	 2.38176016942047E-0003
 4.87859340900107E+0000	 2.34413002891502E-0003
 4.88525437688639E+0000	 2.16579138736114E-0003
 4.89184879070666E+0000	 1.86150056021627E-0003
 4.89834498773672E+0000	 1.45994914200138E-0003
 4.90472548913043E+0000	 9.96633249788845E-0004
 4.91098643763056E+0000	 5.06694010893327E-0004
 4.91713407674273E+0000	 2.03077161337708E-0005
 4.92318064571157E+0000	-4.39038109418667E-0004
 4.92914108787242E+0000	-8.54318947086780E-0004
 4.93503093188317E+0000	-1.21386191222684E-0003
 4.94086516520560E+0000	-1.51005352488333E-0003
 4.94665778204330E+0000	-1.73820663178968E-0003
 4.95242172914376E+0000	-1.89569988689121E-0003
 4.95816905367855E+0000	-1.98139378026619E-0003
 4.96391112674829E+0000	-1.99528377566439E-0003
 4.96965886582196E+0000	-1.93833804773397E-0003
 4.97542291431269E+0000	-1.81246729171724E-0003
 4.98121376178575E+0000	-1.62058070032414E-0003
 4.98704180674584E+0000	-1.36669402785797E-0003
 4.99291737537867E+0000	-1.05607296587862E-0003
 4.99885071098674E+0000	-6.95417510436300E-0004
 5.00485193515771E+0000	-2.93117467167222E-0004
 5.01093094786158E+0000	 1.40371812648304E-0004
 5.01709717659454E+0000	 5.91983894086290E-0004
 5.02335900602559E+0000	 1.04531506654555E-0003
 5.02972263412928E+0000	 1.47981766320625E-0003
 5.03619006017069E+0000	 1.87024220348391E-0003
 5.04275605065494E+0000	 2.18703086431097E-0003
 5.04940450440601E+0000	 2.39875044408349E-0003
 5.05610581070747E+0000	 2.47750057026379E-0003
 5.06281790822646E+0000	 2.40666572298118E-0003
 5.06949290025355E+0000	 2.18762390179585E-0003
 5.07608733718115E+0000	 1.84095560157885E-0003
 5.08257092107365E+0000	 1.40091299569506E-0003
 5.08892961790431E+0000	 9.06611555858140E-0004
 5.09516346168748E+0000	 3.94558041707286E-0004
 5.10128195779616E+0000	-1.05330400416299E-0004
 5.10729964289611E+0000	-5.70640952147366E-0004
 5.11323290118129E+0000	-9.85660810565548E-0004
 5.11909809055841E+0000	-1.33997013348444E-0003
 5.12491063866008E+0000	-1.62704658202469E-0003
 5.13068474392537E+0000	-1.84312508722044E-0003
 5.13643341016096E+0000	-1.98636301391925E-0003
 5.14216863945960E+0000	-2.05628202291771E-0003
 5.14790167810202E+0000	-2.05343441546813E-0003
 5.15364325536971E+0000	-1.97924006093963E-0003
 5.15940378483554E+0000	-1.83594600020029E-0003
 5.16519351829312E+0000	-1.62667044590283E-0003
 5.17102265694664E+0000	-1.35550628043877E-0003
 5.17690143226243E+0000	-1.02767748860740E-0003
 5.18284016621315E+0000	-6.49765468192280E-0004
 5.18884930120471E+0000	-2.30047692129150E-0004
 5.19493934685265E+0000	 2.20990081395680E-0004
 5.20112061923182E+0000	 6.89911377965245E-0004
 5.20740254975912E+0000	 1.15935508633424E-0003
 5.21379223582519E+0000	 1.60698105051845E-0003
 5.22029187054716E+0000	 2.00479852050733E-0003
 5.22689492731722E+0000	 2.31983320357034E-0003
 5.23358182688284E+0000	 2.51751993966064E-0003
 5.24031737588652E+0000	 2.56875025953137E-0003
 5.24705335348744E+0000	 2.45911804530602E-0003
 5.25373768000959E+0000	 2.19554984375894E-0003
 5.26032647432687E+0000	 1.80540866066528E-0003
 5.26679237397481E+0000	 1.32833938990040E-0003
 5.27312576269168E+0000	 8.06164012796521E-0004
 5.27933081016202E+0000	 2.75715317964232E-0004
 5.28542004798728E+0000	-2.34144281911932E-0004
 5.29140987807694E+0000	-7.02548652502451E-0004
 5.29731767252606E+0000	-1.11530584618819E-0003
 5.30316022173179E+0000	-1.46328078550057E-0003
 5.30895307610070E+0000	-1.74096377937652E-0003
 5.31471040174740E+0000	-1.94536814303562E-0003
 5.32044509852377E+0000	-2.07525080908997E-0003
 5.32616903074560E+0000	-2.13060087140884E-0003
 5.33189328732147E+0000	-2.11233432959852E-0003
 5.33762842838473E+0000	-2.02214086381807E-0003
 5.34338470058109E+0000	-1.86243994530253E-0003
 5.34917221947714E+0000	-1.63641693667335E-0003
 5.35500112751823E+0000	-1.34812603611264E-0003
 5.36088173843789E+0000	-1.00266729645099E-0003
 5.36682466979741E+0000	-6.06469396757134E-0004
 5.37284093765970E+0000	-1.67734757405524E-0004
 5.37894193329792E+0000	 3.02880751979610E-0004
 5.38513911453677E+0000	 7.91294272439192E-0004
 5.39144312400269E+0000	 1.27874714857026E-0003
 5.39786192096289E+0000	 1.74050630109514E-0003
 5.40439749763108E+0000	 2.14516388764252E-0003
 5.41104114603189E+0000	 2.45582257809167E-0003
 5.41776849649228E+0000	 2.63487893297124E-0003
 5.42453755738322E+0000	 2.65309563675436E-0003
 5.43129369162185E+0000	 2.50013816396014E-0003
 5.43798176355940E+0000	 2.19012812526490E-0003
 5.44455933641240E+0000	 1.75765860437117E-0003
 5.45100350414312E+0000	 1.24699333395549E-0003
 5.45730968128046E+0000	 7.01395864929998E-0004
 5.46348603386883E+0000	 1.56930969373328E-0004
 5.46954762302231E+0000	-3.59276567347191E-0004
 5.47551215389993E+0000	-8.28223202929792E-0004
 5.48139749260444E+0000	-1.23731039286498E-0003
 5.48722047094921E+0000	-1.57862128298924E-0003
 5.49299646784487E+0000	-1.84751895767645E-0003
 5.49873940345579E+0000	-2.04161816135955E-0003
 5.50446192602167E+0000	-2.16008018383142E-0003
 5.51017567004983E+0000	-2.20315798461934E-0003
 5.51589152447359E+0000	-2.17192517419256E-0003
 5.52161988429006E+0000	-2.06813706571070E-0003
 5.52737087977576E+0000	-1.89418806063122E-0003
 5.53315458936044E+0000	-1.65314656906832E-0003
 5.53898124718896E+0000	-1.34886775828182E-0003
 5.54486145264170E+0000	-9.86206661745494E-0004
 5.55080637221321E+0000	-5.71378882506553E-0004
 5.55682788723469E+0000	-1.12539237085939E-0004
 5.56293857477074E+0000	 3.79340190207270E-0004
 5.56915130374293E+0000	 8.89234896779363E-0004
 5.57547808190333E+0000	 1.39652489920253E-0003
 5.58192764180812E+0000	 1.87347348075901E-0003
 5.58850128092764E+0000	 2.28462649756395E-0003
 5.59518711443193E+0000	 2.58883673419391E-0003
 5.60195470635957E+0000	 2.74591556897416E-0003
 5.60875445249227E+0000	 2.72796159634035E-0003
 5.61552579532093E+0000	 2.53057913107758E-0003
 5.62221229938023E+0000	 2.17611104774152E-0003
 5.62877486306361E+0000	 1.70592746514466E-0003
 5.63519602747227E+0000	 1.16752675578440E-0003
 5.64147620824611E+0000	 6.04222844462334E-0004
 5.64762697067873E+0000	 5.04029019669139E-0005
 5.65366518022047E+0000	-4.68955738959093E-0004
 5.65960921310075E+0000	-9.36786681439354E-0004
 5.66547694740165E+0000	-1.34198195439902E-0003
 5.67128490933640E+0000	-1.67766285761760E-0003
 5.67704806101915E+0000	-1.93985909647397E-0003
 5.68277990315152E+0000	-2.12657579426626E-0003
 5.68849270986979E+0000	-2.23716817184045E-0003
 5.69419780296197E+0000	-2.27194184943001E-0003
 5.69990582450614E+0000	-2.23191300335415E-0003
 5.70562699596142E+0000	-2.11868239313697E-0003
 5.71137136751047E+0000	-1.93439685641434E-0003
 5.71714906862770E+0000	-1.68179152722176E-0003
 5.72297057034474E+0000	-1.36432693911823E-0003
 5.72884695964662E+0000	-9.86457952174121E-0004
 5.73479020247488E+0000	-5.54095218195057E-0004
 5.74081332646077E+0000	-7.53407443697500E-0005
 5.74693037613751E+0000	 4.38413995577292E-0004
 5.75315586729770E+0000	 9.70974199437726E-0004
 5.75950328917677E+0000	 1.49950186958095E-0003
 5.76598203440860E+0000	 1.99281595764941E-0003
 5.77259224242885E+0000	 2.41104998750361E-0003
 5.77931804542869E+0000	 2.70884949192373E-0003
 5.78612218469273E+0000	 2.84426091424800E-0003
 5.79294753378815E+0000	 2.79219699576832E-0003
 5.79972900742204E+0000	 2.55535386413907E-0003
 5.80641083908050E+0000	 2.16407380599237E-0003
 5.81295851153381E+0000	 1.66501706840627E-0003
 5.81936002712183E+0000	 1.10719015728328E-0003
 5.82562000024097E+0000	 5.32777895651402E-0004
 5.83175238625555E+0000	-2.60073122711359E-0005
 5.83777498832055E+0000	-5.46360050587483E-0004
 5.84370622342340E+0000	-1.01294002100003E-0003
 5.84956355913440E+0000	-1.41583772615701E-0003
 5.85536294172297E+0000	-1.74891577097230E-0003
 5.86111873670761E+0000	-2.00859676879868E-0003
 5.86684390206920E+0000	-2.19302848854814E-0003
 5.87255024857776E+0000	-2.30153008215490E-0003
 5.87824872042119E+0000	-2.33423627671190E-0003
 5.88394967260324E+0000	-2.29187943554290E-0003
 5.88966314418504E+0000	-2.17567265758760E-0003
 5.89539913683554E+0000	-1.98727869044877E-0003
 5.90116791018742E+0000	-1.72887001099527E-0003
 5.90698029992031E+0000	-1.40330606649158E-0003
 5.91284804963697E+0000	-1.01447511686994E-0003
 5.91878411894912E+0000	-5.67870135255057E-0004
 5.92480287875283E+0000	-7.14876320273666E-0005
 5.93092001480083E+0000	 4.62857029496309E-0004
 5.93715181169022E+0000	 1.01775008766522E-0003
 5.94351327664592E+0000	 1.56807194252067E-0003
 5.95001437839801E+0000	 2.07918568923031E-0003
 5.95665390061205E+0000	 2.50699369655357E-0003
 5.96341185696585E+0000	 2.80250361330505E-0003
 5.97024455738471E+0000	 2.92296401533660E-0003
 5.97708873165491E+0000	 2.84688133068030E-0003
 5.98387678807421E+0000	 2.58364909274607E-0003
 5.99055506014043E+0000	 2.16979834457835E-0003
 5.99709360130402E+0000	 1.65501459865729E-0003
 6.00348471684977E+0000	 1.08818282593192E-0003
 6.00973572358122E+0000	 5.09690731569439E-0004
 6.01586168305026E+0000	-5.03844162485084E-0005
 6.02188043000257E+0000	-5.71021643970249E-0004
 6.02780985084686E+0000	-1.03811806043406E-0003
 6.03366666651964E+0000	-1.44249444659984E-0003
 6.03946605212295E+0000	-1.77834961982762E-0003
 6.04522166567663E+0000	-2.04215956602150E-0003
 6.05094585203428E+0000	-2.23192597538672E-0003
 6.05664990871593E+0000	-2.34667452217375E-0003
 6.06234436760596E+0000	-2.38612583151074E-0003
 6.06803928110355E+0000	-2.35048899021284E-0003
 6.07374451724332E+0000	-2.24035196768360E-0003
 6.07947007325541E+0000	-2.05666451465524E-0003
 6.08522641471285E+0000	-1.80082796626415E-0003
 6.09102483880126E+0000	-1.47492441155522E-0003
 6.09687784374498E+0000	-1.08213655083605E-0003
 6.10279945669525E+0000	-6.27430234663824E-0004
 6.10880541792014E+0000	-1.18591645773005E-0004
 6.11491301973786E+0000	 4.32283779538547E-0004
 6.12114022863484E+0000	 1.00680797634854E-0003
 6.12750347667668E+0000	 1.57800297171038E-0003
 6.13401332226943E+0000	 2.10846033158723E-0003
 6.14066754113988E+0000	 2.55083501540906E-0003
 6.14744307058077E+0000	 2.85362628478776E-0003
 6.15429181751484E+0000	 2.97398284088339E-0003
 6.16114704222969E+0000	 2.89334788519544E-0003
 6.16794070871474E+0000	 2.62540571664671E-0003
 6.17462150183944E+0000	 2.20964754101638E-0003
 6.18116256411806E+0000	 1.69621575176051E-0003
 6.18755832452562E+0000	 1.13266905176821E-0003
 6.19381682978693E+0000	 5.57529307288974E-0004
 6.19995283043758E+0000	-7.25429923676335E-0007
 6.20598330723363E+0000	-5.22128073176790E-0004
 6.21192511573141E+0000	-9.93102830176300E-0004
 6.21779397146138E+0000	-1.40459172689159E-0003
 6.22360415525094E+0000	-1.75063364601383E-0003
 6.22936856288750E+0000	-2.02735637884979E-0003
 6.23509890304685E+0000	-2.23228134272757E-0003
 6.24080595385372E+0000	-2.36384903216206E-0003
 6.24649984447315E+0000	-2.42110022663870E-0003
 6.25219035441760E+0000	-2.40347515173588E-0003
 6.25788723312809E+0000	-2.31071522025462E-0003
 6.26360054344551E+0000	-2.14286965196485E-0003
 6.26934102863497E+0000	-1.90042397675083E-0003
 6.27512049456892E+0000	-1.58458174187421E-0003
