-3.97581270368945E-0004	 2.93496618952510E-0003
 6.45918655103201E-0003	 2.97296410441142E-0003
 1.33027452625760E-0002	 2.81088825620506E-0003
 2.00661395426972E-0002	 2.46739386651352E-0003
 2.67004630159591E-0002	 1.98640867337183E-0003
 3.31824234088295E-0002	 1.42154612197416E-0003
 3.95107207528223E-0002	 8.22487855205650E-0004
 4.56977778197994E-0002	 2.28462635353066E-0004
 5.17623469388030E-0002	-3.32531381158892E-0004
 5.77247817837257E-0002	-8.41850339788190E-0004
 6.36046073156028E-0002	-1.28776279520473E-0003
 6.94195355937358E-0002	-1.66332377318394E-0003
 7.51852539792080E-0002	-1.96477432607473E-0003
 8.09155791581026E-0002	-2.19041855797787E-0003
 8.66227610703113E-0002	-2.33986898251338E-0003
 9.23178309431840E-0002	-2.41355907959154E-0003
 9.80109459066308E-0002	-2.41244563572207E-0003
 1.03711713294824E-0001	-2.33784603283805E-0003
 1.09429494960346E-0001	-2.19137479483778E-0003
 1.15173702178547E-0001	-1.97496167118797E-0003
 1.20954096394738E-0001	-1.69095307110200E-0003
 1.26781108473734E-0001	-1.34232150138714E-0003
 1.32666175401606E-0001	-9.33034155641418E-0004
 1.38622062224634E-0001	-4.68660560919770E-0004
 1.44663077716793E-0001	 4.26747436632679E-0005
 1.50804987109966E-0001	 5.88880190194998E-0004
 1.57064250890883E-0001	 1.15196336452141E-0003
 1.63455971369457E-0001	 1.70572850726169E-0003
 1.69989722758321E-0001	 2.21383216856812E-0003
 1.76662738038156E-0001	 2.63002962177295E-0003
 1.83451693371391E-0001	 2.90362434611522E-0003
 1.90307996712800E-0001	 2.99219584576155E-0003
 1.97163717108539E-0001	 2.87784108554405E-0003
 2.03949365646337E-0001	 2.57603581004050E-0003
 2.10613129291024E-0001	 2.12927985326252E-0003
 2.17129362384872E-0001	 1.59090544663968E-0003
 2.23495077490306E-0001	 1.01071307044693E-0003
 2.29721408955255E-0001	 4.28082449207870E-0004
 2.35825977818089E-0001	-1.28862742909132E-0004
 2.41828047434745E-0001	-6.41324365646444E-0004
 2.47746065587229E-0001	-1.09732808250296E-0003
 2.53596693932912E-0001	-1.48956114639099E-0003
 2.59394623609144E-0001	-1.81375984482304E-0003
 2.65152756077371E-0001	-2.06759269700413E-0003
 2.70882525665885E-0001	-2.24992300066999E-0003
 2.76594254936762E-0001	-2.36034152240626E-0003
 2.82297496802048E-0001	-2.39888408424192E-0003
 2.88001352062818E-0001	-2.36587371349906E-0003
 2.93714770523004E-0001	-2.26185049543187E-0003
 2.99446853335663E-0001	-2.08757513119205E-0003
 3.05207175260779E-0001	-1.84411509473214E-0003
 3.11006137934294E-0001	-1.53304517610717E-0003
 3.16855347882027E-0001	-1.15681694355999E-0003
 3.22767982446568E-0001	-7.19374222075069E-0004
 3.28759054559458E-0001	-2.27112539970062E-0004
 3.34845396135968E-0001	 3.09709824765337E-0004
 3.41045023548046E-0001	 8.75037096726847E-0004
 3.47375311516238E-0001	 1.44465783287853E-0003
 3.53849163132302E-0001	 1.98401891440862E-0003
 3.60468512851398E-0001	 2.44783634835190E-0003
 3.67215956867045E-0001	 2.78441285479644E-0003
 3.74048781263735E-0001	 2.94722081283790E-0003
 3.80902606425631E-0001	 2.91125792321368E-0003
 3.87707493983486E-0001	 2.68402481289994E-0003
 3.94407755000194E-0001	 2.30185577447096E-0003
 4.00972559171593E-0001	 1.81486498554588E-0003
 4.07394163957266E-0001	 1.27200264259254E-0003
 4.13679992963579E-0001	 7.13081928096423E-0004
 4.19844908270320E-0001	 1.67169899472987E-0004
 4.25906086276442E-0001	-3.45847229585539E-0004
 4.31880328881230E-0001	-8.12882182043897E-0004
 4.37782953516123E-0001	-1.22550402632992E-0003
 4.43627536391525E-0001	-1.57832128201511E-0003
 4.49426055156326E-0001	-1.86786465643233E-0003
 4.55189184161734E-0001	-2.09185576402693E-0003
 4.60926622879223E-0001	-2.24874557379345E-0003
 4.66647411228819E-0001	-2.33742991161116E-0003
 4.72360225993809E-0001	-2.35707900260230E-0003
 4.78073672217274E-0001	-2.30704742813686E-0003
 4.83796588937483E-0001	-2.18685742094897E-0003
 4.89538383956587E-0001	-1.99627069333605E-0003
 4.95309400694116E-0001	-1.73548175972276E-0003
 5.01121303213662E-0001	-1.40548043285600E-0003
 5.06987441578133E-0001	-1.00864562269552E-0003
 5.12923121118267E-0001	-5.49648581521274E-0004
 5.18945629445281E-0001	-3.67562102889339E-0005
 5.25073748488789E-0001	 5.16391564438621E-0004
 5.31326274408532E-0001	 1.08857446002958E-0003
 5.37718829975462E-0001	 1.64877220159459E-0003
 5.44258257998813E-0001	 2.15518560812087E-0003
 5.50934867855503E-0001	 2.55796136215855E-0003
 5.57715608800059E-0001	 2.80835239078131E-0003
 5.64544518668249E-0001	 2.87358151782558E-0003
 5.71354919394451E-0001	 2.74958594113059E-0003
 5.78088094426900E-0001	 2.46174126949922E-0003
 5.84706357471854E-0001	 2.05313522726958E-0003
 5.91194554268025E-0001	 1.56992306077038E-0003
 5.97553955220793E-0001	 1.05190299897973E-0003
 6.03794865998812E-0001	 5.29439671612034E-0004
 6.09931196615063E-0001	 2.41609449022620E-0005
 6.15977381762542E-0001	-4.49037928227336E-0004
 6.21946982250367E-0001	-8.79977526998831E-0004
 6.27852247485309E-0001	-1.26160858000299E-0003
 6.33704144382925E-0001	-1.58890051289160E-0003
 6.39512571660206E-0001	-1.85810897555299E-0003
 6.45286624140444E-0001	-2.06630494308353E-0003
 6.51034858790358E-0001	-2.21107018262478E-0003
 6.56765559560162E-0001	-2.29029915676615E-0003
 6.62487015161806E-0001	-2.30208162348121E-0003
 6.68207823296550E-0001	-2.24466668163391E-0003
 6.73937225242430E-0001	-2.11652589550339E-0003
 6.79685462562764E-0001	-1.91654228418676E-0003
 6.85464135868342E-0001	-1.64435795900911E-0003
 6.91286531966450E-0001	-1.30092141574372E-0003
 6.97167862178224E-0001	-8.89289228505985E-0004
 7.03125305994936E-0001	-4.15752758795138E-0004
 7.09177658975019E-0001	 1.08640443741755E-0004
 7.15344221916008E-0001	 6.66170942082326E-0004
 7.21642359075236E-0001	 1.23038946230962E-0003
 7.28083065471453E-0001	 1.76477139782706E-0003
 7.34664422218959E-0001	 2.22392648009561E-0003
 7.41364741545130E-0001	 2.55984483281902E-0003
 7.48140165175944E-0001	 2.73387642874396E-0003
 7.54931801754609E-0001	 2.72972436115595E-0003
 7.61681093689129E-0001	 2.55862048991215E-0003
 7.68344178286756E-0001	 2.25271376620128E-0003
 7.74897288616399E-0001	 1.85240648299012E-0003
 7.81333704105916E-0001	 1.39592880314924E-0003
 7.87657503040714E-0001	 9.14431540407763E-0004
 7.93878079591777E-0001	 4.31326795259161E-0004
 8.00006648187634E-0001	-3.64165645919875E-0005
 8.06054455468705E-0001	-4.76553740374356E-0004
 8.12032066058637E-0001	-8.80085726086388E-0004
 8.17949203856972E-0001	-1.24018123728406E-0003
 8.23814832604473E-0001	-1.55144586883533E-0003
 8.29637322039757E-0001	-1.80943231271740E-0003
 8.35424646909130E-0001	-2.01030293133017E-0003
 8.41184614194972E-0001	-2.15059514150504E-0003
 8.46925125889654E-0001	-2.22707563278780E-0003
 8.52654477685010E-0001	-2.23669111628281E-0003
 8.58381682093687E-0001	-2.17663085161836E-0003
 8.64116796195038E-0001	-2.04451551698575E-0003
 8.69871231155965E-0001	-1.83872613826554E-0003
 8.75658018438852E-0001	-1.55889238862874E-0003
 8.81491996906280E-0001	-1.20657405253631E-0003
 8.87389852972014E-0001	-7.86188893162407E-0004
 8.93369876559706E-0001	-3.06250051000280E-0004
 8.99451173589234E-0001	 2.19059204831212E-0004
 9.05651906682179E-0001	 7.68101409004795E-0004
 9.11986012002780E-0001	 1.31031906486663E-0003
 9.18458069561253E-0001	 1.80633879189174E-0003
 9.25057152538872E-0001	 2.21161720673962E-0003
 9.31752728887451E-0001	 2.48502916799600E-0003
 9.38497160664626E-0001	 2.60040474486321E-0003
 9.45236347061784E-0001	 2.55459339169005E-0003
 9.51923252786161E-0001	 2.36631236797860E-0003
 9.58526416391065E-0001	 2.06716830319479E-0003
 9.65030618091819E-0001	 1.69149483706335E-0003
 9.71432707530035E-0001	 1.26986412025409E-0003
 9.77736608056449E-0001	 8.26799221797807E-0004
 9.83949570578400E-0001	 3.81041801010279E-0004
 9.90079985286401E-0001	-5.32353427837926E-0005
 9.96136332072706E-0001	-4.65164440642232E-0004
 1.00212677734687E+0000	-8.46183084006993E-0004
 1.00805907874137E+0000	-1.18931684078914E-0003
 1.01394062764193E+0000	-1.48866610442598E-0003
 1.01977857096252E+0000	-1.73902615290271E-0003
 1.02558000172949E+0000	-1.93560922323630E-0003
 1.03135221273562E+0000	-2.07387053564421E-0003
 1.03710299423292E+0000	-2.14945263684189E-0003
 1.04284094504802E+0000	-2.15825737550589E-0003
 1.04857576568163E+0000	-2.09664369741090E-0003
 1.05431851037223E+0000	-1.96174385649352E-0003
 1.06008178433459E+0000	-1.75189700091314E-0003
 1.06587987173835E+0000	-1.46721710420383E-0003
 1.07172875916818E+0000	-1.11033582088607E-0003
 1.07764596816789E+0000	-6.87378049786872E-0004
 1.08365001914921E+0000	-2.09215272602113E-0004
 1.08975921720514E+0000	 3.07048647529928E-0004
 1.09598932384394E+0000	 8.36655824499838E-0004
 1.10234973045129E+0000	 1.34663004709513E-0003
 1.10883835459200E+0000	 1.79749991463146E-0003
 1.11543697879139E+0000	 2.14882663129862E-0003
 1.12211045143491E+0000	 2.36832341006031E-0003
 1.12881256465416E+0000	 2.44079641936151E-0003
 1.13549695111214E+0000	 2.37134427665758E-0003
 1.14212697393322E+0000	 2.18087050856751E-0003
 1.14867983257828E+0000	 1.89764643945844E-0003
 1.15514511839056E+0000	 1.55003911838816E-0003
 1.16152095293307E+0000	 1.16265887618580E-0003
 1.16781030825730E+0000	 7.55382142408086E-0004
 1.17401849386136E+0000	 3.43852379286694E-0004
 1.18015174688014E+0000	-5.95905490815112E-0005
 1.18621653736428E+0000	-4.45040888031271E-0004
 1.19221925607560E+0000	-8.04334138649805E-0004
 1.19816610619638E+0000	-1.13049912277719E-0003
 1.20406313690590E+0000	-1.41731318997281E-0003
 1.20991640249146E+0000	-1.65895708571242E-0003
 1.21573222490412E+0000	-1.84979520192099E-0003
 1.22151751519094E+0000	-1.98430704133559E-0003
 1.22728009730910E+0000	-2.05717387068105E-0003
 1.23302898650060E+0000	-2.06349972994040E-0003
 1.23877459735697E+0000	-1.99913492903370E-0003
 1.24452887937275E+0000	-1.86107901683584E-0003
 1.25030538665028E+0000	-1.64796445031430E-0003
 1.25611927529393E+0000	-1.36065187038075E-0003
 1.26198718237177E+0000	-1.00299143251339E-0003
 1.26792686985466E+0000	-5.82806551945027E-0004
 1.27395641401233E+0000	-1.13107987134525E-0004
 1.28009260512373E+0000	 3.86606137523464E-0004
 1.28634818433845E+0000	 8.89435818087569E-0004
 1.29272781378580E+0000	 1.36152342523028E-0003
 1.29922357487472E+0000	 1.76519080752010E-0003
 1.30581224032673E+0000	 2.06547401919073E-0003
 1.31245722850664E+0000	 2.23843882369581E-0003
 1.31911601813798E+0000	 2.27705810746051E-0003
 1.32574965868926E+0000	 2.19102059710622E-0003
 1.33232936195993E+0000	 2.00111903901322E-0003
 1.33883799870493E+0000	 1.73222931548115E-0003
 1.34526797571929E+0000	 1.40823825716044E-0003
 1.35161803850526E+0000	 1.04971231560995E-0003
 1.35789058086897E+0000	 6.73474520730032E-0004
 1.36408986827131E+0000	 2.93041310949117E-0004
 1.37022098910708E+0000	-8.07218924833986E-0005
 1.37628925231388E+0000	-4.38960963831625E-0004
 1.38229986057501E+0000	-7.74239690773762E-0004
 1.38825780371648E+0000	-1.07998900411540E-0003
 1.39416796050311E+0000	-1.35003268321224E-0003
 1.40003537734863E+0000	-1.57825404522517E-0003
 1.40586565193833E+0000	-1.75845858640201E-0003
 1.41166532798976E+0000	-1.88444476067383E-0003
 1.41744222108971E+0000	-1.95024740807953E-0003
 1.42320563539824E+0000	-1.95049307219952E-0003
 1.42896647330545E+0000	-1.88081375931587E-0003
 1.43473726379520E+0000	-1.73829732890101E-0003
 1.44053213108877E+0000	-1.52199212914483E-0003
 1.44636669325636E+0000	-1.23351585747370E-0003
 1.45225782289915E+0000	-8.77832172959445E-0004
 1.45822311915883E+0000	-4.64237244368274E-0004
 1.46427983926900E+0000	-7.51029876344374E-0006
 1.47044296064993E+0000	 4.71025130653390E-0004
 1.47672212016255E+0000	 9.43148869617733E-0004
 1.48311764890555E+0000	 1.37514001090065E-0003
 1.48961696000906E+0000	 1.73195806266180E-0003
 1.49619365278461E+0000	 1.98405523730307E-0003
 1.50281132919081E+0000	 2.11433756518834E-0003
 1.50943131444170E+0000	 2.12147504454637E-0003
 1.51602044874649E+0000	 2.01776383580159E-0003
 1.52255534717533E+0000	 1.82348194787740E-0003
 1.52902256427580E+0000	 1.56120873750134E-0003
 1.53541643716493E+0000	 1.25215498244283E-0003
 1.54173650334160E+0000	 9.14578103345384E-0004
 1.54798542044417E+0000	 5.63481657088692E-0004
 1.55416751421158E+0000	 2.10879750211635E-0004
 1.56028778794487E+0000	-1.33728479140931E-0004
 1.56635125483262E+0000	-4.62776919302758E-0004
 1.57236255876037E+0000	-7.69976206640195E-0004
 1.57832589841299E+0000	-1.04965100093686E-0003
 1.58424524259699E+0000	-1.29618325878946E-0003
 1.59012475947355E+0000	-1.50367301401752E-0003
 1.59596933052825E+0000	-1.66587428902410E-0003
 1.60178501653924E+0000	-1.77638633286450E-0003
 1.60757938838862E+0000	-1.82902174310586E-0003
 1.61336170135467E+0000	-1.81825989786217E-0003
 1.61914294222543E+0000	-1.73972383371498E-0003
 1.62493579428988E+0000	-1.59066865957985E-0003
 1.63075454520099E+0000	-1.37051602680628E-0003
 1.63661491477761E+0000	-1.08149704737100E-0003
 1.64253371025067E+0000	-7.29465333141845E-0004
 1.64852812932799E+0000	-3.24896033044206E-0004
 1.65461444332167E+0000	 1.16037641119554E-0004
 1.66080576715456E+0000	 5.70666617451855E-0004
 1.66710881522352E+0000	 1.01003076137004E-0003
 1.67352016723434E+0000	 1.40109100995221E-0003
 1.68002360237717E+0000	 1.71159588270664E-0003
 1.68659069550151E+0000	 1.91672948538245E-0003
 1.69318572783902E+0000	 2.00469088115139E-0003
 1.69977311698805E+0000	 1.97816347528363E-0003
 1.70632373085419E+0000	 1.85121828721379E-0003
 1.71281770414149E+0000	 1.64404499175576E-0003
 1.71924404851775E+0000	 1.37826781506200E-0003
 1.72559871622353E+0000	 1.07404016317926E-0003
 1.73188246652724E+0000	 7.48704087229237E-0004
 1.73809907177927E+0000	 4.16384119686294E-0004
 1.74425390212819E+0000	 8.80721624710976E-0005
 1.75035282012406E+0000	-2.27979803608730E-0004
 1.75640137939122E+0000	-5.25627796074766E-0004
 1.76240437774445E+0000	-8.00046537274007E-0004
 1.76836580217800E+0000	-1.04691956456950E-0003
 1.77428913315178E+0000	-1.26177372434016E-0003
 1.78017789156128E+0000	-1.43959298685707E-0003
 1.78603626167750E+0000	-1.57476482653396E-0003
 1.79186963542960E+0000	-1.66131788564250E-0003
 1.79768498801053E+0000	-1.69334908581931E-0003
 1.80349107254108E+0000	-1.66553482065207E-0003
 1.80929847313085E+0000	-1.57366269407554E-0003
 1.81511956432134E+0000	-1.41517746217910E-0003
 1.82096839522941E+0000	-1.18978115526297E-0003
 1.82686046048658E+0000	-9.00148370017462E-0004
 1.83281224576586E+0000	-5.52803720790821E-0004
 1.83884035127008E+0000	-1.59141567164764E-0004
 1.84495992912593E+0000	 2.63585054972824E-0004
 1.85118220323721E+0000	 6.91749958773309E-0004
 1.85751113847954E+0000	 1.09609300100678E-0003
 1.86394004480836E+0000	 1.44460389907016E-0003
 1.87044982006682E+0000	 1.70778400087894E-0003
 1.87701068546600E+0000	 1.86488518766765E-0003
 1.88358764763871E+0000	 1.90826312760480E-0003
 1.89014739264107E+0000	 1.84362012126480E-0003
 1.89666346932863E+0000	 1.68654546282718E-0003
 1.90311830029373E+0000	 1.45772979554989E-0003
 1.90950267762312E+0000	 1.17893859587095E-0003
 1.91581411325078E+0000	 8.70431116262288E-0004
 1.92205497384021E+0000	 5.49579136704196E-0004
 1.92823074648158E+0000	 2.30276765757296E-0004
 1.93434851251832E+0000	-7.71063303162405E-0005
 1.94041567819646E+0000	-3.65346166696952E-0004
 1.94643904094762E+0000	-6.29657100979133E-0004
 1.95242426774278E+0000	-8.66789233337498E-0004
 1.95837581439580E+0000	-1.07410176820997E-0003
 1.96429723818134E+0000	-1.24879016600000E-0003
 1.97019177870351E+0000	-1.38740438929510E-0003
 1.97606303833222E+0000	-1.48571404623755E-0003
 1.98191560627279E+0000	-1.53888619034935E-0003
 1.98775553024137E+0000	-1.54188371772724E-0003
 1.99359061108449E+0000	-1.48998687181124E-0003
 1.99943054283379E+0000	-1.37937637106484E-0003
 2.00528692814409E+0000	-1.20776656228113E-0003
 2.01117317059741E+0000	-9.75116203597660E-0004
 2.01710419140133E+0000	-6.84458149871142E-0004
 2.02309584739274E+0000	-3.42865199387241E-0004
 2.02916385267326E+0000	 3.75132236099247E-0005
 2.03532196690894E+0000	 4.38581691867174E-0004
 2.04157930894544E+0000	 8.36108879787889E-0004
 2.04793704437251E+0000	 1.20099894841969E-0003
 2.05438544469029E+0000	 1.50272649619299E-0003
 2.06090302372301E+0000	 1.71474791169908E-0003
 2.06745914514976E+0000	 1.82013918729277E-0003
 2.07401965675724E+0000	 1.81484305778070E-0003
 2.08055311434948E+0000	 1.70709652660974E-0003
 2.08703508390762E+0000	 1.51395206106290E-0003
 2.09344972693557E+0000	 1.25698575225107E-0003
 2.09978938899319E+0000	 9.58692062039111E-0004
 2.10605320616027E+0000	 6.39986752915336E-0004
 2.11224536560780E+0000	 3.18685499921971E-0004
 2.11837331961556E+0000	 8.75947907377642E-0006
 2.12444612721668E+0000	-2.79774498499404E-0004
 2.13047306397387E+0000	-5.40459025782497E-0004
 2.13646260531741E+0000	-7.69645273762725E-0004
 2.14242183998330E+0000	-9.65550480850276E-0004
 2.14835631697951E+0000	-1.12728977438912E-0003
 2.15427027488504E+0000	-1.25403523621539E-0003
 2.16016715140619E+0000	-1.34442051950984E-0003
 2.16605023970199E+0000	-1.39625234603187E-0003
 2.17192336058409E+0000	-1.40652660667985E-0003
 2.17779145334394E+0000	-1.37170094203207E-0003
 2.18366103213958E+0000	-1.28816189033881E-0003
 2.18954048677850E+0000	-1.15283845975781E-0003
 2.19544021432537E+0000	-9.63939266236737E-0004
 2.20137255038769E+0000	-7.21810850726203E-0004
 2.20735142972577E+0000	-4.29917036413592E-0004
 2.21339165045501E+0000	-9.59068091888862E-0005
 2.21950756196268E+0000	 2.67354895188082E-0004
 2.22571099718529E+0000	 6.41100745190000E-0004
 2.23200843735846E+0000	 1.00087860044083E-0003
 2.23839786269185E+0000	 1.31839312851722E-0003
 2.24486644797893E+0000	 1.56539366841831E-0003
 2.25139065909073E+0000	 1.71898383185225E-0003
 2.25793956136170E+0000	 1.76641870042534E-0003
 2.26448033100092E+0000	 1.70724112113867E-0003
 2.27098366131625E+0000	 1.55210714707147E-0003
 2.27742726659367E+0000	 1.31946994226001E-0003
 2.28379718007138E+0000	 1.03178454680836E-0003
 2.29008746423538E+0000	 7.12233067070085E-0004
 2.29629900209078E+0000	 3.82271400230798E-0004
 2.30243781577392E+0000	 6.00212423799364E-0005
 2.30851323461924E+0000	-2.40536407011500E-0004
 2.31453617754885E+0000	-5.09673867006293E-0004
 2.32051773584798E+0000	-7.41507772413458E-0004
 2.32646814650108E+0000	-9.33260948792741E-0004
 2.33239617124609E+0000	-1.08436564861136E-0003
 2.33830885394826E+0000	-1.19554348802225E-0003
 2.34421160639755E+0000	-1.26796727486741E-0003
 2.35010855756961E+0000	-1.30258507311529E-0003
 2.35600309118851E+0000	-1.29966283810214E-0003
 2.36189849274483E+0000	-1.25857931514713E-0003
 2.36779862797502E+0000	-1.17788899262244E-0003
 2.37370857522899E+0000	-1.05565551264050E-0003
 2.37963513192488E+0000	-8.90044984834182E-0004
 2.38558711192935E+0000	-6.80153540108547E-0004
 2.39157534579867E+0000	-4.27026722340159E-0004
 2.39761228340507E+0000	-1.34806351296805E-0004
 2.40371107484195E+0000	 1.88104442685136E-0004
 2.40988399000670E+0000	 5.28067072007730E-0004
 2.41614009750696E+0000	 8.65808318312804E-0004
 2.42248237556110E+0000	 1.17717338264435E-0003
 2.42890494138592E+0000	 1.43559999170955E-0003
 2.43539164746137E+0000	 1.61634002690742E-0003
 2.44191726638198E+0000	 1.70135569432253E-0003
 2.44845136537288E+0000	 1.68295951037582E-0003
 2.45496341641405E+0000	 1.56473163842229E-0003
 2.46142718926812E+0000	 1.35982005173095E-0003
 2.46782338754927E+0000	 1.08787196662829E-0003
 2.47414060255013E+0000	 7.71769178508350E-0004
 2.48037505346508E+0000	 4.34742205759838E-0004
 2.48652949865353E+0000	 9.80895354475990E-0005
 2.49261163525954E+0000	-2.20363217531665E-0004
 2.49863232283345E+0000	-5.07023613849791E-0004
 2.50460393354347E+0000	-7.52614845738064E-0004
 2.51053901582692E+0000	-9.51780437244340E-0004
 2.51644933044434E+0000	-1.10241851086237E-0003
 2.52234523563988E+0000	-1.20490274994647E-0003
 2.52823536833539E+0000	-1.26128737721451E-0003
 2.53412657171195E+0000	-1.27454999338612E-0003
 2.54002403671180E+0000	-1.24790519998743E-0003
 2.54593164219849E+0000	-1.18422270581281E-0003
 2.55185248304259E+0000	-1.08560206640705E-0003
 2.55778955534151E+0000	-9.53180292752530E-0004
 2.56374652156058E+0000	-7.87256790229677E-0004
 2.56972842247482E+0000	-5.87793137122252E-0004
 2.57574216525722E+0000	-3.55283217101097E-0004
 2.58179661409132E+0000	-9.19136411467081E-0005
 2.58790213204857E+0000	 1.97134527272218E-0004
 2.59406945298421E+0000	 5.02461414889673E-0004
 2.60030781407260E+0000	 8.09622510124231E-0004
 2.60662242783979E+0000	 1.09916399254641E-0003
 2.61301171560536E+0000	 1.34805686963232E-0003
 2.61946522616202E+0000	 1.53281970652510E-0003
 2.62596344053767E+0000	 1.63384240874039E-0003
 2.63248012340494E+0000	 1.63944988916941E-0003
 2.63898654092890E+0000	 1.54803956191594E-0003
 2.64545584699576E+0000	 1.36768856009701E-0003
 2.65186624657175E+0000	 1.11399569781686E-0003
 2.65820263423056E+0000	 8.07329903425388E-0004
 2.66445706876168E+0000	 4.70172483456050E-0004
 2.67062842435223E+0000	 1.24771054037275E-0004
 2.67672139882058E+0000	-2.08763060464582E-0004
 2.68274508372114E+0000	-5.13754332025050E-0004
 2.68871138838706E+0000	-7.77591761022020E-0004
 2.69463359222309E+0000	-9.91778570897727E-0004
 2.70052518245298E+0000	-1.15159200854386E-0003
 2.70639900890850E+0000	-1.25554186586550E-0003
 2.71226671096488E+0000	-1.30475856912396E-0003
 2.71813834966067E+0000	-1.30237420198987E-0003
 2.72402219400369E+0000	-1.25290838227144E-0003
 2.72992464814320E+0000	-1.16164643422234E-0003
 2.73585034976037E+0000	-1.03400728837222E-0003
 2.74180249671330E+0000	-8.74945833373195E-0004
 2.74778343955140E+0000	-6.88504218077121E-0004
 2.75379549625306E+0000	-4.77678016909795E-0004
 2.75984182555468E+0000	-2.44746564449546E-0004
 2.76592709712353E+0000	 7.88596846800936E-0006
 2.77205767555955E+0000	 2.76444853934757E-0004
 2.77824109585297E+0000	 5.54384341777587E-0004
 2.78448471866359E+0000	 8.31192786239532E-0004
 2.79079361068746E+0000	 1.09185740029389E-0003
 2.79716795790650E+0000	 1.31750160904523E-0003
 2.80360072737746E+0000	 1.48758385963398E-0003
 2.81007665983526E+0000	 1.58351094273840E-0003
 2.81657350416565E+0000	 1.59261877685668E-0003
 2.82306537699101E+0000	 1.51089740042380E-0003
 2.82952688755520E+0000	 1.34339557490088E-0003
 2.83593642488759E+0000	 1.10262220292969E-0003
 2.84227793979307E+0000	 8.06130367287572E-0004
 2.84854154155108E+0000	 4.74208931772470E-0004
 2.85472343716279E+0000	 1.27925158282356E-0004
 2.86082544819945E+0000	-2.12547210627599E-0004
 2.86685414350768E+0000	-5.29297462426037E-0004
 2.87281967873418E+0000	-8.07625140391024E-0004
 2.87873453994909E+0000	-1.03649928411043E-0003
 2.88461239273468E+0000	-1.20859228862490E-0003
 2.89046715142600E+0000	-1.32003256902274E-0003
 2.89631228335765E+0000	-1.37002223550885E-0003
 2.90216029882854E+0000	-1.36041816650080E-0003
 2.90802235749312E+0000	-1.29531318245359E-0003
 2.91390793861770E+0000	-1.18059986683108E-0003
 2.91982456859149E+0000	-1.02346690768755E-0003
 2.92577766356608E+0000	-8.31783470302120E-0004
 2.93177060132233E+0000	-6.13387622210773E-0004
 2.93780513714225E+0000	-3.75404947304852E-0004
 2.94388218062559E+0000	-1.23831350154951E-0004
 2.95000276619907E+0000	 1.36368583121977E-0004
 2.95616887147697E+0000	 4.00527960714550E-0004
 2.96238367976475E+0000	 6.63031599022474E-0004
 2.96865098851202E+0000	 9.15922910057925E-0004
 2.97497368935528E+0000	 1.14788545773315E-0003
 2.98135154163136E+0000	 1.34417112650420E-0003
 2.98777883222208E+0000	 1.48794720084634E-0003
 2.99424288979183E+0000	 1.56313888865652E-0003
 3.00072447018994E+0000	 1.55807172154548E-0003
 3.00720032817143E+0000	 1.46846193272284E-0003
 3.01364703601003E+0000	 1.29839135651388E-0003
 3.02004438488832E+0000	 1.05907974002147E-0003
 3.02637726799709E+0000	 7.66503329832951E-0004
 3.03263612400539E+0000	 4.39089153011210E-0004
 3.03881664836853E+0000	 9.60143531599123E-0005
 3.04491930956507E+0000	-2.44007899498944E-0004
 3.05094879463388E+0000	-5.63706783457518E-0004
 3.05691331913704E+0000	-8.48071245852648E-0004
 3.06282379043915E+0000	-1.08493956433174E-0003
 3.06869291643151E+0000	-1.26530262402685E-0003
 3.07453437914284E+0000	-1.38334557729818E-0003
 3.08036214640690E+0000	-1.43631520609243E-0003
 3.08618992748059E+0000	-1.42430982709571E-0003
 3.09203072798302E+0000	-1.35005768563293E-0003
 3.09789643853222E+0000	-1.21869967368283E-0003
 3.10379740282055E+0000	-1.03753811579701E-0003
 3.10974195778440E+0000	-8.15670428426741E-0004
 3.11573601916852E+0000	-5.63419980905057E-0004
 3.12178287442819E+0000	-2.91539710452705E-0004
 3.12788337715323E+0000	-1.03090703765637E-0005
 3.13403663482239E+0000	 2.71184426162936E-0004
 3.14024103377393E+0000	 5.45223681417719E-0004
 3.14649517604649E+0000	 8.04902998219653E-0004
 3.15279820748225E+0000	 1.04297930798032E-0003
 3.15914919065649E+0000	 1.25062876029140E-0003
 3.16554554572677E+0000	 1.41677713645212E-0003
 3.17198101644742E+0000	 1.52860788636735E-0003
 3.17844401457712E+0000	 1.57351790116841E-0003
 3.18491736382364E+0000	 1.54214294044797E-0003
 3.19138005803700E+0000	 1.43129315994543E-0003
 3.19781058038518E+0000	 1.24536184212137E-0003
 3.20419032347492E+0000	 9.95546147768904E-0004
 3.21050570308614E+0000	 6.97542875969454E-0004
 3.21674861360542E+0000	 3.69043064391439E-0004
 3.22291584427214E+0000	 2.79287739880986E-0005
 3.22900824778264E+0000	-3.08727266702596E-0004
 3.23503006576008E+0000	-6.25202618173802E-0004
 3.24098842025694E+0000	-9.07526853939963E-0004
 3.24689283864479E+0000	-1.14385564053097E-0003
 3.25275473179089E+0000	-1.32478345090986E-0003
 3.25858683771203E+0000	-1.44354051484629E-0003
 3.26440268472005E+0000	-1.49606630852234E-0003
 3.27021611362819E+0000	-1.48099817412265E-0003
 3.27604085826528E+0000	-1.39962897944825E-0003
 3.28189014448274E+0000	-1.25587125173675E-0003
 3.28777624531494E+0000	-1.05622517569925E-0003
 3.29370993547212E+0000	-8.09692866591363E-0004
 3.29969983594117E+0000	-5.27526606621273E-0004
 3.30575173767958E+0000	-2.22678219727424E-0004
 3.31186811813610E+0000	 9.11170366549375E-0005
 3.31804813040843E+0000	 4.00503388787352E-0004
 3.32428823159904E+0000	 6.93555372321138E-0004
 3.33058329137734E+0000	 9.60252273730483E-0004
 3.33692766128666E+0000	 1.19212042906318E-0003
 3.34331558717297E+0000	 1.38125392528375E-0003
 3.34974064116250E+0000	 1.51934649814878E-0003
 3.35619437305262E+0000	 1.59747211264773E-0003
 3.36266486843996E+0000	 1.60708637744086E-0003
 3.36913615204939E+0000	 1.54216120309493E-0003
 3.37558918590994E+0000	 1.40165594489111E-0003
 3.38200443945314E+0000	 1.19106636738443E-0003
 3.38836500259202E+0000	 9.22128276938736E-0004
 3.39465884105063E+0000	 6.10846269250701E-0004
 3.40087946083703E+0000	 2.74948059110765E-0004
 3.40702527893478E+0000	-6.81393230192160E-0005
 3.41309849927231E+0000	-4.02377733454702E-0004
 3.41910412442511E+0000	-7.13479502446238E-0004
 3.42504931689730E+0000	-9.88951383620325E-0004
 3.43094302975207E+0000	-1.21811400181690E-0003
 3.43679574573372E+0000	-1.39219771434331E-0003
 3.44261921512538E+0000	-1.50449295350983E-0003
 3.44842615948125E+0000	-1.55050352779255E-0003
 3.45422995254683E+0000	-1.52807560328616E-0003
 3.46004429244711E+0000	-1.43750813644155E-0003
 3.46588285595387E+0000	-1.28166664043995E-0003
 3.47175889467285E+0000	-1.06611276732601E-0003
 3.47768471025765E+0000	-7.99225924617538E-0004
 3.48367094998673E+0000	-4.92232833107090E-0004
 3.48972572036128E+0000	-1.58992951469116E-0004
 3.49585364305795E+0000	 1.84641246756061E-0004
 3.50205514501479E+0000	 5.21983086739267E-0004
 3.50832636106797E+0000	 8.37032298520526E-0004
 3.51465986242043E+0000	 1.11588305695559E-0003
 3.52104598258246E+0000	 1.34744016336197E-0003
 3.52747408460227E+0000	 1.52319308556817E-0003
 3.53393310499970E+0000	 1.63639645372615E-0003
 3.54041118777887E+0000	 1.68140497830565E-0003
 3.54689483151453E+0000	 1.65381816674467E-0003
 3.55336833342309E+0000	 1.55160671062692E-0003
 3.55981426609366E+0000	 1.37677460279410E-0003
 3.56621522544295E+0000	 1.13663283636778E-0003
 3.57255629347596E+0000	 8.43787450606218E-0004
 3.57882711534679E+0000	 5.14645538530707E-0004
 3.58502272947224E+0000	 1.67129998159780E-0004
 3.59114310088373E+0000	-1.81391176670154E-0004
 3.59719195002311E+0000	-5.15351231214564E-0004
 3.60317554754382E+0000	-8.21395139725866E-0004
 3.60910185101271E+0000	-1.08828611380517E-0003
 3.61498003682006E+0000	-1.30666441518497E-0003
 3.62082030364146E+0000	-1.46887721494645E-0003
 3.62663379180731E+0000	-1.56894978761479E-0003
 3.63243250790259E+0000	-1.60267838243884E-0003
 3.63822920238525E+0000	-1.56779828319206E-0003
 3.64403718528008E+0000	-1.46419195473601E-0003
 3.64987007287942E+0000	-1.29412346833229E-0003
 3.65574144358191E+0000	-1.06249638085251E-0003
 3.66166435589020E+0000	-7.77120764744695E-0004
 3.66765066299547E+0000	-4.48933573343508E-0004
 3.67371007280329E+0000	-9.20448583021846E-0005
 3.67984898633530E+0000	 2.76595883181679E-0004
 3.68606932255453E+0000	 6.38133680276291E-0004
 3.69236774568750E+0000	 9.73408046080011E-0004
 3.69873576390786E+0000	 1.26492393659947E-0003
 3.70516085763113E+0000	 1.49852991694443E-0003
 3.71162820198306E+0000	 1.66415507656250E-0003
 3.71812216064210E+0000	 1.75551026674912E-0003
 3.72462696783044E+0000	 1.76932700392774E-0003
 3.73112667839201E+0000	 1.70489533522169E-0003
 3.73760497169174E+0000	 1.56428745721080E-0003
 3.74404544718928E+0000	 1.35309557624187E-0003
 3.75043272631186E+0000	 1.08110034176693E-0003
 3.75675414048438E+0000	 7.62198468624992E-0004
 3.76300131138869E+0000	 4.13276414086480E-0004
 3.76917090306087E+0000	 5.23514071452469E-0005
 3.77526431037599E+0000	-3.03293227429157E-0004
 3.78128661337432E+0000	-6.38375803389572E-0004
 3.78724534828820E+0000	-9.40118845867042E-0004
 3.79314951045184E+0000	-1.19817647240400E-0003
 3.79900894600302E+0000	-1.40429698378648E-0003
 3.80483409226166E+0000	-1.55197625251570E-0003
 3.81063593940378E+0000	-1.63624312170282E-0003
 3.81642608087936E+0000	-1.65361813242276E-0003
 3.82221675383058E+0000	-1.60222753798363E-0003
 3.82802080997908E+0000	-1.48203347087747E-0003
 3.83385158299633E+0000	-1.29514367276424E-0003
 3.83972262403407E+0000	-1.04617288346158E-0003
 3.84564726598164E+0000	-7.42627027266123E-0004
 3.85163795962505E+0000	-3.95257447564815E-0004
 3.85770532192780E+0000	-1.82761075696139E-0005
 3.86385688439352E+0000	 3.70761297785025E-0004
 3.87009567125314E+0000	 7.51663934359126E-0004
 3.87641897274886E+0000	 1.10310812894662E-0003
 3.88281787476364E+0000	 1.40483791110698E-0003
 3.88927799187071E+0000	 1.63999043507961E-0003
 3.89578128627469E+0000	 1.79669603201309E-0003
 3.90230819908267E+0000	 1.86844279902989E-0003
 3.90883922805024E+0000	 1.85348177800138E-0003
 3.91535568199347E+0000	 1.75403737316184E-0003
 3.92183999179940E+0000	 1.57587316503721E-0003
 3.92827610938468E+0000	 1.32822347447232E-0003
 3.93465026766330E+0000	 1.02374614923060E-0003
 3.94095202064183E+0000	 6.78095828662763E-0004
 3.94717519631947E+0000	 3.08899180938831E-0004
 3.95331831812385E+0000	-6.57350067800036E-0005
 3.95938427942836E+0000	-4.28737100995527E-0004
 3.96537942597128E+0000	-7.65184425212784E-0004
 3.97131242324429E+0000	-1.06280002059231E-0003
 3.97719325851342E+0000	-1.31192395170147E-0003
 3.98303256170259E+0000	-1.50518038507273E-0003
 3.98884126693451E+0000	-1.63706629015336E-0003
 3.99463053932262E+0000	-1.70362105657305E-0003
 4.00041185679903E+0000	-1.70225939272060E-0003
 4.00619714042925E+0000	-1.63178975111103E-0003
 4.01199884678815E+0000	-1.49260351595417E-0003
 4.01782995700053E+0000	-1.28700267474529E-0003
 4.02370380957526E+0000	-1.01962693970410E-0003
 4.02963372518612E+0000	-6.97933619392478E-0004
 4.03563236549938E+0000	-3.32662267989515E-0004
 4.04171076928456E+0000	 6.18299922688838E-0005
 4.04787704612137E+0000	 4.67550106024913E-0004
 4.05413482352104E+0000	 8.63429848451028E-0004
 4.06048176201806E+0000	 1.22671886818693E-0003
 4.06690869798925E+0000	 1.53524015981224E-0003
 4.07340000089384E+0000	 1.77006698552540E-0003
 4.07993528787809E+0000	 1.91774169752727E-0003
 4.08649188886092E+0000	 1.97125752232943E-0003
 4.09304707852848E+0000	 1.92976680110385E-0003
 4.09957951838541E+0000	 1.79768527989864E-0003
 4.10607008528353E+0000	 1.58384576962551E-0003
 4.11250252933509E+0000	 1.30083290433638E-0003
 4.11886415991771E+0000	 9.64283735134953E-0004
 4.12514647349517E+0000	 5.91964671461040E-0004
 4.13134553256239E+0000	 2.02596678158854E-0004
 4.13746192258295E+0000	-1.85447531615828E-0004
 4.14350022458892E+0000	-5.55337067188373E-0004
 4.14946811613310E+0000	-8.92624411296249E-0004
 4.15537534081568E+0000	-1.18561757977078E-0003
 4.16123278745848E+0000	-1.42533097464005E-0003
 4.16705182631810E+0000	-1.60516745228263E-0003
 4.17284394028454E+0000	-1.72050328607448E-0003
 4.17862061214137E+0000	-1.76831416526935E-0003
 4.18439339092427E+0000	-1.74693182488695E-0003
 4.19017404866733E+0000	-1.65597726896409E-0003
 4.19597474037752E+0000	-1.49648309267757E-0003
 4.20180808624159E+0000	-1.27119302340998E-0003
 4.20768710027200E+0000	-9.85007674849388E-0004
 4.21362489118822E+0000	-6.45525126885915E-0004
 4.21963406192268E+0000	-2.63594381074293E-0004
 4.22572574507425E+0000	 1.46249418324365E-0004
 4.23190825599932E+0000	 5.65667689056807E-0004
 4.23818545652043E+0000	 9.72985207886548E-0004
 4.24455512343066E+0000	 1.34450517164744E-0003
 4.25100785712282E+0000	 1.65675449571603E-0003
 4.25752715181476E+0000	 1.88931778211125E-0003
 4.26409092116110E+0000	 2.02744174912189E-0003
 4.27067406298854E+0000	 2.06352510810396E-0003
 4.27725111635947E+0000	 1.99720647431173E-0003
 4.28379827925432E+0000	 1.83453740449175E-0003
 4.29029475210944E+0000	 1.58690148915584E-0003
 4.29672373298276E+0000	 1.26990279589705E-0003
 4.30307318467711E+0000	 9.02102486465007E-0004
 4.30933623358665E+0000	 5.03568197783012E-0004
 4.31551108444697E+0000	 9.44035177505296E-0005
 4.32160048879036E+0000	-3.06533338603598E-0004
 4.32761089831542E+0000	-6.82580372713795E-0004
 4.33355146611039E+0000	-1.01982672292796E-0003
 4.33943306265405E+0000	-1.30727888507915E-0003
 4.34526744505235E+0000	-1.53671421116413E-0003
 4.35106666008857E+0000	-1.70234007015735E-0003
 4.35684269913343E+0000	-1.80038209727607E-0003
 4.36260737689134E+0000	-1.82870426259920E-0003
 4.36837238026560E+0000	-1.78653501312601E-0003
 4.37414942128377E+0000	-1.67434799314352E-0003
 4.37995042110173E+0000	-1.49392448414626E-0003
 4.38578764616562E+0000	-1.24860503008511E-0003
 4.39167371124459E+0000	-9.43716005428806E-0004
 4.39762135789208E+0000	-5.87128576221764E-0004
 4.40364291529228E+0000	-1.89866545921412E-0004
 4.40974936529473E+0000	 2.33379200070979E-0004
 4.41594898653317E+0000	 6.64045003312875E-0004
 4.42224567071580E+0000	 1.08007511915794E-0003
 4.42863719924776E+0000	 1.45715819220533E-0003
 4.43511399272284E+0000	 1.77092153061329E-0003
 4.44165894360066E+0000	 1.99980958265821E-0003
 4.44824869910629E+0000	 2.12792439800918E-0003
 4.45485615700124E+0000	 2.14695124490781E-0003
 4.46145337834683E+0000	 2.05670757728415E-0003
 4.46801413611365E+0000	 1.86454800737608E-0003
 4.47451584263415E+0000	 1.58416190495798E-0003
 4.48094096676435E+0000	 1.23404487625991E-0003
 4.48727794055217E+0000	 8.35667482426041E-0004
 4.49352138164255E+0000	 4.11482491279779E-0004
 4.49967159124438E+0000	-1.68851639751934E-0005
 4.50573354442840E+0000	-4.29968720376714E-0004
 4.51171568387790E+0000	-8.11226299409110E-0004
 4.51762875679201E+0000	-1.14732264072862E-0003
 4.52348482763640E+0000	-1.42805911742249E-0003
 4.52929652310897E+0000	-1.64608199197700E-0003
 4.53507651958899E+0000	-1.79647981559970E-0003
 4.54083725503966E+0000	-1.87635925606859E-0003
 4.54659083075008E+0000	-1.88446777673331E-0003
 4.55234905955834E+0000	-1.82091425104038E-0003
 4.55812361143113E+0000	-1.68702603989288E-0003
 4.56392619989361E+0000	-1.48537140447445E-0003
 4.56976874150144E+0000	-1.21996507193775E-0003
 4.57566340592122E+0000	-8.96657260256862E-0004
 4.58162245942643E+0000	-5.23677456628263E-0004
 4.58765779642237E+0000	-1.12258590971904E-0004
 4.59378006533128E+0000	 3.22798362409058E-0004
 4.59999734890650E+0000	 7.62838723296106E-0004
 4.60631347896443E+0000	 1.18563174902067E-0003
 4.61272625567785E+0000	 1.56648887563929E-0003
 4.61922605204711E+0000	 1.88034874971499E-0003
 4.62579538814503E+0000	 2.10462924077488E-0003
 4.63240989569386E+0000	 2.22224623409206E-0003
 4.63904062579589E+0000	 2.22398696666467E-0003
 4.64565713502544E+0000	 2.10963522012603E-0003
 4.65223061039055E+0000	 1.88775604154589E-0003
 4.65873652816126E+0000	 1.57441917228184E-0003
 4.66515660416972E+0000	 1.19116516292014E-0003
 4.67147982994649E+0000	 7.62487594854535E-0004
 4.67770243990753E+0000	 3.13253458321944E-0004
 4.68382693658475E+0000	-1.33420861439255E-0004
 4.68986059488609E+0000	-5.57514323496965E-0004
 4.69581390576919E+0000	-9.42672564715418E-0004
 4.70169924887062E+0000	-1.27621840876123E-0003
 4.70752989252409E+0000	-1.54884205389552E-0003
 4.71331930795147E+0000	-1.75414999047332E-0003
 4.71908074561571E+0000	-1.88818312156568E-0003
 4.72482701890537E+0000	-1.94896825718311E-0003
 4.73057044794409E+0000	-1.93614231703096E-0003
 4.73632292319989E+0000	-1.85067756717619E-0003
 4.74209605053859E+0000	-1.69473269872195E-0003
 4.74790133455921E+0000	-1.47165356263183E-0003
 4.75375034488275E+0000	-1.18614387621833E-0003
 4.75965479188106E+0000	-8.44614636636814E-0004
 4.76562641822766E+0000	-4.55695601468551E-0004
 4.77167659851322E+0000	-3.08479080756533E-0005
 4.77781554469666E+0000	 4.15048777533712E-0004
 4.78405106128061E+0000	 8.63341774701130E-0004
 4.79038690279285E+0000	 1.29175998369308E-0003
 4.79682096023531E+0000	 1.67536081388899E-0003
 4.80334370057796E+0000	 1.98843886464196E-0003
 4.80993741113318E+0000	 2.20730721238103E-0003
 4.81657674578514E+0000	 2.31351299525265E-0003
 4.82323077142451E+0000	 2.29675872612060E-0003
 4.82986625123564E+0000	 2.15675310245232E-0003
 4.83645149616580E+0000	 1.90347478355830E-0003
 4.84295995135975E+0000	 1.55576579181234E-0003
 4.84937276621138E+0000	 1.13859448899309E-0003
 4.85567986462338E+0000	 6.79663088569568E-0004
 4.86187947261789E+0000	 2.06196713546550E-0004
 4.86797654113278E+0000	-2.57406317067644E-0004
 4.87398074253671E+0000	-6.90815862854797E-0004
 4.87990460873607E+0000	-1.07807415707558E-0003
 4.88576209112581E+0000	-1.40731667603121E-0003
 4.89156757909611E+0000	-1.67023029205896E-0003
 4.89733529618500E+0000	-1.86145324614047E-0003
 4.90307897080110E+0000	-1.97801872945639E-0003
 4.90881169774451E+0000	-2.01888300938454E-0003
 4.91454593279268E+0000	-1.98455288833402E-0003
 4.92029358131586E+0000	-1.87682134323871E-0003
 4.92606614995264E+0000	-1.69862331733310E-0003
 4.93187492812058E+0000	-1.45402869628757E-0003
 4.93773115468269E+0000	-1.14839125410180E-0003
 4.94364610640646E+0000	-7.88665684502614E-0004
 4.94963102300367E+0000	-3.83884342323717E-0004
 4.95569676608188E+0000	 5.42537796691379E-0005
 4.96185310854566E+0000	 5.10789034251429E-0004
 4.96810758414452E+0000	 9.67084423501860E-0004
 4.97446391197947E+0000	 1.40084001574480E-0003
 4.98092015389511E+0000	 1.78682395730888E-0003
 4.98746694444778E+0000	 2.09855547145313E-0003
 4.99408631016410E+0000	 2.31101111840504E-0003
 5.00075170002107E+0000	 2.40412551436551E-0003
 5.00742976220121E+0000	 2.36643426027600E-0003
 5.01408397381540E+0000	 2.19781068104070E-0003
 5.02067947984904E+0000	 1.91021099635172E-0003
 5.02718780730932E+0000	 1.52592548772137E-0003
 5.03359003331774E+0000	 1.07383555616718E-0003
 5.03987766149833E+0000	 5.84962558091370E-0004
 5.04605144972758E+0000	 8.86572156916650E-0005
 5.05211909273434E+0000	-3.89806161949206E-0004
 5.05809271826609E+0000	-8.30197154690394E-0004
 5.06398680252166E+0000	-1.21727165169910E-0003
 5.06981670300891E+0000	-1.54018298347209E-0003
 5.07559775072977E+0000	-1.79172682484844E-0003
 5.08134475343319E+0000	-1.96761868429610E-0003
 5.08707176877152E+0000	-2.06588268526928E-0003
 5.09279204628771E+0000	-2.08636772290593E-0003
 5.09851807596474E+0000	-2.03038498668944E-0003
 5.10426170682847E+0000	-1.90046042572088E-0003
 5.11003431056869E+0000	-1.70020398029376E-0003
 5.11584696436030E+0000	-1.43430650516402E-0003
 5.12171061652291E+0000	-1.10868026678317E-0003
 5.12763618099550E+0000	-7.30755577226636E-0004
 5.13363448553578E+0000	-3.09930407540110E-0004
 5.13971598007874E+0000	 1.41861976831455E-0004
 5.14589010475164E+0000	 6.09551933964678E-0004
 5.15216423320016E+0000	 1.07444875740966E-0003
 5.15854215890124E+0000	 1.51409537210256E-0003
 5.16502219294545E+0000	 1.90275276027295E-0003
 5.17159510872956E+0000	 2.21284379973401E-0003
 5.17824242734868E+0000	 2.41764220366675E-0003
 5.18493586539991E+0000	 2.49522833219284E-0003
 5.19163893492495E+0000	 2.43308963657151E-0003
 5.19831122103195E+0000	 2.23187274026483E-0003
 5.20491456710721E+0000	 1.90645113290921E-0003
 5.21141904948921E+0000	 1.48342471685357E-0003
 5.21780652680974E+0000	 9.95997913964705E-0004
 5.22407093607396E+0000	 4.78382146468118E-0004
 5.23021613616945E+0000	-3.84352364995485E-0005
 5.23625277866271E+0000	-5.28896075784897E-0004
 5.24219538319926E+0000	-9.73381165118016E-0004
 5.24806015411866E+0000	-1.35771669159573E-0003
 5.25386358677897E+0000	-1.67227816785791E-0003
 5.25962169186844E+0000	-1.91105656808577E-0003
 5.26534963037858E+0000	-2.07084994993178E-0003
 5.27106159532388E+0000	-2.15062406023813E-0003
 5.27677083413129E+0000	-2.15103242213587E-0003
 5.28248975154166E+0000	-2.07407314358139E-0003
 5.28823006097994E+0000	-1.92286535289281E-0003
 5.29400296441945E+0000	-1.70154017001682E-0003
 5.29981934030284E+0000	-1.41525241905980E-0003
 5.30568990949166E+0000	-1.07032578360302E-0003
 5.31162533352847E+0000	-6.74543045022426E-0004
 5.31763618068267E+0000	-2.37582134806569E-0004
 5.32373267669424E+0000	 2.28424127122914E-0004
 5.32992414270989E+0000	 7.08263565340189E-0004
 5.33621801705976E+0000	 1.18306845513051E-0003
 5.34261836850131E+0000	 1.62997982429133E-0003
 5.34912386167221E+0000	 2.02236253766607E-0003
 5.35572529850918E+0000	 2.33103623472220E-0003
 5.36240324455465E+0000	 2.52708223246100E-0003
 5.36912687567606E+0000	 2.58652243519688E-0003
 5.37585563314536E+0000	 2.49616592688027E-0003
 5.38254462298404E+0000	 2.25841885802470E-0003
 5.38915255431548E+0000	 1.89228840526501E-0003
 5.39564893804451E+0000	 1.42953132352825E-0003
 5.40201755103585E+0000	 9.07806871740637E-0004
 5.40825565317057E+0000	 3.64037947542389E-0004
 5.41437062753410E+0000	-1.69893991584545E-0004
 5.42037609226050E+0000	-6.68850831747588E-0004
 5.42628871748128E+0000	-1.11434380085802E-0003
 5.43212609153492E+0000	-1.49358289814420E-0003
 5.43790549411800E+0000	-1.79831114625627E-0003
 5.44364329690021E+0000	-2.02374145303195E-0003
 5.44935474404231E+0000	-2.16770281036269E-0003
 5.45505394250871E+0000	-2.22999920871175E-0003
 5.46075396163290E+0000	-2.21194871564196E-0003
 5.46646698895315E+0000	-2.11606801417019E-0003
 5.47220451595826E+0000	-1.94587906233600E-0003
 5.47797753791387E+0000	-1.70582877997623E-0003
 5.48379675115020E+0000	-1.40132449472102E-0003
 5.48967272296586E+0000	-1.03889478903660E-0003
 5.49561599644277E+0000	-6.26486440750687E-0004
 5.50163707639568E+0000	-1.73903067286912E-0004
 5.50774622302005E+0000	 3.06620935471601E-0004
 5.51395295408497E+0000	 7.99740222011295E-0004
 5.52026512178713E+0000	 1.28628622984151E-0003
 5.52668739316087E+0000	 1.74269243394547E-0003
 5.53321896887764E+0000	 2.14091674526437E-0003
 5.53985055757080E+0000	 2.44951957686491E-0003
 5.54656119959393E+0000	 2.63680136910075E-0003
 5.55331655305978E+0000	 2.67656853971761E-0003
 5.56007099110302E+0000	 2.55553850026563E-0003
 5.56677474203471E+0000	 2.27910125623534E-0003
 5.57338393059730E+0000	 1.87162650149290E-0003
 5.57986869942800E+0000	 1.37057428146221E-0003
 5.58621591117796E+0000	 8.17752300261273E-0004
 5.59242681263521E+0000	 2.51981058009737E-0004
 5.59851241685026E+0000	-2.94838024906512E-0004
 5.60448904441887E+0000	-7.98659774856266E-0004
 5.61037509223630E+0000	-1.24253652539682E-0003
 5.61618908669818E+0000	-1.61525285187040E-0003
 5.62194868810969E+0000	-1.90995659254209E-0003
 5.62767028717949E+0000	-2.12302187983921E-0003
 5.63336893013972E+0000	-2.25318661746216E-0003
 5.63905841065258E+0000	-2.30093071780633E-0003
 5.64475144039960E+0000	-2.26804503952290E-0003
 5.65045985490713E+0000	-2.15734931672302E-0003
 5.65619483392409E+0000	-1.97253290656854E-0003
 5.66196712383127E+0000	-1.71810706716980E-0003
 5.66778724873499E+0000	-1.39946873291624E-0003
 5.67366569088131E+0000	-1.02308299159049E-0003
 5.67961301151133E+0000	-5.96795796486586E-0004
 5.68563986903904E+0000	-1.30291263365141E-0004
 5.69175686737110E+0000	 3.64291454848142E-0004
 5.69797412415676E+0000	 8.71575731662633E-0004
 5.70430037760393E+0000	 1.37203542777433E-0003
 5.71074135987906E+0000	 1.84111513664675E-0003
 5.71729712897323E+0000	 2.24883075552453E-0003
 5.72395828360610E+0000	 2.56077146481558E-0003
 5.73070183397087E+0000	 2.74182550796536E-0003
 5.73748902025355E+0000	 2.76344338308781E-0003
 5.74426834590619E+0000	 2.61287501063629E-0003
 5.75098510194545E+0000	 2.29960352710160E-0003
 5.75759366520433E+0000	 1.85418169934357E-0003
 5.76406598229648E+0000	 1.31974219065535E-0003
 5.77039280673835E+0000	 7.41483156526047E-0004
 5.77657954169543E+0000	 1.59149651484678E-0004
 5.78264051513979E+0000	-3.96123340643366E-0004
 5.78859421798887E+0000	-9.01852901626914E-0004
 5.79446021677488E+0000	-1.34282620469406E-0003
 5.80025748236665E+0000	-1.70940992074236E-0003
 5.80600364796469E+0000	-1.99605371416841E-0003
 5.81171479508043E+0000	-2.20012784283464E-0003
 5.81740550952522E+0000	-2.32107826379804E-0003
 5.82308906272550E+0000	-2.35983693684902E-0003
 5.82877764502267E+0000	-2.31842623029295E-0003
 5.83448261671366E+0000	-2.19971246951976E-0003
 5.84021476100448E+0000	-2.00728119942403E-0003
 5.84598452955563E+0000	-1.74542103997743E-0003
 5.85180227162035E+0000	-1.41921371388992E-0003
 5.85767843477392E+0000	-1.03473673247684E-0003
 5.86362371849799E+0000	-5.99395109075353E-0004
 5.86964914680196E+0000	-1.22411301602111E-0004
 5.87576599283364E+0000	 3.84483805849350E-0004
 5.88198542242572E+0000	 9.06114584028649E-0004
 5.88831761154060E+0000	 1.42268093391709E-0003
 5.89476994759583E+0000	 1.90850516414884E-0003
 5.90134385187386E+0000	 2.33127506561598E-0003
 5.90803006715829E+0000	 2.65302453189087E-0003
 5.91480344527896E+0000	 2.83465861363347E-0003
 5.92162039094321E+0000	 2.84504555225934E-0003
 5.92842326022797E+0000	 2.67224539232858E-0003
 5.93515271099429E+0000	 2.33026208952940E-0003
 5.94176214364427E+0000	 1.85578229689890E-0003
 5.94822593506302E+0000	 1.29688614319539E-0003
 5.95453877294345E+0000	 7.01144825678786E-0004
 5.96070972854267E+0000	 1.08389434627541E-0004
 5.96675571697152E+0000	-4.51472620976281E-0004
 5.97269667472160E+0000	-9.57644913898165E-0004
 5.97855272694604E+0000	-1.39655674483870E-0003
 5.98434281052148E+0000	-1.75995050259631E-0003
 5.99008416617482E+0000	-2.04332082883050E-0003
 5.99579228755844E+0000	-2.24475821484941E-0003
 6.00148108655079E+0000	-2.36413492329792E-0003
 6.00716314894125E+0000	-2.40255202578718E-0003
 6.01285002007399E+0000	-2.36198033496252E-0003
 6.01855249342580E+0000	-2.24504840263100E-0003
 6.02428089058703E+0000	-2.05494846157700E-0003
 6.03004532780050E+0000	-1.79544484714861E-0003
 6.03585596690985E+0000	-1.47098104660019E-0003
 6.04172324829238E+0000	-1.08689442396384E-0003
 6.04765809716578E+0000	-6.49765037773575E-0004
 6.05367207507178E+0000	-1.67947853773692E-0004
 6.05977740259068E+0000	 3.47638615068027E-0004
 6.06598668981489E+0000	 8.82387239286865E-0004
 6.07231206195404E+0000	 1.41651527042699E-0003
 6.07876317318256E+0000	 1.92339898412629E-0003
 6.08534349144283E+0000	 2.36842171315100E-0003
 6.09204460989006E+0000	 2.70990230441900E-0003
 6.09883988430678E+0000	 2.90442275680216E-0003
 6.10568147366767E+0000	 2.91779892711490E-0003
 6.11250615621310E+0000	 2.73829745902868E-0003
 6.11925047819852E+0000	 2.38355534186002E-0003
 6.12586705346901E+0000	 1.89514978110666E-0003
 6.13233226669963E+0000	 1.32479322464245E-0003
 6.13864378493034E+0000	 7.21465609408603E-0004
 6.14481320145429E+0000	 1.24656188022653E-0004
 6.15085897575666E+0000	-4.36935335187967E-0004
 6.15680167365392E+0000	-9.43916453334429E-0004
 6.16266138823229E+0000	-1.38396461251148E-0003
 6.16845660886101E+0000	-1.74977899683512E-0003
 6.17420389667631E+0000	-2.03749322556306E-0003
 6.17991795864758E+0000	-2.24553699334184E-0003
 6.18561189677016E+0000	-2.37385454585885E-0003
 6.19129752072991E+0000	-2.42338720727395E-0003
 6.19698567224377E+0000	-2.39574830760008E-0003
 6.20268653934890E+0000	-2.29304070790510E-0003
 6.20840995412949E+0000	-2.11778468731566E-0003
 6.21416567590791E+0000	-1.87293852043528E-0003
 6.21996366681218E+0000	-1.56200893886108E-0003
 6.22581436687881E+0000	-1.18926714890320E-0003
 6.23172896694437E+0000	-7.60110214991956E-0004
 6.23771965130638E+0000	-2.81636761932047E-0004
 6.24379972568313E+0000	 2.36466067542650E-0004
 6.24998344118257E+0000	 7.80619230996322E-0004
 6.25628515272391E+0000	 1.33158537924814E-0003
 6.26271721919832E+0000	 1.86242216041953E-0003
 6.26928589618235E+0000	 2.33691476753348E-0003
 6.27598485261162E+0000	 2.71028787388791E-0003
