-1.43631137271552E-0003	-2.18581029332337E-0003
 4.29323627173526E-0003	-1.88580841872128E-0003
 1.00808693421710E-0002	-1.50762765648483E-0003
 1.59424904478307E-0002	-1.06024705616757E-0003
 2.18936145441861E-0002	-5.56276169945127E-0004
 2.79484161150978E-0002	-1.25498775607188E-0005
 3.41183107472408E-0002	 5.49542292602993E-0004
 4.04101325436527E-0002	 1.10429765067472E-0003
 4.68241888199091E-0002	 1.62281906230543E-0003
 5.33527081954362E-0002	 2.07513024939625E-0003
 5.99792565773625E-0002	 2.43302761629836E-0003
 6.66794185388339E-0002	 2.67305142957191E-0003
 7.34225629474158E-0002	 2.77894642306952E-0003
 8.01742547283945E-0002	 2.74334309179918E-0003
 8.68990540214687E-0002	 2.56868950377741E-0003
 9.35636741058303E-0002	 2.26732386945722E-0003
 1.00140241002775E-0001	 1.86030266179861E-0003
 1.06608895655972E-0001	 1.37481742324451E-0003
 1.12958921355584E-0001	 8.40737556417229E-0004
 1.19188190575072E-0001	 2.87295267969180E-0004
 1.25301447044318E-0001	-2.59266930354995E-0004
 1.31308209870761E-0001	-7.76850620762075E-0004
 1.37220900178817E-0001	-1.24769420515805E-0003
 1.43053456454594E-0001	-1.65800274891965E-0003
 1.48820453318806E-0001	-1.99735744023317E-0003
 1.54536621568581E-0001	-2.25812128969256E-0003
 1.60216643708297E-0001	-2.43494887018645E-0003
 1.65875117202146E-0001	-2.52443960007571E-0003
 1.71526604844315E-0001	-2.52493989075232E-0003
 1.77185713607238E-0001	-2.43648625826795E-0003
 1.82867155944069E-0001	-2.26087811127113E-0003
 1.88585751091980E-0001	-2.00186743832112E-0003
 1.94356320795156E-0001	-1.66544712225161E-0003
 2.00193428394072E-0001	-1.26020529049686E-0003
 2.06110909983524E-0001	-7.97686816093363E-0004
 2.12121162972695E-0001	-2.92666472128673E-0004
 2.18234203902924E-0001	 2.36796396825436E-0004
 2.24456587326623E-0001	 7.69656938535594E-0004
 2.30790365645088E-0001	 1.28261367203138E-0003
 2.37232300915109E-0001	 1.75121216998890E-0003
 2.43773443578750E-0001	 2.15113412284314E-0003
 2.50398991307336E-0001	 2.45948717215775E-0003
 2.57088222854373E-0001	 2.65614260472829E-0003
 2.63814516757426E-0001	 2.72546330495883E-0003
 2.70545997162117E-0001	 2.65869983680237E-0003
 2.77247673371689E-0001	 2.45662930122558E-0003
 2.83885375274661E-0001	 2.13111900477447E-0003
 2.90430457899373E-0001	 1.70427554367872E-0003
 2.96863392467905E-0001	 1.20509745801204E-0003
 3.03174948601337E-0001	 6.65006298977191E-0004
 3.09365094848753E-0001	 1.13962242981088E-0004
 3.15440691129923E-0001	-4.21913941053999E-0004
 3.21413056988364E-0001	-9.21236530765953E-0004
 3.27296018965969E-0001	-1.36726617149109E-0003
 3.33104586551482E-0001	-1.74735665702544E-0003
 3.38854165576008E-0001	-2.05228950046875E-0003
 3.44560149601828E-0001	-2.27567801211605E-0003
 3.50237744522847E-0001	-2.41351043369962E-0003
 3.55901918789187E-0001	-2.46384401515353E-0003
 3.61567404722591E-0001	-2.42663800214906E-0003
 3.67248698284087E-0001	-2.30370548814931E-0003
 3.72960016697347E-0001	-2.09876062031541E-0003
 3.78715179750638E-0001	-1.81753244662906E-0003
 3.84527386847854E-0001	-1.46790707006518E-0003
 3.90408874154524E-0001	-1.06004664924291E-0003
 3.96370460081955E-0001	-6.06423023239832E-0004
 4.02421023756425E-0001	-1.21707286239674E-0004
 4.08566998995680E-0001	 3.77510481109208E-0004
 4.14811976964124E-0001	 8.73128980027791E-0004
 4.21156455381916E-0001	 1.34594941576969E-0003
 4.27597635149359E-0001	 1.77595146195330E-0003
 4.34129003185281E-0001	 2.14241103305374E-0003
 4.40739405707257E-0001	 2.42413912747993E-0003
 4.47411599441857E-0001	 2.60046665480959E-0003
 4.54120922341982E-0001	 2.65364887322822E-0003
 4.60835406790658E-0001	 2.57271326952761E-0003
 4.67518572482289E-0001	 2.35748052959140E-0003
 4.74134739642289E-0001	 2.02055995136779E-0003
 4.80654841408977E-0001	 1.58583550529354E-0003
 4.87060222003154E-0001	 1.08405230275203E-0003
 4.93343319263479E-0001	 5.47651004342292E-0004
 4.99505940201239E-0001	 6.77023509845374E-0006
 5.05556572643932E-0001	-5.12906974071306E-0004
 5.11507844094478E-0001	-9.90782059059381E-0004
 5.17374603782093E-0001	-1.41108173064459E-0003
 5.23172662214461E-0001	-1.76223660774398E-0003
 5.28918042235347E-0001	-2.03620754477519E-0003
 5.34626571057776E-0001	-2.22790134531371E-0003
 5.40313675397526E-0001	-2.33472147393558E-0003
 5.45994281639762E-0001	-2.35625391759730E-0003
 5.51682753813995E-0001	-2.29406926578988E-0003
 5.57392823167600E-0001	-2.15161361783147E-0003
 5.63137478441190E-0001	-1.93415517801683E-0003
 5.68928800622836E-0001	-1.64874794211612E-0003
 5.74777744307368E-0001	-1.30417054280824E-0003
 5.80693891500070E-0001	-9.10802776150548E-0004
 5.86685228726317E-0001	-4.80422742434661E-0004
 5.92758011516744E-0001	-2.59498999964689E-0005
 5.98916759997113E-0001	 4.38781703407113E-0004
 6.05164354985199E-0001	 8.99086974275547E-0004
 6.11502077178956E-0001	 1.33920753512117E-0003
 6.17929297837810E-0001	 1.74180401926458E-0003
 6.24442483590534E-0001	 2.08741950131457E-0003
 6.31033350651653E-0001	 2.35450374256345E-0003
 6.37686502904119E-0001	 2.52080865640080E-0003
 6.44377646029559E-0001	 2.56672763041271E-0003
 6.51073998299084E-0001	 2.48015111169707E-0003
 6.57737979106738E-0001	 2.26097207052704E-0003
 6.64333406618949E-0001	 1.92278094923171E-0003
 6.70831624828275E-0001	 1.49061452741887E-0003
 6.77215036200195E-0001	 9.95962382568844E-0004
 6.83477343455266E-0001	 4.71445524376334E-0004
 6.89621538634346E-0001	-5.30566655983949E-0005
 6.95657128584103E-0001	-5.52394973137461E-0004
 7.01597603501959E-0001	-1.00668697611438E-0003
 7.07458532807300E-0001	-1.40103169807343E-0003
 7.13256291252323E-0001	-1.72488563275557E-0003
 7.19007274778966E-0001	-1.97138074859772E-0003
 7.24727448841398E-0001	-2.13671658232392E-0003
 7.30432099500612E-0001	-2.21967210894491E-0003
 7.36135692023592E-0001	-2.22123809029680E-0003
 7.41851771556300E-0001	-2.14434809862336E-0003
 7.47592865131039E-0001	-1.99367499182913E-0003
 7.53370366647354E-0001	-1.77545438283684E-0003
 7.59194409288940E-0001	-1.49729759634423E-0003
 7.65073753327726E-0001	-1.16796729388054E-0003
 7.71015736625880E-0001	-7.97114210158365E-0004
 7.77026339094052E-0001	-3.95014869591844E-0004
 7.83110385485284E-0001	 2.76004509072057E-0005
 7.89271842356439E-0001	 4.59505556926309E-0004
 7.95514061380890E-0001	 8.88611691685110E-0004
 8.01839714766860E-0001	 1.30125888020327E-0003
 8.08250114606825E-0001	 1.68133058519438E-0003
 8.14743677515108E-0001	 2.00960925897904E-0003
 8.21313570351513E-0001	 2.26403826290669E-0003
 8.27945104608411E-0001	 2.42162214499527E-0003
 8.34614109881058E-0001	 2.46228866691338E-0003
 8.41287807131169E-0001	 2.37397347274089E-0003
 8.47928924378738E-0001	 2.15693365658448E-0003
 8.54501979858913E-0001	 1.82504707165781E-0003
 8.60979182895378E-0001	 1.40332126362340E-0003
 8.67343720979021E-0001	 9.22942363443780E-0004
 8.73589936440689E-0001	 4.16112732989541E-0004
 8.79721386327219E-0001	-8.77391368646987E-0005
 8.85748135977053E-0001	-5.63976118503519E-0004
 8.91684222986742E-0001	-9.93357694525264E-0004
 8.97545691562457E-0001	-1.36179535833745E-0003
 9.03349243253993E-0001	-1.65972250246073E-0003
 9.09111391877588E-0001	-1.88137263210935E-0003
 9.14847971937483E-0001	-2.02411680885534E-0003
 9.20573865582808E-0001	-2.08791667367300E-0003
 9.26302846240538E-0001	-2.07489467772847E-0003
 9.32047471777185E-0001	-1.98899464900556E-0003
 9.37818992102582E-0001	-1.83569346068528E-0003
 9.43627265806735E-0001	-1.62172378473363E-0003
 9.49480707609094E-0001	-1.35477895192089E-0003
 9.55386309092426E-0001	-1.04319622787991E-0003
 9.61349779975375E-0001	-6.95654281823598E-0004
 9.67375833826616E-0001	-3.20965865435486E-0004
 9.73468583691289E-0001	 7.19220425043445E-0005
 9.79631928028624E-0001	 4.73617145813772E-0004
 9.85869722704201E-0001	 8.73623980499627E-0004
 9.92185487184851E-0001	 1.25943040921770E-0003
 9.98581417038837E-0001	 1.61559887868065E-0003
 1.00505660466111E+0000	 1.92330570156784E-0003
 1.01160464839137E+0000	 2.16090910579358E-0003
 1.01821127420520E+0000	 2.30608465509285E-0003
 1.02485307466230E+0000	 2.33963904163178E-0003
 1.03149858795115E+0000	 2.25021969412686E-0003
 1.03811221478283E+0000	 2.03818568898332E-0003
 1.04465999958343E+0000	 1.71678527458596E-0003
 1.05111513374911E+0000	 1.30997547715863E-0003
 1.05746123654471E+0000	 8.47919777597788E-0004
 1.06369281148394E+0000	 3.62059893786254E-0004
 1.06981357648840E+0000	-1.18725516089540E-0004
 1.07583385295225E+0000	-5.70312312360620E-0004
 1.08176797882956E+0000	-9.74069822535965E-0004
 1.08763224450541E+0000	-1.31665766210151E-0003
 1.09344346450149E+0000	-1.58937097178283E-0003
 1.09921808998436E+0000	-1.78736939087439E-0003
 1.10497170124162E+0000	-1.90896608938506E-0003
 1.11071872991607E+0000	-1.95503984214003E-0003
 1.11647229951570E+0000	-1.92856703245714E-0003
 1.12224411596176E+0000	-1.83423803244990E-0003
 1.12804438023236E+0000	-1.67811177923972E-0003
 1.13388173101215E+0000	-1.46726831077450E-0003
 1.13976325376805E+0000	-1.20944129300326E-0003
 1.14569460583085E+0000	-9.12650713636753E-0004
 1.15168029324176E+0000	-5.84902509620813E-0004
 1.15772408693789E+0000	-2.34058439731169E-0004
 1.16382949093050E+0000	 1.32018823102036E-0004
 1.17000009969398E+0000	 5.04990255878457E-0004
 1.17623963934596E+0000	 8.75276030597527E-0004
 1.18255149922976E+0000	 1.23116279887225E-0003
 1.18893763248050E+0000	 1.55806092331971E-0003
 1.19539684020220E+0000	 1.83828762528964E-0003
 1.20192267096463E+0000	 2.05180006204357E-0003
 1.20850147129675E+0000	 2.17822296100668E-0003
 1.21511143054434E+0000	 2.20018653498603E-0003
 1.22172352907437E+0000	 2.10736320917637E-0003
 1.22830481411305E+0000	 1.89990414899550E-0003
 1.23482339345302E+0000	 1.58978314987105E-0003
 1.24125354422745E+0000	 1.19926801148695E-0003
 1.24757917344947E+0000	 7.57045654435401E-0004
 1.25379472388881E+0000	 2.93524803834333E-0004
 1.25990384019039E+0000	-1.63120098774439E-0004
 1.26591685811130E+0000	-5.89345699469873E-0004
 1.27184817432495E+0000	-9.67108537832111E-0004
 1.27771411288938E+0000	-1.28369802551372E-0003
 1.28353145471724E+0000	-1.53107001509813E-0003
 1.28931653617556E+0000	-1.70505667778428E-0003
 1.29508473925681E+0000	-1.80464546236024E-0003
 1.30085020835608E+0000	-1.83138914807353E-0003
 1.30662567539246E+0000	-1.78893495278848E-0003
 1.31242232667742E+0000	-1.68262661753975E-0003
 1.31824969274664E+0000	-1.51912571575884E-0003
 1.32411558340477E+0000	-1.30601183524893E-0003
 1.33002611833068E+0000	-1.05135479258274E-0003
 1.33598590704275E+0000	-7.63300938251766E-0004
 1.34199839952611E+0000	-4.49763977937424E-0004
 1.34806636194422E+0000	-1.18332189727395E-0004
 1.35419235391383E+0000	 2.23524417790751E-0004
 1.36037903191623E+0000	 5.67941791124030E-0004
 1.36662910477989E+0000	 9.05940399740524E-0004
 1.37294482164981E+0000	 1.22667951093888E-0003
 1.37932696076830E+0000	 1.51692912875025E-0003
 1.38577339418611E+0000	 1.76102819596802E-0003
 1.39227743495727E+0000	 1.94159435753319E-0003
 1.39882634252766E+0000	 2.04118907917698E-0003
 1.40540054669806E+0000	 2.04495740613866E-0003
 1.41197424344925E+0000	 1.94389595306788E-0003
 1.41851782566468E+0000	 1.73790714603956E-0003
 1.42500198677039E+0000	 1.43743858512945E-0003
 1.43140242437941E+0000	 1.06271660509979E-0003
 1.43770349316205E+0000	 6.40561911478267E-0004
 1.44389956326257E+0000	 1.99977212840047E-0004
 1.44999404192762E+0000	-2.31854534693780E-0004
 1.45599702270670E+0000	-6.32112896801849E-0004
 1.46192269550838E+0000	-9.83320861979634E-0004
 1.46778721774932E+0000	-1.27324044567340E-0003
 1.47360724711229E+0000	-1.49424588570597E-0003
 1.47939904285613E+0000	-1.64257044549242E-0003
 1.48517794962014E+0000	-1.71762515556441E-0003
 1.49095809206303E+0000	-1.72144762958467E-0003
 1.49675216009918E+0000	-1.65826077474010E-0003
 1.50257122156623E+0000	-1.53408615180208E-0003
 1.50842455258093E+0000	-1.35635109889769E-0003
 1.51431952113759E+0000	-1.13344796999749E-0003
 1.52026158725175E+0000	-8.74246374304426E-0004
 1.52625447843465E+0000	-5.87616173367115E-0004
 1.53230055279292E+0000	-2.82066943992736E-0004
 1.53840128425521E+0000	 3.43824815936287E-0005
 1.54455773077465E+0000	 3.54040414105135E-0004
 1.55077081795937E+0000	 6.69112411089738E-0004
 1.55704130402517E+0000	 9.71124833278316E-0004
 1.56336936804904E+0000	 1.25037575978305E-0003
 1.56975384615329E+0000	 1.49559437869286E-0003
 1.57619120518907E+0000	 1.69396867805591E-0003
 1.58267439308001E+0000	 1.83167684222575E-0003
 1.58919176537937E+0000	 1.89503964088316E-0003
 1.59572639406377E+0000	 1.87237189461404E-0003
 1.60225622161748E+0000	 1.75646488155995E-0003
 1.60875560763593E+0000	 1.54726149650248E-0003
 1.61519851506520E+0000	 1.25375039908080E-0003
 1.62156271101280E+0000	 8.93905067837229E-0004
 1.62783345116324E+0000	 4.92222028788556E-0004
 1.63400518218117E+0000	 7.57482177193212E-0005
 1.64008094480424E+0000	-3.29780680601852E-0004
 1.64607030866230E+0000	-7.02518831981686E-0004
 1.65198696019798E+0000	-1.02559460691199E-0003
 1.65784667200734E+0000	-1.28712324572705E-0003
 1.66366588057903E+0000	-1.47969100222683E-0003
 1.66946079636094E+0000	-1.59970123416404E-0003
 1.67524686947645E+0000	-1.64677971228230E-0003
 1.68103844393080E+0000	-1.62329648187403E-0003
 1.68684848225660E+0000	-1.53398157650554E-0003
 1.69268829983084E+0000	-1.38557458864267E-0003
 1.69856730395989E+0000	-1.18644118741822E-0003
 1.70449278165589E+0000	-9.46110024808066E-0004
 1.71046981006983E+0000	-6.74729947790421E-0004
 1.71650135766260E+0000	-3.82509114610752E-0004
 1.72258859296554E+0000	-7.92471106692253E-0005
 1.72873133669653E+0000	 2.25925282656494E-0004
 1.73492852373622E+0000	 5.24540491633959E-0004
 1.74117852621787E+0000	 8.08556968033077E-0004
 1.74747923742349E+0000	 1.07000362200301E-0003
 1.75382789775702E+0000	 1.30064554070350E-0003
 1.76022071123138E+0000	 1.49178190542692E-0003
 1.76665232038147E+0000	 1.63423599862382E-0003
 1.77311518136043E+0000	 1.71857464409100E-0003
 1.77959885931451E+0000	 1.73564186749026E-0003
 1.78608934401088E+0000	 1.67759134049117E-0003
 1.79256874106817E+0000	 1.53960781658415E-0003
 1.79901598980784E+0000	 1.32217830287246E-0003
 1.80540914797389E+0000	 1.03309762518758E-0003
 1.81172893735650E+0000	 6.87956866566760E-0004
 1.81796219769959E+0000	 3.08418293382793E-0004
 1.82410376063299E+0000	-8.11107243974101E-0005
 1.83015625511058E+0000	-4.56955733641327E-0004
 1.83612847417502E+0000	-7.98650693973807E-0004
 1.84203329526435E+0000	-1.09011041853165E-0003
 1.84788584835708E+0000	-1.31981378554202E-0003
 1.85370218273535E+0000	-1.48046711686444E-0003
 1.85949839440901E+0000	-1.56850611449212E-0003
 1.86529006716493E+0000	-1.58362772471363E-0003
 1.87109187635203E+0000	-1.52841365071585E-0003
 1.87691724306646E+0000	-1.40802785843299E-0003
 1.88277797764152E+0000	-1.22992916069046E-0003
 1.88868390567599E+0000	-1.00352735494488E-0003
 1.89464252141230E+0000	-7.39726447509983E-0004
 1.90065874952513E+0000	-4.50342205272408E-0004
 1.90673489818724E+0000	-1.47444275893694E-0004
 1.91287084167918E+0000	 1.57271983524774E-0004
 1.91906439366980E+0000	 4.52967383301623E-0004
 1.92531176465396E+0000	 7.29925772912211E-0004
 1.93160798293589E+0000	 9.79619984321498E-0004
 1.93794720777419E+0000	 1.19465507140520E-0003
 1.94432293782343E+0000	 1.36866853709042E-0003
 1.95072815445473E+0000	 1.49620847874588E-0003
 1.95715539476453E+0000	 1.57255012207629E-0003
 1.96359664594133E+0000	 1.59343580251682E-0003
 1.97004289991577E+0000	 1.55488189856222E-0003
 1.97648335337436E+0000	 1.45341184375892E-0003
 1.98290462614283E+0000	 1.28711060057732E-0003
 1.98929076129808E+0000	 1.05750230905419E-0003
 1.99562468029376E+0000	 7.71513445828788E-0004
 2.00189095597360E+0000	 4.42318877790535E-0004
 2.00807878466798E+0000	 8.83193737552623E-0005
 2.01418383831623E+0000	-2.69378941257394E-0004
 2.02020844605431E+0000	-6.09838906211612E-0004
 2.02616049196866E+0000	-9.14514386007594E-0004
 2.03205179632052E+0000	-1.16846315040778E-0003
 2.03789658014291E+0000	-1.36072115631897E-0003
 2.04371027528011E+0000	-1.48419039415116E-0003
 2.04950869157629E+0000	-1.53534073601297E-0003
 2.05530743904428E+0000	-1.51390295106561E-0003
 2.06112148073775E+0000	-1.42262059102873E-0003
 2.06696471363305E+0000	-1.26705316266148E-0003
 2.07284951459398E+0000	-1.05537710261116E-0003
 2.07878623771417E+0000	-7.98109357528775E-0004
 2.08478270288513E+0000	-5.07682879029834E-0004
 2.09084376113360E+0000	-1.97838770333172E-0004
 2.09697103922361E+0000	 1.17138588564621E-0004
 2.10316293703521E+0000	 4.23253570168879E-0004
 2.10941488347428E+0000	 7.07580192507984E-0004
 2.11571978992594E+0000	 9.58902525289551E-0004
 2.12206862365123E+0000	 1.16818985552018E-0003
 2.12845106815746E+0000	 1.32891974902273E-0003
 2.13485628625389E+0000	 1.43722238713837E-0003
 2.14127376293702E+0000	 1.49173141385592E-0003
 2.14769405136802E+0000	 1.49300994673725E-0003
 2.15410908779017E+0000	 1.44258854751277E-0003
 2.16051177845038E+0000	 1.34196656678235E-0003
 2.16689489687967E+0000	 1.19216377133743E-0003
 2.17324982597817E+0000	 9.94302553704626E-0004
 2.17956599223173E+0000	 7.51177018454102E-0004
 2.18583163080515E+0000	 4.69081116435285E-0004
 2.19203578042019E+0000	 1.58842079170809E-0004
 2.19817063525514E+0000	-1.64600712596417E-0004
 2.20423321358955E+0000	-4.83881210000779E-0004
 2.21022582553116E+0000	-7.81359455949112E-0004
 2.21615550468333E+0000	-1.04096412901854E-0003
 2.22203291113243E+0000	-1.24936427178808E-0003
 2.22787116601181E+0000	-1.39650623824176E-0003
 2.23368486368615E+0000	-1.47573416844639E-0003
 2.23948931561456E+0000	-1.48371659886885E-0003
 2.24529997190124E+0000	-1.42032925456621E-0003
 2.25113192832393E+0000	-1.28856216730848E-0003
 2.25699942931790E+0000	-1.09445212704098E-0003
 2.26291530314440E+0000	-8.46991594337449E-0004
 2.26889030837771E+0000	-5.57932785887857E-0004
 2.27493242754864E+0000	-2.41397287553224E-0004
 2.28104620260721E+0000	 8.67722394865082E-0005
 2.28723224341822E+0000	 4.09918940416511E-0004
 2.29348702864315E+0000	 7.11659900722834E-0004
 2.29980305682564E+0000	 9.77028419980091E-0004
 2.30616933789403E+0000	 1.19355429711340E-0003
 2.31257220368018E+0000	 1.35220966958880E-0003
 2.31899645994534E+0000	 1.44813552180366E-0003
 2.32542688857906E+0000	 1.48094973067783E-0003
 2.33184991479173E+0000	 1.45434178364776E-0003
 2.33825495697753E+0000	 1.37480423431054E-0003
 2.34463487657089E+0000	 1.24977943463607E-0003
 2.35098525791259E+0000	 1.08592359275227E-0003
 2.35730282480720E+0000	 8.88247038096098E-0004
 2.36358376160494E+0000	 6.60501517025973E-0004
 2.36982277411747E+0000	 4.06578084544622E-0004
 2.37601336000388E+0000	 1.32180523055658E-0004
 2.38214914319677E+0000	-1.54074534546692E-0004
 2.38822561555023E+0000	-4.40628938178264E-0004
 2.39424153551861E+0000	-7.13943002368536E-0004
 2.40019955773079E+0000	-9.59946459068299E-0004
 2.40610610714450E+0000	-1.16544268204436E-0003
 2.41197077691903E+0000	-1.31915407942271E-0003
 2.41780555673373E+0000	-1.41235576400339E-0003
 2.42362409078014E+0000	-1.43919841983663E-0003
 2.42944103788861E+0000	-1.39685995784368E-0003
 2.43527151634471E+0000	-1.28563663047452E-0003
 2.44113056968780E+0000	-1.10903082945599E-0003
 2.44703257693415E+0000	-8.73835771136469E-0004
 2.45299054419263E+0000	-5.90163497852780E-0004
 2.45901525475631E+0000	-2.71318142247175E-0004
 2.46511432178199E+0000	 6.66045678648780E-0005
 2.47129126893908E+0000	 4.05486915721244E-0004
 2.47754482487008E+0000	 7.26343374825932E-0004
 2.48386861203653E+0000	 1.01076333787808E-0003
 2.49025133050829E+0000	 1.24247003917256E-0003
 2.49667745128270E+0000	 1.40883325150640E-0003
 2.50312843517419E+0000	 1.50221076156990E-0003
 2.50958454062041E+0000	 1.52091267341965E-0003
 2.51602715560610E+0000	 1.46938113118355E-0003
 2.52244117673821E+0000	 1.35715840288609E-0003
 2.52881659137169E+0000	 1.19666795966815E-0003
 2.53514858881251E+0000	 1.00052132809496E-0003
 2.54143622314539E+0000	 7.79378763066616E-0004
 2.54768032454356E+0000	 5.41075055563367E-0004
 2.55388157120815E+0000	 2.91084974118484E-0004
 2.56003940291113E+0000	 3.38689271447987E-0005
 2.56615201258628E+0000	-2.25597816480139E-0004
 2.57221720900394E+0000	-4.80739664649812E-0004
 2.57823366393906E+0000	-7.23069607460206E-0004
 2.58420203357693E+0000	-9.42617247685114E-0004
 2.59012563678687E+0000	-1.12880764525512E-0003
 2.59601063136054E+0000	-1.27145186061691E-0003
 2.60186580895173E+0000	-1.36161451427883E-0003
 2.60770218179663E+0000	-1.39227202508851E-0003
 2.61353249530065E+0000	-1.35878449481856E-0003
 2.61937072867316E+0000	-1.25925080037151E-0003
 2.62523157980770E+0000	-1.09481356453720E-0003
 2.63112988499803E+0000	-8.69947898062002E-0004
 2.63707990249966E+0000	-5.92717145035119E-0004
 2.64309439699360E+0000	-2.74917124533370E-0004
 2.64918351069375E+0000	 6.80302299236294E-0005
 2.65535350336483E+0000	 4.17604036932412E-0004
 2.66160556905254E+0000	 7.53261418659396E-0004
 2.66793502670608E+0000	 1.05405364169953E-0003
 2.67433114798849E+0000	 1.30058078293489E-0003
 2.68077771843684E+0000	 1.47697616263121E-0003
 2.68725427341052E+0000	 1.57267104324676E-0003
 2.69373796709623E+0000	 1.58377838698220E-0003
 2.70020609264984E+0000	 1.51381042187068E-0003
 2.70663901392065E+0000	 1.37321285327573E-0003
 2.71302271083382E+0000	 1.17737553651125E-0003
 2.71934992908855E+0000	 9.43542103328734E-0004
 2.72561950908460E+0000	 6.87737662152198E-0004
 2.73183438085563E+0000	 4.22776806461144E-0004
 2.73799919046529E+0000	 1.57748300556019E-0004
 2.74411839473276E+0000	-1.01287631064485E-0004
 2.75019524667773E+0000	-3.49968567633523E-0004
 2.75623169750573E+0000	-5.84250430608252E-0004
 2.76222897588124E+0000	-7.99400878573225E-0004
 2.76818848818079E+0000	-9.89558999046572E-0004
 2.77411270350158E+0000	-1.14783854708196E-0003
 2.78000580385170E+0000	-1.26681146700766E-0003
 2.78587402440353E+0000	-1.33917134880438E-0003
 2.79172571711194E+0000	-1.35842124578898E-0003
 2.79757121580040E+0000	-1.31950755067386E-0003
 2.80342257141827E+0000	-1.21938831268835E-0003
 2.80929318749823E+0000	-1.05756042566855E-0003
 2.81519733924541E+0000	-8.36573205986448E-0004
 2.82114951870291E+0000	-5.62528673058090E-0004
 2.82716352564679E+0000	-2.45512420479720E-0004
 2.83325123949886E+0000	 1.00182663268149E-0004
 2.83942109008169E+0000	 4.56262386968843E-0004
 2.84567641115036E+0000	 8.01319671846788E-0004
 2.85201406699367E+0000	 1.11254707829934E-0003
 2.85842384572496E+0000	 1.36812439586396E-0003
 2.86488894563262E+0000	 1.54979609385621E-0003
 2.87138748284993E+0000	 1.64505909904224E-0003
 2.87789466684659E+0000	 1.64863802050699E-0003
 2.88438538292893E+0000	 1.56318937848849E-0003
 2.89083707560633E+0000	 1.39906776910662E-0003
 2.89723254419564E+0000	 1.17278966030553E-0003
 2.90356178029031E+0000	 9.04188898727328E-0004
 2.90982209210343E+0000	 6.13056112195830E-0004
 2.91601658025216E+0000	 3.16421119586445E-0004
 2.92215177467558E+0000	 2.72012503516300E-0005
 2.92823535600981E+0000	-2.45789432053441E-0004
 2.93427453726087E+0000	-4.96929450959733E-0004
 2.94027527412401E+0000	-7.22521301456095E-0004
 2.94624220243898E+0000	-9.19591404246698E-0004
 2.95217907464605E+0000	-1.08501573710448E-0003
 2.95808943913043E+0000	-1.21507035347734E-0003
 2.96397734332031E+0000	-1.30538341248561E-0003
 2.96984791589555E+0000	-1.35119265011624E-0003
 2.97570776459380E+0000	-1.34779370627901E-0003
 2.98156518603286E+0000	-1.29108792695989E-0003
 2.98743020921460E+0000	-1.17817939720894E-0003
 2.99331448746382E+0000	-1.00800762274060E-0003
 2.99923102494040E+0000	-7.82020672932226E-0004
 3.00519368441336E+0000	-5.04885928874116E-0004
 3.01121638475770E+0000	-1.85193892071421E-0004
 3.01731188154535E+0000	 1.63973719974467E-0004
 3.02349007356766E+0000	 5.24863037920410E-0004
 3.02975594708856E+0000	 8.75619052805162E-0004
 3.03610757440725E+0000	 1.19195411687241E-0003
 3.04253489395459E+0000	 1.44994936591177E-0003
 3.04901999579095E+0000	 1.62943217964094E-0003
 3.05553907618545E+0000	 1.71689645597562E-0003
 3.06206542253689E+0000	 1.70711262603606E-0003
 3.06857250659669E+0000	 1.60333251787713E-0003
 3.07503671467630E+0000	 1.41650264208005E-0003
 3.08143967195324E+0000	 1.16370250966703E-0003
 3.08776992697751E+0000	 8.65748541188348E-0004
 3.09402345233971E+0000	 5.44216922384934E-0004
 3.10020270246502E+0000	 2.18664886343619E-0004
 3.10631463771287E+0000	-9.51669706897279E-0005
 3.11236848915916E+0000	-3.85907090987077E-0004
 3.11837390241168E+0000	-6.46108435705580E-0004
 3.12433975082237E+0000	-8.71258788403278E-0004
 3.13027362521607E+0000	-1.05865326127115E-0003
 3.13618186076589E+0000	-1.20640391664860E-0003
 3.14206991388854E+0000	-1.31273244344236E-0003
 3.14794290831349E+0000	-1.37559114038081E-0003
 3.15380620553277E+0000	-1.39258765024277E-0003
 3.15966590548904E+0000	-1.36115191225294E-0003
 3.16552923220967E+0000	-1.27887929485813E-0003
 3.17140479049636E+0000	-1.14400319930157E-0003
 3.17730268558558E+0000	-9.55978063944564E-0004
 3.18323447894745E+0000	-7.16173837928268E-0004
 3.18921291630644E+0000	-4.28682917380289E-0004
 3.19525131759917E+0000	-1.01207612781329E-0004
 3.20136248106241E+0000	 2.54085977516667E-0004
 3.20755696732865E+0000	 6.20006582025449E-0004
 3.21384077252165E+0000	 9.74512394948054E-0004
 3.22021275361243E+0000	 1.29216775121453E-0003
 3.22666268188642E+0000	 1.54719697037547E-0003
 3.23317109059169E+0000	 1.71769221853756E-0003
 3.23971157027862E+0000	 1.78957070607911E-0003
 3.24625484803170E+0000	 1.75866178910191E-0003
 3.25277297385543E+0000	 1.63036969215447E-0003
 3.25924229952394E+0000	 1.41774872151948E-0003
 3.26564512759362E+0000	 1.13914552875948E-0003
 3.27197050994842E+0000	 8.15870475064632E-0004
 3.27821437595986E+0000	 4.69853332142477E-0004
 3.28437884161996E+0000	 1.21417441802458E-0004
 3.29047073378362E+0000	-2.12399002337958E-0004
 3.29649972660667E+0000	-5.18642314904609E-0004
 3.30247659116547E+0000	-7.88378007753416E-0004
 3.30841189111310E+0000	-1.01603233902579E-0003
 3.31431522817032E+0000	-1.19846768235082E-0003
 3.32019498578875E+0000	-1.33405193920804E-0003
 3.32605844946051E+0000	-1.42188734039222E-0003
 3.33191216494960E+0000	-1.46128218637789E-0003
 3.33776240607093E+0000	-1.45148663700536E-0003
 3.34361565080722E+0000	-1.39167035944917E-0003
 3.34947900068175E+0000	-1.28109884705032E-0003
 3.35536051115739E+0000	-1.11946825788411E-0003
 3.36126941653951E+0000	-9.07379528648679E-0004
 3.36721622253044E+0000	-6.46957227602676E-0004
 3.37321260228879E+0000	-3.42629457201594E-0004
 3.37927097408521E+0000	-2.06278136003510E-0006
 3.38540357761480E+0000	 3.62832521589743E-0004
 3.39162084405460E+0000	 7.35071286856755E-0004
 3.39792896168267E+0000	 1.09242033615071E-0003
 3.40432690352020E+0000	 1.40858296708258E-0003
 3.41080384227489E+0000	 1.65633399223615E-0003
 3.41733847306254E+0000	 1.81238921659255E-0003
 3.42390145605835E+0000	 1.86241381487379E-0003
 3.43046053224591E+0000	 1.80381520186753E-0003
 3.43698604699722E+0000	 1.64506878292443E-0003
 3.44345457889091E+0000	 1.40254192396941E-0003
 3.44985011453121E+0000	 1.09687591950164E-0003
 3.45616372411390E+0000	 7.50209792496407E-0004
 3.46239276305991E+0000	 3.84278489711125E-0004
 3.46853992853742E+0000	 1.89793874178909E-0005
 3.47461209249576E+0000	-3.28733624473475E-0004
 3.48061891776631E+0000	-6.45502732185724E-0004
 3.48657145948336E+0000	-9.21668608647069E-0004
 3.49248099203365E+0000	-1.15089389049019E-0003
 3.49835820477244E+0000	-1.32949065596954E-0003
 3.50421279331790E+0000	-1.45564722004721E-0003
 3.51005339672080E+0000	-1.52870835162989E-0003
 3.51588779422576E+0000	-1.54861133010377E-0003
 3.52172326267694E+0000	-1.51553342941126E-0003
 3.52756699844072E+0000	-1.42976578827772E-0003
 3.53342652433834E+0000	-1.29179696002413E-0003
 3.53931002808825E+0000	-1.10257387647683E-0003
 3.54522660222939E+0000	-8.63913312028569E-0004
 3.55118636063141E+0000	-5.79058535996846E-0004
 3.55720038102451E+0000	-2.53397785739658E-0004
 3.56328036317971E+0000	 1.04642150601451E-0004
 3.56943781103292E+0000	 4.82577191307078E-0004
 3.57568248842962E+0000	 8.62934769685112E-0004
 3.58201996518867E+0000	 1.22290242416094E-0003
 3.58844843023625E+0000	 1.53535420041734E-0003
 3.59495570724191E+0000	 1.77205456525383E-0003
 3.60151823899763E+0000	 1.90901844398934E-0003
 3.60810368990827E+0000	 1.93232370956285E-0003
 3.61467693603415E+0000	 1.84146282638623E-0003
 3.62120675773021E+0000	 1.64838759414145E-0003
 3.62767012934444E+0000	 1.37323463467832E-0003
 3.63405309962216E+0000	 1.03947022346545E-0003
 3.64034947406672E+0000	 6.70462373395190E-0004
 3.64655897614606E+0000	 2.87747194194476E-0004
 3.65268574130107E+0000	-8.97123182899963E-0005
 3.65873717339463E+0000	-4.45909550493954E-0004
 3.66472293782825E+0000	-7.68025426729533E-0004
 3.67065398927008E+0000	-1.04645957906272E-0003
 3.67654168933354E+0000	-1.27460668203048E-0003
 3.68239711543450E+0000	-1.44840969851739E-0003
 3.68823062614497E+0000	-1.56578372477181E-0003
 3.69405169479828E+0000	-1.62601848393387E-0003
 3.69986898199600E+0000	-1.62925487864152E-0003
 3.70569059048339E+0000	-1.57610911089552E-0003
 3.71152442842804E+0000	-1.46749157331889E-0003
 3.71737860041874E+0000	-1.30463801748529E-0003
 3.72326175229522E+0000	-1.08934314146174E-0003
 3.72918331280586E+0000	-8.24371610608057E-0004
 3.73515358906409E+0000	-5.14024836376154E-0004
 3.74118366540018E+0000	-1.64857905201620E-0004
 3.74728501116082E+0000	 2.13452302514681E-0004
 3.75346862232237E+0000	 6.07130488706878E-0004
 3.75974344270151E+0000	 9.97410970673489E-0004
 3.76611384711484E+0000	 1.36022088461989E-0003
 3.77257632731815E+0000	 1.66729345831648E-0003
 3.77911636166840E+0000	 1.88962591800435E-0003
 3.78570743486387E+0000	 2.00331591020834E-0003
 3.79231410352538E+0000	 1.99587542328616E-0003
 3.79889884530059E+0000	 1.86968153803525E-0003
 3.80542956031625E+0000	 1.64046359917024E-0003
 3.81188412882015E+0000	 1.33204535203907E-0003
 3.81825090180340E+0000	 9.70578533275318E-0004
 3.82452658152110E+0000	 5.80650878448260E-0004
 3.83071354369702E+0000	 1.83639300541721E-0004
 3.83681777428102E+0000	-2.02533533542517E-0004
 3.84284758955149E+0000	-5.63157175222455E-0004
 3.84881283912529E+0000	-8.86479529026246E-0004
 3.85472429363661E+0000	-1.16351704767038E-0003
 3.86059309194625E+0000	-1.38784558912269E-0003
 3.86643025759737E+0000	-1.55530163758324E-0003
 3.87224633985324E+0000	-1.66358838567136E-0003
 3.87805122387231E+0000	-1.71183030875747E-0003
 3.88385412606433E+0000	-1.70014197800226E-0003
 3.88966376147801E+0000	-1.62928143565099E-0003
 3.89548864287666E+0000	-1.50045223761240E-0003
 3.90133744743272E+0000	-1.31530199444723E-0003
 3.90721937167681E+0000	-1.07614034725347E-0003
 3.91314439233655E+0000	-7.86372888026275E-0004
 3.91912335569879E+0000	-4.51129422944298E-0004
 3.92516781671489E+0000	-7.80586699412554E-0005
 3.93128952257914E+0000	 3.21745752863563E-0004
 3.93749937483545E+0000	 7.32768016952405E-0004
 3.94380563776167E+0000	 1.13426561497116E-0003
 3.95021120485680E+0000	 1.50016077037174E-0003
 3.95671012427844E+0000	 1.80052955441273E-0003
 3.96328451031614E+0000	 2.00562620242922E-0003
 3.96990402656842E+0000	 2.09233399869442E-0003
 3.97652988974116E+0000	 2.05073795234536E-0003
 3.98312272817384E+0000	 1.88710017794412E-0003
 3.98965053371723E+0000	 1.62129547123928E-0003
 3.99609291144319E+0000	 1.28054830032285E-0003
 4.00244085833177E+0000	 8.93140761837125E-0004
 4.00869393083832E+0000	 4.84456307327249E-0004
 4.01485701645708E+0000	 7.55520322508919E-0005
 4.02093792144975E+0000	-3.16703265919403E-0004
 4.02694597256050E+0000	-6.78939991202048E-0004
 4.03289132435739E+0000	-1.00063933169435E-0003
 4.03878459588862E+0000	-1.27369878666350E-0003
 4.04463659895628E+0000	-1.49215429608914E-0003
 4.05045807933257E+0000	-1.65194788473132E-0003
 4.05625948834504E+0000	-1.75066829627641E-0003
 4.06205083280270E+0000	-1.78724938020676E-0003
 4.06784164411232E+0000	-1.76165394986158E-0003
 4.07364108555773E+0000	-1.67459571435087E-0003
 4.07945818943108E+0000	-1.52736339545866E-0003
 4.08530218550925E+0000	-1.32181107767952E-0003
 4.09118285257526E+0000	-1.06056631055542E-0003
 4.09711080055264E+0000	-7.47483961958969E-0004
 4.10309757444352E+0000	-3.88345065323823E-0004
 4.10915545637715E+0000	 8.22958313466759E-0006
 4.11529681593272E+0000	 4.29719219452583E-0004
 4.12153281557045E+0000	 8.58641421881089E-0004
 4.12787124901253E+0000	 1.27180616820589E-0003
 4.13431339901582E+0000	 1.64051681847566E-0003
 4.14085029432992E+0000	 1.93270206761011E-0003
 4.14745979388798E+0000	 2.11785523530158E-0003
 4.15410695724850E+0000	 2.17428786951465E-0003
 4.16074948444805E+0000	 2.09573659625595E-0003
 4.16734674346993E+0000	 1.89328746629723E-0003
 4.17386782331621E+0000	 1.59127050251303E-0003
 4.18029491855605E+0000	 1.21995254197061E-0003
 4.18662205338283E+0000	 8.09063441211725E-0004
 4.19285155461267E+0000	 3.84176746395081E-0004
 4.19899051458350E+0000	-3.42884228928849E-0005
 4.20504827789719E+0000	-4.30568884349504E-0004
 4.21103504375777E+0000	-7.92567331519051E-0004
 4.21696125991129E+0000	-1.11094814584475E-0003
 4.22283742453248E+0000	-1.37851872526429E-0003
 4.22867401936795E+0000	-1.58986818128026E-0003
 4.23448144200066E+0000	-1.74115080220269E-0003
 4.24026991586804E+0000	-1.82991147521016E-0003
 4.24604941285113E+0000	-1.85489859310584E-0003
 4.25182963612282E+0000	-1.81585935130441E-0003
 4.25762009973228E+0000	-1.71334879127923E-0003
 4.26343031874219E+0000	-1.54860724310139E-0003
 4.26927009419898E+0000	-1.32357310573935E-0003
 4.27514984234679E+0000	-1.04109871482674E-0003
 4.28108087973136E+0000	-7.05424557476337E-0004
 4.28707553764138E+0000	-3.22940627436532E-0004
 4.29314693943939E+0000	 9.67783958512462E-0005
 4.29930822844087E+0000	 5.39746975927548E-0004
 4.30557098915611E+0000	 9.86364171488020E-0004
 4.31194261543491E+0000	 1.41068485454007E-0003
 4.31842260224878E+0000	 1.78099034728845E-0003
 4.32499843468929E+0000	 2.06278875211426E-0003
 4.33164298310894E+0000	 2.22498034611892E-0003
 4.33831618324342E+0000	 2.24803282429122E-0003
 4.34497232846940E+0000	 2.13031185842263E-0003
 4.35157026470002E+0000	 1.88839841489126E-0003
 4.35808111747737E+0000	 1.55111997758303E-0003
 4.36449035669314E+0000	 1.15130650506669E-0003
 4.37079527342958E+0000	 7.19462637579508E-0004
 4.37700081823672E+0000	 2.80779818500492E-0004
 4.38311593959814E+0000	-1.45279782446384E-0004
 4.38915116255037E+0000	-5.44119003423305E-0004
 4.39511731589182E+0000	-9.04808046126525E-0004
 4.40102504193466E+0000	-1.21904388375441E-0003
 4.40688472188538E+0000	-1.48043234095287E-0003
 4.41270654854038E+0000	-1.68407185847592E-0003
 4.41850059868845E+0000	-1.82633728198817E-0003
 4.42427685996265E+0000	-1.90475590693682E-0003
 4.43004523097598E+0000	-1.91790300741189E-0003
 4.43581553909826E+0000	-1.86529049976296E-0003
 4.44159761851138E+0000	-1.74726290004392E-0003
 4.44740147391724E+0000	-1.56494434375460E-0003
 4.45323752864586E+0000	-1.32030001849333E-0003
 4.45911692112830E+0000	-1.01638553414671E-0003
 4.46505176995816E+0000	-6.57856423799464E-0004
 4.47105527385738E+0000	-2.51792086105615E-0004
 4.47714144702826E+0000	 1.91156111222753E-0004
 4.48332421388273E+0000	 6.55377193736228E-0004
 4.48961552376318E+0000	 1.11894762322919E-0003
 4.49602218999168E+0000	 1.55292758525139E-0003
 4.50254153145386E+0000	 1.92238524181919E-0003
 4.50915688865080E+0000	 2.19047084616447E-0003
 4.51583556091486E+0000	 2.32602487478177E-0003
 4.52253222825569E+0000	 2.31260864265241E-0003
 4.52919833786547E+0000	 2.15408073282887E-0003
 4.53579318877918E+0000	 1.87280075751326E-0003
 4.54229078964434E+0000	 1.50173693615226E-0003
 4.54868028612985E+0000	 1.07561348034916E-0003
 4.55496221157760E+0000	 6.25071125670421E-0004
 4.56114385822715E+0000	 1.74482613473700E-0004
 4.56723565461150E+0000	-2.57844184525970E-0004
 4.57324895829005E+0000	-6.58467844231088E-0004
 4.57919498597717E+0000	-1.01747770239179E-0003
 4.58508446697519E+0000	-1.32740217617145E-0003
 4.59092767270902E+0000	-1.58246501138353E-0003
 4.59673458213277E+0000	-1.77815483903688E-0003
 4.60251504552279E+0000	-1.91101460335483E-0003
 4.60827889507277E+0000	-1.97854994359828E-0003
 4.61403601034021E+0000	-1.97918108162184E-0003
 4.61979637621998E+0000	-1.91220269934379E-0003
 4.62557017532303E+0000	-1.77775577678008E-0003
 4.63136794370473E+0000	-1.57684718271564E-0003
 4.63720079489212E+0000	-1.31147599723201E-0003
 4.64308068346853E+0000	-9.84940937892889E-0004
 4.64902063326511E+0000	-6.02409460273977E-0004
 4.65503479098996E+0000	-1.71819079810788E-0004
 4.66113807834381E+0000	 2.94862510177056E-0004
 4.66734510775931E+0000	 7.80107473321702E-0004
 4.67366794083714E+0000	 1.25936933188399E-0003
 4.68011235031897E+0000	 1.70049127775588E-0003
 4.68667280926179E+0000	 2.06534633235432E-0003
 4.69332778905025E+0000	 2.31519761102066E-0003
 4.70003863127383E+0000	 2.41981543328656E-0003
 4.70675512675699E+0000	 2.36701043393836E-0003
 4.71342695096367E+0000	 2.16679687012314E-0003
 4.72001503670097E+0000	 1.84712345883843E-0003
 4.72649696750029E+0000	 1.44432112901783E-0003
 4.73286564078091E+0000	 9.94161004263558E-0004
 4.73912451631048E+0000	 5.26828570739101E-0004
 4.74528278256496E+0000	 6.56012291676617E-0005
 4.75135193198930E+0000	-3.72397819851172E-0004
 4.75734383807549E+0000	-7.74752912179136E-0004
 4.76326991464123E+0000	-1.13235539249168E-0003
 4.76914091493278E+0000	-1.43832420710132E-0003
 4.77496704562945E+0000	-1.68728913549028E-0003
 4.78075818826078E+0000	-1.87498027897170E-0003
 4.78652411261466E+0000	-1.99803343063087E-0003
 4.79227463704879E+0000	-2.05392080858386E-0003
 4.79801974015947E+0000	-2.04093852220077E-0003
 4.80376965526899E+0000	-1.95821604803054E-0003
 4.80953498504471E+0000	-1.80574879130145E-0003
 4.81532686307386E+0000	-1.58448583110818E-0003
 4.82115716688233E+0000	-1.29652919261890E-0003
 4.82703875351234E+0000	-9.45518800817235E-0004
 4.83298564013082E+0000	-5.37287269709053E-0004
 4.83901297940766E+0000	-8.08622782020373E-0005
 4.84513657318818E+0000	 4.10153031694642E-0004
 4.85137153372254E+0000	 9.15932538584431E-0004
 4.85772960387962E+0000	 1.40894610144108E-0003
 4.86421479725091E+0000	 1.85365079555078E-0003
 4.87081782725763E+0000	 2.20900187427879E-0003
 4.87751154096212E+0000	 2.43530167036522E-0003
 4.88425128114717E+0000	 2.50466382292569E-0003
 4.89098291431422E+0000	 2.41035884078307E-0003
 4.89765586917847E+0000	 2.16882552470423E-0003
 4.90423392663059E+0000	 1.81287242562551E-0003
 4.91069865498650E+0000	 1.38106385018932E-0003
 4.91704643290543E+0000	 9.09290111872614E-0004
 4.92328307392768E+0000	 4.26788287383439E-0004
 4.92941908519178E+0000	-4.43695907311984E-0005
 4.93546657847125E+0000	-4.88112884099358E-0004
 4.94143766343047E+0000	-8.92800350008420E-0004
 4.94734382339492E+0000	-1.24983688477447E-0003
 4.95319583444451E+0000	-1.55265904109207E-0003
 4.95900393313831E+0000	-1.79608035439630E-0003
 4.96477805902050E+0000	-1.97592151850248E-0003
 4.97052808209708E+0000	-2.08883713156364E-0003
 4.97626398306509E+0000	-2.13226017686085E-0003
 4.98199599231894E+0000	-2.10440768088575E-0003
 4.98773471434777E+0000	-2.00432061058735E-0003
 4.99349126810888E+0000	-1.83194227769596E-0003
 4.99927746385046E+0000	-1.58826775052741E-0003
 5.00510601502682E+0000	-1.27562017703370E-0003
 5.01099074969389E+0000	-8.98128238939564E-0004
 5.01694673319192E+0000	-4.62489776271637E-0004
 5.02299013175088E+0000	 2.09014727107475E-0005
 5.02913752377703E+0000	 5.36448392142143E-0004
 5.03540421385521E+0000	 1.06162435473788E-0003
 5.04180102098172E+0000	 1.56559636394055E-0003
 5.04832928663826E+0000	 2.00944602973681E-0003
 5.05497496966725E+0000	 2.34985793045954E-0003
 5.06170477043953E+0000	 2.54755223010326E-0003
 5.06846858272203E+0000	 2.57860806578170E-0003
 5.07520993707632E+0000	 2.44266225075098E-0003
 5.08187975537729E+0000	 2.16219791294912E-0003
 5.08844562090375E+0000	 1.77361044794428E-0003
 5.09489305479117E+0000	 1.31637064851760E-0003
 5.10122128931493E+0000	 8.25633984984518E-0004
 5.10743772296149E+0000	 3.29376459952376E-0004
 5.11355353607721E+0000	-1.51462556358788E-0004
 5.11958102609169E+0000	-6.01588536833476E-0004
 5.12553231067030E+0000	-1.00978792201797E-0003
 5.13141887900506E+0000	-1.36764216115315E-0003
 5.13725158493774E+0000	-1.66862016336012E-0003
 5.14304082744379E+0000	-1.90750516107435E-0003
 5.14879677937584E+0000	-2.08007170112230E-0003
 5.15452959991804E+0000	-2.18293052171584E-0003
 5.16024961236780E+0000	-2.21347634961261E-0003
 5.16596745630266E+0000	-2.16989711119208E-0003
 5.17169423615406E+0000	-2.05122936179744E-0003
 5.17744168841734E+0000	-1.85747123104329E-0003
 5.18322237844530E+0000	-1.58978861142498E-0003
 5.18904991530310E+0000	-1.25087159174198E-0003
 5.19493913671423E+0000	-8.45515402694867E-0004
 5.20090615775798E+0000	-3.81508960094857E-0004
 5.20696808381926E+0000	 1.29101721255784E-0004
 5.21314205107255E+0000	 6.68390703061573E-0004
 5.21944310345065E+0000	 1.21081983423816E-0003
 5.22588038793596E+0000	 1.72214513026674E-0003
 5.23245162292105E+0000	 2.16045756255019E-0003
 5.23913726457471E+0000	 2.48129275723322E-0003
 5.24589799066234E+0000	 2.64746311628572E-0003
 5.25267961625708E+0000	 2.64038526685259E-0003
 5.25942537915565E+0000	 2.46616734954290E-0003
 5.26608922598248E+0000	 2.15210619415079E-0003
 5.27264288862215E+0000	 1.73648475187723E-0003
 5.27907523465568E+0000	 1.25837873378849E-0003
 5.28538738270257E+0000	 7.51599064425505E-0004
 5.29158742180031E+0000	 2.42814282270900E-0004
 5.29768656185095E+0000	-2.47891626108364E-0004
 5.30369691099834E+0000	-7.05594712229622E-0004
 5.30963043997316E+0000	-1.11909762782824E-0003
 5.31549864401583E+0000	-1.47980426282263E-0003
 5.32131255124569E+0000	-1.78094336933650E-0003
 5.32708287089245E+0000	-2.01707899663821E-0003
 5.33282017707379E+0000	-2.18382603502332E-0003
 5.33853508574581E+0000	-2.27770147714012E-0003
 5.34423841711417E+0000	-2.29606338712129E-0003
 5.34994135346071E+0000	-2.23711251506966E-0003
 5.35565560830898E+0000	-2.09995417687411E-0003
 5.36139361915149E+0000	-1.88473978338527E-0003
 5.36716876290336E+0000	-1.59292772430026E-0003
 5.37299556928470E+0000	-1.22772171096702E-0003
 5.37888986753440E+0000	-7.94759382690149E-0004
 5.38486873642917E+0000	-3.03127475496456E-0004
 5.39095002371043E+0000	 2.33250618016477E-0004
 5.39715105658247E+0000	 7.93927014680839E-0004
 5.40348603301657E+0000	 1.35031431715859E-0003
 5.40996166681940E+0000	 1.86509362051245E-0003
 5.41657138849964E+0000	 2.29431543076316E-0003
 5.42329014860483E+0000	 2.59391848133666E-0003
 5.43007380025141E+0000	 2.73034322173195E-0003
 5.43686627721905E+0000	 2.69080409043335E-0003
 5.44361257843580E+0000	 2.48674165801083E-0003
 5.45027048321783E+0000	 2.14818686157843E-0003
 5.45681533559310E+0000	 1.71343466621030E-0003
 5.46323812613099E+0000	 1.22012691648605E-0003
 5.46954060801582E+0000	 7.00501364939631E-0004
 5.47573060917695E+0000	 1.80196276390837E-0004
 5.48181878149251E+0000	-3.21066004441639E-0004
 5.48781676200956E+0000	-7.88209888658957E-0004
 5.49373630662453E+0000	-1.20960096733230E-0003
 5.49958897662658E+0000	-1.57611723751221E-0003
 5.50538609668083E+0000	-1.88050377294114E-0003
 5.51113882825017E+0000	-2.11694959473105E-0003
 5.51685828522886E+0000	-2.28082072732498E-0003
 5.52255566507838E+0000	-2.36850010819726E-0003
 5.52824239203559E+0000	-2.37730564637222E-0003
 5.53393027861583E+0000	-2.30547723913171E-0003
 5.53963171249560E+0000	-2.15224153956642E-0003
 5.54535986940366E+0000	-1.91798022959383E-0003
 5.55112893813144E+0000	-1.60454378297147E-0003
 5.55695431807893E+0000	-1.21576766097447E-0003
 5.56285270630075E+0000	-7.58258203850370E-0004
 5.56884191937299E+0000	-2.42509688763866E-0004
 5.57494018597223E+0000	 3.15637764534507E-0004
 5.58116451042682E+0000	 8.93349476876396E-0004
 5.58752763268735E+0000	 1.45946642614898E-0003
 5.59403334749868E+0000	 1.97460239980631E-0003
 5.60067090750019E+0000	 2.39432507175412E-0003
 5.60741101041899E+0000	 2.67662070729701E-0003
 5.61420711989804E+0000	 2.79228130162164E-0003
 5.62100394258632E+0000	 2.73328281686806E-0003
 5.62774971462822E+0000	 2.51390607107014E-0003
 5.63440576991738E+0000	 2.16424702557948E-0003
 5.64094958921307E+0000	 1.72084353740245E-0003
 5.64737252186522E+0000	 1.21927389241323E-0003
 5.65367549516668E+0000	 6.90395701160392E-0004
 5.65986510939252E+0000	 1.59414961411410E-0004
 5.66595094343727E+0000	-3.53611345919829E-0004
 5.67194397503247E+0000	-8.32831530282018E-0004
 5.67785575431311E+0000	-1.26568973710881E-0003
 5.68369801244799E+0000	-1.64219963344243E-0003
 5.68948250178709E+0000	-1.95440500970967E-0003
 5.69522095844700E+0000	-2.19598905326674E-0003
 5.70092513603471E+0000	-2.36199511520421E-0003
 5.70660688918219E+0000	-2.44863519274571E-0003
 5.71227829918703E+0000	-2.45317673338911E-0003
 5.71795183860715E+0000	-2.37391142230078E-0003
 5.72364057017070E+0000	-2.21022184571894E-0003
 5.72935836806712E+0000	-1.96277405799750E-0003
 5.73512013477309E+0000	-1.63387623291941E-0003
 5.74094195990907E+0000	-1.22805432267041E-0003
 5.74684112218774E+0000	-7.52899412570523E-0004
 5.75283576261508E+0000	-2.20222843084145E-0004
 5.75894395452491E+0000	 3.52520302212306E-0004
 5.76518179342017E+0000	 9.40771800923468E-0004
 5.77156014191628E+0000	 1.51198396331344E-0003
 5.77808004710726E+0000	 2.02643296482518E-0003
 5.78472788706659E+0000	 2.44111680754505E-0003
 5.79147276583026E+0000	 2.71725007948576E-0003
 5.79826909229290E+0000	 2.82937231350563E-0003
 5.80506487266081E+0000	 2.77163731036563E-0003
 5.81181215124380E+0000	 2.55769194084955E-0003
 5.81847453166588E+0000	 2.21480609141380E-0003
 5.82502945611945E+0000	 1.77621421685158E-0003
 5.83146649719339E+0000	 1.27514049010638E-0003
 5.83778413993957E+0000	 7.41560050453120E-0004
 5.84398675470544E+0000	 2.01074062624362E-0004
 5.85008235494744E+0000	-3.25078843323494E-0004
 5.85608110948889E+0000	-8.19563275886793E-0004
 5.86199440036449E+0000	-1.26838210350337E-0003
 5.86783424025362E+0000	-1.66033664049580E-0003
 5.87361292803968E+0000	-1.98655103404782E-0003
 5.87934287042242E+0000	-2.24007052536033E-0003
 5.88503652576622E+0000	-2.41553734474148E-0003
 5.89070644113753E+0000	-2.50894867435757E-0003
 5.89636536125409E+0000	-2.51750373959438E-0003
 5.90202639157798E+0000	-2.43955126179995E-0003
 5.90770319723485E+0000	-2.27465441688792E-0003
 5.91341021361910E+0000	-2.02379789753721E-0003
 5.91916283096850E+0000	-1.68976967920375E-0003
 5.92497748973083E+0000	-1.27775570244281E-0003
 5.93087158059338E+0000	-7.96181231301059E-0004
 5.93686297851321E+0000	-2.57800833841297E-0004
 5.94296896172840E+0000	 3.19052679391951E-0004
 5.94920421839717E+0000	 9.09346479303253E-0004
 5.95557774166418E+0000	 1.48096225323378E-0003
 5.96208885064626E+0000	 1.99599695566025E-0003
 5.96872345428944E+0000	 2.41467164008552E-0003
 5.97545259349242E+0000	 2.70181030320897E-0003
 5.98223513375111E+0000	 2.83398861306510E-0003
 5.98902445533907E+0000	 2.80415465522730E-0003
 5.99577640772996E+0000	 2.62158088903603E-0003
 6.00245522317611E+0000	 2.30783216118287E-0003
 6.00903595174914E+0000	 1.89131075414059E-0003
 6.01550410964315E+0000	 1.40256862890575E-0003
 6.02185396427903E+0000	 8.71178000441108E-0004
 6.02808650147168E+0000	 3.23982937186299E-0004
 6.03420755335885E+0000	-2.15701134998901E-0004
 6.04022623721377E+0000	-7.28290325348689E-0004
 6.04615373366544E+0000	-1.19776977232940E-0003
 6.05200239296721E+0000	-1.61132634830393E-0003
 6.05778513638207E+0000	-1.95889528592198E-0003
 6.06351510495054E+0000	-2.23270625129837E-0003
 6.06920550216701E+0000	-2.42688505850442E-0003
 6.07486957985438E+0000	-2.53714434334178E-0003
 6.08052072374823E+0000	-2.56058211085336E-0003
 6.08617260251476E+0000	-2.49560065198932E-0003
 6.09183934780346E+0000	-2.34195791882038E-0003
 6.09753573106338E+0000	-2.10096665538837E-0003
 6.10327729287646E+0000	-1.77586055536144E-0003
 6.10908035969221E+0000	-1.37234693392583E-0003
 6.11496184874067E+0000	-8.99353357654481E-0004
 6.12093871649174E+0000	-3.69936148940904E-0004
 6.12702686477768E+0000	 1.97770707376798E-0004
 6.13323932602171E+0000	 7.79846548776053E-0004
 6.13958368930941E+0000	 1.34660532387515E-0003
 6.14605909394642E+0000	 1.86397909551227E-0003
 6.15265367171406E+0000	 2.29671551160037E-0003
 6.15934371507330E+0000	 2.61312059345659E-0003
 6.16609551465303E+0000	 2.79005308628814E-0003
 6.17286961097030E+0000	 2.81638962858600E-0003
 6.17962599232211E+0000	 2.69387672175091E-0003
 6.18632860680809E+0000	 2.43562039348708E-0003
 6.19294837309754E+0000	 2.06324931740394E-0003
 6.19946468281902E+0000	 1.60367435749213E-0003
 6.20586565378919E+0000	 1.08597189184751E-0003
 6.21214738985179E+0000	 5.38724519268789E-0004
 6.21831255631019E+0000	-1.19205257780777E-0005
 6.22436866287534E+0000	-5.43361287231985E-0004
 6.23032642306652E+0000	-1.03690487244605E-0003
 6.23619842553547E+0000	-1.47760545187456E-0003
 6.24199819745488E+0000	-1.85382105676565E-0003
 6.24773963138049E+0000	-2.15668350830074E-0003
 6.25343669813546E+0000	-2.37960493024952E-0003
 6.25910336101466E+0000	-2.51788555262895E-0003
 6.26475361843187E+0000	-2.56845030709738E-0003
 6.27040161771962E+0000	-2.52972306497642E-0003
 6.27606179441569E+0000	-2.40164088050310E-0003
