-2.03348441641399E-0003	 2.07290973356524E-0003
 4.62357610858587E-0003	 2.48381751532982E-0003
 1.13724936753510E-0002	 2.75220085944732E-0003
 1.81654870393955E-0002	 2.85637227833950E-0003
 2.49512857039137E-0002	 2.79528538217678E-0003
 3.16856052015923E-0002	 2.58606030566323E-0003
 3.83369778060512E-0002	 2.25659038005147E-0003
 4.48870291661706E-0002	 1.83802722340873E-0003
 5.13276324477363E-0002	 1.36000329453451E-0003
 5.76575693682973E-0002	 8.48687346413172E-0004
 6.38799879450254E-0002	 3.26536273394081E-0004
 7.00008261835549E-0002	-1.87310270591945E-0004
 7.60279132880204E-0002	-6.76559450251463E-0004
 8.19704324063205E-0002	-1.12739844438479E-0003
 8.78385497401200E-0002	-1.52822446524020E-0003
 9.36431306631422E-0002	-1.86942065452605E-0003
 9.93955281673216E-0002	-2.14314503712317E-0003
 1.05107449784225E-0001	-2.34312842953290E-0003
 1.10790907347721E-0001	-2.46449610527919E-0003
 1.16458245910025E-0001	-2.50363569103716E-0003
 1.22122241154931E-0001	-2.45813556804475E-0003
 1.27796249505548E-0001	-2.32681933708595E-0003
 1.33494389003980E-0001	-2.10990575140286E-0003
 1.39231717334745E-0001	-1.80933040067116E-0003
 1.45024350078933E-0001	-1.42927269381020E-0003
 1.50889420324734E-0001	-9.76931495145851E-0004
 1.56844714366893E-0001	-4.63567498632542E-0004
 1.62907732535842E-0001	 9.42536120382220E-0005
 1.69093859961278E-0001	 6.73475728219428E-0004
 1.75413407447844E-0001	 1.24401672915523E-0003
 1.81867707758803E-0001	 1.76985125034223E-0003
 1.88445366294379E-0001	 2.21269437013043E-0003
 1.95120758955335E-0001	 2.53828608178456E-0003
 2.01856703291716E-0001	 2.72329471396868E-0003
 2.08611021973658E-0001	 2.75951877107291E-0003
 2.15343999791934E-0001	 2.65336011377455E-0003
 2.22023385421495E-0001	 2.42164673747522E-0003
 2.28625854836444E-0001	 2.08666971361873E-0003
 2.35136111740388E-0001	 1.67253358713350E-0003
 2.41545307167820E-0001	 1.20320344035522E-0003
 2.47849732660683E-0001	 7.01624967663648E-0004
 2.54049929997372E-0001	 1.89237603437490E-0004
 2.60150001568269E-0001	-3.14438178472839E-0004
 2.66156931786511E-0001	-7.92152114717837E-0004
 2.72079882444465E-0001	-1.22912770081588E-0003
 2.77929526966060E-0001	-1.61307396222152E-0003
 2.83717502839108E-0001	-1.93403351222032E-0003
 2.89456026549345E-0001	-2.18413624516015E-0003
 2.95157674461045E-0001	-2.35733247305318E-0003
 3.00835306677527E-0001	-2.44916427249951E-0003
 3.06502100090099E-0001	-2.45661589798056E-0003
 3.12171654768663E-0001	-2.37807182466413E-0003
 3.17858136963772E-0001	-2.21340604876024E-0003
 3.23576416131663E-0001	-1.96422654439303E-0003
 3.29342137751363E-0001	-1.63429950782480E-0003
 3.35171644709061E-0001	-1.23017112624061E-0003
 3.41081617388604E-0001	-7.61976336806372E-0004
 3.47088256233470E-0001	-2.44353056576165E-0004
 3.53205814876491E-0001	 3.02757253947251E-0004
 3.59444382657143E-0001	 8.53846070256323E-0004
 3.65807117083466E-0001	 1.37871923063824E-0003
 3.72287664342019E-0001	 1.84506023189833E-0003
 3.78869006409892E-0001	 2.22259770525302E-0003
 3.85524817963821E-0001	 2.48772417859858E-0003
 3.92223236885679E-0001	 2.62670630651732E-0003
 3.98931484705099E-0001	 2.63623578288163E-0003
 4.05619418472202E-0001	 2.52169852138511E-0003
 4.12261192843750E-0001	 2.29468992929691E-0003
 4.18835583653791E-0001	 1.97106927022041E-0003
 4.25325993051034E-0001	 1.56980741637475E-0003
 4.31720682765410E-0001	 1.11212719014201E-0003
 4.38013099411448E-0001	 6.20431471078745E-0004
 4.44201883684669E-0001	 1.16962588182038E-0004
 4.50290350180150E-0001	-3.77501666472964E-0004
 4.56285551625262E-0001	-8.44587690195787E-0004
 4.62197208788156E-0001	-1.26877349937672E-0003
 4.68036755201894E-0001	-1.63741564508699E-0003
 4.73816624880993E-0001	-1.94051780686832E-0003
 4.79549802745268E-0001	-2.17039882649866E-0003
 4.85249597272427E-0001	-2.32137298031494E-0003
 4.90929575061090E-0001	-2.38950942879051E-0003
 4.96603597892615E-0001	-2.37250641793703E-0003
 5.02285908843300E-0001	-2.26969935251776E-0003
 5.07991215945752E-0001	-2.08221486435375E-0003
 5.13734715553351E-0001	-1.81327838525692E-0003
 5.19531981871567E-0001	-1.46867239290959E-0003
 5.25398626926785E-0001	-1.05731637167838E-0003
 5.31349617186234E-0001	-5.91885773628655E-0004
 5.37398144222875E-0001	-8.92978010349486E-0005
 5.43554030293294E-0001	 4.29220536472545E-0004
 5.49821849090861E-0001	 9.38839196639646E-0004
 5.56199239334950E-0001	 1.41287067790976E-0003
 5.62676116739566E-0001	 1.82544356595967E-0003
 5.69235351656122E-0001	 2.15442504946424E-0003
 5.75854834958063E-0001	 2.38356864492085E-0003
 5.82510068060613E-0001	 2.50319187695907E-0003
 5.89176179170108E-0001	 2.50958667440741E-0003
 5.95828872998584E-0001	 2.40409974562303E-0003
 6.02444754367960E-0001	 2.19274689191982E-0003
 6.09001913463422E-0001	 1.88644079075085E-0003
 6.15481266170135E-0001	 1.50113651770939E-0003
 6.21868307814645E-0001	 1.05711571287462E-0003
 6.28154442761515E-0001	 5.77258969265846E-0004
 6.34337285105408E-0001	 8.48578125343439E-0005
 6.40419946419471E-0001	-3.98294618076671E-0004
 6.46409762627192E-0001	-8.53104160019350E-0004
 6.52316954504381E-0001	-1.26364876465791E-0003
 6.58153526333368E-0001	-1.61714005701212E-0003
 6.63932500594257E-0001	-1.90362680216837E-0003
 6.69667460131484E-0001	-2.11563203819473E-0003
 6.75372320718170E-0001	-2.24783811282752E-0003
 6.81061252272576E-0001	-2.29687637269715E-0003
 6.86748677368820E-0001	-2.26124505130357E-0003
 6.92449285369740E-0001	-2.14136224497338E-0003
 6.98178003387249E-0001	-1.93975106068467E-0003
 7.03949860891677E-0001	-1.66134221952551E-0003
 7.09779676929862E-0001	-1.31385757020047E-0003
 7.15681496883425E-0001	-9.08199417428514E-0004
 7.21667726751038E-0001	-4.58714032416140E-0004
 7.27747981104390E-0001	 1.68627716280054E-0005
 7.33927793073325E-0001	 4.97992408789359E-0004
 7.40207506622647E-0001	 9.62582257195297E-0004
 7.46581780296246E-0001	 1.38878481951703E-0003
 7.53040020722984E-0001	 1.75690349088791E-0003
 7.59567666340699E-0001	 2.05076776999557E-0003
 7.66147748200453E-0001	 2.25814001669449E-0003
 7.72761959894318E-0001	 2.37029744231093E-0003
 7.79390830167916E-0001	 2.38151402206747E-0003
 7.86013336725710E-0001	 2.28926195737447E-0003
 7.92606891826740E-0001	 2.09538154262420E-0003
 7.99148537966524E-0001	 1.80757089766915E-0003
 8.05617353388816E-0001	 1.44004077120782E-0003
 8.11997119042534E-0001	 1.01258059792748E-0003
 8.18278075858711E-0001	 5.48281112763811E-0004
 8.24457229134510E-0001	 7.08688569297283E-0005
 8.30537466288732E-0001	-3.97449606442297E-0004
 8.36526130573461E-0001	-8.37257561854492E-0004
 8.42433602082439E-0001	-1.23240258747512E-0003
 8.48272168599177E-0001	-1.56996065911796E-0003
 8.54055247627513E-0001	-1.83996357169154E-0003
 8.59796907344217E-0001	-2.03507626430269E-0003
 8.65511599638021E-0001	-2.15032722527624E-0003
 8.71214020845616E-0001	-2.18293949746119E-0003
 8.76919027713796E-0001	-2.13227853342604E-0003
 8.82641545197906E-0001	-1.99991545723027E-0003
 8.88396406153708E-0001	-1.78978993964644E-0003
 8.94198063543413E-0001	-1.50843792749137E-0003
 9.00060120740934E-0001	-1.16522067766164E-0003
 9.05994647042784E-0001	-7.72452870083521E-0004
 9.12011298797010E-0001	-3.45289781915399E-0004
 9.18116360622880E-0001	 9.87750908701001E-0005
 9.24311938325890E-0001	 5.40886335842726E-0004
 9.30595609546217E-0001	 9.62192866853685E-0004
 9.36960767977902E-0001	 1.34528463617207E-0003
 9.43397624077721E-0001	 1.67522031222172E-0003
 9.49894445673722E-0001	 1.93976517851533E-0003
 9.56438393180662E-0001	 2.12886790937809E-0003
 9.63015468585086E-0001	 2.23392438763180E-0003
 9.69609658571420E-0001	 2.24764654644121E-0003
 9.76202014029088E-0001	 2.16509948964878E-0003
 9.82770707177919E-0001	 1.98571736889603E-0003
 9.89292689932719E-0001	 1.71528928426581E-0003
 9.95746586040980E-0001	 1.36668624995855E-0003
 1.00211562730974E+0000	 9.58775790168707E-0004
 1.00838947994337E+0000	 5.14009623324045E-0004
 1.01456456604568E+0000	 5.57197178268968E-0005
 1.02064323883533E+0000	-3.94039026391627E-0004
 1.02663244497804E+0000	-8.15794135765205E-0004
 1.03254237748483E+0000	-1.19321569190957E-0003
 1.03838537103703E+0000	-1.51319228956423E-0003
 1.04417509872522E+0000	-1.76566604413722E-0003
 1.04992603132618E+0000	-1.94339435302908E-0003
 1.05565308767417E+0000	-2.04173577095599E-0003
 1.06137140198572E+0000	-2.05850911841460E-0003
 1.06709613954805E+0000	-1.99394470832840E-0003
 1.07284229717305E+0000	-1.85072523241057E-0003
 1.07862442836851E+0000	-1.63409324113878E-0003
 1.08445623949476E+0000	-1.35197661385285E-0003
 1.09035002079706E+0000	-1.01505127655101E-0003
 1.09631591683924E+0000	-6.36627684390155E-0004
 1.10236111379119E+0000	-2.32233201151575E-0004
 1.10848911924665E+0000	 1.81200349733557E-0004
 1.11469939158042E+0000	 5.86513439293731E-0004
 1.12098755963081E+0000	 9.67631862691263E-0004
 1.12734628631162E+0000	 1.31060666163509E-0003
 1.13376649964734E+0000	 1.60396708697170E-0003
 1.14023842568777E+0000	 1.83825150217556E-0003
 1.14675185218975E+0000	 2.00505072244675E-0003
 1.15329542504530E+0000	 2.09627770173292E-0003
 1.15985537171837E+0000	 2.10438691309387E-0003
 1.16641452515203E+0000	 2.02381608814078E-0003
 1.17295254839834E+0000	 1.85319072516420E-0003
 1.17944769782421E+0000	 1.59725040427745E-0003
 1.18587959865704E+0000	 1.26748588725175E-0003
 1.19223195872679E+0000	 8.81158362570244E-0004
 1.19849430238169E+0000	 4.59183854560989E-0004
 1.20466243270555E+0000	 2.37291161838761E-0005
 1.21073789228605E+0000	-4.03808643698033E-0004
 1.21672690267165E+0000	-8.04160051979790E-0004
 1.22263918821542E+0000	-1.16091255786275E-0003
 1.22848692001725E+0000	-1.46077989865750E-0003
 1.23428387172771E+0000	-1.69359596212582E-0003
 1.24004479179046E+0000	-1.85218019916927E-0003
 1.24578495331517E+0000	-1.93217654116991E-0003
 1.25151982389926E+0000	-1.93192877724945E-0003
 1.25726479043190E+0000	-1.85242358224813E-0003
 1.26303487204424E+0000	-1.69730435344511E-0003
 1.26884435692474E+0000	-1.47293022875081E-0003
 1.27470630956838E+0000	-1.18842159585878E-0003
 1.28063192304719E+0000	-8.55596705187047E-0004
 1.28662974769018E+0000	-4.88674099147433E-0004
 1.29270491829566E+0000	-1.03618543595341E-0004
 1.29885860625632E+0000	 2.82917292654906E-0004
 1.30508797556844E+0000	 6.54933075632202E-0004
 1.31138682715037E+0000	 9.98359810670175E-0004
 1.31774683111659E+0000	 1.30180853726672E-0003
 1.32415888779487E+0000	 1.55645786197584E-0003
 1.33061398312712E+0000	 1.75516448401243E-0003
 1.33710310274759E+0000	 1.89134078823182E-0003
 1.34361626674699E+0000	 1.95833586442730E-0003
 1.35014125579152E+0000	 1.94983951373551E-0003
 1.35666282922976E+0000	 1.86130957744922E-0003
 1.36316304757353E+0000	 1.69187077656705E-0003
 1.36962278566749E+0000	 1.44585582896890E-0003
 1.37602395690348E+0000	 1.13332779545034E-0003
 1.38235170133500E+0000	 7.69415007565098E-0004
 1.38859593075913E+0000	 3.72772686398649E-0004
 1.39475199049961E+0000	-3.63007776273573E-0005
 1.40082052919225E+0000	-4.37630575513896E-0004
 1.40680683361194E+0000	-8.12547958638387E-0004
 1.41271990431690E+0000	-1.14480755542162E-0003
 1.41857149088159E+0000	-1.42108227185851E-0003
 1.42437522608261E+0000	-1.63114105330548E-0003
 1.43014592268260E+0000	-1.76783251821066E-0003
 1.43589903589183E+0000	-1.82698575652714E-0003
 1.44165025308914E+0000	-1.80731157399105E-0003
 1.44741514828572E+0000	-1.71035306984486E-0003
 1.45320882775950E+0000	-1.54049831944541E-0003
 1.45904549261201E+0000	-1.30502952987469E-0003
 1.46493785674772E+0000	-1.01413964818305E-0003
 1.47089639563767E+0000	-6.80800529994892E-0004
 1.47692847707513E+0000	-3.20331752826554E-0004
 1.48303754376530E+0000	 5.04662155955211E-0005
 1.48922264196520E+0000	 4.14634665180469E-0004
 1.49547862028588E+0000	 7.56620800612989E-0004
 1.50179713895168E+0000	 1.06361272850761E-0003
 1.50816823525335E+0000	 1.32611325616013E-0003
 1.51458181953759E+0000	 1.53751648022687E-0003
 1.52102844759305E+0000	 1.69297869911903E-0003
 1.52749910609096E+0000	 1.78826275856345E-0003
 1.53398428840679E+0000	 1.81921040710852E-0003
 1.54047297681435E+0000	 1.78211678470010E-0003
 1.54695212866330E+0000	 1.67481546712600E-0003
 1.55340696928276E+0000	 1.49798509454704E-0003
 1.55982202611910E+0000	 1.25616465633611E-0003
 1.56618258627220E+0000	 9.58153825159199E-0004
 1.57247619693869E+0000	 6.16725461106585E-0004
 1.57869390444262E+0000	 2.47763688454155E-0004
 1.58483104803817E+0000	-1.30969489518111E-0004
 1.59088753566095E+0000	-5.01209804182197E-0004
 1.59686762836821E+0000	-8.45487607883370E-0004
 1.60277935016393E+0000	-1.14817120654224E-0003
 1.60863369657568E+0000	-1.39616840492895E-0003
 1.61444381437343E+0000	-1.57929788200979E-0003
 1.62022427261595E+0000	-1.69041542850645E-0003
 1.62599047308352E+0000	-1.72540730530316E-0003
 1.63175818511584E+0000	-1.68315103470225E-0003
 1.63754314761578E+0000	-1.56551056668666E-0003
 1.64336065778552E+0000	-1.37739058000124E-0003
 1.64922505820303E+0000	-1.12682631882293E-0003
 1.65514904468370E+0000	-8.25027853920231E-0004
 1.66114276243934E+0000	-4.86233016208730E-0004
 1.66721275945748E+0000	-1.27174398623596E-0004
 1.67336102744776E+0000	 2.34010173807378E-0004
 1.67958452023347E+0000	 5.79423968309856E-0004
 1.68587554474082E+0000	 8.93292427782799E-0004
 1.69222312334268E+0000	 1.16345552066635E-0003
 1.69861490746794E+0000	 1.38187142264171E-0003
 1.70503886215959E+0000	 1.54400147514995E-0003
 1.71148408558422E+0000	 1.64755296921347E-0003
 1.71794067460586E+0000	 1.69132023505069E-0003
 1.72439904975260E+0000	 1.67463759938843E-0003
 1.73084928984813E+0000	 1.59750772997428E-0003
 1.73728083334378E+0000	 1.46113998961173E-0003
 1.74368261645181E+0000	 1.26856573617801E-0003
 1.75004353694091E+0000	 1.02511361654137E-0003
 1.75635310629938E+0000	 7.38669771479468E-0004
 1.76260220767312E+0000	 4.19709480114243E-0004
 1.76878390741976E+0000	 8.10679038121063E-0005
 1.77489422675335E+0000	-2.62602671649543E-0004
 1.78093271452143E+0000	-5.95687779055985E-0004
 1.78690266504289E+0000	-9.02660020196237E-0004
 1.79281092829390E+0000	-1.16911819705232E-0003
 1.79866739679699E+0000	-1.38262851101305E-0003
 1.80448433301556E+0000	-1.53328146466647E-0003
 1.81027569193687E+0000	-1.61398979988590E-0003
 1.81605652835602E+0000	-1.62061920832111E-0003
 1.82184250345516E+0000	-1.55205609848573E-0003
 1.82764944623527E+0000	-1.41029312286154E-0003
 1.83349288653266E+0000	-1.20057028930715E-0003
 1.83938745593222E+0000	-9.31552114419962E-0004
 1.84534605759311E+0000	-6.15446192960851E-0004
 1.85137875893289E+0000	-2.67879197609164E-0004
 1.85749149474663E+0000	 9.27234528656760E-0005
 1.86368488613287E+0000	 4.46474578102653E-0004
 1.86995368652585E+0000	 7.74060719116142E-0004
 1.87628734027497E+0000	 1.05902762175481E-0003
 1.88267170848372E+0000	 1.28951835361546E-0003
 1.88909136933320E+0000	 1.45879485834916E-0003
 1.89553157548108E+0000	 1.56451736529896E-0003
 1.90197926872380E+0000	 1.60740085166278E-0003
 1.90842319579540E+0000	 1.58998882810499E-0003
 1.91485357682320E+0000	 1.51591741646980E-0003
 1.92126174761086E+0000	 1.38961718387413E-0003
 1.92763993879734E+0000	 1.21622617917931E-0003
 1.93398115021957E+0000	 1.00155914247531E-0003
 1.94027904379392E+0000	 7.52123959986850E-0004
 1.94652786673578E+0000	 4.75250225171385E-0004
 1.95272251688463E+0000	 1.79346411164192E-0004
 1.95885887148753E+0000	-1.25824728217062E-0004
 1.96493438569911E+0000	-4.29060442487148E-0004
 1.97094879784658E+0000	-7.17997545201317E-0004
 1.97690468772092E+0000	-9.79771897061643E-0004
 1.98280769565506E+0000	-1.20189824656795E-0003
 1.98866636898932E+0000	-1.37314433495986E-0003
 1.99449174051248E+0000	-1.48423362122584E-0003
 2.00029679024408E+0000	-1.52832727848312E-0003
 2.00609590726094E+0000	-1.50133141060640E-0003
 2.01190439790460E+0000	-1.40211836506609E-0003
 2.01773801630851E+0000	-1.23274720808703E-0003
 2.02361243696670E+0000	-9.98731780688033E-0004
 2.02954255209326E+0000	-7.09340366016154E-0004
 2.03554147221680E+0000	-3.77816062125417E-0004
 2.04161917028560E+0000	-2.12881759956269E-0005
 2.04778088230729E+0000	 3.39948970717098E-0004
 2.05402566241404E+0000	 6.84065661936818E-0004
 2.06034574623549E+0000	 9.90187715843054E-0004
 2.06672730417168E+0000	 1.24114849039742E-0003
 2.07315257975316E+0000	 1.42551483574712E-0003
 2.07960263858204E+0000	 1.53815452059012E-0003
 2.08605968783956E+0000	 1.57941824777824E-0003
 2.09250839728545E+0000	 1.55365631332305E-0003
 2.09893633298991E+0000	 1.46778471194855E-0003
 2.10533391854254E+0000	 1.33018930000751E-0003
 2.11169422101569E+0000	 1.14990910130875E-0003
 2.11801262882714E+0000	 9.35975647284762E-0004
 2.12428637978906E+0000	 6.96894167380601E-0004
 2.13051394000126E+0000	 4.40360779465927E-0004
 2.13669434945671E+0000	 1.73322600910601E-0004
 2.14282674309114E+0000	-9.76080261018688E-0005
 2.14891025044896E+0000	-3.65530342711206E-0004
 2.15494434810352E+0000	-6.22691791397154E-0004
 2.16092954388474E+0000	-8.60252226455250E-0004
 2.16686812897418E+0000	-1.06850161414972E-0003
 2.17276473250645E+0000	-1.23746148983225E-0003
 2.17862653809914E+0000	-1.35767272870311E-0003
 2.18446317560870E+0000	-1.42096842911827E-0003
 2.19028639571281E+0000	-1.42111569212825E-0003
 2.19610964502566E+0000	-1.35431219120019E-0003
 2.20194761067334E+0000	-1.21959249617692E-0003
 2.20781573116664E+0000	-1.01921987040903E-0003
 2.21372959921935E+0000	-7.59113974203809E-0004
 2.21970412807703E+0000	-4.49295030910509E-0004
 2.22575234058030E+0000	-1.04208130834875E-0004
 2.23188371714944E+0000	 2.57359561216320E-0004
 2.23810226327779E+0000	 6.13170418547765E-0004
 2.24440482011007E+0000	 9.39557563374496E-0004
 2.25078043718410E+0000	 1.21445760194408E-0003
 2.25721146465144E+0000	 1.42064766238069E-0003
 2.26367624069829E+0000	 1.54799048039180E-0003
 2.27015237341345E+0000	 1.59392317635583E-0003
 2.27661945143161E+0000	 1.56239299777199E-0003
 2.28306063796418E+0000	 1.46206714900589E-0003
 2.28946329622841E+0000	 1.30453489986577E-0003
 2.29581902674021E+0000	 1.10277919217263E-0003
 2.30212336252303E+0000	 8.69909921271190E-0004
 2.30837519186337E+0000	 6.18123463845295E-0004
 2.31457592541639E+0000	 3.57937824686809E-0004
 2.32072848226790E+0000	 9.78105420106740E-0005
 2.32683626308646E+0000	-1.55778470973934E-0004
 2.33290233768036E+0000	-3.97798428658220E-0004
 2.33892905341798E+0000	-6.23848218718608E-0004
 2.34491815960231E+0000	-8.29307296726487E-0004
 2.35087137654618E+0000	-1.00873542753769E-0003
 2.35679119243931E+0000	-1.15570520665504E-0003
 2.36268162087646E+0000	-1.26308750747111E-0003
 2.36854871617273E+0000	-1.32366363741966E-0003
 2.37440077153922E+0000	-1.33087824370496E-0003
 2.38024823925044E+0000	-1.27958127323122E-0003
 2.38610346196337E+0000	-1.16669149066708E-0003
 2.39198028568741E+0000	-9.91794029691209E-0004
 2.39789356102658E+0000	-7.57724749982231E-0004
 2.40385845938877E+0000	-4.71179310327822E-0004
 2.40988946400660E+0000	-1.43307245589848E-0004
 2.41599888318687E+0000	 2.09892216931830E-0004
 2.42219484290406E+0000	 5.67740544139486E-0004
 2.42847901841748E+0000	 9.06103543805328E-0004
 2.43484481946044E+0000	 1.19999269869989E-0003
 2.44127703738269E+0000	 1.42725003600605E-0003
 2.44775360800605E+0000	 1.57218990412287E-0003
 2.45424909071875E+0000	 1.62777874972389E-0003
 2.46073852559284E+0000	 1.59566495187295E-0003
 2.46720037495462E+0000	 1.48452638991201E-0003
 2.47361808773618E+0000	 1.30775873899797E-0003
 2.47998055283679E+0000	 1.08127507276045E-0003
 2.48628188716722E+0000	 8.21688419444744E-0004
 2.49252084105329E+0000	 5.44866225749414E-0004
 2.49869992772895E+0000	 2.64818243378843E-0004
 2.50482433152762E+0000	-7.05023967269942E-0006
 2.51090069448115E+0000	-2.62248647725524E-0004
 2.51693594657252E+0000	-4.95036326090286E-0004
 2.52293637405455E+0000	-7.01828079216368E-0004
 2.52890709287376E+0000	-8.80311669377006E-0004
 2.53485201341742E+0000	-1.02849329025645E-0003
 2.54077426544783E+0000	-1.14391052965833E-0003
 2.54667693295116E+0000	-1.22320511920501E-0003
 2.55256387597072E+0000	-1.26213717357708E-0003
 2.55844042492513E+0000	-1.25599301240691E-0003
 2.56431381408943E+0000	-1.20024994288503E-0003
 2.57019332508294E+0000	-1.09134871446096E-0003
 2.57609018142056E+0000	-9.27476388752044E-0004
 2.58201724169994E+0000	-7.09335132957802E-0004
 2.58798848713410E+0000	-4.40918624370627E-0004
 2.59401821697539E+0000	-1.30303398215070E-0004
 2.60011979531998E+0000	 2.09633055982977E-0004
 2.60630379990474E+0000	 5.60835914789402E-0004
 2.61257560339451E+0000	 9.00522437486865E-0004
 2.61893284388050E+0000	 1.20302120108446E-0003
 2.62536378860755E+0000	 1.44321945893956E-0003
 2.63184777016065E+0000	 1.60094226397139E-0003
 2.63835812839650E+0000	 1.66466532261709E-0003
 2.64486669181287E+0000	 1.63300504416668E-0003
 2.65134800178172E+0000	 1.51365959168922E-0003
 2.65778197858178E+0000	 1.32078984331956E-0003
 2.66415487544191E+0000	 1.07214710861833E-0003
 2.67045909597581E+0000	 7.86711265076564E-0004
 2.67669248554594E+0000	 4.82970823416915E-0004
 2.68285741762670E+0000	 1.77692008489628E-0004
 2.68895975724820E+0000	-1.14955767017380E-0004
 2.69500771737650E+0000	-3.83937119300779E-0004
 2.70101067084998E+0000	-6.21509810566042E-0004
 2.70697804071471E+0000	-8.22986325222515E-0004
 2.71291841272754E+0000	-9.86141431286743E-0004
 2.71883899308791E+0000	-1.11037429691909E-0003
 2.72474548417698E+0000	-1.19578416943042E-0003
 2.73064237741164E+0000	-1.24234549038665E-0003
 2.73653357436006E+0000	-1.24935661528498E-0003
 2.74242317100466E+0000	-1.21527451539400E-0003
 2.74831621130766E+0000	-1.13794929621566E-0003
 2.75421925221376E+0000	-1.01517941306805E-0003
 2.76014066018488E+0000	-8.45465929544711E-0004
 2.76609062868156E+0000	-6.28864513988980E-0004
 2.77208092341579E+0000	-3.67887632797279E-0004
 2.77812431762115E+0000	-6.84448346790151E-0005
 2.78423359931069E+0000	 2.59223444162335E-0004
 2.79041997613599E+0000	 5.99796579462957E-0004
 2.79669077006891E+0000	 9.32716432286730E-0004
 2.80304660989741E+0000	 1.23325039068526E-0003
 2.80947892800698E+0000	 1.47533632581456E-0003
 2.81596912689526E+0000	 1.63607150573508E-0003
 2.82249056235016E+0000	 1.70048570855314E-0003
 2.82901309822324E+0000	 1.66450319901037E-0003
 2.83550837398172E+0000	 1.53480044830464E-0003
 2.84195366274581E+0000	 1.32609492523826E-0003
 2.84833343702696E+0000	 1.05755657881056E-0003
 2.85463913630985E+0000	 7.49769279743711E-0004
 2.86086811731462E+0000	 4.22728332030107E-0004
 2.86702248678487E+0000	 9.46709310400834E-0005
 2.87310805229979E+0000	-2.18631753711352E-0004
 2.87913335023249E+0000	-5.04345998242767E-0004
 2.88510866939773E+0000	-7.52849307816284E-0004
 2.89104506613217E+0000	-9.57758766758920E-0004
 2.89695344298412E+0000	-1.11567761695777E-0003
 2.90284379329642E+0000	-1.22567538070770E-0003
 2.90872470698614E+0000	-1.28856778439543E-0003
 2.91460320571872E+0000	-1.30610404267350E-0003
 2.92048493074136E+0000	-1.28020098671575E-0003
 2.92637464126806E+0000	-1.21237512042040E-0003
 2.93227690804517E+0000	-1.10349625460847E-0003
 2.93819683738199E+0000	-9.53916085199634E-0004
 2.94414066393704E+0000	-7.63939392922350E-0004
 2.95011610102477E+0000	-5.34548945518150E-0004
 2.95613239348561E+0000	-2.68292202431572E-0004
 2.96220003225318E+0000	 2.97312628055803E-0005
 2.96833004430410E+0000	 3.50833534844050E-0004
 2.97453269954833E+0000	 6.81780296582529E-0004
 2.98081546731456E+0000	 1.00423368853015E-0003
 2.98718025375286E+0000	 1.29519089719009E-0003
 2.99362048616463E+0000	 1.52914189404684E-0003
 3.00011934869426E+0000	 1.68224055549875E-0003
 3.00665073733374E+0000	 1.73756735062142E-0003
 3.01318345031291E+0000	 1.68926491246622E-0003
 3.01968710145013E+0000	 1.54344042116798E-0003
 3.02613710265420E+0000	 1.31562963164459E-0003
 3.03251698420044E+0000	 1.02657352457852E-0003
 3.03881818874508E+0000	 6.98369397167503E-0004
 3.04503856108476E+0000	 3.52016931192734E-0004
 3.05118067372527E+0000	 6.27646753077640E-0006
 3.05725052320844E+0000	-3.22719401582359E-0004
 3.06325661817336E+0000	-6.21595563181016E-0004
 3.06920926748256E+0000	-8.79833152730324E-0004
 3.07511990016851E+0000	-1.08984485974876E-0003
 3.08100036077704E+0000	-1.24694554661369E-0003
 3.08686221645224E+0000	-1.34914841590830E-0003
 3.09271615422614E+0000	-1.39676560726607E-0003
 3.09857155317450E+0000	-1.39184031298733E-0003
 3.10443630398733E+0000	-1.33747947863667E-0003
 3.11031691903742E+0000	-1.23719497347215E-0003
 3.11621892228862E+0000	-1.09438776065476E-0003
 3.12214743644033E+0000	-9.12102850941088E-0004
 3.12810782309129E+0000	-6.93130492145242E-0004
 3.13410621352696E+0000	-4.40449529700463E-0004
 3.14014979766326E+0000	-1.57944435685428E-0004
 3.14624678072385E+0000	 1.48692889573733E-0004
 3.15240592249710E+0000	 4.70959916707213E-0004
 3.15863552832043E+0000	 7.96554422976178E-0004
 3.16494172159348E+0000	 1.10865596770042E-0003
 3.17132593495618E+0000	 1.38599500028797E-0003
 3.17778198736440E+0000	 1.60445432146365E-0003
 3.18429387310747E+0000	 1.74074396530173E-0003
 3.19083595000731E+0000	 1.77764324295930E-0003
 3.19737657930086E+0000	 1.70876871177513E-0003
 3.20388421709021E+0000	 1.54032793024682E-0003
 3.21033317427572E+0000	 1.28894490949589E-0003
 3.21670665603624E+0000	 9.77071571799508E-0004
 3.22299673054675E+0000	 6.28429001937280E-0004
 3.22920247183033E+0000	 2.65007580222872E-0004
 3.23532773513265E+0000	-9.42113322688139E-0005
 3.24137941318097E+0000	-4.33411662821633E-0004
 3.24736636210852E+0000	-7.39663367604257E-0004
 3.25329881091580E+0000	-1.00264702450953E-0003
 3.25918797835072E+0000	-1.21453098091793E-0003
 3.26504569831636E+0000	-1.36995771041896E-0003
 3.27088397799096E+0000	-1.46602781742892E-0003
 3.27671450755398E+0000	-1.50218530291399E-0003
 3.28254818877440E+0000	-1.47995400908150E-0003
 3.28839476564251E+0000	-1.40252328974602E-0003
 3.29426263767264E+0000	-1.27422699559873E-0003
 3.30015891419823E+0000	-1.10000644152288E-0003
 3.30608971691090E+0000	-8.84985303806508E-0004
 3.31206066174239E+0000	-6.34288507127623E-0004
 3.31807737836951E+0000	-3.53190801061334E-0004
 3.32414589342128E+0000	-4.75978147943720E-0005
 3.33027272238525E+0000	 2.75215149514679E-0004
 3.33646455209697E+0000	 6.05722951373150E-0004
 3.34272740422091E+0000	 9.31273109029153E-0004
 3.34906515330395E+0000	 1.23544074643353E-0003
 3.35547733408126E+0000	 1.49804656475018E-0003
 3.36195649781938E+0000	 1.69650226067516E-0003
 3.36848605635160E+0000	 1.80907234173837E-0003
 3.37504020366153E+0000	 1.81978886367589E-0003
 3.38158715960701E+0000	 1.72324550351832E-0003
 3.38809511544996E+0000	 1.52668735196509E-0003
 3.39453824082788E+0000	 1.24810235971598E-0003
 3.40090009764504E+0000	 9.11537619318530E-0004
 3.40717376814879E+0000	 5.42164206209906E-0004
 3.41335983930731E+0000	 1.62893179080334E-0004
 3.41946381513230E+0000	-2.07091719261760E-0004
 3.42549398136725E+0000	-5.52425617207971E-0004
 3.43146006031694E+0000	-8.61014553541079E-0004
 3.43737255431114E+0000	-1.12340211515861E-0003
 3.44324250272594E+0000	-1.33233262487148E-0003
 3.44908138103953E+0000	-1.48256659467400E-0003
 3.45490096192149E+0000	-1.57087001757369E-0003
 3.46071306722620E+0000	-1.59605483966398E-0003
 3.46652922371412E+0000	-1.55896350200044E-0003
 3.47236028413976E+0000	-1.46233126325138E-0003
 3.47821609793740E+0000	-1.31050677520395E-0003
 3.48410531954548E+0000	-1.10906184821235E-0003
 3.49003542198290E+0000	-8.64375992971541E-0004
 3.49601292738985E+0000	-5.83326605388386E-0004
 3.50204377865092E+0000	-2.73222526134522E-0004
 3.50813368935294E+0000	 5.79353432775550E-0005
 3.51428826795920E+0000	 4.00885643192957E-0004
 3.52051273405590E+0000	 7.44357021278510E-0004
 3.52681110232361E+0000	 1.07434210688167E-0003
 3.53318476874788E+0000	 1.37366870307547E-0003
 3.53963052700256E+0000	 1.62225803656175E-0003
 3.54613830679167E+0000	 1.79860180067237E-0003
 3.55268946811621E+0000	 1.88290778386785E-0003
 3.55925703340700E+0000	 1.86164309772122E-0003
 3.56580895781437E+0000	 1.73187844215756E-0003
 3.57231387926915E+0000	 1.50306625955242E-0003
 3.57874689478453E+0000	 1.19501581556716E-0003
 3.58509281970001E+0000	 8.33191075178711E-0004
 3.59134622018164E+0000	 4.43757474559647E-0004
 3.59750930174931E+0000	 5.01567350831635E-0005
 3.60358918667238E+0000	-3.28397737555350E-0004
 3.60959560098196E+0000	-6.76999787213730E-0004
 3.61553934440443E+0000	-9.84399181836431E-0004
 3.62143150654508E+0000	-1.24216779068139E-0003
 3.62728321440978E+0000	-1.44400983606797E-0003
 3.63310565719975E+0000	-1.58535074875928E-0003
 3.63891017153601E+0000	-1.66319892517321E-0003
 3.64470824618790E+0000	-1.67619179136901E-0003
 3.65051138909917E+0000	-1.62470925587035E-0003
 3.65633086848486E+0000	-1.51094950583386E-0003
 3.66217738633080E+0000	-1.33889576089916E-0003
 3.66806076943047E+0000	-1.11414745820998E-0003
 3.67398976996213E+0000	-8.43644516712115E-0004
 3.67997204335244E+0000	-5.35375761298649E-0004
 3.68601430212353E+0000	-1.98211773841814E-0004
 3.69212253737932E+0000	 1.57999384216690E-0004
 3.69830209687957E+0000	 5.22016983476228E-0004
 3.70455736987871E+0000	 8.80565996714639E-0004
 3.71089088806966E+0000	 1.21772611631132E-0003
 3.71730179842234E+0000	 1.51473434307949E-0003
 3.72378387947929E+0000	 1.75065189248304E-0003
 3.73032358263117E+0000	 1.90432521033260E-0003
 3.73689899404537E+0000	 1.95781238541760E-0003
 3.74348088483922E+0000	 1.90071642882721E-0003
 3.75003652708572E+0000	 1.73380568049334E-0003
 3.75653540901817E+0000	 1.46989950062893E-0003
 3.76295448008413E+0000	 1.13123770465697E-0003
 3.76928075695830E+0000	 7.44652664181235E-0004
 3.77551089959317E+0000	 3.36828118298526E-0004
 3.78164891549787E+0000	-6.88318161124119E-0005
 3.78770342579622E+0000	-4.53495203758270E-0004
 3.79368538238086E+0000	-8.02880253902114E-0004
 3.79960653126786E+0000	-1.10655943386097E-0003
 3.80547857986096E+0000	-1.35706594127237E-0003
 3.81131289887304E+0000	-1.54908957736176E-0003
 3.81712056093007E+0000	-1.67890844962695E-0003
 3.82291252740894E+0000	-1.74410128560784E-0003
 3.82869982799431E+0000	-1.74350839070219E-0003
 3.83449362952148E+0000	-1.67735823238603E-0003
 3.84030515134912E+0000	-1.54745590960960E-0003
 3.84614544054228E+0000	-1.35733711029305E-0003
 3.85202506372768E+0000	-1.11231937526799E-0003
 3.85795380028366E+0000	-8.19427294321270E-0004
 3.86394042556865E+0000	-4.87228903435465E-0004
 3.86999263577900E+0000	-1.25687964595628E-0004
 3.87611707339186E+0000	 2.53820751463107E-0004
 3.88231927998136E+0000	 6.38219064233949E-0004
 3.88860329492651E+0000	 1.01218602717434E-0003
 3.89497062483339E+0000	 1.35763681454069E-0003
 3.90141849811244E+0000	 1.65372179456115E-0003
 3.90793769788488E+0000	 1.87795155610721E-0003
 3.91451075154233E+0000	 2.00887324400612E-0003
 3.92111163004781E+0000	 2.03013594370167E-0003
 3.92770798635085E+0000	 1.93484541589333E-0003
 3.93426597761033E+0000	 1.72832661509057E-0003
 3.94075615221102E+0000	 1.42767840113394E-0003
 3.94715799030269E+0000	 1.05811952796953E-0003
 3.95346149132662E+0000	 6.47890031096633E-0004
 3.95966599216770E+0000	 2.23839302908100E-0004
 3.96577756031074E+0000	-1.91184920411739E-0004
 3.97180627381619E+0000	-5.79210399476444E-0004
 3.97776408296016E+0000	-9.26888460192102E-0004
 3.98366341068623E+0000	-1.22471872820111E-0003
 3.98951639110922E+0000	-1.46614640487331E-0003
 3.99533458190648E+0000	-1.64674628544971E-0003
 4.00112899528994E+0000	-1.76360119761655E-0003
 4.00691030848052E+0000	-1.81492376776870E-0003
 4.01268912657973E+0000	-1.79992599126726E-0003
 4.01847618931608E+0000	-1.71889848714546E-0003
 4.02428244658469E+0000	-1.57342640989462E-0003
 4.03011897275179E+0000	-1.36665196642260E-0003
 4.03599673651202E+0000	-1.10349886742843E-0003
 4.04192628241952E+0000	-7.90801138477900E-0004
 4.04791740299750E+0000	-4.37326473337391E-0004
 4.05397887105246E+0000	-5.37490232349247E-0005
 4.06011823861179E+0000	 3.47311777135154E-0004
 4.06634158332160E+0000	 7.51060051934656E-0004
 4.07265293524584E+0000	 1.14008230231155E-0003
 4.07905305676833E+0000	 1.49393931871751E-0003
 4.08553742843026E+0000	 1.78937796164295E-0003
 4.09209381356722E+0000	 2.00195071762277E-0003
 4.09870051008777E+0000	 2.10954168072001E-0003
 4.10532683606754E+0000	 2.09729835207156E-0003
 4.11193681519323E+0000	 1.96214933399842E-0003
 4.11849531137966E+0000	 1.71458326924681E-0003
 4.12497418306663E+0000	 1.37655472122133E-0003
 4.13135595768133E+0000	 9.76553766964775E-0004
 4.13763415741198E+0000	 5.44187563070093E-0004
 4.14381119319315E+0000	 1.06193056314933E-0004
 4.14989538629669E+0000	-3.15524258474367E-0004
 4.15589826948233E+0000	-7.04236354380689E-0004
 4.16183263643624E+0000	-1.04783089855863E-0003
 4.16771134658965E+0000	-1.33790712455865E-0003
 4.17354671511378E+0000	-1.56885349297845E-0003
 4.17935030704521E+0000	-1.73705388336896E-0003
 4.18513299678121E+0000	-1.84027962040153E-0003
 4.19090518975389E+0000	-1.87729157342706E-0003
 4.19667711700718E+0000	-1.84766194486965E-0003
 4.20245911609792E+0000	-1.75180587488596E-0003
 4.20826182008798E+0000	-1.59118498268272E-0003
 4.21409619977095E+0000	-1.36861837366357E-0003
 4.21997344031614E+0000	-1.08862378134681E-0003
 4.22590467256042E+0000	-7.57719448320853E-0004
 4.23190060947292E+0000	-3.84647762407749E-0004
 4.23797114501424E+0000	 1.94676740559724E-0005
 4.24412493440585E+0000	 4.40961813728914E-0004
 4.25036887261784E+0000	 8.63368907217354E-0004
 4.25670723811496E+0000	 1.26704718964669E-0003
 4.26314017290542E+0000	 1.62892793867331E-0003
 4.26966133365686E+0000	 1.92303960504398E-0003
 4.27625518088489E+0000	 2.12274753785924E-0003
 4.28289536051006E+0000	 2.20526356556796E-0003
 4.28954614912061E+0000	 2.15753045441883E-0003
 4.29616781607054E+0000	 1.98082764448909E-0003
 4.30272417520163E+0000	 1.69131470335609E-0003
 4.30918887570481E+0000	 1.31604872690056E-0003
 4.31554797335151E+0000	 8.86732101219803E-0004
 4.32179884281741E+0000	 4.34088900909645E-0004
 4.32794712595071E+0000	-1.55647966900676E-0005
 4.33400342332188E+0000	-4.41556708930879E-0004
 4.33998065857404E+0000	-8.28650264577560E-0004
 4.34589234006375E+0000	-1.16616324851783E-0003
 4.35175158749939E+0000	-1.44692177398157E-0003
 4.35757069940342E+0000	-1.66630323151527E-0003
 4.36336106745858E+0000	-1.82146151313840E-0003
 4.36913330390180E+0000	-1.91075325596804E-0003
 4.37489749579448E+0000	-1.93336246468759E-0003
 4.38066352266563E+0000	-1.88912134482533E-0003
 4.38644137663036E+0000	-1.77852445274523E-0003
 4.39224142083921E+0000	-1.60292064847337E-0003
 4.39807452715229E+0000	-1.36484560521237E-0003
 4.40395205313487E+0000	-1.06843814041131E-0003
 4.40988564732243E+0000	-7.19877936818499E-0004
 4.41588689876551E+0000	-3.27796369558399E-0004
 4.42196685686694E+0000	 9.63546589088500E-0005
 4.42813542102017E+0000	 5.37949743224945E-0004
 4.43440051730492E+0000	 9.78810797371674E-0004
 4.44076684913347E+0000	 1.39683873476533E-0003
 4.44723392387389E+0000	 1.76595574116298E-0003
 4.45379325396944E+0000	 2.05710270661973E-0003
 4.46042539639898E+0000	 2.24134598995851E-0003
 4.46709869876344E+0000	 2.29557373079479E-0003
 4.47377208238541E+0000	 2.20929864023935E-0003
 4.48040233662918E+0000	 1.98899435181240E-0003
 4.48695295895532E+0000	 1.65695522009863E-0003
 4.49340016810973E+0000	 1.24526142393270E-0003
 4.49973404146008E+0000	 7.88394763581927E-0004
 4.50595595654183E+0000	 3.17698829060269E-0004
 4.51207471022119E+0000	-1.41320142017032E-0004
 4.51810301340708E+0000	-5.69467738716802E-0004
 4.52405499890398E+0000	-9.53131250657542E-0004
 4.52994472413368E+0000	-1.28312083008513E-0003
 4.53578542047842E+0000	-1.55350809111450E-0003
 4.54158923353038E+0000	-1.76064161724290E-0003
 4.54736726186757E+0000	-1.90238809601698E-0003
 4.55312976833934E+0000	-1.97759329230398E-0003
 4.55888648613267E+0000	-1.98574371307795E-0003
 4.56464696825592E+0000	-1.92681466153731E-0003
 4.57042093637962E+0000	-1.80129763497394E-0003
 4.57621858131158E+0000	-1.61039938761098E-0003
 4.58205076386621E+0000	-1.35639389776484E-0003
 4.58792907002117E+0000	-1.04309280148904E-0003
 4.59386568868802E+0000	-6.76389727424659E-0004
 4.59987309598596E+0000	-2.64837268166709E-0004
 4.60596353205575E+0000	 1.79767555013671E-0004
 4.61214822709926E+0000	 6.41794561794398E-0004
 4.61843625753536E+0000	 1.10120737406542E-0003
 4.62483280542367E+0000	 1.53314091435447E-0003
 4.63133656242043E+0000	 1.90806994847980E-0003
 4.63793633549414E+0000	 2.19348408989637E-0003
 4.64460789599459E+0000	 2.35820977114910E-0003
 4.65131349070327E+0000	 2.37955070963450E-0003
 4.65800653600578E+0000	 2.25082609197828E-0003
 4.66464107608435E+0000	 1.98478016522798E-0003
 4.67118149654051E+0000	 1.61016209140942E-0003
 4.67760758482447E+0000	 1.16362522024757E-0003
 4.68391388055653E+0000	 6.81647498634659E-0004
 4.69010571909716E+0000	 1.95492203806197E-0004
 4.69619476119480E+0000	-2.70589119570235E-0004
 4.70219548454846E+0000	-6.99082989460321E-0004
 4.70812293244763E+0000	-1.07803853098596E-0003
 4.71399148697685E+0000	-1.39970361493275E-0003
 4.71981433765630E+0000	-1.65929725177295E-0003
 4.72560338029496E+0000	-1.85402449115606E-0003
 4.73136936748802E+0000	-1.98234428116757E-0003
 4.73712219868774E+0000	-2.04346849846068E-0003
 4.74287128037934E+0000	-2.03706564316263E-0003
 4.74862591085965E+0000	-1.96314857568182E-0003
 4.75439565394892E+0000	-1.82213388712292E-0003
 4.76019066579771E+0000	-1.61506535481219E-0003
 4.76602193449035E+0000	-1.34399218522182E-0003
 4.77190138937878E+0000	-1.01248570635117E-0003
 4.77784183811467E+0000	-6.26271513571752E-0004
 4.78385668895657E+0000	-1.93953629672792E-0004
 4.78995940130568E+0000	 2.72187700966783E-0004
 4.79616256188527E+0000	 7.55348121107257E-0004
 4.80247639889191E+0000	 1.23338248655055E-0003
 4.80890645642327E+0000	 1.67828930703469E-0003
 4.81545021010822E+0000	 2.05666572947484E-0003
 4.82209295068691E+0000	 2.33231758635332E-0003
 4.82880459492699E+0000	 2.47220738673240E-0003
 4.83554054487774E+0000	 2.45524983251129E-0003
 4.84224896422627E+0000	 2.28015006427510E-0003
 4.84888243260727E+0000	 1.96696330308011E-0003
 4.85540777107931E+0000	 1.55083669557876E-0003
 4.86180934102247E+0000	 1.07211458680845E-0003
 4.86808638058728E+0000	 5.68212876998404E-0004
 4.87424789354728E+0000	 6.95213246907585E-0005
 4.88030791554511E+0000	-4.01385761210615E-0004
 4.88628221171339E+0000	-8.28802704009105E-0004
 4.89218635313644E+0000	-1.20238191594345E-0003
 4.89803477897450E+0000	-1.51565161387639E-0003
 4.90384047564524E+0000	-1.76477846776651E-0003
 4.90961501772348E+0000	-1.94761685363616E-0003
 4.91536881267770E+0000	-2.06302469305735E-0003
 4.92111145411515E+0000	-2.11041289624487E-0003
 4.92685212385382E+0000	-2.08949853504054E-0003
 4.93260000267184E+0000	-2.00023878779201E-0003
 4.93836465941898E+0000	-1.84293020669949E-0003
 4.94415639087743E+0000	-1.61846468529123E-0003
 4.94998648195128E+0000	-1.32873812947402E-0003
 4.95586734938844E+0000	-9.77209728171561E-0004
 4.96181252263756E+0000	-5.69610519309365E-0004
 4.96783639779659E+0000	-1.14801415886402E-0004
 4.97395366290393E+0000	 3.74221839386525E-0004
 4.98017821965341E+0000	 8.79209508788685E-0004
 4.98652131806941E+0000	 1.37557260801454E-0003
 4.99298854566015E+0000	 1.83177726247948E-0003
 4.99957550827232E+0000	 2.21020968369420E-0003
 5.00626294886428E+0000	 2.47105115035367E-0003
 5.01301385701677E+0000	 2.58026057226931E-0003
 5.01977644097560E+0000	 2.52001731403003E-0003
 5.02649455035807E+0000	 2.29605163817266E-0003
 5.03312111604828E+0000	 1.93631572844770E-0003
 5.03962700425801E+0000	 1.48166235428534E-0003
 5.04600185263447E+0000	 9.74815292327130E-0004
 5.05224945460525E+0000	 4.52941437935610E-0004
 5.05838190691577E+0000	-5.51767360764874E-0005
 5.06441496197640E+0000	-5.28939695658478E-0004
 5.07036510652514E+0000	-9.54448496797792E-0004
 5.07624801887572E+0000	-1.32278767013355E-0003
 5.08207791864980E+0000	-1.62851157413667E-0003
 5.08786743923410E+0000	-1.86845101022679E-0003
 5.09362779130759E+0000	-2.04083131047270E-0003
 5.09936908237917E+0000	-2.14466028306647E-0003
 5.10510071311306E+0000	-2.17934502748289E-0003
 5.11083180101248E+0000	-2.14450497886607E-0003
 5.11657159824688E+0000	-2.03995680398509E-0003
 5.12232987964932E+0000	-1.86585467098623E-0003
 5.12811728087477E+0000	-1.62297809306804E-0003
 5.13394556477752E+0000	-1.31316902975079E-0003
 5.13982778505981E+0000	-9.39929440023097E-0004
 5.14577829765539E+0000	-5.09199354038522E-0004
 5.15181253529646E+0000	-3.03415420604576E-0005
 5.15794639577558E+0000	 4.82649174555848E-0004
 5.16419498471833E+0000	 1.00975176926085E-0003
 5.17057031216203E+0000	 1.52356887171870E-0003
 5.17707749093998E+0000	 1.98869362827823E-0003
 5.18370938767759E+0000	 2.36319703557913E-0003
 5.19044109945087E+0000	 2.60415536417099E-0003
 5.19722795051447E+0000	 2.67794109035340E-0003
 5.20401140320622E+0000	 2.57188339687745E-0003
 5.21073276073280E+0000	 2.29992210279660E-0003
 5.21734738634458E+0000	 1.89758046160032E-0003
 5.22383142054159E+0000	 1.40997023547774E-0003
 5.23017986024292E+0000	 8.80606681773057E-0004
 5.23640041383745E+0000	 3.45309588118343E-0004
 5.24250741554311E+0000	-1.69254300998667E-0004
 5.24851755847513E+0000	-6.44535074050958E-0004
 5.25444745598018E+0000	-1.06826324738595E-0003
 5.26031248553494E+0000	-1.43265440815354E-0003
 5.26612640170973E+0000	-1.73294078045038E-0003
 5.27190137432563E+0000	-1.96626674529463E-0003
 5.27764824989849E+0000	-2.13090478193005E-0003
 5.28337692275418E+0000	-2.22573626888523E-0003
 5.28909675077028E+0000	-2.24995005132354E-0003
 5.29481697666535E+0000	-2.20292288894373E-0003
 5.30054713053657E+0000	-2.08425594198005E-0003
 5.30629739821396E+0000	-1.89395146943377E-0003
 5.31207894375540E+0000	-1.63272563564205E-0003
 5.31790417143060E+0000	-1.30246731703311E-0003
 5.32378689990302E+0000	-9.06868507675332E-0004
 5.32974239381441E+0000	-4.52267725098761E-0004
 5.33578714532149E+0000	 5.12417688963002E-0005
 5.34193820333308E+0000	 5.88401143628075E-0004
 5.34821169681476E+0000	 1.13712630647699E-0003
 5.35462002345361E+0000	 1.66693489460945E-0003
 5.36116717587750E+0000	 2.13841919184606E-0003
 5.36784238391124E+0000	 2.50564233461465E-0003
 5.37461431060490E+0000	 2.72365670283179E-0003
 5.38143071418645E+0000	 2.76102387176810E-0003
 5.38822785129231E+0000	 2.61173989637914E-0003
 5.39494683988785E+0000	 2.29800750946785E-0003
 5.40154722466145E+0000	 1.86140473774832E-0003
 5.40801077016585E+0000	 1.34926819941195E-0003
 5.41433709538074E+0000	 8.04354917500739E-0004
 5.42053668805080E+0000	 2.60372795430349E-0004
 5.42662505402699E+0000	-2.58272469231390E-0004
 5.43261900570005E+0000	-7.34865671453396E-0004
 5.43853471902137E+0000	-1.15838368088002E-0003
 5.44438692375374E+0000	-1.52173352433721E-0003
 5.45018873398879E+0000	-1.82038916698676E-0003
 5.45595181320612E+0000	-2.05140945252562E-0003
 5.46168670084072E+0000	-2.21277235020358E-0003
 5.46740320528017E+0000	-2.30296091684109E-0003
 5.47311081123359E+0000	-2.32074872195025E-0003
 5.47881907357132E+0000	-2.26514580173798E-0003
 5.48453798403206E+0000	-2.13547896736294E-0003
 5.49027830524042E+0000	-1.93159372721662E-0003
 5.49605186850563E+0000	-1.65418048562306E-0003
 5.50187182605918E+0000	-1.30524564190138E-0003
 5.50775283086725E+0000	-8.88768560264884E-0004
 5.51371108028803E+0000	-4.11606162940214E-0004
 5.51976408937547E+0000	 1.15280418328649E-0004
 5.52592993451508E+0000	 6.75226390388377E-0004
 5.53222551641068E+0000	 1.24397429565171E-0003
 5.53866319657994E+0000	 1.78796986015895E-0003
 5.54524526432778E+0000	 2.26412988356704E-0003
 5.55195679367810E+0000	 2.62340729053625E-0003
 5.55876014211765E+0000	 2.82035814325150E-0003
 5.56559693374015E+0000	 2.82725149821422E-0003
 5.57240075652979E+0000	 2.64500804707771E-0003
 5.57911479295748E+0000	 2.30248866645799E-0003
 5.58570345352722E+0000	 1.84474602925089E-0003
 5.59215327067719E+0000	 1.31915850029322E-0003
 5.59846693904561E+0000	 7.66572474847096E-0004
 5.60465621588861E+0000	 2.18334215021584E-0004
 5.61073661130390E+0000	-3.03126161193768E-0004
 5.61672426468565E+0000	-7.82403406570860E-0004
 5.62263443308990E+0000	-1.20912862100509E-0003
 5.62848095221494E+0000	-1.57632797129155E-0003
 5.63427622104890E+0000	-1.87920789417952E-0003
 5.64003144244394E+0000	-2.11431717878472E-0003
 5.64575697127960E+0000	-2.27900860164073E-0003
 5.65146269176417E+0000	-2.37112917264073E-0003
 5.65715838536679E+0000	-2.38888307181147E-0003
 5.66285407399266E+0000	-2.33082763299830E-0003
 5.66856033605745E+0000	-2.19597909194973E-0003
 5.67428859886656E+0000	-1.98402172777076E-0003
 5.68005140957283E+0000	-1.69563226765158E-0003
 5.68586267734283E+0000	-1.33295181921560E-0003
 5.69173785655932E+0000	-9.00260516188542E-0004
 5.69769399499787E+0000	-4.04933168218516E-0004
 5.70374948416561E+0000	 1.41234509160944E-0004
 5.70992319805016E+0000	 7.20278284586263E-0004
 5.71623248717264E+0000	 1.30602869472707E-0003
 5.72268931105323E+0000	 1.86241672870689E-0003
 5.72929404942479E+0000	 2.34371099007663E-0003
 5.73602804152509E+0000	 2.69928234859437E-0003
 5.74284898435520E+0000	 2.88472742207955E-0003
 5.74969526379195E+0000	 2.87640627028132E-0003
 5.75650072728336E+0000	 2.68045362299206E-0003
 5.76321191349938E+0000	 2.32913806663341E-0003
 5.76979729093713E+0000	 1.86785203896811E-0003
 5.77624614354216E+0000	 1.34214062791766E-0003
 5.78256209434253E+0000	 7.90382300800708E-0004
 5.78875645167195E+0000	 2.41852300079441E-0004
 5.79484354981585E+0000	-2.82309347187794E-0004
 5.80083813399182E+0000	-7.67205691064361E-0004
 5.80675416627581E+0000	-1.20234614393076E-0003
 5.81260445838898E+0000	-1.58019349639658E-0003
 5.81840073043039E+0000	-1.89512859505862E-0003
 5.82415386048369E+0000	-2.14276661695022E-0003
 5.82987419877467E+0000	-2.31954051640597E-0003
 5.83557188527263E+0000	-2.42247761195956E-0003
 5.84125714728918E+0000	-2.44911403359797E-0003
 5.84694057422649E+0000	-2.39751188401784E-0003
 5.85263337620588E+0000	-2.26636338566301E-0003
 5.85834763512063E+0000	-2.05518487728772E-0003
 5.86409655175059E+0000	-1.76462227762011E-0003
 5.86989467934531E+0000	-1.39691004752356E-0003
 5.87575810693614E+0000	-9.56548517298800E-0004
 5.88170450288053E+0000	-4.51286382734215E-0004
 5.88775283145579E+0000	 1.06499614399607E-0004
 5.89392239133742E+0000	 6.97993898425027E-0004
 5.90023060427054E+0000	 1.29589378363888E-0003
 5.90668884972583E+0000	 1.86288627919400E-0003
 5.91329606538834E+0000	 2.35239942324781E-0003
 5.92003159102839E+0000	 2.71417391941792E-0003
 5.92685173890496E+0000	 2.90584374349278E-0003
 5.93369556565682E+0000	 2.90660825688694E-0003
 5.94049978212386E+0000	 2.72423830375170E-0003
 5.94721431275888E+0000	 2.39012733135498E-0003
 5.95380963803359E+0000	 1.94683531413985E-0003
 5.96027503890346E+0000	 1.43663167333113E-0003
 5.96661260303643E+0000	 8.95333782684717E-0004
 5.97283137158675E+0000	 3.50793742734810E-0004
 5.97894331717888E+0000	-1.76194225360072E-0004
 5.98496111153401E+0000	-6.70251723316623E-0004
 5.99089711712399E+0000	-1.11986105217968E-0003
 5.99676307694206E+0000	-1.51616567698696E-0003
 6.00257014849871E+0000	-1.85214122604732E-0003
 6.00832907869568E+0000	-2.12206491050150E-0003
 6.01405041776636E+0000	-2.32119861844823E-0003
 6.01974473115882E+0000	-2.44561650640836E-0003
 6.02542280076316E+0000	-2.49213116226222E-0003
 6.03109582151508E+0000	-2.45829498114726E-0003
 6.03677560333169E+0000	-2.34247279658995E-0003
 6.04247478578162E+0000	-2.14399861946830E-0003
 6.04820706506754E+0000	-1.86344556965126E-0003
 6.05398741761763E+0000	-1.50305586601650E-0003
 6.05983227537904E+0000	-1.06739752497550E-0003
 6.06575955274073E+0000	-5.64331239039047E-0004
 6.07178832639838E+0000	-6.36586603190259E-0006
 6.07793781324629E+0000	 5.87595475519653E-0004
 6.08422510399573E+0000	 1.19036608523256E-0003
 6.09066105763664E+0000	 1.76525187678296E-0003
 6.09724429058454E+0000	 2.26716508408227E-0003
 6.10395489588290E+0000	 2.64823103276342E-0003
 6.11075199269423E+0000	 2.86845650251111E-0003
 6.11757943604306E+0000	 2.90755531099094E-0003
 6.12437892131396E+0000	 2.77059738262893E-0003
 6.13110320134716E+0000	 2.48366425528019E-0003
 6.13772243236139E+0000	 2.08344031669634E-0003
 6.14422307034246E+0000	 1.60755608434634E-0003
 6.15060316626900E+0000	 1.08915194003961E-0003
 6.15686759423399E+0000	 5.55260051511269E-0004
 6.16302467607698E+0000	 2.72631997498371E-0005
 6.16908424533532E+0000	-4.77961649116495E-0004
 6.17505671010584E+0000	-9.46924661771172E-0004
 6.18095267770939E+0000	-1.36866626896792E-0003
 6.18678284657347E+0000	-1.73417076253556E-0003
 6.19255800638411E+0000	-2.03598300014466E-0003
 6.19828907856390E+0000	-2.26795747055827E-0003
 6.20398717824512E+0000	-2.42509112113395E-0003
 6.20966369950163E+0000	-2.50341627122807E-0003
 6.21533043048974E+0000	-2.49994957285517E-0003
 6.22099970292364E+0000	-2.41270694147073E-0003
 6.22668457494605E+0000	-2.24080532925472E-0003
 6.23239903798238E+0000	-1.98468320899024E-0003
 6.23815822327626E+0000	-1.64648460675298E-0003
 6.24397855580155E+0000	-1.23066568656008E-0003
 6.24987775177227E+0000	-7.44891516445076E-0004
 6.25587446871492E+0000	-2.01274039478688E-0004
 6.26198729013540E+0000	 3.82084249400387E-0004
 6.26823259874023E+0000	 9.79512501363420E-0004
 6.27462091788681E+0000	 1.55690129128321E-0003
