-6.16674155867987E-0004	-2.02009071450697E-0003
 5.12613784110887E-0003	-1.87986017110091E-0003
 1.08985260637016E-0002	-1.66358558749561E-0003
 1.67151780654173E-0002	-1.37579754747251E-0003
 2.25909221597777E-0002	-1.02381172756711E-0003
 2.85402923171327E-0002	-6.18332992533850E-0004
 3.45766784684721E-0002	-1.74106560831305E-0004
 4.07109096543219E-0002	 2.89609995385495E-0004
 4.69492244465884E-0002	 7.49160304250946E-0004
 5.32908869090252E-0002	 1.17774087825774E-0003
 5.97262228667965E-0002	 1.54822978519865E-0003
 6.62363084452654E-0002	 1.83737891158449E-0003
 7.27953137118425E-0002	 2.03004761888417E-0003
 7.93751864209727E-0002	 2.12145255314610E-0003
 8.59507236753792E-0002	 2.11616426944420E-0003
 9.25027047292143E-0002	 2.02452016428580E-0003
 9.90181021580334E-0002	 1.85854589423381E-0003
 1.05488145105633E-0001	 1.62928706965993E-0003
 1.11905835207375E-0001	 1.34622738023872E-0003
 1.18264277438426E-0001	 1.01830791110024E-0003
 1.24556424112666E-0001	 6.55486554420832E-0004
 1.30776020779263E-0001	 2.69809687485989E-0004
 1.36919016469700E-0001	-1.24543113063605E-0004
 1.42984657023050E-0001	-5.12141373413984E-0004
 1.48975847499598E-0001	-8.77597526800848E-0004
 1.54898826620653E-0001	-1.20673809803951E-0003
 1.60762456459607E-0001	-1.48736325268045E-0003
 1.66577444039196E-0001	-1.70957132443545E-0003
 1.72355694221410E-0001	-1.86577406432225E-0003
 1.78109866415878E-0001	-1.95056065672977E-0003
 1.83853124395937E-0001	-1.96053995734417E-0003
 1.89599028974283E-0001	-1.89424827180197E-0003
 1.95361508769016E-0001	-1.75217601477186E-0003
 2.01154837117802E-0001	-1.53694388108911E-0003
 2.06993532082095E-0001	-1.25364146118010E-0003
 2.12892076581775E-0001	-9.10317223365336E-0004
 2.18864330116668E-0001	-5.18562673250300E-0004
 2.24922489953150E-0001	-9.40464977009634E-0005
 2.31075502159645E-0001	 3.43283972111421E-0004
 2.37326997036537E-0001	 7.69774684618810E-0004
 2.43673195356820E-0001	 1.15989598087285E-0003
 2.50101716989955E-0001	 1.48950423207030E-0003
 2.56592411928315E-0001	 1.73987566517845E-0003
 2.63120654119134E-0001	 1.90089777036819E-0003
 2.69662049009971E-0001	 1.97171977232211E-0003
 2.76196400311919E-0001	 1.95849276502295E-0003
 2.82709235823612E-0001	 1.87058669622831E-0003
 2.89190794333894E-0001	 1.71731768017736E-0003
 2.95633692776234E-0001	 1.50648146698614E-0003
 3.02030779314894E-0001	 1.24478043985012E-0003
 3.08374183227686E-0001	 9.39356363913576E-0004
 3.14655784901591E-0001	 5.99337141321037E-0004
 3.20868615811392E-0001	 2.36540204225230E-0004
 3.27008355556340E-0001	-1.34930435753131E-0004
 3.33074248698610E-0001	-4.99860910996200E-0004
 3.39069224520441E-0001	-8.43288541314262E-0004
 3.44999410546709E-0001	-1.15158329219758E-0003
 3.50873383150186E-0001	-1.41307437363771E-0003
 3.56701437462852E-0001	-1.61827648348764E-0003
 3.62495023334978E-0001	-1.75986689831696E-0003
 3.68266380996195E-0001	-1.83256412105188E-0003
 3.74028346053115E-0001	-1.83301962173682E-0003
 3.79794266845447E-0001	-1.75979347746523E-0003
 3.85577968212309E-0001	-1.61345534641883E-0003
 3.91393689107880E-0001	-1.39683287596576E-0003
 3.97255908349814E-0001	-1.11541216092575E-0003
 4.03178950429281E-0001	-7.77866452834804E-0004
 4.09176238476383E-0001	-3.96632435268660E-0004
 4.15259059551606E-0001	 1.16509975484149E-0005
 4.21434785583022E-0001	 4.26180784223728E-0004
 4.27704736441363E-0001	 8.22986633884799E-0004
 4.34062316826541E-0001	 1.17731411490768E-0003
 4.40492507813001E-0001	 1.46730276829357E-0003
 4.46973698730914E-0001	 1.67788193265709E-0003
 4.53481748145262E-0001	 1.80305804247003E-0003
 4.59994620119876E-0001	 1.84528776097454E-0003
 4.66495420099733E-0001	 1.81236097952401E-0003
 4.72972767077811E-0001	 1.71364465239543E-0003
 4.79419081615381E-0001	 1.55750189111448E-0003
 4.85828222723630E-0001	 1.35062249638953E-0003
 4.92193760794145E-0001	 1.09891771343142E-0003
 4.98508519998407E-0001	 8.09063373653133E-0004
 5.04765305311671E-0001	 4.89743032228761E-0004
 5.10958222229936E-0001	 1.52015732831790E-0004
 5.17083879655618E-0001	-1.91219402368602E-0004
 5.23142022600646E-0001	-5.26276546811573E-0004
 5.29135533191072E-0001	-8.39777672660300E-0004
 5.35070007660382E-0001	-1.11947677303230E-0003
 5.40953178863497E-0001	-1.35473019662554E-0003
 5.46794380723416E-0001	-1.53668200921335E-0003
 5.52604146231883E-0001	-1.65828615756871E-0003
 5.58393951742682E-0001	-1.71427753889838E-0003
 5.64176077725947E-0001	-1.70117318713000E-0003
 5.69963538301139E-0001	-1.61735615050884E-0003
 5.75770023621429E-0001	-1.46327525566448E-0003
 5.81609788815228E-0001	-1.24178099767242E-0003
 5.87497403497764E-0001	-9.58602447387784E-0004
 5.93447245412581E-0001	-6.22937733332874E-0004
 5.99472590769390E-0001	-2.48060218689642E-0004
 6.05584157813216E-0001	 1.48287915720552E-0004
 6.11788075903521E-0001	 5.44127701728727E-0004
 6.18083581655169E-0001	 9.14653136289636E-0004
 6.24461287421002E-0001	 1.23520574567373E-0003
 6.30903280561157E-0001	 1.48544562920678E-0003
 6.37385893730125E-0001	 1.65320394534962E-0003
 6.43884471435988E-0001	 1.73601789728044E-0003
 6.50377958119451E-0001	 1.73947988399711E-0003
 6.56851233469436E-0001	 1.67352480255561E-0003
 6.63294742929202E-0001	 1.54877515530941E-0003
 6.69702493676059E-0001	 1.37444213983511E-0003
 6.76069875996459E-0001	 1.15803105668612E-0003
 6.82392292931838E-0001	 9.06231285207282E-0004
 6.88664880632105E-0001	 6.26121481305316E-0004
 6.94883056835841E-0001	 3.26009089696988E-0004
 7.01043385335186E-0001	 1.56166581933963E-0005
 7.07144296224897E-0001	-2.94294341671219E-0004
 7.13186436369545E-0001	-5.92572761813280E-0004
 7.19172663456923E-0001	-8.68320794406784E-0004
 7.25107823995894E-0001	-1.11137747300366E-0003
 7.30998465041192E-0001	-1.31261827825619E-0003
 7.36852577663063E-0001	-1.46412108268776E-0003
 7.42679411278566E-0001	-1.55926911406978E-0003
 7.48489357392035E-0001	-1.59285209688377E-0003
 7.54293880914659E-0001	-1.56120974523284E-0003
 7.60105468212152E-0001	-1.46244933311601E-0003
 7.65937552715350E-0001	-1.29676352803061E-0003
 7.71804362474516E-0001	-1.06687160570243E-0003
 7.77720603595548E-0001	-7.78596304330499E-0004
 7.83700848955817E-0001	-4.41552214003385E-0004
 7.89758457753154E-0001	-6.98330698329539E-0005
 7.95903857501191E-0001	 3.17582106585155E-0004
 8.02142179965828E-0001	 6.97215114465867E-0004
 8.08470681295518E-0001	 1.04292203271548E-0003
 8.14877047062055E-0001	 1.32953456688305E-0003
 8.21340054062990E-0001	 1.53763512077071E-0003
 8.27833271728100E-0001	 1.65747959011159E-0003
 8.34330550136410E-0001	 1.68991775684789E-0003
 8.40810661204370E-0001	 1.64389648300613E-0003
 8.47259183872700E-0001	 1.53227280708457E-0003
 8.53667717837347E-0001	 1.36818923371308E-0003
 8.60031815056866E-0001	 1.16317836132523E-0003
 8.66348996174224E-0001	 9.26880175199112E-0004
 8.72617535261923E-0001	 6.67643324867745E-0004
 8.78836056302589E-0001	 3.93296529168968E-0004
 8.85003649114026E-0001	 1.11674045286064E-0004
 8.91120160990074E-0001	-1.69205466657930E-0004
 8.97186436028512E-0001	-4.41209580040811E-0004
 9.03204428228451E-0001	-6.96261969111437E-0004
 9.09177219969355E-0001	-9.26505196641972E-0004
 9.15109011004771E-0001	-1.12442204490050E-0003
 9.21005126208842E-0001	-1.28293352969376E-0003
 9.26872056584124E-0001	-1.39551075985773E-0003
 9.32717521523804E-0001	-1.45633185731729E-0003
 9.38550529630963E-0001	-1.46050045112047E-0003
 9.44381416795872E-0001	-1.40433222429887E-0003
 9.50221843788180E-0001	-1.28571649606775E-0003
 9.56084730719608E-0001	-1.10456890889547E-0003
 9.61984084086784E-0001	-8.63400755832839E-0004
 9.67934629006988E-0001	-5.68026178490371E-0004
 9.73951096948331E-0001	-2.28387697777302E-0004
 9.80046958975122E-0001	 1.40630281682175E-0004
 9.86232402662555E-0001	 5.18743450738589E-0004
 9.92511564109497E-0001	 8.80796084705216E-0004
 9.98879596239249E-0001	 1.19905611056982E-0003
 1.00532097028205E+0000	 1.44760698281758E-0003
 1.01181071696928E+0000	 1.60781492068354E-0003
 1.01831910445278E+0000	 1.67238240923662E-0003
 1.02481789985512E+0000	 1.64571006765431E-0003
 1.03128516555526E+0000	 1.54061427982717E-0003
 1.03770686729604E+0000	 1.37365327707849E-0003
 1.04407582401835E+0000	 1.16137855535833E-0003
 1.05038958514706E+0000	 9.18402257666610E-0004
 1.05664848323664E+0000	 6.56938298221366E-0004
 1.06285433956372E+0000	 3.87087810866938E-0004
 1.06900976828411E+0000	 1.17308035881367E-0004
 1.07511784237723E+0000	-1.45193223555630E-0004
 1.08118191850940E+0000	-3.94176097510496E-0004
 1.08720552191101E+0000	-6.24147017542965E-0004
 1.09319227931367E+0000	-8.30144004877679E-0004
 1.09914592826530E+0000	-1.00751594125280E-0003
 1.10507042900023E+0000	-1.15172398951652E-0003
 1.11097017805030E+0000	-1.25821487928141E-0003
 1.11685029102427E+0000	-1.32241209210696E-0003
 1.12271690216633E+0000	-1.33984845495125E-0003
 1.12857742821222E+0000	-1.30643679811836E-0003
 1.13444075940332E+0000	-1.21885938385011E-0003
 1.14031735765525E+0000	-1.07505958973839E-0003
 1.14621924490832E+0000	-8.74837463734011E-0004
 1.15215984175203E+0000	-6.20571047813506E-0004
 1.15815356260056E+0000	-3.18086920441265E-0004
 1.16421499465945E+0000	 2.23437939272048E-0005
 1.17035741401820E+0000	 3.85045051711256E-0004
 1.17659041083402E+0000	 7.48435832807543E-0004
 1.18291667957689E+0000	 1.08575745615846E-0003
 1.18932875102657E+0000	 1.36792665188678E-0003
 1.19580739537131E+0000	 1.56875840228482E-0003
 1.20232360354914E+0000	 1.67110496146806E-0003
 1.20884434705061E+0000	 1.67090376615973E-0003
 1.21533959940013E+0000	 1.57682827558917E-0003
 1.22178721905817E+0000	 1.40613383972597E-0003
 1.22817422538878E+0000	 1.17944183732594E-0003
 1.23449541094540E+0000	 9.16796254806404E-0004
 1.24075102231020E+0000	 6.35649186455977E-0004
 1.24694467109701E+0000	 3.50285588587743E-0004
 1.25308184590865E+0000	 7.19714043147177E-0005
 1.25916895085499E+0000	-1.90658887497335E-0004
 1.26521268253609E+0000	-4.31185692864617E-0004
 1.27121960102497E+0000	-6.45003190668758E-0004
 1.27719582743165E+0000	-8.28915748954310E-0004
 1.28314685987825E+0000	-9.80712660705779E-0004
 1.28907752928156E+0000	-1.09872810116095E-0003
 1.29499211704486E+0000	-1.18142556284591E-0003
 1.30089463393774E+0000	-1.22706910306843E-0003
 1.30678922458485E+0000	-1.23354596921025E-0003
 1.31268063221195E+0000	-1.19838407867521E-0003
 1.31857464843156E+0000	-1.11897405189950E-0003
 1.32447848515702E+0000	-9.92977932965567E-0004
 1.33040102690013E+0000	-8.18900251574829E-0004
 1.33635293034065E+0000	-5.96812115567780E-0004
 1.34234651609005E+0000	-3.29239911297455E-0004
 1.34839533784624E+0000	-2.22290167648023E-0005
 1.35451322614863E+0000	 3.13468977172874E-0004
 1.36071253053512E+0000	 6.61308623721423E-0004
 1.36700133890802E+0000	 9.98500828015541E-0004
 1.37337984512339E+0000	 1.29711293443821E-0003
 1.37983692763527E+0000	 1.52767128601563E-0003
 1.38634902082700E+0000	 1.66525694950797E-0003
 1.39288321549411E+0000	 1.69604455316146E-0003
 1.39940419871210E+0000	 1.62082708437065E-0003
 1.40588175257127E+0000	 1.45351158620526E-0003
 1.41229527700557E+0000	 1.21595590845177E-0003
 1.41863437301284E+0000	 9.32326024905908E-0004
 1.42489690411730E+0000	 6.25168445259395E-0004
 1.43108637424586E+0000	 3.13547444983815E-0004
 1.43720968213512E+0000	 1.25977218310487E-0005
 1.44327552727004E+0000	-2.66238266177794E-0004
 1.44929336102442E+0000	-5.14746824982019E-0004
 1.45527269507492E+0000	-7.27453857572219E-0004
 1.46122262096467E+0000	-9.01160305699151E-0004
 1.46715146127203E+0000	-1.03448877084102E-0003
 1.47306652962375E+0000	-1.12741509744915E-0003
 1.47897401479698E+0000	-1.18077441151072E-0003
 1.48487901948932E+0000	-1.19576155083881E-0003
 1.49078577500024E+0000	-1.17347770383097E-0003
 1.49669802346477E+0000	-1.11459392908783E-0003
 1.50261952294999E+0000	-1.01919843719983E-0003
 1.50855460486042E+0000	-8.86870988515104E-0004
 1.51450870657996E+0000	-7.16999908591549E-0004
 1.52048880755268E+0000	-5.09341741357011E-0004
 1.52650369438753E+0000	-2.64824323916313E-0004
 1.53256395124511E+0000	 1.34036321505085E-0005
 1.53868150922490E+0000	 3.18699845869320E-0004
 1.54486850795970E+0000	 6.39554207764644E-0004
 1.55113518309919E+0000	 9.58454840080470E-0004
 1.55748663976090E+0000	 1.25169487128338E-0003
 1.56391893583060E+0000	 1.49115820661413E-0003
 1.57041595645062E+0000	 1.64891614466452E-0003
 1.57694943941066E+0000	 1.70404803257329E-0003
 1.58348368735577E+0000	 1.64886033821875E-0003
 1.58998351035528E+0000	 1.49093503048591E-0003
 1.59642141351287E+0000	 1.24992368652413E-0003
 1.60278091860636E+0000	 9.51491270187153E-0004
 1.60905598156506E+0000	 6.21743566066819E-0004
 1.61524840782175E+0000	 2.83831073248434E-0004
 1.62136504357714E+0000	-4.33817774443592E-0005
 1.62741557552628E+0000	-3.45398743903473E-0004
 1.63341105559750E+0000	-6.11645670712406E-0004
 1.63936297661168E+0000	-8.34905635872761E-0004
 1.64528268761992E+0000	-1.01080018529121E-0003
 1.65118099143265E+0000	-1.13734596253367E-0003
 1.65706783468972E+0000	-1.21455725718381E-0003
 1.66295205859664E+0000	-1.24405053155824E-0003
 1.66884122065968E+0000	-1.22861818528317E-0003
 1.67474152200633E+0000	-1.17176520243231E-0003
 1.68065787904422E+0000	-1.07723471483255E-0003
 1.68659416338621E+0000	-9.48576530631478E-0004
 1.69255360726095E+0000	-7.88828022665945E-0004
 1.69853934313837E+0000	-6.00378860096730E-0004
 1.70455502044515E+0000	-3.85087069991781E-0004
 1.71060541244664E+0000	-1.44709319369927E-0004
 1.71669688146507E+0000	 1.18303822079747E-0004
 1.72283750762469E+0000	 3.99636318034231E-0004
 1.72903661721725E+0000	 6.91639656712892E-0004
 1.73530340308849E+0000	 9.81825774935702E-0004
 1.74164438843883E+0000	 1.25186100223491E-0003
 1.74805981379413E+0000	 1.47796138782559E-0003
 1.75453982186395E+0000	 1.63374020131319E-0003
 1.76106241178239E+0000	 1.69586612726163E-0003
 1.76759544463161E+0000	 1.65096558118087E-0003
 1.77410311162699E+0000	 1.50027709688496E-0003
 1.78055401942852E+0000	 1.25920305216069E-0003
 1.78692680982546E+0000	 9.52322190468661E-0004
 1.79321146949620E+0000	 6.07125934082933E-0004
 1.79940744058997E+0000	 2.49318769417489E-0004
 1.80552063468295E+0000	-9.95123364576477E-0005
 1.81156076934375E+0000	-4.22452566268448E-0004
 1.81753949730555E+0000	-7.06915006463407E-0004
 1.82346925721989E+0000	-9.44016907228905E-0004
 1.82936261146702E+0000	-1.12798277742160E-0003
 1.83523185317116E+0000	-1.25567338859460E-0003
 1.84108873232608E+0000	-1.32623446186763E-0003
 1.84694421784862E+0000	-1.34081704766429E-0003
 1.85280826482874E+0000	-1.30231408140175E-0003
 1.85868959327442E+0000	-1.21506796091111E-0003
 1.86459550766719E+0000	-1.08452345089961E-0003
 1.87053179747948E+0000	-9.16822894862260E-0004
 1.87650276104469E+0000	-7.18362710446369E-0004
 1.88251139355141E+0000	-4.95352583556416E-0004
 1.88855977340976E+0000	-2.53449484407608E-0004
 1.89464965410935E+0000	 2.41696240856027E-0006
 1.90078319580995E+0000	 2.67869470323826E-0004
 1.90696364546658E+0000	 5.38406912535642E-0004
 1.91319563424044E+0000	 8.08180169595793E-0004
 1.91948467815006E+0000	 1.06839011356218E-0003
 1.92583551566559E+0000	 1.30578193349216E-0003
 1.93224917928831E+0000	 1.50205188497240E-0003
 1.93871930714584E+0000	 1.63521450494013E-0003
 1.94522917371161E+0000	 1.68368505118732E-0003
 1.95175166708445E+0000	 1.63247814978367E-0003
 1.95825364358764E+0000	 1.47886846799578E-0003
 1.96470331724467E+0000	 1.23415979887191E-0003
 1.97107693719169E+0000	 9.20494441506997E-0004
 1.97736175308173E+0000	 5.64955860394935E-0004
 1.98355519337131E+0000	 1.94192295589935E-0004
 1.98966211774248E+0000	-1.68758251755578E-0004
 1.99569192868347E+0000	-5.05552330841091E-0004
 2.00165639094892E+0000	-8.02379281915290E-0004
 2.00756827028058E+0000	-1.04931591376568E-0003
 2.01344059039972E+0000	-1.23964175848721E-0003
 2.01928625974366E+0000	-1.36929828051432E-0003
 2.02511787210824E+0000	-1.43652509634025E-0003
 2.03094755554160E+0000	-1.44163710632023E-0003
 2.03678680300022E+0000	-1.38688383547610E-0003
 2.04264626049495E+0000	-1.27633321680712E-0003
 2.04853547494831E+0000	-1.11573285403601E-0003
 2.05446261844547E+0000	-9.12313576122334E-0004
 2.06043421486735E+0000	-6.74506802383507E-0004
 2.06645491069600E+0000	-4.11549200956067E-0004
 2.07252736497796E+0000	-1.32960292098954E-0004
 2.07865237476722E+0000	 1.52068360745908E-0004
 2.08482935141583E+0000	 4.35220292473747E-0004
 2.09105714587018E+0000	 7.09255124170549E-0004
 2.09733497092497E+0000	 9.67557883658840E-0004
 2.10366290146186E+0000	 1.20293581984517E-0003
 2.11004135051417E+0000	 1.40597977065168E-0003
 2.11646915989623E+0000	 1.56377454674316E-0003
 2.12294053701883E+0000	 1.66004306745771E-0003
 2.12944195433081E+0000	 1.67766492993365E-0003
 2.13595095002256E+0000	 1.60354366665003E-0003
 2.14243858371947E+0000	 1.43402927704976E-0003
 2.14887532224802E+0000	 1.17785393321351E-0003
 2.15523755923829E+0000	 8.54654197038572E-0004
 2.16151152346284E+0000	 4.90120702366669E-0004
 2.16769351126989E+0000	 1.10654507538514E-0004
 2.17378767930651E+0000	-2.60302701747609E-0004
 2.17980320134496E+0000	-6.03832072966703E-0004
 2.18575191153609E+0000	-9.05624217426573E-0004
 2.19164675882773E+0000	-1.15537727324977E-0003
 2.19750096185596E+0000	-1.34604754735883E-0003
 2.20332762660049E+0000	-1.47321988885561E-0003
 2.20913960748194E+0000	-1.53468291204578E-0003
 2.21494945343252E+0000	-1.53019811129934E-0003
 2.22076934147028E+0000	-1.46141110235525E-0003
 2.22661094826307E+0000	-1.33184385186758E-0003
 2.23248524184877E+0000	-1.14691347858551E-0003
 2.23840219104534E+0000	-9.13934571309609E-0004
 2.24437039265202E+0000	-6.42066641196830E-0004
 2.25039661843693E+0000	-3.42155816744773E-0004
 2.25648531020330E+0000	-2.63912080706104E-0005
 2.26263812849708E+0000	 2.92315923250484E-0004
 2.26885377451157E+0000	 6.01248442484025E-0004
 2.27512835090590E+0000	 8.88902915495374E-0004
 2.28145634612681E+0000	 1.14565850855422E-0003
 2.28783189007817E+0000	 1.36358919546852E-0003
 2.29424950703982E+0000	 1.53529507785907E-0003
 2.30070359375966E+0000	 1.65232293942738E-0003
 2.30718643665030E+0000	 1.70431297231725E-0003
 2.31368553954951E+0000	 1.68002443441885E-0003
 2.32018191477081E+0000	 1.57062141273980E-0003
 2.32665110001095E+0000	 1.37411339103869E-0003
 2.33306733478089E+0000	 1.09850960364805E-0003
 2.33940910410455E+0000	 7.61567850152967E-0004
 2.34566320039656E+0000	 3.87231739416016E-0004
 2.35182572470404E+0000	 8.91242222560195E-0007
 2.35790055662667E+0000	-3.74354287520526E-0004
 2.36389680900567E+0000	-7.19590832816679E-0004
 2.36982647302832E+0000	-1.02045699022006E-0003
 2.37570275502190E+0000	-1.26667181001694E-0003
 2.38153911746662E+0000	-1.45128872937663E-0003
 2.38734884082381E+0000	-1.57000198128562E-0003
 2.39314489610911E+0000	-1.62064487923637E-0003
 2.39893995493896E+0000	-1.60290719244991E-0003
 2.40474641431144E+0000	-1.51824023301146E-0003
 2.41057636061188E+0000	-1.36989305944960E-0003
 2.41644143527111E+0000	-1.16301929238549E-0003
 2.42235258880390E+0000	-9.04803126933784E-0004
 2.42831971659781E+0000	-6.04564969507019E-0004
 2.43435116022079E+0000	-2.73805331802620E-0004
 2.44045305091918E+0000	 7.38889779089136E-0005
 2.44662851299733E+0000	 4.23219238467987E-0004
 2.45287688396191E+0000	 7.58011480881603E-0004
 2.45919331680047E+0000	 1.06257846594977E-0003
 2.46556920852201E+0000	 1.32331023156300E-0003
 2.47199357350192E+0000	 1.52978312750472E-0003
 2.47845478070064E+0000	 1.67468642716668E-0003
 2.48494156730181E+0000	 1.75256797209012E-0003
 2.49144253936074E+0000	 1.75836009460940E-0003
 2.49794440713578E+0000	 1.68705438740334E-0003
 2.50443028475080E+0000	 1.53533065557309E-0003
 2.51087973291309E+0000	 1.30462672063511E-0003
 2.51727134814490E+0000	 1.00384096364434E-0003
 2.52358693516333E+0000	 6.49732013635388E-0004
 2.52981508834637E+0000	 2.64547749915924E-0004
 2.53595254611599E+0000	-1.27781953678905E-0004
 2.54200329390465E+0000	-5.05052057328706E-0004
 2.54797648653068E+0000	-8.48782387951736E-0004
 2.55388428388222E+0000	-1.14482663483739E-0003
 2.55974018471418E+0000	-1.38309349266097E-0003
 2.56555798509560E+0000	-1.55689099209993E-0003
 2.57135125752344E+0000	-1.66223454742608E-0003
 2.57713318132450E+0000	-1.69729542990826E-0003
 2.58291656257565E+0000	-1.66205682236111E-0003
 2.58871391122157E+0000	-1.55817884431576E-0003
 2.59453747707031E+0000	-1.38903487052967E-0003
 2.60039918106772E+0000	-1.15986037358728E-0003
 2.60631041055363E+0000	-8.77950252896969E-0004
 2.61228166979030E+0000	-5.52849206385845E-0004
 2.61832207982740E+0000	-1.96492408212559E-0004
 2.62443870283475E+0000	 1.76753848859144E-0004
 2.63063565497051E+0000	 5.50261192014222E-0004
 2.63691304486060E+0000	 9.05732823402832E-0004
 2.64326600366227E+0000	 1.22447545283324E-0003
 2.64968436996675E+0000	 1.48936726253696E-0003
 2.65615359983483E+0000	 1.68697023566528E-0003
 2.66265684546138E+0000	 1.80875981066774E-0003
 2.66917719768543E+0000	 1.85076068823649E-0003
 2.67569878646775E+0000	 1.81200817271109E-0003
 2.68220627818770E+0000	 1.69320773571832E-0003
 2.68868361723726E+0000	 1.49681480444065E-0003
 2.69511353529688E+0000	 1.22860411417569E-0003
 2.70147885074979E+0000	 8.99524835827861E-0004
 2.70776521988976E+0000	 5.26244251104136E-0004
 2.71396386224707E+0000	 1.29668371159830E-0004
 2.72007285816612E+0000	-2.67875799410018E-0004
 2.72609669008590E+0000	-6.45452468678505E-0004
 2.73204466422622E+0000	-9.85379087250091E-0004
 2.73792907081809E+0000	-1.27396069808443E-0003
 2.74376364302912E+0000	-1.50140202672238E-0003
 2.74956250785083E+0000	-1.66130097251865E-0003
 2.75533959914665E+0000	-1.75003119044722E-0003
 2.76110841845795E+0000	-1.76619699348023E-0003
 2.76688201537322E+0000	-1.71025256207790E-0003
 2.77267306804236E+0000	-1.58431930570874E-0003
 2.77849395800927E+0000	-1.39219443269933E-0003
 2.78435675170208E+0000	-1.13951031252602E-0003
 2.79027302745128E+0000	-8.33977990151370E-0004
 2.79625352063741E+0000	-4.85635779186409E-0004
 2.80230758932379E+0000	-1.07030525918585E-0004
 2.80844250953988E+0000	 2.86724415981519E-0004
 2.81466258729256E+0000	 6.78080575252611E-0004
 2.82096807207164E+0000	 1.04752284964792E-0003
 2.82735398978140E+0000	 1.37464576099464E-0003
 2.83380934337688E+0000	 1.64007169705479E-0003
 2.84031741888214E+0000	 1.82799110390287E-0003
 2.84685764836529E+0000	 1.92837115039879E-0003
 2.85340846342408E+0000	 1.93765419387163E-0003
 2.85994969509393E+0000	 1.85766063653855E-0003
 2.86646341379937E+0000	 1.69373885021721E-0003
 2.87293342495773E+0000	 1.45361710273917E-0003
 2.87934465372042E+0000	 1.14756456832569E-0003
 2.88568353703037E+0000	 7.89234709496664E-0004
 2.89193953473934E+0000	 3.95983879673775E-0004
 2.89810688087031E+0000	-1.20818682080866E-0005
 2.90418552675700E+0000	-4.14084903105885E-0004
 2.91018086454839E+0000	-7.90509072312784E-0004
 2.91610255021387E+0000	-1.12474164467346E-0003
 2.92196302319791E+0000	-1.40378321659237E-0003
 2.92777618114161E+0000	-1.61828156353683E-0003
 2.93355640980412E+0000	-1.76217603358913E-0003
 2.93931798308095E+0000	-1.83219857652089E-0003
 2.94507476556746E+0000	-1.82739194550588E-0003
 2.95084012895327E+0000	-1.74873750221702E-0003
 2.95662699206174E+0000	-1.59894303942906E-0003
 2.96244789266939E+0000	-1.38241166529859E-0003
 2.96831499658045E+0000	-1.10538167652453E-0003
 2.97423995548910E+0000	-7.76188931345796E-0004
 2.98023355067671E+0000	-4.05564093029093E-0004
 2.98630510602079E+0000	-6.85405190097729E-0006
 2.99246170341160E+0000	 4.03934293318362E-0004
 2.99870725269726E+0000	 8.08338876771524E-0004
 3.00504144719397E+0000	 1.18596989579477E-0003
 3.01145865657259E+0000	 1.51552522933483E-0003
 3.01794702130182E+0000	 1.77654685152353E-0003
 3.02448838353094E+0000	 1.95195186169997E-0003
 3.03105974692568E+0000	 2.03068538763517E-0003
 3.03763619518694E+0000	 2.00924335279809E-0003
 3.04419405898786E+0000	 1.89123482124259E-0003
 3.05071288186842E+0000	 1.68549470468256E-0003
 3.05717578623514E+0000	 1.40414888943262E-0003
 3.06356905228845E+0000	 1.06162096183221E-0003
 3.06988198061155E+0000	 6.74475871004142E-0004
 3.07610744495472E+0000	 2.61298373728415E-0004
 3.08224273017699E+0000	-1.58050846119219E-0004
 3.08828997206954E+0000	-5.63809026478661E-0004
 3.09425584337923E+0000	-9.37822535034215E-0004
 3.10015062097298E+0000	-1.26468803687763E-0003
 3.10598701288498E+0000	-1.53231486081698E-0003
 3.11177907514785E+0000	-1.73198355785101E-0003
 3.11754138157476E+0000	-1.85809398458820E-0003
 3.12328847189429E+0000	-1.90778413956344E-0003
 3.12903453622238E+0000	-1.88054319223717E-0003
 3.13479327602193E+0000	-1.77789223464274E-0003
 3.14057788124518E+0000	-1.60317848481961E-0003
 3.14640105895929E+0000	-1.36151463695640E-0003
 3.15227503446438E+0000	-1.05987868414270E-0003
 3.15821142993985E+0000	-7.07356927775925E-0004
 3.16422092644242E+0000	-3.15460783953102E-0004
 3.17031265192909E+0000	 1.01608848975131E-0004
 3.17649331331279E+0000	 5.26904733700445E-0004
 3.18276617059145E+0000	 9.41010330514661E-0004
 3.18912997743290E+0000	 1.32271178494305E-0003
 3.19557798369286E+0000	 1.65011446227430E-0003
 3.20209715048039E+0000	 1.90233855514011E-0003
 3.20866800540522E+0000	 2.06190254582600E-0003
 3.21526581045962E+0000	 2.11743634086768E-0003
 3.22186330638655E+0000	 2.06565673129806E-0003
 3.22843420552094E+0000	 1.91151626564225E-0003
 3.23495594484837E+0000	 1.66652642200696E-0003
 3.24141084788502E+0000	 1.34640435827315E-0003
 3.24778605465892E+0000	 9.69219654585378E-0004
 3.25407313011810E+0000	 5.54358675592878E-0004
 3.26026792183178E+0000	 1.21889895378564E-0004
 3.26637062074464E+0000	-3.08173469883958E-0004
 3.27238566958332E+0000	-7.16851439269331E-0004
 3.27832128073133E+0000	-1.08720024515988E-0003
 3.28418861033851E+0000	-1.40505518651412E-0003
 3.29000080778637E+0000	-1.65938159683964E-0003
 3.29577215030881E+0000	-1.84227973749182E-0003
 3.30151737157536E+0000	-1.94877505337374E-0003
 3.30725119852923E+0000	-1.97652230575862E-0003
 3.31298806122501E+0000	-1.92551119384412E-0003
 3.31874192891711E+0000	-1.79782230413376E-0003
 3.32452623060839E+0000	-1.59746151466275E-0003
 3.33035382032842E+0000	-1.33029644715583E-0003
 3.33623693534701E+0000	-1.00411783699527E-0003
 3.34218706975289E+0000	-6.28834182310868E-0004
 3.34821466192531E+0000	-2.16764528514267E-0004
 3.35432850174535E+0000	 2.17077943080641E-0004
 3.36053482963798E+0000	 6.54889822558263E-0004
 3.36683621748111E+0000	 1.07636091509734E-0003
 3.37323042259285E+0000	 1.45945152630660E-0003
 3.37970941020492E+0000	 1.78167117255959E-0003
 3.38625869958525E+0000	 2.02185901700107E-0003
 3.39285730871595E+0000	 2.16251171636345E-0003
 3.39947883645633E+0000	 2.19245880971647E-0003
 3.40609408532224E+0000	 2.10904213690164E-0003
 3.41267471802994E+0000	 1.91864756721356E-0003
 3.41919654999761E+0000	 1.63522168802512E-0003
 3.42564133425137E+0000	 1.27764686021241E-0003
 3.43199701377741E+0000	 8.67230778975991E-0004
 3.43825717645041E+0000	 4.25948099472865E-0004
 3.44442038000304E+0000	-2.46615129439639E-0005
 3.45048956918511E+0000	-4.64291511178829E-0004
 3.45647149743385E+0000	-8.74570604609298E-0004
 3.46237603752867E+0000	-1.23965574148870E-0003
 3.46821538781959E+0000	-1.54661657404559E-0003
 3.47400327782446E+0000	-1.78556404889903E-0003
 3.47975428195408E+0000	-1.94956445504749E-0003
 3.48548329610492E+0000	-2.03442913988696E-0003
 3.49120517395915E+0000	-2.03846791660494E-0003
 3.49693448689916E+0000	-1.96226509140160E-0003
 3.50268536481017E+0000	-1.80850641519098E-0003
 3.50847138334176E+0000	-1.58186707584402E-0003
 3.51430547244116E+0000	-1.28896830879245E-0003
 3.52019981846332E+0000	-9.38417785256653E-0004
 3.52616571030129E+0000	-5.40952271300981E-0004
 3.53221324392555E+0000	-1.09679019463194E-0004
 3.53835077557043E+0000	 3.39651502239457E-0004
 3.54458404463492E+0000	 7.88503867391956E-0004
 3.55091500151275E+0000	 1.21577897688208E-0003
 3.55734053373662E+0000	 1.59859799835087E-0003
 3.56385137375307E+0000	 1.91370941207901E-0003
 3.57043144183941E+0000	 2.13946319542260E-0003
 3.57705788644622E+0000	 2.25828791515469E-0003
 3.58370226538334E+0000	 2.25946508983305E-0003
 3.59033328297554E+0000	 2.14145466330909E-0003
 3.59692072405623E+0000	 1.91259488435220E-0003
 3.60343921335392E+0000	 1.58959144230720E-0003
 3.60987043131330E+0000	 1.19452097570366E-0003
 3.61620349994468E+0000	 7.51718506451534E-0004
 3.62243419827669E+0000	 2.85446603133884E-0004
 3.62856379175452E+0000	-1.81532849618018E-0004
 3.63459790656296E+0000	-6.28758850320901E-0004
 3.64054555014973E+0000	-1.03852042432331E-0003
 3.64641824718036E+0000	-1.39609545759125E-0003
 3.65222926699431E+0000	-1.68982184912599E-0003
 3.65799295745200E+0000	-1.91102310454768E-0003
 3.66372421136459E+0000	-2.05383002581707E-0003
 3.66943807313923E+0000	-2.11495622385320E-0003
 3.67514946669653E+0000	-2.09348114646064E-0003
 3.68087300849123E+0000	-1.99067547666214E-0003
 3.68662286676390E+0000	-1.80988193447058E-0003
 3.69241263677340E+0000	-1.55644931651988E-0003
 3.69825521419217E+0000	-1.23771458111800E-0003
 3.70416265445534E+0000	-8.63037506067281E-0004
 3.71014599269173E+0000	-4.43906985805821E-0004
 3.71621496127289E+0000	 5.86280546681838E-0006
 3.72237749481439E+0000	 4.69872094741775E-0004
 3.72863890061418E+0000	 9.28936552266664E-0004
 3.73500065307463E+0000	 1.36119451197281E-0003
 3.74145895313069E+0000	 1.74281086541625E-0003
 3.74800338487158E+0000	 2.04946406280333E-0003
 3.75461607661960E+0000	 2.25860836191216E-0003
 3.76127177264371E+0000	 2.35235308091193E-0003
 3.76793928765092E+0000	 2.32059709554026E-0003
 3.77458470760636E+0000	 2.16355347556020E-0003
 3.78117589422496E+0000	 1.89238620030375E-0003
 3.78768674866480E+0000	 1.52730127223583E-0003
 3.79409963606636E+0000	 1.09390512804416E-0003
 3.80040558966055E+0000	 6.19450771649611E-0004
 3.80660306572038E+0000	 1.30094143183374E-0004
 3.81269623079700E+0000	-3.50643169376049E-0004
 3.81869337596265E+0000	-8.02526451553124E-0004
 3.82460565179022E+0000	-1.20875882990510E-0003
 3.83044611079707E+0000	-1.55589032485741E-0003
 3.83622898926297E+0000	-1.83361930965017E-0003
 3.84196917115312E+0000	-2.03454910665105E-0003
 3.84768179658164E+0000	-2.15393561251212E-0003
 3.85338198549798E+0000	-2.18945448882313E-0003
 3.85908464591335E+0000	-2.14101063871038E-0003
 3.86480433322560E+0000	-2.01060257951888E-0003
 3.87055512909775E+0000	-1.80224187563768E-0003
 3.87635051677058E+0000	-1.52191808825286E-0003
 3.88220324215794E+0000	-1.17759849971860E-0003
 3.88812515874531E+0000	-7.79263303925019E-0004
 3.89412704580996E+0000	-3.38998243387703E-0004
 3.90021835088237E+0000	 1.28819491192309E-0004
 3.90640674261473E+0000	 6.07233569801769E-0004
 3.91269731003404E+0000	 1.07641110687730E-0003
 3.91909128449329E+0000	 1.51359050630127E-0003
 3.92558435085957E+0000	 1.89366427247965E-0003
 3.93216491078578E+0000	 2.19075784128811E-0003
 3.93881290647000E+0000	 2.38092448928801E-0003
 3.94549989942709E+0000	 2.44571959079834E-0003
 3.95219104087479E+0000	 2.37598302409547E-0003
 3.95884918109368E+0000	 2.17459040391083E-0003
 3.96544029864668E+0000	 1.85669157567709E-0003
 3.97193826779283E+0000	 1.44691066831176E-0003
 3.97832716079489E+0000	 9.74735423241614E-0004
 3.98460086216275E+0000	 4.70117779669808E-0004
 3.99076110638365E+0000	-3.94576498883438E-0005
 3.99681518109838E+0000	-5.30350265485831E-0004
 4.00277398394163E+0000	-9.83086364693354E-0004
 4.00865061149814E+0000	-1.38214993485669E-0003
 4.01445941238674E+0000	-1.71558174843189E-0003
 4.02021537419514E+0000	-1.97455894322493E-0003
 4.02593372996471E+0000	-2.15302418222862E-0003
 4.03162970382365E+0000	-2.24738437584311E-0003
 4.03731834269444E+0000	-2.25628088099214E-0003
 4.04301439699634E+0000	-2.18042755349948E-0003
 4.04873222180904E+0000	-2.02250970805977E-0003
 4.05448567680916E+0000	-1.78713293748217E-0003
 4.06028801244878E+0000	-1.48080802594180E-0003
 4.06615174129108E+0000	-1.11196213648273E-0003
 4.07208850067788E+0000	-6.90982432756433E-0004
 4.07810890185206E+0000	-2.30325501220105E-0004
 4.08422231461171E+0000	 2.55252204267295E-0004
 4.09043645342849E+0000	 7.48309194096764E-0004
 4.09675654890097E+0000	 1.22825622050068E-0003
 4.10318389753920E+0000	 1.67110365931179E-0003
 4.10971378725050E+0000	 2.04993432740631E-0003
 4.11633321272281E+0000	 2.33667723936833E-0003
 4.12301926257046E+0000	 2.50547194392419E-0003
 4.12973929989301E+0000	 2.53727289522929E-0003
 4.13645383049171E+0000	 2.42451385101112E-0003
 4.14312203992263E+0000	 2.17395461446756E-0003
 4.14970842744788E+0000	 1.80600475830016E-0003
 4.15618788308606E+0000	 1.35047710200324E-0003
 4.16254737561608E+0000	 8.40788324485661E-0004
 4.16878454944322E+0000	 3.09072889327819E-0004
 4.17490487357301E+0000	-2.16616222358301E-0004
 4.18091880949617E+0000	-7.13250500745408E-0004
 4.18683965808118E+0000	-1.16267556626822E-0003
 4.19268214855363E+0000	-1.55101433407710E-0003
 4.19846159877151E+0000	-1.86799387981176E-0003
 4.20419344982052E+0000	-2.10635742923859E-0003
 4.20989302158424E+0000	-2.26140854664356E-0003
 4.21557538713439E+0000	-2.33068364647215E-0003
 4.22125530327855E+0000	-2.31373183556556E-0003
 4.22694716013664E+0000	-2.21197882228043E-0003
 4.23266492800429E+0000	-2.02865381682863E-0003
 4.23842209032294E+0000	-1.76876109663105E-0003
 4.24423156138794E+0000	-1.43908237350265E-0003
 4.25010559666444E+0000	-1.04820691616533E-0003
 4.25605570563408E+0000	-6.06608447104385E-0004
 4.26209255727295E+0000	-1.26819517110770E-0004
 4.26822580892001E+0000	 3.76222862687455E-0004
 4.27446368693469E+0000	 8.84613866403167E-0004
 4.28081204066690E+0000	 1.37678623543338E-0003
 4.28727258211638E+0000	 1.82703640832411E-0003
 4.29384025866974E+0000	 2.20594856460472E-0003
 4.30050027288845E+0000	 2.48254517457426E-0003
 4.30722600871036E+0000	 2.62863458836908E-0003
 4.31397955317982E+0000	 2.62478777534279E-0003
 4.32071598124107E+0000	 2.46598740977179E-0003
 4.32739082419576E+0000	 2.16420429678895E-0003
 4.33396796523010E+0000	 1.74613853071633E-0003
 4.34042456579001E+0000	 1.24706106373508E-0003
 4.34675155978140E+0000	 7.03856807548170E-0004
 4.35295092298105E+0000	 1.50007402026147E-0004
 4.35903194024939E+0000	-3.86718172697442E-0004
 4.36500800172606E+0000	-8.84572716319486E-0004
 4.37089441411744E+0000	-1.32715568241662E-0003
 4.37670711153911E+0000	-1.70246078591484E-0003
 4.38246198469888E+0000	-2.00199045503038E-0003
 4.38817457987268E+0000	-2.22005449317129E-0003
 4.39385999576824E+0000	-2.35326359831153E-0003
 4.39953287215893E+0000	-2.40018850613040E-0003
 4.40520740984400E+0000	-2.36114641054872E-0003
 4.41089739058563E+0000	-2.23807964050187E-0003
 4.41661618364442E+0000	-2.03449900395170E-0003
 4.42237673718662E+0000	-1.75547297476527E-0003
 4.42819156112804E+0000	-1.40765501717380E-0003
 4.43407271215768E+0000	-9.99358318236380E-0004
 4.44003178487667E+0000	-5.40713049297521E-0004
 4.44607988132740E+0000	-4.39722822718815E-0005
 4.45222745859272E+0000	 4.75950793957520E-0004
 4.45848383760081E+0000	 1.00067261233860E-0003
 4.46485603336956E+0000	 1.50737353923373E-0003
 4.47134654839122E+0000	 1.96811634156865E-0003
 4.47795004759519E+0000	 2.35031514919399E-0003
 4.48464957994194E+0000	 2.61946766435419E-0003
 4.49141409423641E+0000	 2.74479403283241E-0003
 4.49819962845173E+0000	 2.70684815049921E-0003
 4.50495553744360E+0000	 2.50407449165701E-0003
 4.51163421316673E+0000	 2.15457998105275E-0003
 4.51819999818464E+0000	 1.69167745213401E-0003
 4.52463335220268E+0000	 1.15564171460084E-0003
 4.53092970184573E+0000	 5.85907961374529E-0004
 4.53709532354286E+0000	 1.63543192898681E-0005
 4.54314291542202E+0000	-5.26255691684245E-0004
 4.54908823926307E+0000	-1.02188660459345E-0003
 4.55494804221423E+0000	-1.45607981315283E-0003
 4.56073895691744E+0000	-1.81872343663273E-0003
 4.56647701444685E+0000	-2.10302070594511E-0003
 4.57217749595784E+0000	-2.30471766120619E-0003
 4.57785495097743E+0000	-2.42156451545741E-0003
 4.58352328417306E+0000	-2.45296123422515E-0003
 4.58919585947884E+0000	-2.39973893706374E-0003
 4.59488559914865E+0000	-2.26403851287325E-0003
 4.60060507233246E+0000	-2.04926047032627E-0003
 4.60636657720666E+0000	-1.76007397139033E-0003
 4.61218222424454E+0000	-1.40248888548767E-0003
 4.61806402453884E+0000	-9.84014372700593E-0004
 4.62402397022092E+0000	-5.13951791923776E-0004
 4.63007405258800E+0000	-3.89369208120000E-0006
 4.63622608393123E+0000	 5.31494258612328E-0004
 4.64249106719911E+0000	 1.07338621397266E-0003
 4.64887772580368E+0000	 1.59756177985445E-0003
 4.65538977839129E+0000	 2.07355267861178E-0003
 4.66202185777154E+0000	 2.46522678709149E-0003
 4.66875490973130E+0000	 2.73421654967457E-0003
 4.67555336741286E+0000	 2.84700017734164E-0003
 4.68236723421998E+0000	 2.78422543028678E-0003
 4.68914052563965E+0000	 2.54798833899629E-0003
 4.69582323048571E+0000	 2.16238464532881E-0003
 4.70238083611420E+0000	 1.66661358963688E-0003
 4.70879730364022E+0000	 1.10485286828996E-0003
 4.71507218460237E+0000	 5.18032358130789E-0004
 4.72121532323115E+0000	-6.03019606484373E-0005
 4.72724199028292E+0000	-6.04743864105844E-0004
 4.73316953716803E+0000	-1.09702840618711E-0003
 4.73901549234216E+0000	-1.52451508607526E-0003
 4.74479665174772E+0000	-1.87876539790334E-0003
 4.75052875051327E+0000	-2.15441508806033E-0003
 4.75622643870182E+0000	-2.34835174717702E-0003
 4.76190339977856E+0000	-2.45914565193266E-0003
 4.76757252611632E+0000	-2.48667323760336E-0003
 4.77324611074125E+0000	-2.43188267917468E-0003
 4.77893604003946E+0000	-2.29666636174414E-0003
 4.78465398547675E+0000	-2.08382136587318E-0003
 4.79041159720981E+0000	-1.79709545769504E-0003
 4.79622070021617E+0000	-1.44133263841404E-0003
 4.80209348335516E+0000	-1.02274989546265E-0003
 4.80804264912804E+0000	-5.49395568881246E-0004
 4.81408144749863E+0000	-3.18554918000509E-0005
 4.82022343807931E+0000	 5.15730058467987E-0004
 4.82648170372753E+0000	 1.07433579814942E-0003
 4.83286709919294E+0000	 1.61859193060595E-0003
 4.83938507359398E+0000	 2.11578218556250E-0003
 4.84603093088937E+0000	 2.52650211518449E-0003
 4.85278447670643E+0000	 2.80865023323485E-0003
 4.85960681790521E+0000	 2.92575504776124E-0003
 4.86644316670255E+0000	 2.85783662140697E-0003
 4.87323320615029E+0000	 2.60934099563462E-0003
 4.87992494948002E+0000	 2.20860561310194E-0003
 4.88648466350262E+0000	 1.69890421722917E-0003
 4.89289876129292E+0000	 1.12688986011540E-0003
 4.89916954397032E+0000	 5.34178080990870E-0004
 4.90530907049378E+0000	-4.62551471346409E-0005
 4.91133403982487E+0000	-5.90212881338504E-0004
 4.91726249679998E+0000	-1.08084689504566E-0003
 4.92311206807536E+0000	-1.50689414967566E-0003
 4.92889918861339E+0000	-1.86112169384330E-0003
 4.93463888615683E+0000	-2.13912287801141E-0003
 4.94034485245171E+0000	-2.33844449225339E-0003
 4.94602965059136E+0000	-2.45798041187310E-0003
 4.95170498112708E+0000	-2.49756937035688E-0003
 4.95738197021873E+0000	-2.45774987161415E-0003
 4.96307146415800E+0000	-2.33964253710968E-0003
 4.96878432391742E+0000	-2.14494620214241E-0003
 4.97453171511593E+0000	-1.87604840821652E-0003
 4.98032538477729E+0000	-1.53626434212290E-0003
 4.98617790585386E+0000	-1.13023220518230E-0003
 4.99210284935157E+0000	-6.64508287774369E-0004
 4.99811480275375E+0000	-1.48418413898490E-0004
 5.00422907883423E+0000	 4.04780170051367E-0004
 5.01046084015041E+0000	 9.76426944518592E-0004
 5.01682321735786E+0000	 1.54085446538226E-0003
 5.02332392604380E+0000	 2.06423336756902E-0003
 5.02996017172160E+0000	 2.50511130765867E-0003
 5.03671274229850E+0000	 2.81848961284144E-0003
 5.04354223578838E+0000	 2.96471346135747E-0003
 5.05039181228592E+0000	 2.92138710165944E-0003
 5.05719843397896E+0000	 2.69219011066959E-0003
 5.06390800930565E+0000	 2.30622233798745E-0003
 5.07048596174293E+0000	 1.80806188915036E-0003
 5.07691884332019E+0000	 1.24529418409954E-0003
 5.08320944758907E+0000	 6.59786271017908E-0004
 5.08937021874318E+0000	 8.42136418122393E-0005
 5.09541793495731E+0000	-4.57834232509029E-0004
 5.10137037366354E+0000	-9.50217511189261E-0004
 5.10724457204086E+0000	-1.38233599384595E-0003
 5.11305610264306E+0000	-1.74746836343829E-0003
 5.11881892146290E+0000	-2.04148845613881E-0003
 5.12454551618419E+0000	-2.26193358512088E-0003
 5.13024720237728E+0000	-2.40736242830926E-0003
 5.13593448521396E+0000	-2.47694383192693E-0003
 5.14161744168467E+0000	-2.47023163978233E-0003
 5.14730609784617E+0000	-2.38709420251227E-0003
 5.15301078585813E+0000	-2.22777881768586E-0003
 5.15874247059253E+0000	-1.99310207667858E-0003
 5.16451303638438E+0000	-1.68476886303580E-0003
 5.17033551912690E+0000	-1.30583731280466E-0003
 5.17622425225995E+0000	-8.61364643012259E-0004
 5.18219485843776E+0000	-3.59285572109144E-0004
 5.18826394963753E+0000	 1.88421706722297E-0004
 5.19444828607705E+0000	 7.64268623979739E-0004
 5.20076299657806E+0000	 1.34362527619061E-0003
 5.20721835901995E+0000	 1.89342231797893E-0003
 5.21381482937178E+0000	 2.37232438537439E-0003
 5.22053696673350E+0000	 2.73420849589742E-0003
 5.22734892051456E+0000	 2.93652349553134E-0003
 5.23419598668541E+0000	 2.95235323754720E-0003
 5.24101499041936E+0000	 2.78035937262706E-0003
 5.24774968246928E+0000	 2.44556566628735E-0003
 5.25436241597851E+0000	 1.99013674713167E-0003
 5.26083679406893E+0000	 1.46068582818264E-0003
 5.26717323128152E+0000	 8.98930413736033E-0004
 5.27338234047662E+0000	 3.37706259256244E-0004
 5.27947941193420E+0000	-1.99187661899186E-0004
 5.28548087651206E+0000	-6.95415106556794E-0004
 5.29140243500635E+0000	-1.14014583650170E-0003
 5.29725828374170E+0000	-1.52630725890337E-0003
 5.30306098092110E+0000	-1.84921650571883E-0003
 5.30882165992935E+0000	-2.10559473799779E-0003
 5.31455041231064E+0000	-2.29291420627339E-0003
 5.32025673324392E+0000	-2.40902020455215E-0003
 5.32594996411591E+0000	-2.45197323537850E-0003
 5.33163969437897E+0000	-2.42006291795970E-0003
 5.33733610500518E+0000	-2.31195412603368E-0003
 5.34305025001928E+0000	-2.12693869805705E-0003
 5.34879427964435E+0000	-1.86528315554031E-0003
 5.35458160609766E+0000	-1.52868338667991E-0003
 5.36042699745926E+0000	-1.12085924279349E-0003
 5.36634655074492E+0000	-6.48341375462810E-0004
 5.37235743389459E+0000	-1.21509811747425E-0004
 5.37847718821597E+0000	 4.44084146851449E-0004
 5.38472224885193E+0000	 1.02619337344355E-0003
 5.39110522100499E+0000	 1.59451113509737E-0003
 5.39763052754058E+0000	 2.11037265987091E-0003
 5.40428872188614E+0000	 2.52912125638790E-0003
 5.41105144064914E+0000	 2.80685424151232E-0003
 5.41787098493194E+0000	 2.91134297696046E-0003
 5.42468801419531E+0000	 2.83269209345149E-0003
 5.43144552386868E+0000	 2.58679392476924E-0003
 5.43810149276608E+0000	 2.20883924182163E-0003
 5.44463377230865E+0000	 1.74163291556565E-0003
 5.45103741008504E+0000	 1.22563556357847E-0003
 5.45731870487426E+0000	 6.93868868049890E-0004
 5.46348961532035E+0000	 1.70926712602039E-0004
 5.46956391135622E+0000	-3.25853880015519E-0004
 5.47555503247032E+0000	-7.84537626860052E-0004
 5.48147517145382E+0000	-1.19680632218735E-0003
 5.48733511795943E+0000	-1.55653304386741E-0003
 5.49314452044838E+0000	-1.85877963645973E-0003
 5.49891233528198E+0000	-2.09918728694085E-0003
 5.50464731245728E+0000	-2.27369065681471E-0003
 5.51035842905048E+0000	-2.37847198676515E-0003
 5.51605523040804E+0000	-2.41007453800080E-0003
 5.52174807543980E+0000	-2.36561120769028E-0003
 5.52744830400523E+0000	-2.24302930898351E-0003
 5.53316835096554E+0000	-2.04142056274657E-0003
 5.53892182447558E+0000	-1.76139175894505E-0003
 5.54472354685490E+0000	-1.40553384968585E-0003
 5.55058952376387E+0000	-9.79043735871145E-0004
 5.55653675630623E+0000	-4.90559167627213E-0004
 5.56258273287301E+0000	 4.67508883305561E-0005
 5.56874432921225E+0000	 6.13873965394305E-0004
 5.57503573211811E+0000	 1.18465126585402E-0003
 5.58146499949452E+0000	 1.72511614421914E-0003
 5.58802926277591E+0000	 2.19469179813091E-0003
 5.59470974960465E+0000	 2.55081284096244E-0003
 5.60146958343107E+0000	 2.75755512615384E-0003
 5.60825787907009E+0000	 2.79575470510415E-0003
 5.61502047642073E+0000	 2.66896782422404E-0003
 5.62171222633300E+0000	 2.40105748619495E-0003
 5.62830426942042E+0000	 2.02721711659094E-0003
 5.63478419367015E+0000	 1.58423276426247E-0003
 5.64115172625313E+0000	 1.10419284771321E-0003
 5.64741353825221E+0000	 6.12229153047859E-0004
 5.65357918411183E+0000	 1.26907464179970E-0004
 5.65965865085631E+0000	-3.38238159647999E-0004
 5.66566125441192E+0000	-7.72996674996243E-0004
 5.67159543904059E+0000	-1.16907191106488E-0003
 5.67746907313832E+0000	-1.51914103495537E-0003
 5.68328993007790E+0000	-1.81637153924433E-0003
 5.68906614919370E+0000	-2.05429716861803E-0003
 5.69480657347470E+0000	-2.22692072569485E-0003
 5.70052094238114E+0000	-2.32892385842425E-0003
 5.70621996931743E+0000	-2.35590260244711E-0003
 5.71191535265170E+0000	-2.30459306700106E-0003
 5.71761976463171E+0000	-2.17309039785521E-0003
 5.72334684440332E+0000	-1.96109094475567E-0003
 5.72911119658912E+0000	-1.67020372306211E-0003
 5.73492836683251E+0000	-1.30438591661939E-0003
 5.74081472620466E+0000	-8.70558643103544E-0004
 5.74678713974416E+0000	-3.79446148188312E-0004
 5.75286221481373E+0000	 1.53367634408252E-0004
 5.75905483380175E+0000	 7.06300123217088E-0004
 5.76537563851193E+0000	 1.25095328919694E-0003
 5.77182732732735E+0000	 1.75245306953259E-0003
 5.77840033397347E+0000	 2.17216335111597E-0003
 5.78506974850623E+0000	 2.47366965580765E-0003
 5.79179632225486E+0000	 2.63109262247517E-0003
 5.79853315582919E+0000	 2.63606093048725E-0003
 5.80523581327929E+0000	 2.49905610587918E-0003
 5.81187069326688E+0000	 2.24429428081587E-0003
 5.81841804222455E+0000	 1.90164138264987E-0003
 5.82487004462502E+0000	 1.49985415929066E-0003
 5.83122672297519E+0000	 1.06309080146684E-0003
 5.83749203247676E+0000	 6.10302156179659E-0004
 5.84367123636384E+0000	 1.56243572172218E-0004
 5.84976966753187E+0000	-2.87019148312633E-0004
 5.85579252561669E+0000	-7.08810938490807E-0004
 5.86174523840943E+0000	-1.09906241933655E-0003
 5.86763397382030E+0000	-1.44805609976077E-0003
 5.87346603451264E+0000	-1.74655222089849E-0003
 5.87925003184968E+0000	-1.98609214597820E-0003
 5.88499586110291E+0000	-2.15931569895079E-0003
 5.89071455999501E+0000	-2.26020610833047E-0003
 5.89641813666899E+0000	-2.28424815909402E-0003
 5.90211942691266E+0000	-2.22853115329598E-0003
 5.90783200661104E+0000	-2.09184872369576E-0003
 5.91357015494288E+0000	-1.87485213376571E-0003
 5.91934883724400E+0000	-1.58031160098023E-0003
 5.92518364800965E+0000	-1.21353518746945E-0003
 5.93109061615670E+0000	-7.82983063592699E-0004
 5.93708572016305E+0000	-3.01082201560195E-0004
 5.94318389448761E+0000	 2.14835777830362E-0004
 5.94939726677364E+0000	 7.41724305922638E-0004
 5.95573245011579E+0000	 1.25067972744269E-0003
 5.96218710774691E+0000	 1.70832708472446E-0003
 5.96874683465859E+0000	 2.08058684270224E-0003
 5.97538431520169E+0000	 2.33876307258798E-0003
 5.98206258309267E+0000	 2.46600958519127E-0003
 5.98874208496968E+0000	 2.46085257367194E-0003
 5.99538842561294E+0000	 2.33564200221460E-0003
 6.00197711581954E+0000	 2.11106824784365E-0003
 6.00849399922757E+0000	 1.81002273890527E-0003
 6.01493269515676E+0000	 1.45344016339886E-0003
 6.02129125117222E+0000	 1.05880752579698E-0003
 6.02756955666622E+0000	 6.40625423517441E-0004
 6.03376807952541E+0000	 2.11700232260204E-0004
 6.03988776612412E+0000	-2.15654156625198E-0004
 6.04593059181585E+0000	-6.29001830156067E-0004
 6.05190021325220E+0000	-1.01582534535419E-0003
 6.05780235768382E+0000	-1.36399879148089E-0003
 6.06364484166648E+0000	-1.66238529507583E-0003
 6.06943730483775E+0000	-1.90132833946176E-0003
 6.07519081733206E+0000	-2.07294315052855E-0003
 6.08091749846205E+0000	-2.17122507074031E-0003
 6.08663022558979E+0000	-2.19204673818313E-0003
 6.09234245640682E+0000	-2.13312653486430E-0003
 6.09806814949860E+0000	-1.99404019156017E-0003
 6.10382174404323E+0000	-1.77633248689856E-0003
 6.10961814033589E+0000	-1.48377320965312E-0003
 6.11547259895815E+0000	-1.12278861606342E-0003
 6.12140044125460E+0000	-7.03076179021400E-0004
 6.12741638831599E+0000	-2.38357155170925E-0004
 6.13353333950282E+0000	 2.52889475661015E-0004
 6.13976042296066E+0000	 7.47059502949670E-0004
 6.14610036118310E+0000	 1.21601023227330E-0003
 6.15254669869410E+0000	 1.62929824538472E-0003
 6.15908214270415E+0000	 1.95837517967666E-0003
 6.16567958339280E+0000	 2.18190007399354E-0003
 6.17230643537646E+0000	 2.28996934663441E-0003
 6.17893086867665E+0000	 2.28496076604556E-0003
 6.18552703609426E+0000	 2.17855923205012E-0003
 6.19207714479981E+0000	 1.98686080434810E-0003
 6.19857038162164E+0000	 1.72613103025348E-0003
 6.20500026463724E+0000	 1.41069092419373E-0003
 6.21136214537456E+0000	 1.05290952393649E-0003
 6.21765187624398E+0000	 6.64392960149697E-0004
 6.22386580251827E+0000	 2.57289609995463E-0004
 6.23000161222924E+0000	-1.55050594423767E-0004
 6.23605934016803E+0000	-5.58283966257756E-0004
 6.24204197711685E+0000	-9.37894432832429E-0004
 6.24795549811596E+0000	-1.28017966171430E-0003
 6.25380843735015E+0000	-1.57304269892075E-0003
 6.25961126314123E+0000	-1.80644323119894E-0003
 6.26537577160025E+0000	-1.97254021639601E-0003
 6.27111461931576E+0000	-2.06564012524687E-0003
 6.27684102715711E+0000	-2.08207271402666E-0003
