-6.73396959507430E-0004	-1.48641826930648E-0003
 5.18884034988640E-0003	-1.35517502534075E-0003
 1.10690427629804E-0002	-1.17605149210277E-0003
 1.69751030698486E-0002	-9.48219223037641E-0004
 2.29168739226993E-0002	-6.71891409980069E-0004
 2.89062444234877E-0002	-3.49328787726622E-0004
 3.49568712605699E-0002	 1.39429407224456E-0005
 4.10833877410654E-0002	 4.07736156403922E-0004
 4.72998103027350E-0002	 8.15772674856536E-0004
 5.36168108313729E-0002	 1.21465454587884E-0003
 6.00377376622915E-0002	 1.57413338916737E-0003
 6.65540694462623E-0002	 1.85996856114059E-0003
 7.31423864629493E-0002	 2.04019755188488E-0003
 7.97657966936128E-0002	 2.09352161788572E-0003
 8.63810209699782E-0002	 2.01578191687377E-0003
 9.29482544424997E-0002	 1.82053115165589E-0003
 9.94386885827643E-0002	 1.53367527169213E-0003
 1.05836895143936E-0001	 1.18594661535448E-0003
 1.12139062405696E-0001	 8.06891203091214E-0004
 1.18349580141440E-0001	 4.21621622904128E-0004
 1.24477767216438E-0001	 4.97777215901459E-0005
 1.30535402714017E-0001	-2.94291965921986E-0004
 1.36535058989235E-0001	-6.00849057859723E-0004
 1.42489026666724E-0001	-8.63955235402826E-0004
 1.48408630019014E-0001	-1.08067318987100E-0003
 1.54303801610480E-0001	-1.25030571335538E-0003
 1.60182855182802E-0001	-1.37366236447722E-0003
 1.66052446240415E-0001	-1.45234833205460E-0003
 1.71917734059531E-0001	-1.48809787042939E-0003
 1.77782754071190E-0001	-1.48220813249197E-0003
 1.83650979209105E-0001	-1.43515097647472E-0003
 1.89526006408198E-0001	-1.34643654899643E-0003
 1.95412270681794E-0001	-1.21477144918608E-0003
 2.01315680553165E-0001	-1.03851035488457E-0003
 2.07244085195945E-0001	-8.16365853673662E-0004
 2.13207507083097E-0001	-5.48332541835943E-0004
 2.19218077371255E-0001	-2.36794642528193E-0004
 2.25289573626789E-0001	 1.12204195235932E-0004
 2.31436378756867E-0001	 4.87589970634100E-0004
 2.37671592229315E-0001	 8.71997416557288E-0004
 2.44004042933435E-0001	 1.24114352568217E-0003
 2.50434302771697E-0001	 1.56477976552472E-0003
 2.56950704407887E-0001	 1.81031946697076E-0003
 2.63527550336809E-0001	 1.94938068518430E-0003
 2.70127850109157E-0001	 1.96532735164603E-0003
 2.76710683480612E-0001	 1.85803023433043E-0003
 2.83239946564132E-0001	 1.64312040449520E-0003
 2.89690351603152E-0001	 1.34662061814301E-0003
 2.96049004515139E-0001	 9.98300949306899E-0004
 3.02313688701490E-0001	 6.26510745128195E-0004
 3.08489846397345E-0001	 2.55310100696741E-0004
 3.14587637101565E-0001	-9.65554521044575E-0005
 3.20619617534077E-0001	-4.15594221384466E-0004
 3.26599086649844E-0001	-6.93000214955047E-0004
 3.32538956608360E-0001	-9.23902144206989E-0004
 3.38450995624640E-0001	-1.10656973566605E-0003
 3.44345335944713E-0001	-1.24161591366029E-0003
 3.50230199352416E-0001	-1.33119454493598E-0003
 3.56111840712515E-0001	-1.37819804424854E-0003
 3.61994733302020E-0001	-1.38549099699628E-0003
 3.67882009363683E-0001	-1.35525602151865E-0003
 3.73776127203730E-0001	-1.28855311788338E-0003
 3.79679679903804E-0001	-1.18518456034438E-0003
 3.85596218627599E-0001	-1.04391232841538E-0003
 3.91530956941341E-0001	-8.63015014275749E-0004
 3.97491249138575E-0001	-6.41126726806977E-0004
 4.03486769129857E-0001	-3.78289540732146E-0004
 4.09529324434207E-0001	-7.71642688167388E-0005
 4.15632203430508E-0001	 2.55652886477776E-0004
 4.21808883240828E-0001	 6.08318558631011E-0004
 4.28070877029752E-0001	 9.62718858108760E-0004
 4.34424604034153E-0001	 1.29432097378923E-0003
 4.40867619489548E-0001	 1.57378748592826E-0003
 4.47385416599803E-0001	 1.77112221949964E-0003
 4.53950816621625E-0001	 1.86203452869323E-0003
 4.60527530514081E-0001	 1.83435618102489E-0003
 4.67077242500098E-0001	 1.69136316427119E-0003
 4.73567179366114E-0001	 1.45032382090508E-0003
 4.79975019627017E-0001	 1.13745556227418E-0003
 4.86290082826464E-0001	 7.82024794612354E-0004
 4.92511764525094E-0001	 4.11712875546616E-0004
 4.98646794405769E-0001	 4.99308067140795E-0005
 5.04706475126252E-0001	-2.85222533436712E-0004
 5.10704428394934E-0001	-5.80963659283033E-0004
 5.16654942859439E-0001	-8.29303717221314E-0004
 5.22571824969953E-0001	-1.02632182334978E-0003
 5.28467613502277E-0001	-1.17138228564593E-0003
 5.34353050764572E-0001	-1.26633907591429E-0003
 5.40236760494232E-0001	-1.31472271033011E-0003
 5.46125137091018E-0001	-1.32090375881177E-0003
 5.52022484004624E-0001	-1.28926129711107E-0003
 5.57931435601497E-0001	-1.22343548574187E-0003
 5.63853652071760E-0001	-1.12578399328242E-0003
 5.69790706289581E-0001	-9.97164604098486E-0004
 5.75745018410313E-0001	-8.37121024456224E-0004
 5.81720669896900E-0001	-6.44474484027735E-0004
 5.87723949280509E-0001	-4.18256770944629E-0004
 5.93763522071808E-0001	-1.58887088849033E-0004
 5.99850140320141E-0001	 1.30509529247141E-0004
 6.05995793174426E-0001	 4.42756682408803E-0004
 6.12212165617037E-0001	 7.65438738740347E-0004
 6.18508288076882E-0001	 1.08022154680484E-0003
 6.24887450452045E-0001	 1.36326471781279E-0003
 6.31343939385178E-0001	 1.58742239300089E-0003
 6.37860842713645E-0001	 1.72656702753379E-0003
 6.44410499116275E-0001	 1.76129773264628E-0003
 6.50958400992347E-0001	 1.68400452280497E-0003
 6.57469547759823E-0001	 1.50098644996412E-0003
 6.63914778065300E-0001	 1.23070876580861E-0003
 6.70274801058829E-0001	 8.99289148856316E-0004
 6.76541168278639E-0001	 5.35308502421064E-0004
 6.82714886756008E-0001	 1.65633231048939E-0004
 6.88803921407355E-0001	-1.87098912195016E-0004
 6.94820605336250E-0001	-5.05498649074761E-0004
 7.00779485018914E-0001	-7.77451862824952E-0004
 7.06695728963930E-0001	-9.95631778688169E-0004
 7.12584020086763E-0001	-1.15681460153923E-0003
 7.18457792174968E-0001	-1.26115428545048E-0003
 7.24328692643905E-0001	-1.31145818444046E-0003
 7.30206209791918E-0001	-1.31244559960667E-0003
 7.36097465355340E-0001	-1.26995964360122E-0003
 7.42007222529671E-0001	-1.19013237651304E-0003
 7.47938176218019E-0001	-1.07856207832321E-0003
 7.53891560804632E-0001	-9.39625930177978E-0004
 7.59868033364836E-0001	-7.76086725920589E-0004
 7.65868695401649E-0001	-5.89130201718970E-0004
 7.71896047837570E-0001	-3.78890289965547E-0004
 7.77954662250381E-0001	-1.45416280619128E-0004
 7.84051390113994E-0001	 1.10049135520322E-0004
 7.90194986374450E-0001	 3.83661360693093E-0004
 7.96395064778836E-0001	 6.67651081698840E-0004
 8.02660341256310E-0001	 9.49367395172287E-0004
 8.08996222201854E-0001	 1.21107541779577E-0003
 8.15402041097882E-0001	 1.43098217558579E-0003
 8.21868645394321E-0001	 1.58585080400787E-0003
 8.28377380265088E-0001	 1.65506620763944E-0003
 8.34901406503960E-0001	 1.62520774887899E-0003
 8.41409487517856E-0001	 1.49356538711779E-0003
 8.47871228522222E-0001	 1.26920068443042E-0003
 8.54262026826826E-0001	 9.71160481306517E-0004
 8.60566209076250E-0001	 6.24668154948764E-0004
 8.66777788359439E-0001	 2.56775084559327E-0004
 8.72899286042881E-0001	-1.07230228375799E-0004
 8.78939561844226E-0001	-4.46055385375749E-0004
 8.84911512039893E-0001	-7.43346163942243E-0004
 8.90830127091028E-0001	-9.87737335995415E-0004
 8.96711049802962E-0001	-1.17243613951696E-0003
 9.02569570242334E-0001	-1.29463662146226E-0003
 9.08419923061724E-0001	-1.35491599362534E-0003
 9.14274763310594E-0001	-1.35665158144919E-0003
 9.20144745520074E-0001	-1.30542937161042E-0003
 9.26038194264749E-0001	-1.20838945969824E-0003
 9.31960917618870E-0001	-1.07346847688764E-0003
 9.37916259688434E-0001	-9.08553998240202E-0004
 9.43905489454472E-0001	-7.20650692102932E-0004
 9.49928559208645E-0001	-5.15240761888149E-0004
 9.55985142348442E-0001	-2.96052317697613E-0004
 9.62075724020575E-0001	-6.53893294208889E-0005
 9.68202438076991E-0001	 1.74967007917562E-0004
 9.74369362741656E-0001	 4.22445228817152E-0004
 9.80582090580902E-0001	 6.72248699736644E-0004
 9.86846528954667E-0001	 9.16156280130183E-0004
 9.93167041435172E-0001	 1.14193704364609E-0003
 9.99544225380242E-0001	 1.33373178659278E-0003
 1.00597283799065E+0000	 1.47362379504901E-0003
 1.01244054286963E+0000	 1.54431917342215E-0003
 1.01892808572760E+0000	 1.53242994003995E-0003
 1.02541114016061E+0000	 1.43151061087912E-0003
 1.03186352454177E+0000	 1.24395661211355E-0003
 1.03826101929451E+0000	 9.81167720149504E-0004
 1.04458478669577E+0000	 6.61904833019228E-0004
 1.05082352201298E+0000	 3.09357828047383E-0004
 1.05697395342031E+0000	-5.21615844770336E-0005
 1.06303992730480E+0000	-4.00018561902793E-0004
 1.06903070741491E+0000	-7.15067406970970E-0004
 1.07495912626292E+0000	-9.82471908982626E-0004
 1.08083999030531E+0000	-1.19181041936453E-0003
 1.08668887415865E+0000	-1.33679496759191E-0003
 1.09252126405359E+0000	-1.41485306744027E-0003
 1.09835193818148E+0000	-1.42670656946850E-0003
 1.10419446741403E+0000	-1.37598453977593E-0003
 1.11006075227479E+0000	-1.26883883626543E-0003
 1.11596056524423E+0000	-1.11349085112275E-0003
 1.12190113553894E+0000	-9.19628997343934E-0004
 1.12788688622997E+0000	-6.97611221456763E-0004
 1.13391948243231E+0000	-4.57516846309534E-0004
 1.13999832650319E+0000	-2.08223944396107E-0004
 1.14612150403396E+0000	 4.31999312224343E-0005
 1.15228696885750E+0000	 2.91509593494351E-0004
 1.15849356774155E+0000	 5.32585766208530E-0004
 1.16474147618913E+0000	 7.62203304490943E-0004
 1.17103178625105E+0000	 9.74687028469942E-0004
 1.17736527912488E+0000	 1.16197449107564E-0003
 1.18374071304334E+0000	 1.31351712818497E-0003
 1.19015316606895E+0000	 1.41720611299827E-0003
 1.19659301092099E+0000	 1.46116580828174E-0003
 1.20304590796601E+0000	 1.43594256828476E-0003
 1.20949384982281E+0000	 1.33650149907198E-0003
 1.21591698543328E+0000	 1.16358223032079E-0003
 1.22229584458554E+0000	 9.24198732583939E-0004
 1.22861359868204E+0000	 6.31221056017005E-0004
 1.23485798173133E+0000	 3.02080340540427E-0004
 1.24102249293181E+0000	-4.31806902146017E-0005
 1.24710665702061E+0000	-3.84076747728213E-0004
 1.25311541998546E+0000	-7.01578310216580E-0004
 1.25905801120578E+0000	-9.79421823224700E-0004
 1.26494666011209E+0000	-1.20478292120998E-0003
 1.27079544334186E+0000	-1.36845978943448E-0003
 1.27661937560621E+0000	-1.46477675421980E-0003
 1.28243373176384E+0000	-1.49138521497233E-0003
 1.28825352178032E+0000	-1.44906891279617E-0003
 1.29409302087516E+0000	-1.34158917672927E-0003
 1.29996526719226E+0000	-1.17554364887216E-0003
 1.30588147317754E+0000	-9.60158983286845E-0004
 1.31185035997063E+0000	-7.06899793811784E-0004
 1.31787752043024E+0000	-4.28775854814400E-0004
 1.32396502381803E+0000	-1.39306037650291E-0004
 1.33011152259733E+0000	 1.48727345297179E-0004
 1.33631300980127E+0000	 4.24383167597883E-0004
 1.34256407572689E+0000	 6.79077934531513E-0004
 1.34885917519602E+0000	 9.06251205754990E-0004
 1.35519330909011E+0000	 1.10034640320335E-0003
 1.36156178682343E+0000	 1.25567596980402E-0003
 1.36795922668300E+0000	 1.36583025542300E-0003
 1.37437836247969E+0000	 1.42400271142983E-0003
 1.38080931436838E+0000	 1.42411451614374E-0003
 1.38723970150000E+0000	 1.36222201335191E-0003
 1.39365551137945E+0000	 1.23762620717132E-0003
 1.40004232121765E+0000	 1.05338574189736E-0003
 1.40638648732148E+0000	 8.16296969285328E-0004
 1.41267615927156E+0000	 5.36553262839645E-0004
 1.41890215148212E+0000	 2.27198540285052E-0004
 1.42505867974529E+0000	-9.66454927277312E-0005
 1.43114385494535E+0000	-4.18793072781712E-0004
 1.43715979833178E+0000	-7.23140108426777E-0004
 1.44311234727577E+0000	-9.94739485269090E-0004
 1.44901045947714E+0000	-1.22063055573169E-0003
 1.45486549124519E+0000	-1.39035921809277E-0003
 1.46069050089039E+0000	-1.49623437183845E-0003
 1.46649965552524E+0000	-1.53342209038418E-0003
 1.47230774641121E+0000	-1.49998107344980E-0003
 1.47812976563001E+0000	-1.39691412872726E-0003
 1.48398046574440E+0000	-1.22826756922263E-0003
 1.48987381075761E+0000	-1.00125757181682E-0003
 1.49582223660012E+0000	-7.26337042242964E-0004
 1.50183569218917E+0000	-4.17043137618307E-0004
 1.50792055275927E+0000	-8.94165967521324E-0005
 1.51407868046648E+0000	 2.39167875032399E-0004
 1.52030705988582E+0000	 5.51697121975382E-0004
 1.52659836816516E+0000	 8.33311651902747E-0004
 1.53294242579407E+0000	 1.07251207304330E-0003
 1.53932791554548E+0000	 1.26129256435353E-0003
 1.54574354680928E+0000	 1.39435257622760E-0003
 1.55217825468478E+0000	 1.46812050372086E-0003
 1.55862073721810E+0000	 1.48033472794513E-0003
 1.56505904835129E+0000	 1.43038362355566E-0003
 1.57148078693855E+0000	 1.31999616423839E-0003
 1.57787387960264E+0000	 1.15367553713710E-0003
 1.58422752735579E+0000	 9.38555235005919E-0004
 1.59053287185396E+0000	 6.83804743450739E-0004
 1.59678323751560E+0000	 3.99941950079034E-0004
 1.60297410359522E+0000	 9.83206165692267E-0005
 1.60910304492211E+0000	-2.09173719683561E-0004
 1.61516977092776E+0000	-5.10351151950750E-0004
 1.62117623702310E+0000	-7.93009138569814E-0004
 1.62712672299730E+0000	-1.04533611857709E-0003
 1.63302779384306E+0000	-1.25638015867362E-0003
 1.63888812715129E+0000	-1.41650247203155E-0003
 1.64471824670900E+0000	-1.51776042619001E-0003
 1.65053021792432E+0000	-1.55421123787355E-0003
 1.65633734394537E+0000	-1.52216559130859E-0003
 1.66215386841016E+0000	-1.42043882338897E-0003
 1.66799465255357E+0000	-1.25064624941471E-0003
 1.67387475509500E+0000	-1.01756841876970E-0003
 1.67980880788036E+0000	-7.29564990486369E-0004
 1.68581006545219E+0000	-3.98931590132047E-0004
 1.69188905215534E+0000	-4.19718757067324E-0005
 1.69805189442375E+0000	 3.21559003050688E-0004
 1.70429873141867E+0000	 6.69965854056945E-0004
 1.71062290927116E+0000	 9.82081158823518E-0004
 1.71701162906685E+0000	 1.24006266603935E-0003
 1.72344805731149E+0000	 1.43141397164393E-0003
 1.72991397740626E+0000	 1.54942169308734E-0003
 1.73639176826538E+0000	 1.59222921725047E-0003
 1.74286520498166E+0000	 1.56156052522257E-0003
 1.74931953781511E+0000	 1.46193369359293E-0003
 1.75574160456097E+0000	 1.30041851855163E-0003
 1.76212030138608E+0000	 1.08645043875659E-0003
 1.76844718268732E+0000	 8.31289824177359E-0004
 1.77471678386584E+0000	 5.47133667545498E-0004
 1.78092647351681E+0000	 2.46191486070120E-0004
 1.78707594752104E+0000	-5.99634350796072E-0005
 1.79316663175919E+0000	-3.60653904593674E-0004
 1.79920122342708E+0000	-6.46055436220944E-0004
 1.80518346797548E+0000	-9.07025861010104E-0004
 1.81111814466786E+0000	-1.13496583737872E-0003
 1.81701117124345E+0000	-1.32179589664801E-0003
 1.82286973620224E+0000	-1.46006482041269E-0003
 1.82870239780153E+0000	-1.54316320089259E-0003
 1.83451912387398E+0000	-1.56560680870134E-0003
 1.84033127019373E+0000	-1.52336605107530E-0003
 1.84615150180496E+0000	-1.41423875708747E-0003
 1.85199364998023E+0000	-1.23828457513852E-0003
 1.85787246651673E+0000	-9.98351103684502E-0004
 1.86380318788905E+0000	-7.00711188285721E-0004
 1.86980076314665E+0000	-3.55776937315107E-0004
 1.87587856219100E+0000	 2.12671685628776E-0005
 1.88204643915149E+0000	 4.10271192832859E-0004
 1.88830829507253E+0000	 7.86931902102815E-0004
 1.89465981811353E+0000	 1.12514327312771E-0003
 1.90108760883846E+0000	 1.40081171331949E-0003
 1.90757072507607E+0000	 1.59594302284649E-0003
 1.91408438489518E+0000	 1.70113524106009E-0003
 1.92060408457995E+0000	 1.71544372939547E-0003
 1.92710832706762E+0000	 1.64435306203078E-0003
 1.93357954472232E+0000	 1.49747286207130E-0003
 1.94000402417721E+0000	 1.28694860779277E-0003
 1.94637171070249E+0000	 1.02653386578653E-0003
 1.95267616108689E+0000	 7.30844341869050E-0004
 1.95891445190908E+0000	 4.14522780680234E-0004
 1.96508681784237E+0000	 9.13904247662625E-0005
 1.97119600164176E+0000	-2.26195139163661E-0004
 1.97724647786522E+0000	-5.27631585518616E-0004
 1.98324375308386E+0000	-8.04020974300516E-0004
 1.98919387904652E+0000	-1.04789267125532E-0003
 1.99510321968473E+0000	-1.25284608363912E-0003
 2.00097844031045E+0000	-1.41323372612123E-0003
 2.00682665180994E+0000	-1.52395978700905E-0003
 2.01265563572273E+0000	-1.58042738660440E-0003
 2.01847408518926E+0000	-1.57863753541034E-0003
 2.02429181313764E+0000	-1.51542572926752E-0003
 2.03011989643739E+0000	-1.38881881308408E-0003
 2.03597073492293E+0000	-1.19850510528481E-0003
 2.04185799646466E+0000	-9.46429834794461E-0004
 2.04779638348720E+0000	-6.37542105288286E-0004
 2.05380108843507E+0000	-2.80703608335690E-0004
 2.05988671932242E+0000	 1.10316919930900E-0004
 2.06606543023642E+0000	 5.16044665784837E-0004
 2.07234412841816E+0000	 9.11307789548003E-0004
 2.07872115702412E+0000	 1.26695166837544E-0003
 2.08518378062011E+0000	 1.55389395093448E-0003
 2.09170842248853E+0000	 1.74883555085446E-0003
 2.09826463690312E+0000	 1.83915477614003E-0003
 2.10482125752668E+0000	 1.82431932992006E-0003
 2.11135155145815E+0000	 1.71348919985949E-0003
 2.11783544156776E+0000	 1.52148563049803E-0003
 2.12425927466360E+0000	 1.26544094272323E-0003
 2.13061466978315E+0000	 9.62901682749124E-0004
 2.13689748735233E+0000	 6.30943678409837E-0004
 2.14310713214083E+0000	 2.85655250710381E-0004
 2.14924599254206E+0000	-5.83242608476983E-0005
 2.15531882818503E+0000	-3.88205224128846E-0004
 2.16133208020453E+0000	-6.93275017886023E-0004
 2.16729319495120E+0000	-9.64889311238769E-0004
 2.17321007071242E+0000	-1.19625378264110E-0003
 2.17909069549285E+0000	-1.38207856222055E-0003
 2.18494299180840E+0000	-1.51819931860086E-0003
 2.19077484699386E+0000	-1.60124509910546E-0003
 2.19659428654255E+0000	-1.62841228657885E-0003
 2.20240973704956E+0000	-1.59738377727447E-0003
 2.20823032101878E+0000	-1.50641310294245E-0003
 2.21406612875099E+0000	-1.35457639042285E-0003
 2.21992842110356E+0000	-1.14218679324961E-0003
 2.22582972158611E+0000	-8.71371850385671E-0004
 2.23178374028563E+0000	-5.46830705515567E-0004
 2.23780501795061E+0000	-1.76795430897302E-0004
 2.24390808009621E+0000	 2.25824091860908E-0004
 2.25010578074815E+0000	 6.42298791938261E-0004
 2.25640652050781E+0000	 1.04748741970074E-0003
 2.26281041803242E+0000	 1.41082421590153E-0003
 2.26930556608344E+0000	 1.70006708896229E-0003
 2.27586680291702E+0000	 1.88788233125491E-0003
 2.28245926320916E+0000	 1.95881871237889E-0003
 2.28904599818962E+0000	 1.91261149040118E-0003
 2.29559556927094E+0000	 1.76190383028214E-0003
 2.30208586380657E+0000	 1.52661887400574E-0003
 2.30850385380311E+0000	 1.22869226744590E-0003
 2.31484341197059E+0000	 8.89044742360917E-0004
 2.32110312264499E+0000	 5.26527051654375E-0004
 2.32728482469904E+0000	 1.57820640499234E-0004
 2.33339278464523E+0000	-2.02459783674312E-0004
 2.33943316337997E+0000	-5.41739679577204E-0004
 2.34541354186809E+0000	-8.49512754838152E-0004
 2.35134243955774E+0000	-1.11732122240726E-0003
 2.35722886295389E+0000	-1.33862611782588E-0003
 2.36308194603098E+0000	-1.50856952103463E-0003
 2.36891072535030E+0000	-1.62367097601584E-0003
 2.37472406542391E+0000	-1.68151410171897E-0003
 2.38053072800574E+0000	-1.68047951033330E-0003
 2.38633956147598E+0000	-1.61957609817664E-0003
 2.39215976976684E+0000	-1.49841514882180E-0003
 2.39800120598053E+0000	-1.31735818480062E-0003
 2.40387462876305E+0000	-1.07785270143870E-0003
 2.40979185935327E+0000	-7.82958570749792E-0004
 2.41576577218880E+0000	-4.38069503145353E-0004
 2.42181001961886E+0000	-5.18423325845758E-0005
 2.42793830934701E+0000	 3.62671403545998E-0004
 2.43416292670575E+0000	 7.86815182742583E-0004
 2.44049211685849E+0000	 1.19548406773162E-0003
 2.44692618998000E+0000	 1.55764924775189E-0003
 2.45345319904052E+0000	 1.83968205572337E-0003
 2.46004668680973E+0000	 2.01216749594366E-0003
 2.46666860858098E+0000	 2.05815603521567E-0003
 2.47327772571646E+0000	 1.97803413542421E-0003
 2.47983907531922E+0000	 1.78762678379732E-0003
 2.48632924377807E+0000	 1.51138968409821E-0003
 2.49273623168002E+0000	 1.17547807080340E-0003
 2.49905638682979E+0000	 8.03660912917985E-0004
 2.50529114366653E+0000	 4.16067182043090E-0004
 2.51144480989530E+0000	 2.94568631130611E-0005
 2.51752342531305E+0000	-3.42115732026570E-0004
 2.52353426580919E+0000	-6.86791342524822E-0004
 2.52948559108857E+0000	-9.94647198770797E-0004
 2.53538641774237E+0000	-1.25759073112118E-0003
 2.54124626176158E+0000	-1.46928215272037E-0003
 2.54707487952102E+0000	-1.62501396120130E-0003
 2.55288205657506E+0000	-1.72153209419505E-0003
 2.55867748306834E+0000	-1.75681927522787E-0003
 2.56447073731646E+0000	-1.72987867838885E-0003
 2.57027138212152E+0000	-1.64056560729949E-0003
 2.57608915874837E+0000	-1.48952068317602E-0003
 2.58193423917909E+0000	-1.27825677178797E-0003
 2.58781747258120E+0000	-1.00943945573717E-0003
 2.59375054386638E+0000	-6.87379729401424E-0004
 2.59974595116147E+0000	-3.18736908146405E-0004
 2.60581669154177E+0000	 8.65844563493633E-0005
 2.61197549578036E+0000	 5.14382168611925E-0004
 2.61823335854319E+0000	 9.45073924745309E-0004
 2.62459702604280E+0000	 1.35296832118409E-0003
 2.63106526424303E+0000	 1.70678194874698E-0003
 2.63762458126793E+0000	 1.97280664548963E-0003
 2.64424674333031E+0000	 2.12164742829120E-0003
 2.65089142448577E+0000	 2.13683823682519E-0003
 2.65751488346375E+0000	 2.02038447931838E-0003
 2.66408037810764E+0000	 1.79106693033968E-0003
 2.67056427135454E+0000	 1.47694262574250E-0003
 2.67695594109703E+0000	 1.10735714705215E-0003
 2.68325410080260E+0000	 7.08151487168333E-0004
 2.68946277218333E+0000	 3.00267828101102E-0004
 2.69558849631911E+0000	-9.97165991931543E-0005
 2.70163891480608E+0000	-4.78498049836900E-0004
 2.70762226206605E+0000	-8.25124926954487E-0004
 2.71354727426343E+0000	-1.13045215627608E-0003
 2.71942318965099E+0000	-1.38690419547636E-0003
 2.72525969968751E+0000	-1.58839989934612E-0003
 2.73106683443140E+0000	-1.73031770397095E-0003
 2.73685482069865E+0000	-1.80943706577249E-0003
 2.74263396055127E+0000	-1.82384108734854E-0003
 2.74841456793894E+0000	-1.77279574886232E-0003
 2.75420698761205E+0000	-1.65663992125604E-0003
 2.76002170371606E+0000	-1.47673539550755E-0003
 2.76586952051310E+0000	-1.23553780899572E-0003
 2.77176176249813E+0000	-9.36850406419339E-0004
 2.77771040154576E+0000	-5.86305418563554E-0004
 2.78372798427118E+0000	-1.92081447840060E-0004
 2.78982720802214E+0000	 2.34185182103131E-0004
 2.79601997234184E+0000	 6.76401258793834E-0004
 2.80231570522044E+0000	 1.11313822987876E-0003
 2.80871876031571E+0000	 1.51729055418550E-0003
 2.81522486823975E+0000	 1.85706499776872E-0003
 2.82181735998880E+0000	 2.09946438083595E-0003
 2.82846530539202E+0000	 2.21696241396641E-0003
 2.83512658263777E+0000	 2.19572018962291E-0003
 2.84175666292217E+0000	 2.04068129061656E-0003
 2.84831899089686E+0000	 1.77353608963763E-0003
 2.85479100857141E+0000	 1.42490920487715E-0003
 2.86116385620494E+0000	 1.02606908670590E-0003
 2.86743834943205E+0000	 6.03959233533586E-0004
 2.87362058425979E+0000	 1.79819148777347E-0004
 2.87971886075734E+0000	-2.30111649265302E-0004
 2.88574210621692E+0000	-6.13249200242808E-0004
 2.89169934677090E+0000	-9.59480165797862E-0004
 2.89759970921730E+0000	-1.26040383182714E-0003
 2.90345257969521E+0000	-1.50897248769577E-0003
 2.90926772374719E+0000	-1.69938914394480E-0003
 2.91505530999122E+0000	-1.82712014653172E-0003
 2.92082585652706E+0000	-1.88892772096727E-0003
 2.92659014529619E+0000	-1.88288020908104E-0003
 2.93235914767883E+0000	-1.80833593209323E-0003
 2.93814399379472E+0000	-1.66592037318972E-0003
 2.94395600508722E+0000	-1.45753456550629E-0003
 2.94980679020254E+0000	-1.18645098171627E-0003
 2.95570836948095E+0000	-8.57567813158819E-0004
 2.96167324052018E+0000	-4.77889999940462E-0004
 2.96771423423562E+0000	-5.72696754380333E-0005
 2.97384395599690E+0000	 3.90641546418340E-0004
 2.98007358447590E+0000	 8.47404272915774E-0004
 2.98641084195950E+0000	 1.28911627901940E-0003
 2.99285709968712E+0000	 1.68661010093380E-0003
 2.99940393226115E+0000	 2.00729181263173E-0003
 3.00603013540376E+0000	 2.21940688999518E-0003
 3.01270120721569E+0000	 2.29878740507290E-0003
 3.01937353670404E+0000	 2.23609885230589E-0003
 3.02600327647460E+0000	 2.04047562928102E-0003
 3.03255586345611E+0000	 1.73654303948146E-0003
 3.03901106975436E+0000	 1.35654413801488E-0003
 3.04536217718311E+0000	 9.32437510772921E-0004
 3.05161181834762E+0000	 4.91293205067528E-0004
 3.05776758756636E+0000	 5.41247418631371E-0005
 3.06383897632997E+0000	-3.63288337633797E-0004
 3.06983579507877E+0000	-7.48957727379094E-0004
 3.07576765680797E+0000	-1.09339559562404E-0003
 3.08164402810946E+0000	-1.38875400743250E-0003
 3.08747447543924E+0000	-1.62839180005676E-0003
 3.09326889175548E+0000	-1.80674626318591E-0003
 3.09903762043722E+0000	-1.91936823430615E-0003
 3.10479147752892E+0000	-1.96301369308584E-0003
 3.11054171007105E+0000	-1.93573466860127E-0003
 3.11629993248669E+0000	-1.83695361884406E-0003
 3.12207807322970E+0000	-1.66753178209355E-0003
 3.12788835174649E+0000	-1.42985925458897E-0003
 3.13374329096804E+0000	-1.12801181106542E-0003
 3.13965574279930E+0000	-7.68039150912996E-0004
 3.14563885104965E+0000	-3.58460175829431E-0004
 3.15170579510849E+0000	 8.89827174684036E-0005
 3.15786906772517E+0000	 5.58350654410408E-0004
 3.16413899424469E+0000	 1.02854512698443E-0003
 3.17052128990030E+0000	 1.47285775301319E-0003
 3.17701378467585E+0000	 1.85980189534205E-0003
 3.18360306370187E+0000	 2.15603229365226E-0003
 3.19026251304402E+0000	 2.33166979666484E-0003
 3.19695364797621E+0000	 2.36713870103556E-0003
 3.20363184335022E+0000	 2.25897475565127E-0003
 3.21025518113861E+0000	 2.02129840850917E-0003
 3.21679248356630E+0000	 1.68153823577626E-0003
 3.22322677158126E+0000	 1.27272916073142E-0003
 3.22955370688503E+0000	 8.26511468711253E-0004
 3.23577745788285E+0000	 3.69290757535506E-0004
 3.24190659883180E+0000	-7.85649138292630E-0005
 3.24795129378619E+0000	-5.01811401688817E-0004
 3.25392185678779E+0000	-8.88900099468546E-0004
 3.25982829543894E+0000	-1.23071121775967E-0003
 3.26568039183599E+0000	-1.51969701669585E-0003
 3.27148798122601E+0000	-1.74943889668308E-0003
 3.27726122363972E+0000	-1.91451385698039E-0003
 3.28301077945804E+0000	-2.01054241103486E-0003
 3.28874787895493E+0000	-2.03431460971781E-0003
 3.29448431518746E+0000	-1.98393405296118E-0003
 3.30023239730345E+0000	-1.85896017059810E-0003
 3.30600489164957E+0000	-1.66055643583296E-0003
 3.31181496358125E+0000	-1.39166780714552E-0003
 3.31767611788957E+0000	-1.05726266252751E-0003
 3.32360211323102E+0000	-6.64689545694522E-0004
 3.32960677996273E+0000	-2.24212312954478E-0004
 3.33570358746673E+0000	 2.50227653795226E-0004
 3.34190469703911E+0000	 7.40067462684103E-0004
 3.34821916834132E+0000	 1.22127242822162E-0003
 3.35465011485272E+0000	 1.66422177842554E-0003
 3.36119112026029E+0000	 2.03529802869143E-0003
 3.36782313594036E+0000	 2.30099244750594E-0003
 3.37451383840231E+0000	 2.43426677408772E-0003
 3.38122106017745E+0000	 2.42120591909227E-0003
 3.38790003340027E+0000	 2.26494519386617E-0003
 3.39451184961478E+0000	 1.98469332503302E-0003
 3.40102957612242E+0000	 1.61021901686530E-0003
 3.40743989230292E+0000	 1.17461462267720E-0003
 3.41374081192970E+0000	 7.08500324792538E-0004
 3.41993772665432E+0000	 2.37133406919810E-0004
 3.42603977207777E+0000	-2.19975835937887E-0004
 3.43205740150463E+0000	-6.48094714998406E-0004
 3.43800117038636E+0000	-1.03593302732430E-0003
 3.44388137208979E+0000	-1.37449097497257E-0003
 3.44970813658402E+0000	-1.65628596717566E-0003
 3.45549170036828E+0000	-1.87495346663308E-0003
 3.46124267221050E+0000	-2.02513026168246E-0003
 3.46697221618744E+0000	-2.10251123578098E-0003
 3.47269213941750E+0000	-2.10399126631471E-0003
 3.47841490581334E+0000	-2.02783984228749E-0003
 3.48415360462912E+0000	-1.87389137648235E-0003
 3.48992189289686E+0000	-1.64375987489625E-0003
 3.49573391372456E+0000	-1.34110074039333E-0003
 3.50160417360886E+0000	-9.71949161809329E-0004
 3.50754733894171E+0000	-5.45169863370404E-0004
 3.51357787187715E+0000	-7.30562892643213E-0005
 3.51970935121778E+0000	 4.27903166640277E-0004
 3.52595321805434E+0000	 9.36174544794984E-0004
 3.53231662448100E+0000	 1.42458287308278E-0003
 3.53879924898579E+0000	 1.86073121919689E-0003
 3.54538963349182E+0000	 2.20951393016936E-0003
 3.55206271641637E+0000	 2.43838263870601E-0003
 3.55878083042925E+0000	 2.52438536537721E-0003
 3.56549918252033E+0000	 2.46005567809434E-0003
 3.57217409172493E+0000	 2.25510814119670E-0003
 3.57877049210333E+0000	 1.93319448908769E-0003
 3.58526595202155E+0000	 1.52562031006030E-0003
 3.59165065301845E+0000	 1.06490493363486E-0003
 3.59792462080645E+0000	 5.80283877829969E-0004
 3.60409410118252E+0000	 9.57382917309196E-0005
 3.61016847889450E+0000	-3.70030726818804E-0004
 3.61615828581054E+0000	-8.02640248090992E-0004
 3.62207422706807E+0000	-1.19084411923551E-0003
 3.62792690482982E+0000	-1.52554995740234E-0003
 3.63372691247621E+0000	-1.79917309932538E-0003
 3.63948506125616E+0000	-2.00530848894239E-0003
 3.64521260215900E+0000	-2.13863899339211E-0003
 3.65092138441673E+0000	-2.19499281506096E-0003
 3.65662394114599E+0000	-2.17148389838239E-0003
 3.66233351552940E+0000	-2.06669880168024E-0003
 3.66806404405463E+0000	-1.88092103469899E-0003
 3.67383010297064E+0000	-1.61640417827466E-0003
 3.67964680556661E+0000	-1.27771609351221E-0003
 3.68552961489288E+0000	-8.72178331528675E-0004
 3.69149400945046E+0000	-4.10419006586387E-0004
 3.69755490186442E+0000	 9.29576430793510E-0005
 3.70372565101420E+0000	 6.18623213970830E-0004
 3.71001643145432E+0000	 1.14185515704425E-0003
 3.71643171209464E+0000	 1.63237150267289E-0003
 3.72296687549329E+0000	 2.05550646674560E-0003
 3.72960484384631E+0000	 2.37576183563610E-0003
 3.73631472553330E+0000	 2.56299671812654E-0003
 3.74305464666524E+0000	 2.59948155572251E-0003
 3.74977881903760E+0000	 2.48434784989419E-0003
 3.75644589904479E+0000	 2.23300669632121E-0003
 3.76302500336750E+0000	 1.87228039785227E-0003
 3.76949778897097E+0000	 1.43403825646484E-0003
 3.77585725182596E+0000	 9.49799253803516E-0004
 3.78210481973727E+0000	 4.47417739294493E-0004
 3.78824719015986E+0000	-5.01690832644117E-0005
 3.79429380304670E+0000	-5.24759839723753E-0004
 3.80025524190265E+0000	-9.62023735612389E-0004
 3.80614245260563E+0000	-1.35052046367188E-0003
 3.81196650920274E+0000	-1.68090793676096E-0003
 3.81773866423584E+0000	-1.94542835927525E-0003
 3.82347050039488E+0000	-2.13764541492729E-0003
 3.82917408452126E+0000	-2.25236502780846E-0003
 3.83486208545349E+0000	-2.28567670082386E-0003
 3.84054784953483E+0000	-2.23507457366618E-0003
 3.84624543822083E+0000	-2.09964108794721E-0003
 3.85196962893565E+0000	-1.88029511922659E-0003
 3.85773586796813E+0000	-1.58011909071568E-0003
 3.86356014460165E+0000	-1.20478487448851E-0003
 3.86945872968499E+0000	-7.63093634140647E-0004
 3.87544769087790E+0000	-2.67626143287841E-0004
 3.88154206224536E+0000	 2.64538375065466E-0004
 3.88775450931245E+0000	 8.11149133779103E-0004
 3.89409330921596E+0000	 1.34441151347711E-0003
 3.90055954420042E+0000	 1.83142624922055E-0003
 3.90714379469805E+0000	 2.23626219455295E-0003
 3.91382349606552E+0000	 2.52444343585176E-0003
 3.92056303902342E+0000	 2.66952739285090E-0003
 3.92731821510538E+0000	 2.65938394570751E-0003
 3.93404399147041E+0000	 2.49881660004680E-0003
 3.94070209282108E+0000	 2.20718366276245E-0003
 3.94726536016050E+0000	 1.81285670428285E-0003
 3.95371842509792E+0000	 1.34740848455094E-0003
 3.96005597530839E+0000	 8.41286422643264E-0004
 3.96628006448210E+0000	 3.21373462473293E-0004
 3.97239747165507E+0000	-1.89865768886689E-0004
 3.97841764326212E+0000	-6.74200122007940E-0004
 3.98435136886676E+0000	-1.11695881348195E-0003
 3.99021008698651E+0000	-1.50627827783977E-0003
 3.99600561376701E+0000	-1.83248637472790E-0003
 4.00175009912237E+0000	-2.08768745260395E-0003
 4.00745607792716E+0000	-2.26552804334829E-0003
 4.01313654756970E+0000	-2.36109857509939E-0003
 4.01880504515464E+0000	-2.37093504599361E-0003
 4.02447571593569E+0000	-2.29310360231779E-0003
 4.03016336600517E+0000	-2.12736806185286E-0003
 4.03588348390642E+0000	-1.87545169622092E-0003
 4.04165220109997E+0000	-1.54140984717799E-0003
 4.04748614012996E+0000	-1.13212816057119E-0003
 4.05340207138872E+0000	-6.57947650910865E-0004
 4.05941626762064E+0000	-1.33383855597171E-0004
 4.06554341980019E+0000	 4.22156920555464E-0004
 4.07179497723632E+0000	 9.83864217636212E-0004
 4.07817683096236E+0000	 1.52156174666026E-0003
 4.08468644442521E+0000	 2.00083534454194E-0003
 4.09130998178169E+0000	 2.38591149929697E-0003
 4.09802072178835E+0000	 2.64463413851498E-0003
 4.10478051280552E+0000	 2.75467545674828E-0003
 4.11154505046733E+0000	 2.70847972368599E-0003
 4.11827129045209E+0000	 2.51430650900500E-0003
 4.12492373298014E+0000	 2.19305601285562E-0003
 4.13147750034597E+0000	 1.77303490593334E-0003
 4.13791843110444E+0000	 1.28504207866840E-0003
 4.14424147713851E+0000	 7.58862381729414E-0004
 4.15044849389257E+0000	 2.21237070892136E-0004
 4.15654607628210E+0000	-3.04978003998211E-0004
 4.16254379385963E+0000	-8.00841292016736E-0004
 4.16845295353117E+0000	-1.25091938397477E-0003
 4.17428584480910E+0000	-1.64274716782419E-0003
 4.18005533696511E+0000	-1.96633196071105E-0003
 4.18577469475517E+0000	-2.21377019502333E-0003
 4.19145751757068E+0000	-2.37898305277292E-0003
 4.19711774761743E+0000	-2.45755756606395E-0003
 4.20276971870074E+0000	-2.44668316302267E-0003
 4.20842822689378E+0000	-2.34518433677037E-0003
 4.21410860228282E+0000	-2.15365951391519E-0003
 4.21982675133411E+0000	-1.87474133601524E-0003
 4.22559912384569E+0000	-1.51349337604392E-0003
 4.23144253646775E+0000	-1.07795011724473E-0003
 4.23737375674320E+0000	-5.79783950085326E-0004
 4.24340872412551E+0000	-3.50338212025676E-0005
 4.24956127660671E+0000	 5.35255117451081E-0004
 4.25584129648349E+0000	 1.10474988539291E-0003
 4.26225232391337E+0000	 1.64229799900900E-0003
 4.26878894172436E+0000	 2.11360657233163E-0003
 4.27543462108905E+0000	 2.48450005548797E-0003
 4.28216114034319E+0000	 2.72566641950545E-0003
 4.28893071296712E+0000	 2.81783715722828E-0003
 4.29570094985182E+0000	 2.75540187500527E-0003
 4.30243104344537E+0000	 2.54678132784004E-0003
 4.30908680450289E+0000	 2.21169978763461E-0003
 4.31564328194265E+0000	 1.77703113794329E-0003
 4.32208523316529E+0000	 1.27279862718531E-0003
 4.32840625423130E+0000	 7.29008611920643E-0004
 4.33460719904562E+0000	 1.73451759815676E-0004
 4.34069433596886E+0000	-3.69551418332093E-0004
 4.34667760908609E+0000	-8.79598449253725E-0004
 4.35256924160441E+0000	-1.34009725966232E-0003
 4.35838275075050E+0000	-1.73787394062121E-0003
 4.36413232462192E+0000	-2.06269827818751E-0003
 4.36983246969499E+0000	-2.30684067343583E-0003
 4.37549784493497E+0000	-2.46471071735383E-0003
 4.38114322023152E+0000	-2.53259636608502E-0003
 4.38678351478715E+0000	-2.50851246052054E-0003
 4.39243388009743E+0000	-2.39216686739224E-0003
 4.39810979273341E+0000	-2.18505475681124E-0003
 4.40382711547049E+0000	-1.89069260551149E-0003
 4.40960207182529E+0000	-1.51500030880128E-0003
 4.41545105891963E+0000	-1.06682758014978E-0003
 4.42139019940906E+0000	-5.58591479194231E-0004
 4.42743451570046E+0000	-6.93471921005880E-0006
 4.43359662403299E+0000	 5.66775867446617E-0004
 4.43988492942034E+0000	 1.13639648797828E-0003
 4.44630147880408E+0000	 1.67174774085700E-0003
 4.45283986907914E+0000	 2.14044057663118E-0003
 4.45948381975647E+0000	 2.51085316294649E-0003
 4.46620710082886E+0000	 2.75594545694217E-0003
 4.47297532209857E+0000	 2.85712315743445E-0003
 4.47974949988875E+0000	 2.80703174028350E-0003
 4.48649052227428E+0000	 2.61041035372263E-0003
 4.49316331713972E+0000	 2.28296661508775E-0003
 4.49973995882119E+0000	 1.84888994732924E-0003
 4.50620147939901E+0000	 1.33765145626058E-0003
 4.51253831790914E+0000	 7.80607725091979E-0004
 4.51874947529864E+0000	 2.07978791913367E-0004
 4.52484076405858E+0000	-3.53283486761450E-0004
 4.53082275770835E+0000	-8.80557032978373E-0004
 4.53670894952425E+0000	-1.35572929692387E-0003
 4.54251436469347E+0000	-1.76484286052637E-0003
 4.54825464644343E+0000	-2.09751732162548E-0003
 4.55394552887892E+0000	-2.34634777152760E-0003
 4.55960258732738E+0000	-2.50638330368779E-0003
 4.56524117239455E+0000	-2.57472943193102E-0003
 4.57087645635054E+0000	-2.55028938055105E-0003
 4.57652353750780E+0000	-2.43364845474799E-0003
 4.58219755662043E+0000	-2.22710340934119E-0003
 4.58791377891684E+0000	-1.93483833621408E-0003
 4.59368758695616E+0000	-1.56324486799965E-0003
 4.59953431481617E+0000	-1.12137169606590E-0003
 4.60546883820669E+0000	-6.21459144348547E-0004
 4.61150483085840E+0000	-7.94618219206338E-0005
 4.61765362933357E+0000	 4.84611215035048E-0004
 4.62392274380742E+0000	 1.04677485021761E-0003
 4.63031420917579E+0000	 1.57979596933332E-0003
 4.63682311656966E+0000	 2.05467164604328E-0003
 4.64343668312188E+0000	 2.44273996915786E-0003
 4.65013407780306E+0000	 2.71814926712414E-0003
 4.65688705949608E+0000	 2.86041682777946E-0003
 4.66366145103254E+0000	 2.85688460794579E-0003
 4.67041954733992E+0000	 2.70484811391227E-0003
 4.67712355133059E+0000	 2.41290925123314E-0003
 4.68373978852052E+0000	 2.00082434665826E-0003
 4.69024274987363E+0000	 1.49725973732943E-0003
 4.69661758990389E+0000	 9.35755591339607E-0004
 4.70286027249443E+0000	 3.50211437434868E-0004
 4.70897573613071E+0000	-2.28662373620779E-0004
 4.71497518298666E+0000	-7.75258826055807E-0004
 4.72087349416415E+0000	-1.26953754631924E-0003
 4.72668726895103E+0000	-1.69659629938856E-0003
 4.73243355917976E+0000	-2.04586852320749E-0003
 4.73812916710310E+0000	-2.31027519461789E-0003
 4.74379033347564E+0000	-2.48549093663777E-0003
 4.74943266959989E+0000	-2.56938171832361E-0003
 4.75507122776425E+0000	-2.56162249782574E-0003
 4.76072063702213E+0000	-2.46348543756924E-0003
 4.76639525069581E+0000	-2.27778604573833E-0003
 4.77210925944772E+0000	-2.00897527747675E-0003
 4.77787672206983E+0000	-1.66336349268596E-0003
 4.78371145923109E+0000	-1.24945184793598E-0003
 4.78962674996448E+0000	-7.78323478133642E-0004
 4.79563477871314E+0000	-2.64009146169172E-0004
 4.80174581937439E+0000	 2.76300749852846E-0004
 4.80796722240694E+0000	 8.22343787697703E-0004
 4.81430236749350E+0000	 1.35126637014110E-0003
 4.82074977779231E+0000	 1.83845442407395E-0003
 4.82730247467784E+0000	 2.25853614113648E-0003
 4.83394742230737E+0000	 2.58642584745736E-0003
 4.84066481432497E+0000	 2.79859622536216E-0003
 4.84742728293808E+0000	 2.87513976582909E-0003
 4.85419985542132E+0000	 2.80310422017076E-0003
 4.86094205658817E+0000	 2.58064114873062E-0003
 4.86761296168938E+0000	 2.22005672467900E-0003
 4.87417797927178E+0000	 1.74740826422953E-0003
 4.88061436708186E+0000	 1.19804790502841E-0003
 4.88691308168651E+0000	 6.10145176760008E-0004
 4.89307700295979E+0000	 1.90774918064000E-0005
 4.89911734059728E+0000	-5.45746629970290E-0004
 4.90505002504317E+0000	-1.06175914536648E-0003
 4.91089298463376E+0000	-1.51269611280840E-0003
 4.91666444017499E+0000	-1.88749511054299E-0003
 4.92238200199033E+0000	-2.17913654432489E-0003
 4.92806229701067E+0000	-2.38365619142770E-0003
 4.93372090820446E+0000	-2.49939445291836E-0003
 4.93937247932678E+0000	-2.52647655961925E-0003
 4.94503089172425E+0000	-2.46649553594900E-0003
 4.95070945254779E+0000	-2.32236780532281E-0003
 4.95642104981926E+0000	-2.09833454911334E-0003
 4.96217823549709E+0000	-1.80008249432829E-0003
 4.96799319923620E+0000	-1.43495170734205E-0003
 4.97387760016005E+0000	-1.01218392780140E-0003
 4.97984224051016E+0000	-5.43146281034603E-0004
 4.98589660107440E+0000	-4.14540415305568E-0005
 4.99204830953078E+0000	 4.77064485536520E-0004
 4.99830264705990E+0000	 9.94546107881646E-0004
 5.00466215369344E+0000	 1.49128943017960E-0003
 5.01112622067550E+0000	 1.94578728237925E-0003
 5.01769031163513E+0000	 2.33455114327956E-0003
 5.02434434691648E+0000	 2.63211084421695E-0003
 5.03107013862924E+0000	 2.81215780499994E-0003
 5.03783879479428E+0000	 2.85104424159799E-0003
 5.04461035094520E+0000	 2.73393242031542E-0003
 5.05133806534468E+0000	 2.46149331702876E-0003
 5.05797724118705E+0000	 2.05296800980019E-0003
 5.06449453157648E+0000	 1.54278169221408E-0003
 5.07087286909136E+0000	 9.72435041224224E-0004
 5.07711065057495E+0000	 3.82257094920161E-0004
 5.08321745439826E+0000	-1.93743641436112E-0004
 5.08920923047249E+0000	-7.29593531414150E-0004
 5.09510458491194E+0000	-1.20687448212083E-0003
 5.10092247151013E+0000	-1.61334502584260E-0003
 5.10668099716017E+0000	-1.94144750639063E-0003
 5.11239694466994E+0000	-2.18703818418631E-0003
 5.11808570201473E+0000	-2.34842688338326E-0003
 5.12376139620150E+0000	-2.42570820122249E-0003
 5.12943711082826E+0000	-2.42033594182978E-0003
 5.13512511553354E+0000	-2.33489125162244E-0003
 5.14083706218496E+0000	-2.17300086320313E-0003
 5.14658411687536E+0000	-1.93936582330091E-0003
 5.15237700682502E+0000	-1.63986052557296E-0003
 5.15822597388017E+0000	-1.28165825918246E-0003
 5.16414064637176E+0000	-8.73338520526896E-0004
 5.17012986868812E+0000	-4.24943729903515E-0004
 5.17620155183075E+0000	 5.20082269384801E-0005
 5.18236260079544E+0000	 5.44479830119364E-0004
 5.18861889812595E+0000	 1.03768587740517E-0003
 5.19497515638465E+0000	 1.51451041962291E-0003
 5.20143423017494E+0000	 1.95453095158743E-0003
 5.20799532444684E+0000	 2.33298434230830E-0003
 5.21465069403486E+0000	 2.62062824068115E-0003
 5.22138126324055E+0000	 2.78607042346526E-0003
 5.22815327606410E+0000	 2.80193750282020E-0003
 5.23491960249043E+0000	 2.65404448752664E-0003
 5.24162799477849E+0000	 2.34899695111963E-0003
 5.24823339945272E+0000	 1.91457093598058E-0003
 5.25470737215293E+0000	 1.39200870038230E-0003
 5.26104014683215E+0000	 8.25367993039263E-0004
 5.26723674995529E+0000	 2.53564240605132E-0004
 5.27331118844415E+0000	-2.93059840811397E-0004
 5.27928154125808E+0000	-7.92828258966393E-0004
 5.28516679467692E+0000	-1.23129063033917E-0003
 5.29098516959818E+0000	-1.59945226581008E-0003
 5.29675342657442E+0000	-1.89221975175687E-0003
 5.30248672122373E+0000	-2.10721584697473E-0003
 5.30819873137749E+0000	-2.24395007520814E-0003
 5.31390189272640E+0000	-2.30328007177752E-0003
 5.31960765174527E+0000	-2.28709362797871E-0003
 5.32532668616013E+0000	-2.19814929832449E-0003
 5.33106906795851E+0000	-2.04002198129951E-0003
 5.33684436191192E+0000	-1.81710652081417E-0003
 5.34266166985851E+0000	-1.53463945029455E-0003
 5.34852964962906E+0000	-1.19871186192174E-0003
 5.35445655398640E+0000	-8.16271786772622E-0004
 5.36045033834161E+0000	-3.95156837601627E-0004
 5.36651885875830E+0000	 5.57473026154003E-0005
 5.37267010628670E+0000	 5.26079491119175E-0004
 5.37891229321968E+0000	 1.00316004900935E-0003
 5.38525343499071E+0000	 1.47067495223056E-0003
 5.39169990480801E+0000	 1.90707817275090E-0003
 5.39825340345771E+0000	 2.28438676748247E-0003
 5.40490619191879E+0000	 2.56875953278121E-0003
 5.41163575350776E+0000	 2.72476414749919E-0003
 5.41840222010595E+0000	 2.72426156580469E-0003
 5.42515280852065E+0000	 2.55719128251002E-0003
 5.43183381790471E+0000	 2.23758827358731E-0003
 5.43840403234538E+0000	 1.79986681613971E-0003
 5.44484174659683E+0000	 1.28795757890738E-0003
 5.45114351380243E+0000	 7.44485742075813E-0004
 5.45731840541290E+0000	 2.04561791249036E-0004
 5.46338203581516E+0000	-3.05832662331315E-0004
 5.46935230245847E+0000	-7.68870938778274E-0004
 5.47524696700867E+0000	-1.17305548847412E-0003
 5.48108254544701E+0000	-1.51144626377299E-0003
 5.48687396265604E+0000	-1.78025861793863E-0003
 5.49263459269953E+0000	-1.97786379790321E-0003
 5.49837645951222E+0000	-2.10412533416998E-0003
 5.50411047559717E+0000	-2.15998456820258E-0003
 5.50984665839934E+0000	-2.14721571194893E-0003
 5.51559430163178E+0000	-2.06828449671802E-0003
 5.52136210392657E+0000	-1.92625914530530E-0003
 5.52715827612916E+0000	-1.72473906595097E-0003
 5.53299066260023E+0000	-1.46778854035974E-0003
 5.53886691759323E+0000	-1.15989235968510E-0003
 5.54479476813694E+0000	-8.05986936620162E-0004
 5.55078236214820E+0000	-4.11657242751189E-0004
 5.55683863996467E+0000	 1.63851776676748E-0005
 5.56297357860509E+0000	 4.69430333418097E-0004
 5.56919804198156E+0000	 9.35441290606509E-0004
 5.57552283195947E+0000	 1.39734221367643E-0003
 5.58195641553354E+0000	 1.83129603474563E-0003
 5.58850087416042E+0000	 2.20590782213151E-0003
 5.59514630405172E+0000	 2.48403810185770E-0003
 5.60186566238434E+0000	 2.62908914389572E-0003
 5.60861423397081E+0000	 2.61562479071974E-0003
 5.61533734519297E+0000	 2.43966413882248E-0003
 5.62198420077464E+0000	 2.12145108534965E-0003
 5.62851978719652E+0000	 1.69829009324276E-0003
 5.63492862904736E+0000	 1.21283886468968E-0003
 5.64121129040756E+0000	 7.03838040273712E-0004
 5.64737826298039E+0000	 2.01895879898444E-0004
 5.65344468406251E+0000	-2.70885267655161E-0004
 5.65942694243458E+0000	-6.99510550909243E-0004
 5.66534090509112E+0000	-1.07431238853062E-0003
 5.67120118237017E+0000	-1.38940106546386E-0003
 5.67702095241463E+0000	-1.64150537680919E-0003
 5.68281204090437E+0000	-1.82917158052212E-0003
 5.68858508839382E+0000	-1.95223266187064E-0003
 5.69434972507425E+0000	-2.01145804854476E-0003
 5.70011472575906E+0000	-2.00831003411584E-0003
 5.70588815015285E+0000	-1.94475450755864E-0003
 5.71167749287894E+0000	-1.82309747156699E-0003
 5.71748987666164E+0000	-1.64584548585817E-0003
 5.72333231923955E+0000	-1.41561687352973E-0003
 5.72921208784040E+0000	-1.13515787813680E-0003
 5.73513712392759E+0000	-8.07538438356033E-0004
 5.74111647746255E+0000	-4.36610766833518E-0004
 5.74716063563152E+0000	-2.78076516256956E-0005
 5.75328156150240E+0000	 4.10667928171019E-0004
 5.75949216227938E+0000	 8.66273641172028E-0004
 5.76580478424034E+0000	 1.32034731374046E-0003
 5.77222825070952E+0000	 1.74663472314428E-0003
 5.77876317160545E+0000	 2.11126927142259E-0003
 5.78539624617473E+0000	 2.37599422862029E-0003
 5.79209628980198E+0000	 2.50601206006469E-0003
 5.79881626881778E+0000	 2.48090978286095E-0003
 5.80550330121827E+0000	 2.30279320237445E-0003
 5.81211214663100E+0000	 1.99563404394313E-0003
 5.81861425852306E+0000	 1.59635655352219E-0003
 5.82499880620202E+0000	 1.14409297144775E-0003
 5.83126828368296E+0000	 6.73003627856954E-0004
 5.83743295796646E+0000	 2.09614887953218E-0004
 5.84350655399894E+0000	-2.26947713656002E-0004
 5.84950362968415E+0000	-6.23580089740758E-0004
 5.85543824210682E+0000	-9.71686332414823E-0004
 5.86132339092543E+0000	-1.26592313432751E-0003
 5.86717086072504E+0000	-1.50326924321091E-0003
 5.87299123898982E+0000	-1.68236335002857E-0003
 5.87879399859541E+0000	-1.80302625992247E-0003
 5.88458760396619E+0000	-1.86589378301173E-0003
 5.89037964092150E+0000	-1.87211055608864E-0003
 5.89617699111721E+0000	-1.82306305175683E-0003
 5.90198607719512E+0000	-1.72015868792826E-0003
 5.90781319597175E+0000	-1.56468364393663E-0003
 5.91366493651191E+0000	-1.35779018924586E-0003
 5.91954865236543E+0000	-1.10067150531366E-0003
 5.92547292810994E+0000	-7.94978403350328E-0004
 5.93144795146090E+0000	-4.43522398130274E-0004
 5.93748566690862E+0000	-5.12968865532780E-0005
 5.94359952946176E+0000	 3.73175116770867E-0004
 5.94980358253314E+0000	 8.16226401215651E-0004
 5.95611046862534E+0000	 1.25741199471666E-0003
 5.96252796435929E+0000	 1.66851496263909E-0003
 5.96905403385423E+0000	 2.01448150100795E-0003
 5.97567166127992E+0000	 2.25795622192452E-0003
 5.98234664659032E+0000	 2.36797812976887E-0003
 5.98903200150792E+0000	 2.32997230253356E-0003
 5.99567886967335E+0000	 2.15104175167454E-0003
 6.00224825663877E+0000	 1.85671823330044E-0003
 6.00871716695343E+0000	 1.48183371802919E-0003
 6.01507790894465E+0000	 1.06150425333659E-0003
 6.02133373474024E+0000	 6.25800172374157E-0004
 6.02749417343648E+0000	 1.98053222207044E-0004
 6.03357159222746E+0000	-2.04747899500515E-0004
 6.03957911548123E+0000	-5.70808493511900E-0004
 6.04552951879662E+0000	-8.92327614739289E-0004
 6.05143469747477E+0000	-1.16449316009359E-0003
 6.05730543575784E+0000	-1.38469725067976E-0003
 6.06315132686743E+0000	-1.55191967954445E-0003
 6.06898078011710E+0000	-1.66621807543640E-0003
 6.07480110314761E+0000	-1.72828213283627E-0003
 6.08061867266726E+0000	-1.73903795910053E-0003
 6.08643921128051E+0000	-1.69931830012172E-0003
 6.09226817511489E+0000	-1.60963798156279E-0003
 6.09811123306065E+0000	-1.47012512560865E-0003
 6.10397479242043E+0000	-1.28065510895595E-0003
 6.10986650608423E+0000	-1.04121985992287E-0003
 6.11579568529625E+0000	-7.52549317492111E-0004
 6.12177353178856E+0000	-4.16993148506227E-0004
 6.12781307649222E+0000	-3.96675916316422E-0005
 6.13392865007024E+0000	 3.70146622751187E-0004
 6.14013460820051E+0000	 7.97454554903528E-0004
 6.14644293901420E+0000	 1.22017967524394E-0003
 6.15285946408994E+0000	 1.60877061417345E-0003
 6.15937895944884E+0000	 1.92813064754811E-0003
 6.16598094550357E+0000	 2.14320061536114E-0003
 6.17262939692804E+0000	 2.22778632860359E-0003
 6.17927886198492E+0000	 2.17289438064193E-0003
 6.18588518065703E+0000	 1.98935073198183E-0003
 6.19241500522557E+0000	 1.70304436561718E-0003
 6.19884965902539E+0000	 1.34645944459918E-0003
 6.20518361688623E+0000	 9.51362066953492E-0004
 6.21142058782960E+0000	 5.44781648659931E-0004
 6.21756966523596E+0000	 1.47803268637607E-0004
 6.22364250971666E+0000	-2.24107465338320E-0004
 6.22965156987943E+0000	-5.60220778161810E-0004
 6.23560903910509E+0000	-8.53589590255859E-0004
 6.24152626110015E+0000	-1.10019519863332E-0003
 6.24741339695819E+0000	-1.29820915070503E-0003
 6.25327925912015E+0000	-1.44733946344458E-0003
 6.25913128162847E+0000	-1.54823036622142E-0003
 6.26497563118787E+0000	-1.60190849451094E-0003
 6.27081747230269E+0000	-1.60929945324202E-0003
 6.27666138569939E+0000	-1.57086461213518E-0003
