 2.30616017590346E-0003	-8.21663270964188E-0004
 8.19912184011593E-0003	-1.22511077157243E-0003
 1.40385301766815E-0002	-1.56560902439011E-0003
 1.98366908926482E-0002	-1.84162829138099E-0003
 2.56040578003637E-0002	-2.05257815976808E-0003
 3.13497083288436E-0002	-2.19830931717198E-0003
 3.70817591385537E-0002	-2.27880329801387E-0003
 4.28077462196375E-0002	-2.29397324206998E-0003
 4.85350029102404E-0002	-2.24354723668772E-0003
 5.42710602819618E-0002	-2.12704028193408E-0003
 6.00240754015516E-0002	-1.94384037604739E-0003
 6.58032730423219E-0002	-1.69343920399931E-0003
 7.16193736163833E-0002	-1.37583476614043E-0003
 7.74849757201050E-0002	-9.92134064188099E-0004
 8.34148555125624E-0002	-5.45400711548226E-0004
 8.94261148481714E-0002	-4.18294191010828E-0005
 9.55380213575550E-0002	 5.07624677444537E-0004
 1.01771188687282E-0001	 1.08502357107239E-0003
 1.08145396111408E-0001	 1.66264340655578E-0003
 1.14674899260122E-0001	 2.20020877235593E-0003
 1.21360060176384E-0001	 2.64429054558780E-0003
 1.28176114812889E-0001	 2.93424031024638E-0003
 1.35065629959718E-0001	 3.01886768285459E-0003
 1.41946327294459E-0001	 2.87934389860555E-0003
 1.48737039387904E-0001	 2.54075132979009E-0003
 1.55384004952971E-0001	 2.05988189342076E-0003
 1.61868396786120E-0001	 1.50072564041857E-0003
 1.68197015683192E-0001	 9.16788666469593E-0004
 1.74389203435608E-0001	 3.45736803567017E-0004
 1.80467638316549E-0001	-1.88611939868079E-0004
 1.86453764290559E-0001	-6.72260928412891E-0004
 1.92366194565333E-0001	-1.09746332953826E-0003
 1.98220561944692E-0001	-1.46019830926836E-0003
 2.04029921989830E-0001	-1.75856336913314E-0003
 2.09805287051710E-0001	-1.99180039276946E-0003
 2.15556130152556E-0001	-2.15971265427480E-0003
 2.21290823237732E-0001	-2.26230701603859E-0003
 2.27017027877119E-0001	-2.29956479239383E-0003
 2.32742072903823E-0001	-2.27129886207288E-0003
 2.38473348678807E-0001	-2.17709421645662E-0003
 2.44218730268908E-0001	-2.01635369384037E-0003
 2.49987020522757E-0001	-1.78847962255087E-0003
 2.55788388070311E-0001	-1.49321977040686E-0003
 2.61634769001658E-0001	-1.13120332897201E-0003
 2.67540198018864E-0001	-7.04702879356833E-0004
 2.73521016440773E-0001	-2.18689167350519E-0004
 2.79595840199512E-0001	 3.17708152186732E-0004
 2.85785017628617E-0001	 8.89189287523954E-0004
 2.92109012247321E-0001	 1.47165198377466E-0003
 2.98584707466204E-0001	 2.02927336153199E-0003
 3.05218349224702E-0001	 2.51280158955218E-0003
 3.11994904152280E-0001	 2.86269252201841E-0003
 3.18868074650993E-0001	 3.02201636327570E-0003
 3.25761765760702E-0001	 2.95871002102697E-0003
 3.32590964554542E-0001	 2.68321500502358E-0003
 3.39290698396856E-0001	 2.24420533891658E-0003
 3.45830817709615E-0001	 1.70582521235034E-0003
 3.52210994130195E-0001	 1.12625676267944E-0003
 3.58447614185383E-0001	 5.48500601127460E-0004
 3.64562932221851E-0001	 6.06262674157410E-0007
 3.70579085504749E-0001	-5.00572837613344E-0004
 3.76515695887236E-0001	-9.45525046051054E-0004
 3.82389362543965E-0001	-1.32920060602394E-0003
 3.88213943799521E-0001	-1.64912651207757E-0003
 3.94001073569579E-0001	-1.90425015047866E-0003
 3.99760682735448E-0001	-2.09424708148398E-0003
 4.05501458349085E-0001	-2.21910117600709E-0003
 4.11231246163195E-0001	-2.27883903982015E-0003
 4.16957428370095E-0001	-2.27335994764354E-0003
 4.22687309506296E-0001	-2.20234700938534E-0003
 4.28428529210055E-0001	-2.06527503121765E-0003
 4.34189499223486E-0001	-1.86154441207668E-0003
 4.39979843257173E-0001	-1.59077063597948E-0003
 4.45810808864212E-0001	-1.25325444092628E-0003
 4.51695617888192E-0001	-8.50661813791755E-0004
 4.57649711661770E-0001	-3.86965826540831E-0004
 4.63690802746764E-0001	 1.30256437803267E-0004
 4.69838529017122E-0001	 6.88039298458331E-0004
 4.76113269882860E-0001	 1.26565006077436E-0003
 4.82533300303606E-0001	 1.83176896581505E-0003
 4.89109080598899E-0001	 2.34221593880667E-0003
 4.95833902432191E-0001	 2.74099440080249E-0003
 5.02673160586066E-0001	 2.96932131839205E-0003
 5.09560780292142E-0001	 2.98496272544077E-0003
 5.16413193095084E-0001	 2.78300761886450E-0003
 5.23157139854092E-0001	 2.39997738147546E-0003
 5.29750603956959E-0001	 1.89616143246752E-0003
 5.36183984283301E-0001	 1.33239321387139E-0003
 5.42468736730232E-0001	 7.56655540932031E-0004
 5.48625434122872E-0001	 2.01629460164622E-0004
 5.54676255469137E-0001	-3.12415304476645E-0004
 5.60641549041114E-0001	-7.73717936558720E-0004
 5.66538789451751E-0001	-1.17584149335403E-0003
 5.72382634716422E-0001	-1.51549497432239E-0003
 5.78185372917133E-0001	-1.79116498936592E-0003
 5.83957438163921E-0001	-2.00228847615118E-0003
 5.89707882932710E-0001	-2.14875310803029E-0003
 5.95444791331733E-0001	-2.23058571246980E-0003
 6.01175657506761E-0001	-2.24775211305669E-0003
 6.06907762238893E-0001	-2.20004051921121E-0003
 6.12648571303068E-0001	-2.08703505454134E-0003
 6.18406159602955E-0001	-1.90820509034452E-0003
 6.24189644676652E-0001	-1.66314023662457E-0003
 6.30009600138282E-0001	-1.35195659759793E-0003
 6.35878415172150E-0001	-9.75899288711896E-0004
 6.41810559996519E-0001	-5.38180817873661E-0004
 6.47822687435065E-0001	-4.51279736990246E-0005
 6.53933415361903E-0001	 4.92251708395024E-0004
 6.60162452265101E-0001	 1.05617436975966E-0003
 6.66528414124251E-0001	 1.61950636436456E-0003
 6.73044307868561E-0001	 2.14334562370990E-0003
 6.79709723533168E-0001	 2.57675508012931E-0003
 6.86500666866399E-0001	 2.86254214974934E-0003
 6.93362990787916E-0001	 2.95259021581872E-0003
 7.00219583155216E-0001	 2.82853919512430E-0003
 7.06993658382866E-0001	 2.51248132225320E-0003
 7.13632859291705E-0001	 2.05662496437461E-0003
 7.20117116480329E-0001	 1.52127422079986E-0003
 7.26450999358397E-0001	 9.58058489792179E-0004
 7.32651826819838E-0001	 4.04158282430206E-0004
 7.38740847851945E-0001	-1.16391485817075E-0004
 7.44738621513030E-0001	-5.89146007237359E-0004
 7.50663257155822E-0001	-1.00590822932059E-0003
 7.56530118557800E-0001	-1.36228861257330E-0003
 7.62352126283962E-0001	-1.65611325552396E-0003
 7.68140229948059E-0001	-1.88644081262019E-0003
 7.73903876598932E-0001	-2.05296523555741E-0003
 7.79651428885319E-0001	-2.15564648460172E-0003
 7.85390543178618E-0001	-2.19447512158261E-0003
 7.91128536532166E-0001	-2.16932823666944E-0003
 7.96872768222370E-0001	-2.07991238578588E-0003
 8.02631045573731E-0001	-1.92581305979830E-0003
 8.08412043423262E-0001	-1.70667907551400E-0003
 8.14225710669145E-0001	-1.42256815308094E-0003
 8.20083629818207E-0001	-1.07447678739573E-0003
 8.25999290220516E-0001	-6.65084968089920E-0004
 8.31988215448480E-0001	-1.99770100368561E-0004
 8.38067823250657E-0001	 3.12023138640534E-0004
 8.44256758289599E-0001	 8.54962084521507E-0004
 8.50573191969206E-0001	 1.40556147515095E-0003
 8.57031263309641E-0001	 1.92988410813356E-0003
 8.63634748656509E-0001	 2.38261493225828E-0003
 8.70368157273964E-0001	 2.71051784047452E-0003
 8.77189080184781E-0001	 2.86383642904109E-0003
 8.84030185017060E-0001	 2.81458927866950E-0003
 8.90816404270520E-0001	 2.57075757237745E-0003
 8.97488578945865E-0001	 2.17335810809252E-0003
 9.04016637770147E-0001	 1.67847161359531E-0003
 9.10396948200186E-0001	 1.13903790137272E-0003
 9.16641986904623E-0001	 5.95839795832895E-0004
 9.22770866923732E-0001	 7.66057786436241E-0005
 9.28803604177931E-0001	-4.01286168850276E-0004
 9.34758521107726E-0001	-8.27568229183178E-0004
 9.40651470408747E-0001	-1.19647905962621E-0003
 9.46495903572048E-0001	-1.50497135522416E-0003
 9.52303246211784E-0001	-1.75156735046225E-0003
 9.58083334408168E-0001	-1.93565119151491E-0003
 9.63844825022366E-0001	-2.05703080407521E-0003
 9.69595569139619E-0001	-2.11566074332618E-0003
 9.75342968341811E-0001	-2.11146941168326E-0003
 9.81094338102120E-0001	-2.04427449480709E-0003
 9.86857291564160E-0001	-1.91379800343685E-0003
 9.92640138533385E-0001	-1.71980570740563E-0003
 9.98452277161035E-0001	-1.46239695653911E-0003
 1.00430454514633E+0000	-1.14246734893352E-0003
 1.01020949089587E+0000	-7.62368970255804E-0004
 1.01618151012304E+0000	-3.26808044459079E-0004
 1.02223674797599E+0000	 1.55956123185379E-0004
 1.02839256300508E+0000	 6.72538127042877E-0004
 1.03466616154054E+0000	 1.20247589060372E-0003
 1.04107175658700E+0000	 1.71618362447208E-0003
 1.04761548140173E+0000	 2.17381094692957E-0003
 1.05428794098212E+0000	 2.52725068163423E-0003
 1.06105677462319E+0000	 2.72835764740437E-0003
 1.06786551380366E+0000	 2.74392858939743E-0003
 1.07464497935122E+0000	 2.57044810517498E-0003
 1.08133375331918E+0000	 2.23676302465316E-0003
 1.08789402803035E+0000	 1.79161182580722E-0003
 1.09431388796331E+0000	 1.28635758457593E-0003
 1.10059983331136E+0000	 7.63710375021690E-0004
 1.10676764030262E+0000	 2.54441242958521E-0004
 1.11283587691444E+0000	-2.21226204749581E-0004
 1.11882249150374E+0000	-6.50810986762929E-0004
 1.12474347465654E+0000	-1.02697975986528E-0003
 1.13061260984824E+0000	-1.34562433386267E-0003
 1.13644169129806E+0000	-1.60457620564382E-0003
 1.14224089105030E+0000	-1.80278848620020E-0003
 1.14801914129042E+0000	-1.93982283929743E-0003
 1.15378449390330E+0000	-2.01552513394392E-0003
 1.15954446282701E+0000	-2.02982195526068E-0003
 1.16530636803142E+0000	-1.98261067187074E-0003
 1.17107769497810E+0000	-1.87374540766166E-0003
 1.17686646842893E+0000	-1.70313826760532E-0003
 1.18268162240302E+0000	-1.47100000421250E-0003
 1.18853333519931E+0000	-1.17824202548931E-0003
 1.19443328996502E+0000	-8.27060931236698E-0004
 1.20039480851463E+0000	-4.21734803666489E-0004
 1.20643277176549E+0000	 3.03241056005158E-0005
 1.21256316196918E+0000	 5.17210723201493E-0004
 1.21880192047733E+0000	 1.02086598513074E-0003
 1.22516262241515E+0000	 1.51532703658746E-0003
 1.23165236128945E+0000	 1.96562903993589E-0003
 1.23826564934754E+0000	 2.32902040948594E-0003
 1.24497783804651E+0000	 2.56091532684667E-0003
 1.25174255917603E+0000	 2.62667086757545E-0003
 1.25849874121796E+0000	 2.51502562764603E-0003
 1.26518684684907E+0000	 2.24387410983134E-0003
 1.27176473609862E+0000	 1.85301692968850E-0003
 1.27821354094207E+0000	 1.38961395940286E-0003
 1.28453354166715E+0000	 8.96179534245787E-0004
 1.29073632600125E+0000	 4.05314866734981E-0004
 1.29683815144056E+0000	-6.04263599969466E-0005
 1.30285592710416E+0000	-4.86475740904144E-0004
 1.30880532712986E+0000	-8.63878407430152E-0004
 1.31470017578190E+0000	-1.18735629771871E-0003
 1.32055245605810E+0000	-1.45393408598405E-0003
 1.32637256845394E+0000	-1.66202966914391E-0003
 1.33216966041095E+0000	-1.81087018488539E-0003
 1.33795195834138E+0000	-1.90011945254132E-0003
 1.34372708991473E+0000	-1.92964293189719E-0003
 1.34950240637402E+0000	-1.89937419464363E-0003
 1.35528531615776E+0000	-1.80927673253869E-0003
 1.36108363051609E+0000	-1.65941408476844E-0003
 1.36690590651292E+0000	-1.45014918427375E-0003
 1.37276175903771E+0000	-1.18249355508673E-0003
 1.37866210311629E+0000	-8.58625140830874E-0004
 1.38461927541724E+0000	-4.82596499645854E-0004
 1.39064695638969E+0000	-6.12628535820649E-0005
 1.39675975465696E+0000	 3.94541455160882E-0004
 1.40297220930702E+0000	 8.68595691487327E-0004
 1.40929682560711E+0000	 1.33783685053867E-0003
 1.41574068566079E+0000	 1.77143105761800E-0003
 1.42230047191282E+0000	 2.13162349648668E-0003
 1.42895693522604E+0000	 2.37821314915184E-0003
 1.43567202692151E+0000	 2.47773054300360E-0003
 1.44239312596612E+0000	 2.41482978252487E-0003
 1.44906532769807E+0000	 2.19906070186934E-0003
 1.45564561365634E+0000	 1.86146443888228E-0003
 1.46211048867905E+0000	 1.44337868585547E-0003
 1.46845479239931E+0000	 9.85129427908355E-0004
 1.47468571274953E+0000	 5.19630899875942E-0004
 1.48081661910154E+0000	 7.08722010244524E-0005
 1.48686279076717E+0000	-3.44921833918635E-0004
 1.49283911025582E+0000	-7.17332948875386E-0004
 1.49875909889791E+0000	-1.03993386980735E-0003
 1.50463469310297E+0000	-1.30890360487172E-0003
 1.51047636578963E+0000	-1.52206562193245E-0003
 1.51629337965399E+0000	-1.67825009482254E-0003
 1.52209407640812E+0000	-1.77687958513020E-0003
 1.52788617074051E+0000	-1.81770506367697E-0003
 1.53367704744439E+0000	-1.80065152443681E-0003
 1.53947406777567E+0000	-1.72576039373362E-0003
 1.54528488516771E+0000	-1.59323558864337E-0003
 1.55111775784490E+0000	-1.40360997944235E-0003
 1.55698183249312E+0000	-1.15805070523780E-0003
 1.56288736165722E+0000	-8.58819930968895E-0004
 1.56884580482935E+0000	-5.09907310620334E-0004
 1.57486973983539E+0000	-1.17852015233387E-0004
 1.58097246423844E+0000	 3.07234845094021E-0004
 1.58716708713034E+0000	 7.50480927302847E-0004
 1.59346481336064E+0000	 1.19106642310474E-0003
 1.59987208528254E+0000	 1.60151487958919E-0003
 1.60638649169302E+0000	 1.94843009459531E-0003
 1.61299223621397E+0000	 2.19606702918652E-0003
 1.61965753722646E+0000	 2.31359582378009E-0003
 1.62633733006548E+0000	 2.28443882672415E-0003
 1.63298251439353E+0000	 2.11275728519794E-0003
 1.63955182196861E+0000	 1.82231471159347E-0003
 1.64601968729409E+0000	 1.44828611168632E-0003
 1.65237703460100E+0000	 1.02747296515100E-0003
 1.65862714637383E+0000	 5.91682641328918E-0004
 1.66478038624508E+0000	 1.65270207653464E-0004
 1.67085004930124E+0000	-2.34550902506842E-0004
 1.67684984483208E+0000	-5.96263484709130E-0004
 1.68279266651101E+0000	-9.12464669437969E-0004
 1.68869015492003E+0000	-1.17855397038472E-0003
 1.69455267424117E+0000	-1.39177076976359E-0003
 1.70038947556955E+0000	-1.55053138891412E-0003
 1.70620893131112E+0000	-1.65398765464343E-0003
 1.71201879291916E+0000	-1.70174149747001E-0003
 1.71782645890516E+0000	-1.69367472111649E-0003
 1.72363925252978E+0000	-1.62987736251817E-0003
 1.72946470683644E+0000	-1.51067663969952E-0003
 1.73531084509096E+0000	-1.33677908733310E-0003
 1.74118643254533E+0000	-1.10954152688822E-0003
 1.74710116365092E+0000	-8.31385047697184E-0004
 1.75306573582727E+0000	-5.06363849339540E-0004
 1.75909174003639E+0000	-1.40897718432070E-0004
 1.76519126061381E+0000	 2.55335641763851E-0004
 1.77137601741066E+0000	 6.68397307893279E-0004
 1.77765581783979E+0000	 1.07914066990720E-0003
 1.78403608324573E+0000	 1.46273238993422E-0003
 1.79051443867612E+0000	 1.78941602758784E-0003
 1.79707704544267E+0000	 2.02756088551878E-0003
 1.80369650641123E+0000	 2.14959159622058E-0003
 1.81033387392751E+0000	 2.13958050452960E-0003
 1.81694581867951E+0000	 1.99887439347680E-0003
 1.82349431592146E+0000	 1.74598940142799E-0003
 1.82995385577786E+0000	 1.41062664097926E-0003
 1.83631320901404E+0000	 1.02559058908945E-0003
 1.84257275299319E+0000	 6.20601157551737E-0004
 1.84874019787456E+0000	 2.19407694285622E-0004
 1.85482682707257E+0000	-1.60532601541029E-0004
 1.86084498699412E+0000	-5.07100116950743E-0004
 1.86680671703080E+0000	-8.12218396641555E-0004
 1.87272315500919E+0000	-1.07067807819015E-0003
 1.87860438770462E+0000	-1.27922324429353E-0003
 1.88445952562412E+0000	-1.43589632142604E-0003
 1.89029687837848E+0000	-1.53958960023719E-0003
 1.89612417183404E+0000	-1.58975024249129E-0003
 1.90194878445134E+0000	-1.58620184812435E-0003
 1.90777799560607E+0000	-1.52906521635085E-0003
 1.91361924009107E+0000	-1.41877728274299E-0003
 1.91948035606495E+0000	-1.25621737908131E-0003
 1.92536980312941E+0000	-1.04295354741374E-0003
 1.93129681574126E+0000	-7.81620440654078E-0004
 1.93727144410138E+0000	-4.76436699964002E-0004
 1.94330441549513E+0000	-1.33863090957787E-0004
 1.94940671781631E+0000	 2.36614634223406E-0004
 1.95558876276969E+0000	 6.21641219242594E-0004
 1.96185894679381E+0000	 1.00325681705147E-0003
 1.96822145390701E+0000	 1.35864225550584E-0003
 1.97467336485295E+0000	 1.66098473018213E-0003
 1.98120170558462E+0000	 1.88224864782203E-0003
 1.98778191847246E+0000	 1.99820176996403E-0003
 1.99437966201781E+0000	 1.99463798259235E-0003
 2.00095666927815E+0000	 1.87199890983390E-0003
 2.00747867365105E+0000	 1.64552519250709E-0003
 2.01392161892914E+0000	 1.34067130894860E-0003
 2.02027366983427E+0000	 9.86500930135633E-0004
 2.02653347173740E+0000	 6.10232978423896E-0004
 2.03270675180636E+0000	 2.34344386327841E-0004
 2.03880305645058E+0000	-1.24107773390376E-0004
 2.04483340614027E+0000	-4.52910834443982E-0004
 2.05080890886226E+0000	-7.43676500356287E-0004
 2.05674008342933E+0000	-9.90826883029873E-0004
 2.06263662202500E+0000	-1.19076307358769E-0003
 2.06850739288531E+0000	-1.34124589559034E-0003
 2.07436056224843E+0000	-1.44096047977088E-0003
 2.08020377228693E+0000	-1.48922513938406E-0003
 2.08604434630520E+0000	-1.48581394445212E-0003
 2.09188950869128E+0000	-1.43087719825934E-0003
 2.09774661032347E+0000	-1.32495760281006E-0003
 2.10362334515104E+0000	-1.16910885823809E-0003
 2.10952793451560E+0000	-9.65126832163066E-0004
 2.11546924489017E+0000	-7.15902152455509E-0004
 2.12145679183499E+0000	-4.25898352325050E-0004
 2.12750056508463E+0000	-1.01750254403799E-0004
 2.13361058336981E+0000	 2.47044191569564E-0004
 2.13979605520570E+0000	 6.07415017649153E-0004
 2.14606400356424E+0000	 9.62171992010174E-0004
 2.15241726410002E+0000	 1.28996356523455E-0003
 2.15885199027178E+0000	 1.56628659382061E-0003
 2.16535528783718E+0000	 1.76613592973122E-0003
 2.17190423706447E+0000	 1.86843115005655E-0003
 2.17846775072494E+0000	 1.86120038343105E-0003
 2.18501165951744E+0000	 1.74524934958074E-0003
 2.19150533129904E+0000	 1.53415409864748E-0003
 2.19792686770412E+0000	 1.25045301017472E-0003
 2.20426493602691E+0000	 9.20151564329524E-0004
 2.21051750835549E+0000	 5.68037285082578E-0004
 2.21668910179607E+0000	 2.15016913831912E-0004
 2.22278798686700E+0000	-1.22679755673496E-0004
 2.22882408095662E+0000	-4.33159445877062E-0004
 2.23480763417381E+0000	-7.08060304956049E-0004
 2.24074853988302E+0000	-9.41689936749587E-0004
 2.24665605385673E+0000	-1.13028712074658E-0003
 2.25253875027878E+0000	-1.27145466825702E-0003
 2.25840460369659E+0000	-1.36375188967490E-0003
 2.26426113475987E+0000	-1.40641893062196E-0003
 2.27011558850086E+0000	-1.39920911502605E-0003
 2.27597512924965E+0000	-1.34231632055311E-0003
 2.28184704002982E+0000	-1.23639532358010E-0003
 2.28773891040512E+0000	-1.08268048065735E-0003
 2.29365878861831E+0000	-8.83210827739764E-0004
 2.29961526351698E+0000	-6.41167950943850E-0004
 2.30561742912163E+0000	-3.61327157696145E-0004
 2.31167466779875E+0000	-5.06105181139532E-0005
 2.31779616553024E+0000	 2.81294993046053E-0004
 2.32399005003356E+0000	 6.21343785774951E-0004
 2.33026204209172E+0000	 9.52749504167535E-0004
 2.33661358544391E+0000	 1.25514752514692E-0003
 2.34303965288895E+0000	 1.50577549138836E-0003
 2.34952686214437E+0000	 1.68210776749726E-0003
 2.35605301133059E+0000	 1.76589649624698E-0003
 2.36258914009738E+0000	 1.74757620460687E-0003
 2.36910419849561E+0000	 1.62909584391068E-0003
 2.37557073878615E+0000	 1.42355678807870E-0003
 2.38196922189262E+0000	 1.15176371299488E-0003
 2.38828947606189E+0000	 8.37489237793943E-0004
 2.39452959773843E+0000	 5.03457733559256E-0004
 2.40069359492373E+0000	 1.69016095284602E-0004
 2.40678897203664E+0000	-1.50621376084201E-0004
 2.41282486638167E+0000	-4.44138842442342E-0004
 2.41881085113166E+0000	-7.03453625263423E-0004
 2.42475628183871E+0000	-9.22973422421786E-0004
 2.43067001075583E+0000	-1.09894306009752E-0003
 2.43656032253252E+0000	-1.22893270072944E-0003
 2.44243499293532E+0000	-1.31146519088480E-0003
 2.44830141294158E+0000	-1.34576309466004E-0003
 2.45416674721186E+0000	-1.33159724042915E-0003
 2.46003810945313E+0000	-1.26922683791936E-0003
 2.46592274054639E+0000	-1.15942998108467E-0003
 2.47182817179077E+0000	-1.00362930546404E-0003
 2.47776234801436E+0000	-8.04119402231498E-0004
 2.48373367525451E+0000	-5.64400176440750E-0004
 2.48975094515989E+0000	-2.89613313296760E-0004
 2.49582307201966E+0000	 1.29353955568666E-0005
 2.50195855881789E+0000	 3.33214361242701E-0004
 2.50816459403162E+0000	 6.57968333641786E-0004
 2.51444569643731E+0000	 9.70484088996971E-0004
 2.52080192260724E+0000	 1.25094847636706E-0003
 2.52722689741940E+0000	 1.47782128923661E-0003
 2.53370632865079E+0000	 1.63053432756547E-0003
 2.54021801844864E+0000	 1.69330348383122E-0003
 2.54673421291365E+0000	 1.65895098416421E-0003
 2.55322609246618E+0000	 1.53101779058455E-0003
 2.55966882371529E+0000	 1.32296195210997E-0003
 2.56604512840141E+0000	 1.05480271529020E-0003
 2.57234630372761E+0000	 7.48869072993642E-0004
 2.57857108952237E+0000	 4.26313676809545E-0004
 2.58472352710322E+0000	 1.05127674204990E-0004
 2.59081081156828E+0000	-2.00486967484758E-0004
 2.59684163744755E+0000	-4.79896592100482E-0004
 2.60282512856636E+0000	-7.25442247419106E-0004
 2.60877024625769E+0000	-9.31776456409111E-0004
 2.61468552531587E+0000	-1.09527630119043E-0003
 2.62057901085166E+0000	-1.21358064176588E-0003
 2.62645830953245E+0000	-1.28525214556303E-0003
 2.63233070329367E+0000	-1.30954936191036E-0003
 2.63820329638059E+0000	-1.28629470704409E-0003
 2.64408317795942E+0000	-1.21583102508662E-0003
 2.64997758497989E+0000	-1.09906666773413E-0003
 2.65589404625655E+0000	-9.37613785142445E-0004
 2.66184048120597E+0000	-7.34025491327632E-0004
 2.66782521659097E+0000	-4.92134380781595E-0004
 2.67385687184587E+0000	-2.17486585412189E-0004
 2.67994404745520E+0000	 8.21513606091509E-0005
 2.68609473341063E+0000	 3.96269047245248E-0004
 2.69231534682908E+0000	 7.11190085506367E-0004
 2.69860933812152E+0000	 1.00996767039204E-0003
 2.70497542557306E+0000	 1.27293157685503E-0003
 2.71140578289564E+0000	 1.47927438032015E-0003
 2.71788488469421E+0000	 1.60988384238943E-0003
 2.72438996468990E+0000	 1.65105140030897E-0003
 2.73089371484269E+0000	 1.59786444951828E-0003
 2.73736876717326E+0000	 1.45569788658643E-0003
 2.74379231976816E+0000	 1.23893511674697E-0003
 2.75014910631267E+0000	 9.67534317673142E-0004
 2.75643197162754E+0000	 6.63057783627016E-0004
 2.76264059172626E+0000	 3.45585460649328E-0004
 2.76877941421369E+0000	 3.20445898237298E-0005
 2.77485568198930E+0000	-2.64253030344542E-0004
 2.78087794185370E+0000	-5.33344841695306E-0004
 2.78685509109125E+0000	-7.68043790898831E-0004
 2.79279585571429E+0000	-9.63318641395312E-0004
 2.79870856260497E+0000	-1.11575201337648E-0003
 2.80460109206636E+0000	-1.22311553363770E-0003
 2.81048093387524E+0000	-1.28406165778112E-0003
 2.81635530050153E+0000	-1.29791924757170E-0003
 2.82223127084803E+0000	-1.26458123251988E-0003
 2.82811594723646E+0000	-1.18447901593017E-0003
 2.83401660968117E+0000	-1.05864471173744E-0003
 2.83994084724563E+0000	-8.88866198789440E-0004
 2.84589663846090E+0000	-6.77940249132804E-0004
 2.85189234230389E+0000	-4.30025097484071E-0004
 2.85793654779294E+0000	-1.51084312837511E-0004
 2.86403771359725E+0000	 1.50605641313783E-0004
 2.87020351252994E+0000	 4.63949916943586E-0004
 2.87643979312229E+0000	 7.74666030414556E-0004
 2.88274911461588E+0000	 1.06528860853738E-0003
 2.88912895699835E+0000	 1.31589745831819E-0003
 2.89556999910234E+0000	 1.50593853502658E-0003
 2.90205523282479E+0000	 1.61725649393078E-0003
 2.90856084616563E+0000	 1.63781263151531E-0003
 2.91505932706721E+0000	 1.56477461764610E-0003
 2.92152407350675E+0000	 1.40546635328856E-0003
 2.92793376004865E+0000	 1.17558825854269E-0003
 2.93427482146997E+0000	 8.95585245989492E-0004
 2.94054159661994E+0000	 5.86806725097051E-0004
 2.94673483397791E+0000	 2.68711481282579E-0004
 2.95285962056433E+0000	-4.25282037201327E-0005
 2.95892350112255E+0000	-3.34313029079682E-0004
 2.96493510507133E+0000	-5.97270986128287E-0004
 2.97090329179846E+0000	-8.24667477218885E-0004
 2.97683669723526E+0000	-1.01180061553938E-0003
 2.98274354814816E+0000	-1.15548475573395E-0003
 2.98863163877982E+0000	-1.25365151234313E-0003
 2.99450840009716E+0000	-1.30506435461142E-0003
 3.00038102014785E+0000	-1.30913378303661E-0003
 3.00625659147018E+0000	-1.26582267482477E-0003
 3.01214226915504E+0000	-1.17563791528172E-0003
 3.01804542332667E+0000	-1.03971051811601E-0003
 3.02397376485508E+0000	-8.59969841894239E-0004
 3.02993541476250E+0000	-6.39417324462249E-0004
 3.03593887659113E+0000	-3.82500777564696E-0004
 3.04199285639142E+0000	-9.55797804949416E-0005
 3.04810585686286E+0000	 2.12549191864734E-0004
 3.05428545503869E+0000	 5.30142491758690E-0004
 3.06053717346534E+0000	 8.42165297130326E-0004
 3.06686291140315E+0000	 1.13037854700459E-0003
 3.07325907488999E+0000	 1.37423438330223E-0003
 3.07971487256300E+0000	 1.55295099620086E-0003
 3.08621163214099E+0000	 1.64881432327201E-0003
 3.09272408761836E+0000	 1.65101982183137E-0003
 3.09922394473403E+0000	 1.55858004673121E-0003
 3.10568474582972E+0000	 1.38079998380067E-0003
 3.11208611916853E+0000	 1.13497333666958E-0003
 3.11841587011215E+0000	 8.42454030025943E-0004
 3.12466970852446E+0000	 5.24828483156626E-0004
 3.13084949432743E+0000	 2.01324019186471E-0004
 3.13696108758343E+0000	-1.12351455127678E-0004
 3.14301250444186E+0000	-4.04119639038892E-0004
 3.14901262418635E+0000	-6.65086867676613E-0004
 3.15497041409843E+0000	-8.88913615870158E-0004
 3.16089453818786E+0000	-1.07120337671067E-0003
 3.16679321455396E+0000	-1.20899563603880E-0003
 3.17267422018393E+0000	-1.30038165866828E-0003
 3.17854497851624E+0000	-1.34423441667459E-0003
 3.18441269228570E+0000	-1.34003835598494E-0003
 3.19028450008279E+0000	-1.28780900777224E-0003
 3.19616764131417E+0000	-1.18809962924112E-0003
 3.20206961334312E+0000	-1.04209819770739E-0003
 3.20799829886385E+0000	-8.51821309081571E-0004
 3.21396203254548E+0000	-6.20411179839803E-0004
 3.21996956384250E+0000	-3.52537421582965E-0004
 3.22602985661763E+0000	-5.48942047069339E-0005
 3.23215164559511E+0000	 2.63240448822464E-0004
 3.23834264993932E+0000	 5.89464823621803E-0004
 3.24460834507387E+0000	 9.07901634684155E-0004
 3.25095026011352E+0000	 1.19933062593102E-0003
 3.25736396899566E+0000	 1.44222600339964E-0003
 3.26383731992845E+0000	 1.61509578355529E-0003
 3.27034987286877E+0000	 1.70012245806092E-0003
 3.27687456132733E+0000	 1.68725287692910E-0003
 3.28338177795618E+0000	 1.57705309409618E-0003
 3.28984462429727E+0000	 1.38077612702248E-0003
 3.29624318008608E+0000	 1.11750759964242E-0003
 3.30256628513743E+0000	 8.09848103205998E-0004
 3.30881086216029E+0000	 4.79994037676371E-0004
 3.31497986494309E+0000	 1.47275237579879E-0004
 3.32107999591893E+0000	-1.72803982270127E-0004
 3.32711985176076E+0000	-4.68502222719010E-0004
 3.33310867853635E+0000	-7.31284212964401E-0004
 3.33905565849809E+0000	-9.55132389134398E-0004
 3.34496957344770E+0000	-1.13591324967939E-0003
 3.35085870358095E+0000	-1.27086695315510E-0003
 3.35673086185411E+0000	-1.35822833798647E-0003
 3.36259350262485E+0000	-1.39696517523930E-0003
 3.36845387040484E+0000	-1.38661721353075E-0003
 3.37431916953062E+0000	-1.32722584666391E-0003
 3.38019674070756E+0000	-1.21935237765326E-0003
 3.38609422850585E+0000	-1.06418934791913E-0003
 3.39201971740871E+0000	-8.63772720888820E-0004
 3.39798180430782E+0000	-6.21302482438423E-0004
 3.40398956218026E+0000	-3.41574965287789E-0004
 3.41005233146519E+0000	-3.15192768512111E-0005
 3.41617925156026E+0000	 2.99194734571760E-0004
 3.42237842031083E+0000	 6.37562269463881E-0004
 3.42865556643419E+0000	 9.66846334506614E-0004
 3.43501219080967E+0000	 1.26670854975941E-0003
 3.44144336034172E+0000	 1.51434591488460E-0003
 3.44793577482508E+0000	 1.68708770881133E-0003
 3.45446722049761E+0000	 1.76643863251624E-0003
 3.46100855475792E+0000	 1.74255343520954E-0003
 3.46752836491009E+0000	 1.61719078104767E-0003
 3.47399874319071E+0000	 1.40345444455468E-0003
 3.48039972334650E+0000	 1.12236167579577E-0003
 3.48672083726584E+0000	 7.98040415433240E-0004
 3.49296004241677E+0000	 4.53617294720421E-0004
 3.49912133654942E+0000	 1.08816052508816E-0004
 3.50521229466486E+0000	-2.20830380890036E-0004
 3.51124216353790E+0000	-5.23748244371314E-0004
 3.51722063746107E+0000	-7.91644915266861E-0004
 3.52315719125990E+0000	-1.01874917899786E-0003
 3.52906079079994E+0000	-1.20114239331960E-0003
 3.53493983068443E+0000	-1.33623435886536E-0003
 3.54080219810669E+0000	-1.42238155858484E-0003
 3.54665540374039E+0000	-1.45862747790412E-0003
 3.55250674828752E+0000	-1.44454577760098E-0003
 3.55836350780601E+0000	-1.38017549341577E-0003
 3.56423312524129E+0000	-1.26604678999090E-0003
 3.57012339286009E+0000	-1.10330288489841E-0003
 3.57604260311808E+0000	-8.93927383830798E-0004
 3.58199963518809E+0000	-6.41086414454895E-0004
 3.58800393030043E+0000	-3.49591397742272E-0004
 3.59406528882486E+0000	-2.64783099330174E-0005
 3.60019339380890E+0000	 3.18325384361413E-0004
 3.60639693419769E+0000	 6.71330461168279E-0004
 3.61268218956296E+0000	 1.01500496600362E-0003
 3.61905100640849E+0000	 1.32784672916235E-0003
 3.62549834491993E+0000	 1.58555662373006E-0003
 3.63201007991455E+0000	 1.76385885821461E-0003
 3.63856233751901E+0000	 1.84299130071862E-0003
 3.64512371479573E+0000	 1.81270862616406E-0003
 3.65166054596073E+0000	 1.67551796027460E-0003
 3.65814335280489E+0000	 1.44620394462395E-0003
 3.66455161691187E+0000	 1.14780157801733E-0003
 3.67087520719990E+0000	 8.06205781559549E-0004
 3.67711292239137E+0000	 4.45758871779938E-0004
 3.68326973463769E+0000	 8.68404930400155E-0005
 3.68935409848638E+0000	-2.54778088540714E-0004
 3.69537595607399E+0000	-5.67536450537367E-0004
 3.70134550842546E+0000	-8.43277280533918E-0004
 3.70727258052156E+0000	-1.07640382811409E-0003
 3.71316637193069E+0000	-1.26316521791532E-0003
 3.71903543043161E+0000	-1.40110994941174E-0003
 3.72488774450761E+0000	-1.48869460954094E-0003
 3.73073089663968E+0000	-1.52502083579180E-0003
 3.73657224837695E+0000	-1.50967790375428E-0003
 3.74241914261918E+0000	-1.44267899884785E-0003
 3.74827911223437E+0000	-1.32449000869417E-0003
 3.75416008067112E+0000	-1.15615754835437E-0003
 3.76007053245327E+0000	-9.39547011041018E-0004
 3.76601962069731E+0000	-6.77702119157488E-0004
 3.77201716408270E+0000	-3.75334951896574E-0004
 3.77807346378062E+0000	-3.94471864327880E-0005
 3.78419883841779E+0000	 3.19939517868918E-0004
 3.79040273523108E+0000	 6.89021864408411E-0004
 3.79669225107967E+0000	 1.04961604152290E-0003
 3.80306995304118E+0000	 1.37911189078710E-0003
 3.80953114625530E+0000	 1.65160165496101E-0003
 3.81606130942614E+0000	 1.84085575506190E-0003
 3.82263515677508E+0000	 1.92527097112976E-0003
 3.82921895707136E+0000	 1.89353965911956E-0003
 3.83577640519423E+0000	 1.74838236391290E-0003
 3.84227589987923E+0000	 1.50601095721351E-0003
 3.84869584742861E+0000	 1.19150823953877E-0003
 3.85502607902201E+0000	 8.32742138490288E-0004
 3.86126602532128E+0000	 4.55533137462717E-0004
 3.86742154960246E+0000	 8.11600379795661E-0005
 3.87350197911476E+0000	-2.74173529530852E-0004
 3.87951798240258E+0000	-5.98778370410309E-0004
 3.88548031196148E+0000	-8.84533779374785E-0004
 3.89139918810188E+0000	-1.12595131116520E-0003
 3.89728408321613E+0000	-1.31940460919578E-0003
 3.90314372847365E+0000	-1.46255298562877E-0003
 3.90898623381449E+0000	-1.55393485002697E-0003
 3.91481926321449E+0000	-1.59269670254413E-0003
 3.92065023819050E+0000	-1.57843102337015E-0003
 3.92648655732261E+0000	-1.51110951628865E-0003
 3.93233582286221E+0000	-1.39111056751942E-0003
 3.93820606138986E+0000	-1.21934861820936E-0003
 3.94410591718056E+0000	-9.97517784634023E-0004
 3.95004478591436E+0000	-7.28463338068352E-0004
 3.95603284141318E+0000	-4.16693388496517E-0004
 3.96208088506137E+0000	-6.90372476018525E-0005
 3.96819991146041E+0000	 3.04562442580296E-0004
 3.97440023505563E+0000	 6.90189817616687E-0004
 3.98068998133773E+0000	 1.06921387069338E-0003
 3.98707278020543E+0000	 1.41806833317173E-0003
 3.99354474899619E+0000	 1.70924415670807E-0003
 4.00009148109525E+0000	 1.91431908107146E-0003
 4.00668666208460E+0000	 2.00932709709081E-0003
 4.01329430125710E+0000	 1.98120558965809E-0003
 4.01987515142685E+0000	 1.83226491682319E-0003
 4.02639495320301E+0000	 1.57979813380964E-0003
 4.03283049472081E+0000	 1.25090447758976E-0003
 4.03917116949445E+0000	 8.75600087663437E-0004
 4.04541681321014E+0000	 4.81430810249422E-0004
 4.05157408606933E+0000	 9.08071898649863E-0005
 4.05765317304319E+0000	-2.79450442277615E-0004
 4.06366549257221E+0000	-6.17390785022953E-0004
 4.06962238595725E+0000	-9.14838343034886E-0004
 4.07553450713170E+0000	-1.16635252265449E-0003
 4.08141163454008E+0000	-1.36839268528393E-0003
 4.08726270833166E+0000	-1.51870487624751E-0003
 4.09309597673343E+0000	-1.61589493792372E-0003
 4.09891919262044E+0000	-1.65914565196687E-0003
 4.10473983488264E+0000	-1.64804648888361E-0003
 4.11056534474339E+0000	-1.58252027753974E-0003
 4.11640337029609E+0000	-1.46284534493665E-0003
 4.12226200786181E+0000	-1.28978164939771E-0003
 4.12815001996329E+0000	-1.06481469626880E-0003
 4.13407699855233E+0000	-7.90532870443343E-0004
 4.14005342732303E+0000	-4.71153777325925E-0004
 4.14609057360591E+0000	-1.13212016835367E-0004
 4.15220010162299E+0000	 2.73593921993519E-0004
 4.15839324186655E+0000	 6.75445356390713E-0004
 4.16467929183841E+0000	 1.07350525114956E-0003
 4.17106322678802E+0000	 1.44347917631366E-0003
 4.17754242096277E+0000	 1.75637970304186E-0003
 4.18410313902520E+0000	 1.98148173416852E-0003
 4.19071853984848E+0000	 2.09202298174930E-0003
 4.19735058796254E+0000	 2.07249447742937E-0003
 4.20395689478366E+0000	 1.92409593526838E-0003
 4.21050003711883E+0000	 1.66475942068682E-0003
 4.21695462232763E+0000	 1.32350323776628E-0003
 4.22330917699734E+0000	 9.32637866334044E-0004
 4.22956369539085E+0000	 5.21672726893606E-0004
 4.23572553122384E+0000	 1.14378996550263E-0004
 4.24180570815625E+0000	-2.71626226086050E-0004
 4.24781641534775E+0000	-6.24001566028700E-0004
 4.25376961752888E+0000	-9.34430860387318E-0004
 4.25967643771571E+0000	-1.19746584842683E-0003
 4.26554699106942E+0000	-1.40961695357779E-0003
 4.27139045042995E+0000	-1.56869644102678E-0003
 4.27721521821169E+0000	-1.67336664891386E-0003
 4.28302914366434E+0000	-1.72284199906289E-0003
 4.28883976134503E+0000	-1.71670781750133E-0003
 4.29465454336098E+0000	-1.65483752011065E-0003
 4.30048116109725E+0000	-1.53740601051089E-0003
 4.30632774699770E+0000	-1.36500843658297E-0003
 4.31220313765297E+0000	-1.13889942733583E-0003
 4.31811706820978E+0000	-8.61370265178324E-0004
 4.32408027379729E+0000	-5.36282465857513E-0004
 4.33010443082803E+0000	-1.69775786903933E-0004
 4.33620183110189E+0000	 2.28840651272299E-0004
 4.34238461807296E+0000	 6.46044665585702E-0004
 4.34866333702497E+0000	 1.06304555690076E-0003
 4.35504451806953E+0000	 1.45509718061372E-0003
 4.36152718509078E+0000	 1.79195267339975E-0003
 4.36809883854003E+0000	 2.04060362565831E-0003
 4.37473270348705E+0000	 2.17116986225660E-0003
 4.38138905681700E+0000	 2.16503573012561E-0003
 4.38802228525867E+0000	 2.02152816078185E-0003
 4.39459133451856E+0000	 1.75867908811334E-0003
 4.40106804699007E+0000	 1.40725940535880E-0003
 4.40743961783386E+0000	 1.00199404357372E-0003
 4.41370593079500E+0000	 5.74592855903472E-0004
 4.41987492147512E+0000	 1.50420844830058E-0004
 4.42595843265419E+0000	-2.51926226476719E-0004
 4.43196944667345E+0000	-6.19590431662678E-0004
 4.43792058766121E+0000	-9.44032416244800E-0004
 4.44382348371591E+0000	-1.21974455639468E-0003
 4.44968861743623E+0000	-1.44325721543368E-0003
 4.45552541815608E+0000	-1.61243141477729E-0003
 4.46134245895969E+0000	-1.72597780085145E-0003
 4.46714769430379E+0000	-1.78314066351339E-0003
 4.47294871491314E+0000	-1.78350359342696E-0003
 4.47875301491911E+0000	-1.72689488572411E-0003
 4.48456826965263E+0000	-1.61338937836283E-0003
 4.49040261695384E+0000	-1.44341625680931E-0003
 4.49626492500224E+0000	-1.21798914918656E-0003
 4.50216501832568E+0000	-9.39077570319078E-0004
 4.50811382002918E+0000	-6.10140580665594E-0004
 4.51412334667276E+0000	-2.36845532975235E-0004
 4.52020645257500E+0000	 1.72008919395584E-0004
 4.52637615248354E+0000	 6.03375673357366E-0004
 4.53264425796051E+0000	 1.03875563717708E-0003
 4.53901899161818E+0000	 1.45325047893781E-0003
 4.54550135359044E+0000	 1.81564325711232E-0003
 4.55208062446463E+0000	 2.09077853207303E-0003
 4.55873075204404E+0000	 2.24545686692230E-0003
 4.56541081596116E+0000	 2.25734613083372E-0003
 4.57207201776121E+0000	 2.12308604180440E-0003
 4.57866924630084E+0000	 1.86016699639090E-0003
 4.58517096427207E+0000	 1.50087132336157E-0003
 4.59156252298342E+0000	 1.08243639869022E-0003
 4.59784339629526E+0000	 6.39018574728532E-0004
 4.60402198066299E+0000	 1.97825296552815E-0004
 4.61011092061411E+0000	-2.21376786797386E-0004
 4.61612401987912E+0000	-6.05082749081588E-0004
 4.62207460331340E+0000	-9.44447730987781E-0004
 4.62797484396392E+0000	-1.23385519400715E-0003
 4.63383562513828E+0000	-1.46982696018285E-0003
 4.63966665828650E+0000	-1.65025780607682E-0003
 4.64547670533148E+0000	-1.77390063675118E-0003
 4.65127383678867E+0000	-1.84002984139480E-0003
 4.65706570267697E+0000	-1.84823194998397E-0003
 4.66285981358302E+0000	-1.79829746342865E-0003
 4.66866383323607E+0000	-1.69020885636333E-0003
 4.67448587809568E+0000	-1.52423438805872E-0003
 4.68033480899716E+0000	-1.30114511937445E-0003
 4.68622048834902E+0000	-1.02257560829029E-0003
 4.69215396354447E+0000	-6.91551036433665E-0004
 4.69814751744095E+0000	-3.13207529222073E-0004
 4.70421448881072E+0000	 1.04265837305483E-0004
 4.71036869615313E+0000	 5.48453276004904E-0004
 4.71662319214022E+0000	 1.00137758715487E-0003
 4.72298796764840E+0000	 1.43829518240298E-0003
 4.72946625949307E+0000	 1.82735832447628E-0003
 4.73604963986347E+0000	 2.13150221457112E-0003
 4.74271348383835E+0000	 2.31412682606338E-0003
 4.74941629567870E+0000	 2.34863307355450E-0003
 4.75610626512489E+0000	 2.22810340787879E-0003
 4.76273384158720E+0000	 1.96872276333523E-0003
 4.76926344447597E+0000	 1.60395169908816E-0003
 4.77567799590959E+0000	 1.17361574967350E-0003
 4.78197621296307E+0000	 7.14585690988526E-0004
 4.78816681589333E+0000	 2.56190844800008E-0004
 4.79426323617808E+0000	-1.80416253535566E-0004
 4.80028013627204E+0000	-5.80940896419363E-0004
 4.80623159243753E+0000	-9.36145571511431E-0004
 4.81213036993291E+0000	-1.24025458329946E-0003
 4.81798779132424E+0000	-1.48975385253227E-0003
 4.82381387951769E+0000	-1.68255854738511E-0003
 4.82961760629265E+0000	-1.81745937606988E-0003
 4.83540717164959E+0000	-1.89376251866186E-0003
 4.84119029074048E+0000	-1.91106364219964E-0003
 4.84697448808821E+0000	-1.86912472168673E-0003
 4.85276740364916E+0000	-1.76784634871963E-0003
 4.85857710923669E+0000	-1.60734492458423E-0003
 4.86441242271004E+0000	-1.38815307486598E-0003
 4.87028319541853E+0000	-1.11156502704697E-0003
 4.87620053630038E+0000	-7.80151119088332E-0004
 4.88217691843660E+0000	-3.98471030781591E-0004
 4.88822607888865E+0000	 2.59780811934242E-0005
 4.89436255412787E+0000	 4.81549718223419E-0004
 4.90060057908999E+0000	 9.51004857223105E-0004
 4.90695193675948E+0000	 1.41006501300553E-0003
 4.91342230022051E+0000	 1.82663284278135E-0003
 4.92000600996489E+0000	 2.16206810041197E-0003
 4.92668062010859E+0000	 2.37641505063437E-0003
 4.93340483016720E+0000	 2.43832633031982E-0003
 4.94012415784746E+0000	 2.33638825384306E-0003
 4.94678428825116E+0000	 2.08455046757848E-0003
 4.95334486249318E+0000	 1.71698401151433E-0003
 4.95978567475675E+0000	 1.27614153923476E-0003
 4.96610425824657E+0000	 8.01908218570768E-0004
 4.97230948725860E+0000	 3.26064437670983E-0004
 4.97841556322109E+0000	-1.28596378855923E-0004
 4.98443805500476E+0000	-5.46822272247301E-0004
 4.99039185365205E+0000	-9.18883208996539E-0004
 4.99629037484019E+0000	-1.23878870909714E-0003
 5.00214542722589E+0000	-1.50295989861498E-0003
 5.00796738048471E+0000	-1.70931918001699E-0003
 5.01376544163561E+0000	-1.85669146129278E-0003
 5.01954795702034E+0000	-1.94441746900370E-0003
 5.02532271575762E+0000	-1.97210945068342E-0003
 5.03109725662280E+0000	-1.93951174536616E-0003
 5.03687918635300E+0000	-1.84645582317784E-0003
 5.04267651132548E+0000	-1.69291851845522E-0003
 5.04849797274359E+0000	-1.47920257209743E-0003
 5.05435336297973E+0000	-1.20626239152171E-0003
 5.06025378920849E+0000	-8.76200203847264E-0004
 5.06621183529856E+0000	-4.92963928073798E-0004
 5.07224154202592E+0000	-6.32886607841281E-0005
 5.07835806076296E+0000	 4.02073099908606E-0004
 5.08457671834478E+0000	 8.86827358131158E-0004
 5.09091106381451E+0000	 1.36747788510920E-0003
 5.09736934426102E+0000	 1.81210457364955E-0003
 5.10394910576192E+0000	 2.18093324414210E-0003
 5.11063088409652E+0000	 2.43085147345544E-0003
 5.11737453013980E+0000	 2.52538466485968E-0003
 5.12412346603239E+0000	 2.44761104847595E-0003
 5.13081839751101E+0000	 2.20808514311131E-0003
 5.13741337054775E+0000	 1.84100551245317E-0003
 5.14388418599392E+0000	 1.39141000693055E-0003
 5.15022663325898E+0000	 9.02528648073060E-0004
 5.15644950604168E+0000	 4.08990860421420E-0004
 5.16256774277765E+0000	-6.44525348084065E-0005
 5.16859787365920E+0000	-5.01383293363861E-0004
 5.17455568208981E+0000	-8.91454845989571E-0004
 5.18045530629263E+0000	-1.22839374317942E-0003
 5.18630909914589E+0000	-1.50852159860230E-0003
 5.19212782091964E+0000	-1.72975264291509E-0003
 5.19792094555831E+0000	-1.89094192126999E-0003
 5.20369698738982E+0000	-1.99146793022990E-0003
 5.20946382216336E+0000	-2.03096805190515E-0003
 5.21522900640741E+0000	-2.00918167799395E-0003
 5.22100010678074E+0000	-1.92588659043247E-0003
 5.22678504524726E+0000	-1.78093607981628E-0003
 5.23259245338401E+0000	-1.57441647808934E-0003
 5.23843201583092E+0000	-1.30694911492433E-0003
 5.24431477165307E+0000	-9.80162557632658E-0004
 5.25025332967358E+0000	-5.97367110629184E-0004
 5.25626192784155E+0000	-1.64476930900084E-0004
 5.26235620786167E+0000	 3.08762242543528E-0004
 5.26855246100796E+0000	 8.07200295961809E-0004
 5.27486591740653E+0000	 1.30844917030952E-0003
 5.28130745788178E+0000	 1.78124466138682E-0003
 5.28787820790641E+0000	 2.18524979437240E-0003
 5.29456252318902E+0000	 2.47460356165877E-0003
 5.30132258419876E+0000	 2.60750800606836E-0003
 5.30810064155101E+0000	 2.56048892602722E-0003
 5.31483243464171E+0000	 2.33925360724445E-0003
 5.32146554830359E+0000	 1.97700595639188E-0003
 5.32797070542913E+0000	 1.52115374393893E-0003
 5.33434118521727E+0000	 1.01860459576438E-0003
 5.34058534824402E+0000	 5.07315648521342E-0004
 5.34671879372351E+0000	 1.43965942078355E-0005
 5.35275906481464E+0000	-4.42296324326999E-0004
 5.35872292706221E+0000	-8.51636533637275E-0004
 5.36462532874252E+0000	-1.20697678027251E-0003
 5.37047923888401E+0000	-1.50449228902687E-0003
 5.37629586320973E+0000	-1.74206761444964E-0003
 5.38208498277997E+0000	-1.91858116644951E-0003
 5.38785530816894E+0000	-2.03345170202274E-0003
 5.39361481974129E+0000	-2.08635094830415E-0003
 5.39937109965871E+0000	-2.07702799321468E-0003
 5.40513167111510E+0000	-2.00522576273066E-0003
 5.41090435499203E+0000	-1.87069504972380E-0003
 5.41669764095490E+0000	-1.67332600738302E-0003
 5.42252105563397E+0000	-1.41342217586606E-0003
 5.42838549913699E+0000	-1.09214338397717E-0003
 5.43430351064021E+0000	-7.12149157291523E-0004
 5.44028940323692E+0000	-2.78489020539227E-0004
 5.44635915757127E+0000	 2.00193741048523E-0004
 5.45252985594328E+0000	 7.10076799462258E-0004
 5.45881824923042E+0000	 1.23020623683940E-0003
 5.46523780221021E+0000	 1.73049824178766E-0003
 5.47179347649234E+0000	 2.17076742878717E-0003
 5.47847425992972E+0000	 2.50308831317427E-0003
 5.48524605736009E+0000	 2.68046294450970E-0003
 5.49205134378907E+0000	 2.67191864865709E-0003
 5.49882133636818E+0000	 2.47656221367347E-0003
 5.50549636441823E+0000	 2.12508958380993E-0003
 5.51204074760411E+0000	 1.66673186825959E-0003
 5.51844419428942E+0000	 1.15233309056342E-0003
 5.52471408358952E+0000	 6.23729730586314E-0004
 5.53086650963450E+0000	 1.10897122887744E-0004
 5.53692005526459E+0000	-3.66512203128706E-0004
 5.54289256229124E+0000	-7.96369684100445E-0004
 5.54879989054466E+0000	-1.17152752038351E-0003
 5.55465571212871E+0000	-1.48794683183336E-0003
 5.56047174611410E+0000	-1.74344935634110E-0003
 5.56625813147981E+0000	-1.93692388878607E-0003
 5.57202381194374E+0000	-2.06782902916577E-0003
 5.57777689775062E+0000	-2.13587946519796E-0003
 5.58352501092620E+0000	-2.14085009442823E-0003
 5.58927563330627E+0000	-2.08247150831805E-0003
 5.59503647234657E+0000	-1.96041923002152E-0003
 5.60081584607981E+0000	-1.77441634878020E-0003
 5.60662307290555E+0000	-1.52447562920462E-0003
 5.61246883977067E+0000	-1.21130788611554E-0003
 5.61836551345623E+0000	-8.36927142030488E-0004
 5.62432734459378E+0000	-4.05497588545507E-0004
 5.63037047308702E+0000	 7.55074403639700E-0005
 5.63651254797174E+0000	 5.93745788870533E-0004
 5.64277159119906E+0000	 1.12999934106549E-0003
 5.64916345664265E+0000	 1.65590397988950E-0003
 5.65569700506885E+0000	 2.13226269097382E-0003
 5.66236651978394E+0000	 2.51008569578858E-0003
 5.66914313986259E+0000	 2.73778383335404E-0003
 5.67597149962826E+0000	 2.77628863388501E-0003
 5.68277943773563E+0000	 2.61617668013924E-0003
 5.68949956255965E+0000	 2.28350712505686E-0003
 5.69608828913926E+0000	 1.82823023454815E-0003
 5.70253032142775E+0000	 1.30516026607498E-0003
 5.70883121073166E+0000	 7.60589661710687E-0004
 5.71500721958815E+0000	 2.27978805533840E-0004
 5.72107793436683E+0000	-2.70755521330541E-0004
 5.72706235461929E+0000	-7.22180372205972E-0004
 5.73297736104506E+0000	-1.11846835642768E-0003
 5.73883742949746E+0000	-1.45526670701507E-0003
 5.74465487407919E+0000	-1.73028211988319E-0003
 5.75044025457201E+0000	-1.94238962481003E-0003
 5.75620279510796E+0000	-2.09108093429054E-0003
 5.76195077031356E+0000	-2.17611930678628E-0003
 5.76769186496011E+0000	-2.19732136769539E-0003
 5.77343352990361E+0000	-2.15443066719703E-0003
 5.77918335446366E+0000	-2.04708086501711E-0003
 5.78494946165718E+0000	-1.87486711838478E-0003
 5.79074091561167E+0000	-1.63755262612678E-0003
 5.79656811697351E+0000	-1.33543772861094E-0003
 5.80244315405389E+0000	-9.69920594738201E-0004
 5.80838006729359E+0000	-5.44291126139131E-0004
 5.81439495402845E+0000	-6.48269302852476E-0005
 5.82050576058407E+0000	 4.57708802544289E-0004
 5.82673144135308E+0000	 1.00607427604231E-0003
 5.83308987973844E+0000	 1.55412097840620E-0003
 5.83959363283694E+0000	 2.06452559517422E-0003
 5.84624262883712E+0000	 2.48851293090367E-0003
 5.85301463622596E+0000	 2.77111654154399E-0003
 5.85985882650173E+0000	 2.86526458517747E-0003
 5.86670174386855E+0000	 2.75123669883637E-0003
 5.87346855012317E+0000	 2.44772717915135E-0003
 5.88010630702444E+0000	 2.00348762581870E-0003
 5.88659289001273E+0000	 1.47686290371380E-0003
 5.89293076528065E+0000	 9.19084536027809E-0004
 5.89913577760240E+0000	 3.67806414217889E-0004
 5.90522835757745E+0000	-1.52198234708310E-0004
 5.91122870053307E+0000	-6.25787271115770E-0004
 5.91715481127011E+0000	-1.04420353152983E-0003
 5.92302207837419E+0000	-1.40263477423858E-0003
 5.92884350488460E+0000	-1.69859186510845E-0003
 5.93463014643316E+0000	-1.93089420993701E-0003
 5.94039156601604E+0000	-2.09904886338938E-0003
 5.94613624766967E+0000	-2.20286655966052E-0003
 5.95187197232369E+0000	-2.24221826901930E-0003
 5.95760618121838E+0000	-2.21688594892488E-0003
 5.96334635221770E+0000	-2.12649901401562E-0003
 5.96910040115957E+0000	-1.97057282221726E-0003
 5.97487710202110E+0000	-1.74867664014066E-0003
 5.98068650419450E+0000	-1.46075939184118E-0003
 5.98654031669952E+0000	-1.10766089461753E-0003
 5.99245222274924E+0000	-6.91845560329054E-0004
 5.99843806741263E+0000	-2.18421729027454E-0004
 6.00451579855963E+0000	 3.03452055273094E-0004
 6.01070489764031E+0000	 8.58651960139700E-0004
 6.01702476828324E+0000	 1.42362602572592E-0003
 6.02349116725430E+0000	 1.96373790775331E-0003
 6.03010955702605E+0000	 2.43183902049323E-0003
 6.03686529280113E+0000	 2.77137510601526E-0003
 6.04371455920338E+0000	 2.92835722601723E-0003
 6.05058566121154E+0000	 2.87172485918490E-0003
 6.05739781080196E+0000	 2.60979305882035E-0003
 6.06408778512915E+0000	 2.18721715247996E-0003
 6.07062455224752E+0000	 1.66462303661169E-0003
 6.07700574301760E+0000	 1.09834698184758E-0003
 6.08324581800289E+0000	 5.30950234479001E-0004
 6.08936568207375E+0000	-9.23035691902956E-0006
 6.09538667059416E+0000	-5.04820576596684E-0004
 6.10132798382049E+0000	-9.45793249455610E-0004
 6.10720602809332E+0000	-1.32666971382346E-0003
 6.11303459602020E+0000	-1.64464429940247E-0003
 6.11882532397063E+0000	-1.89841315430103E-0003
 6.12458818255259E+0000	-2.08746391330427E-0003
 6.13033192065811E+0000	-2.21164215310824E-0003
 6.13606445992739E+0000	-2.27087810258319E-0003
 6.14179326593543E+0000	-2.26501343058672E-0003
 6.14752572612798E+0000	-2.19371097106628E-0003
 6.15326955282853E+0000	-2.05645967613190E-0003
 6.15903321051141E+0000	-1.85270197843666E-0003
 6.16482634875019E+0000	-1.58211301401773E-0003
 6.17066021213250E+0000	-1.24505875369758E-0003
 6.17654799404664E+0000	-8.43265159606623E-0004
 6.18250508900580E+0000	-3.80752921672223E-0004
 6.18854915275009E+0000	 1.34867740219891E-0004
 6.19469976321146E+0000	 6.90609737911853E-0004
 6.20097723954206E+0000	 1.26572416814342E-0003
 6.20739979203343E+0000	 1.82887223568107E-0003
 6.21397779796905E+0000	 2.33584772786126E-0003
 6.22070442451009E+0000	 2.73063168531686E-0003
 6.22754488454488E+0000	 2.95446317186908E-0003
 6.23443289468495E+0000	 2.96523704074458E-0003
 6.24128474662942E+0000	 2.75829754403990E-0003
 6.24802719519082E+0000	 2.37046685455466E-0003
 6.25461837178175E+0000	 1.86226327300482E-0003
 6.26104886577670E+0000	 1.29463148833000E-0003
 6.26733029566030E+0000	 7.15577690383073E-0004
 6.27348334815685E+0000	 1.57765499051415E-0004
 6.27953027455104E+0000	-3.58561710361170E-0004
