 3.00767565820250E-0004	 1.90633092141495E-0003
 6.82497238761409E-0003	 1.74686155072791E-0003
 1.32867118675518E-0002	 1.51352661722499E-0003
 1.96765099629243E-0002	 1.22895225038304E-0003
 2.59919964916029E-0002	 9.13886919354028E-0004
 3.22356085094610E-0002	 5.85853952485008E-0004
 3.84126763667478E-0002	 2.58836084988722E-0004
 4.45299867774629E-0002	-5.65204703892224E-0005
 5.05947373388585E-0002	-3.52447449299948E-0004
 5.66138064697441E-0002	-6.23451505891097E-0004
 6.25933111545919E-0002	-8.65626112185465E-0004
 6.85384505406982E-0002	-1.07594274131882E-0003
 7.44536260954555E-0002	-1.25160446492115E-0003
 8.03427978521659E-0002	-1.38955230916064E-0003
 8.62099982230835E-0002	-1.48619790205711E-0003
 9.20598996788318E-0002	-1.53741597250070E-0003
 9.78983343382630E-0002	-1.53878157670359E-0003
 1.03732691837119E-0001	-1.48600036739855E-0003
 1.09572161535872E-0001	-1.37547049446518E-0003
 1.15427815262732E-0001	-1.20493213632131E-0003
 1.21312531499017E-0001	-9.74192566512385E-0004
 1.27240734816756E-0001	-6.85942303268702E-0004
 1.33227867070109E-0001	-3.46680210362314E-0004
 1.39289429461314E-0001	 3.22838281046722E-0005
 1.45439368654513E-0001	 4.33915924845200E-0004
 1.51687608409180E-0001	 8.35052785818686E-0004
 1.58036807948037E-0001	 1.20723560386316E-0003
 1.64479106276557E-0001	 1.51962085667357E-0003
 1.70994488988796E-0001	 1.74418751708424E-0003
 1.77552584431635E-0001	 1.86189768231030E-0003
 1.84118168474253E-0001	 1.86701317593169E-0003
 1.90658166712336E-0001	 1.76730348114023E-0003
 1.97146987078083E-0001	 1.58043916000817E-0003
 2.03568582594167E-0001	 1.32892241197202E-0003
 2.09915801183781E-0001	 1.03575840559035E-0003
 2.16188429641723E-0001	 7.21707783626354E-0004
 2.22390999050568E-0001	 4.03943711271563E-0004
 2.28530832480810E-0001	 9.56539879940135E-0005
 2.34616463541128E-0001	-1.93779168544225E-0004
 2.40656430762068E-0001	-4.58245747841255E-0004
 2.46658434364645E-0001	-6.94156094509965E-0004
 2.52628851045332E-0001	-8.99570137159627E-0004
 2.58572606342876E-0001	-1.07330519217870E-0003
 2.64493388455150E-0001	-1.21413183222132E-0003
 2.70394149065700E-0001	-1.32017180904824E-0003
 2.76277788405633E-0001	-1.38858981293310E-0003
 2.82147888434055E-0001	-1.41561777211446E-0003
 2.88009361177635E-0001	-1.39688422749049E-0003
 2.93868919760822E-0001	-1.32797181106475E-0003
 2.99735335581753E-0001	-1.20511411081140E-0003
 3.05619486657241E-0001	-1.02596837780975E-0003
 3.11534208807452E-0001	-7.90443176678873E-0004
 3.17493927811348E-0001	-5.01593954247037E-0004
 3.23513983584518E-0001	-1.66598213911656E-0004
 3.29609475066402E-0001	 2.02243737406308E-0004
 3.35793401915114E-0001	 5.86700395538084E-0004
 3.42073958540750E-0001	 9.62484682060514E-0004
 3.48451210332236E-0001	 1.30058790903583E-0003
 3.54914131233761E-0001	 1.57079788620036E-0003
 3.61439733525816E-0001	 1.74726585227351E-0003
 3.67995787603156E-0001	 1.81438605620188E-0003
 3.74546801897975E-0001	 1.77024815925507E-0003
 3.81060780889694E-0001	 1.62600159675372E-0003
 3.87513983712828E-0001	 1.40191704498002E-0003
 3.93892589585413E-0001	 1.12238590572894E-0003
 4.00191910239373E-0001	 8.11693768972958E-0004
 4.06414358113298E-0001	 4.91262578896756E-0004
 4.12567110056365E-0001	 1.78267557923627E-0004
 4.18659971584453E-0001	-1.14735894824196E-0004
 4.24703639158007E-0001	-3.79533422722722E-0004
 4.30708397002908E-0001	-6.11585957026612E-0004
 4.36683225068879E-0001	-8.09147383547414E-0004
 4.42635291929534E-0001	-9.72274053377666E-0004
 4.48569822018980E-0001	-1.10181487234569E-0003
 4.54490328035983E-0001	-1.19848341586462E-0003
 4.60399168918971E-0001	-1.26213215646546E-0003
 4.66298338098675E-0001	-1.29134214250153E-0003
 4.72190335344426E-0001	-1.28339308575345E-0003
 4.78078961941373E-0001	-1.23460226022686E-0003
 4.83969914610410E-0001	-1.14095215413183E-0003
 4.89871117824762E-0001	-9.98899221380099E-0004
 4.95792789412918E-0001	-8.06275750051733E-0004
 5.01747250698664E-0001	-5.63242684335399E-0004
 5.07748460642375E-0001	-2.73289263826606E-0004
 5.13811183478907E-0001	 5.57291327541640E-0005
 5.19949619728586E-0001	 4.10604400976918E-0004
 5.26175302887398E-0001	 7.72115670514381E-0004
 5.32494206193610E-0001	 1.11524675000876E-0003
 5.38903460614534E-0001	 1.41104156817249E-0003
 5.45388835052131E-0001	 1.63062767507958E-0003
 5.51924657649850E-0001	 1.75091034350827E-0003
 5.58477262759858E-0001	 1.75998474249809E-0003
 5.65011178276562E-0001	 1.65979469304404E-0003
 5.71495586558049E-0001	 1.46489942583665E-0003
 5.77908683238621E-0001	 1.19831970882624E-0003
 5.84239079212425E-0001	 8.86497216923907E-0004
 5.90484817904391E-0001	 5.55028961422029E-0004
 5.96651123541473E-0001	 2.25897518613869E-0004
 6.02747850637299E-0001	-8.38345459263619E-0005
 6.08787209519467E-0001	-3.62249900449149E-0004
 6.14781984167575E-0001	-6.02147097629745E-0004
 6.20744243988370E-0001	-8.00272648502784E-0004
 6.26684474817731E-0001	-9.56394701177975E-0004
 6.32611064909361E-0001	-1.07230344362696E-0003
 6.38530123545907E-0001	-1.15078849085640E-0003
 6.44445639503990E-0001	-1.19465925646404E-0003
 6.50359977020141E-0001	-1.20591266067782E-0003
 6.56274654838334E-0001	-1.18517588312344E-0003
 6.62191284112074E-0001	-1.13152986204804E-0003
 6.68112494802429E-0001	-1.04274974813221E-0003
 6.74042687413572E-0001	-9.15913307085072E-0004
 6.79988501524049E-0001	-7.48271272589393E-0004
 6.85958957229563E-0001	-5.38268096837527E-0004
 6.91965259116584E-0001	-2.86634732372494E-0004
 6.98020234972773E-0001	 2.49118712989825E-0006
 7.04137323039924E-0001	 3.20472938859875E-0004
 7.10328962944498E-0001	 6.53258578257985E-0004
 7.16604266055607E-0001	 9.80980876306084E-0004
 7.22966059844546E-0001	 1.27864561589427E-0003
 7.29407903179372E-0001	 1.51854828472150E-0003
 7.35912298339804E-0001	 1.67462663100546E-0003
 7.42451510897273E-0001	 1.72789924711815E-0003
 7.48991546338145E-0001	 1.67105280659886E-0003
 7.55498202820413E-0001	 1.51019990242929E-0003
 7.61942988527378E-0001	 1.26313946963369E-0003
 7.68306949785675E-0001	 9.55102383125431E-0004
 7.74581699320314E-0001	 6.13787115228641E-0004
 7.80768163134140E-0001	 2.65233176070869E-0004
 7.86874142498971E-0001	-6.87515890346710E-0005
 7.92911690266237E-0001	-3.71669937690670E-0004
 7.98894875448590E-0001	-6.32368523344193E-0004
 8.04838107257455E-0001	-8.44499823868665E-0004
 8.10754961954997E-0001	-1.00573914574736E-0003
 8.16657390096583E-0001	-1.11691811700993E-0003
 8.22555209504215E-0001	-1.18112466839372E-0003
 8.28455850359754E-0001	-1.20277522880568E-0003
 8.34364372182312E-0001	-1.18667775434072E-0003
 8.40283790247669E-0001	-1.13715316233233E-0003
 8.46215716866324E-0001	-1.05733559563524E-0003
 8.52161249600770E-0001	-9.48791184711303E-0004
 8.58121959360611E-0001	-8.11557259242558E-0004
 8.64100790387219E-0001	-6.44620330424337E-0004
 8.70102701704974E-0001	-4.46763573248904E-0004
 8.76134935341162E-0001	-2.17664192068057E-0004
 8.82206846662896E-0001	 4.08841925644131E-0005
 8.88329244376748E-0001	 3.23740101329924E-0004
 8.94513167183780E-0001	 6.21315717082058E-0004
 9.00768020976201E-0001	 9.18851485953769E-0004
 9.07099103447705E-0001	 1.19646225373285E-0003
 9.13504838512024E-0001	 1.43046348564669E-0003
 9.19974500818100E-0001	 1.59633042781295E-0003
 9.26487544825746E-0001	 1.67304276111823E-0003
 9.33015412970955E-0001	 1.64770107145689E-0003
 9.39525751868682E-0001	 1.51878861563242E-0003
 9.45987841877072E-0001	 1.29680905086271E-0003
 9.52377490206640E-0001	 1.00209716991621E-0003
 9.58679956400354E-0001	 6.60727970766032E-0004
 9.64890428756520E-0001	 3.00031149209320E-0004
 9.71012568451897E-0001	-5.49934244410499E-0005
 9.77056128990827E-0001	-3.83794405488740E-0004
 9.83034537656091E-0001	-6.71051876946167E-0004
 9.88962911186180E-0001	-9.06577845572241E-0004
 9.94856608992575E-0001	-1.08477653573392E-0003
 1.00073023293443E+0000	-1.20395116216211E-0003
 1.00659693512295E+0000	-1.26558567123353E-0003
 1.01246792764436E+0000	-1.27362341624298E-0003
 1.01835215094431E+0000	-1.23371600900897E-0003
 1.02425612138876E+0000	-1.15241775900182E-0003
 1.03018402082436E+0000	-1.03634480633679E-0003
 1.03613809078008E+0000	-8.91385804472004E-0004
 1.04211934002374E+0000	-7.22110995639101E-0004
 1.04812848020736E+0000	-5.31540693688978E-0004
 1.05416691134477E+0000	-3.21382388422333E-0004
 1.06023753184093E+0000	-9.27450891140091E-0005
 1.06634516230602E+0000	 1.52765911813524E-0004
 1.07249642556297E+0000	 4.11746790453698E-0004
 1.07869898358681E+0000	 6.77708532870325E-0004
 1.08496009189694E+0000	 9.40084653824746E-0004
 1.09128453725211E+0000	 1.18388949282548E-0003
 1.09767223774282E+0000	 1.39042970714184E-0003
 1.10411609772534E+0000	 1.53935035744686E-0003
 1.11060094645993E+0000	 1.61188768842408E-0003
 1.11710426069084E+0000	 1.59460962424704E-0003
 1.12359879029648E+0000	 1.48253716183412E-0003
 1.13005649066737E+0000	 1.28066288918850E-0003
 1.13645271841582E+0000	 1.00341231739368E-0003
 1.14276958675015E+0000	 6.72243585311267E-0004
 1.14899768512126E+0000	 3.12161654405330E-0004
 1.15513599036581E+0000	-5.17924712744213E-0005
 1.16119044037051E+0000	-3.97220244898043E-0004
 1.16717193049858E+0000	-7.05887501602135E-0004
 1.17309436440805E+0000	-9.64244295127379E-0004
 1.17897307835584E+0000	-1.16330350830277E-0003
 1.18482369220752E+0000	-1.29821465867303E-0003
 1.19066130102938E+0000	-1.36774896595744E-0003
 1.19649988519558E+0000	-1.37379035445188E-0003
 1.20235183916535E+0000	-1.32083956885069E-0003
 1.20822756850889E+0000	-1.21548893246268E-0003
 1.21413516517296E+0000	-1.06581194840657E-0003
 1.22008022902278E+0000	-8.80636887730134E-0004
 1.22606593894808E+0000	-6.68736951632370E-0004
 1.23209346263494E+0000	-4.38057204512129E-0004
 1.23816271342486E+0000	-1.95172890551125E-0004
 1.24427333032497E+0000	 5.48147012599167E-0005
 1.25042562586864E+0000	 3.07820552973590E-0004
 1.25662118022186E+0000	 5.59791676652065E-0004
 1.26286279375548E+0000	 8.05414569735926E-0004
 1.26915363818674E+0000	 1.03688487481773E-0003
 1.27549564966311E+0000	 1.24319868511875E-0003
 1.28188747648596E+0000	 1.41041198582898E-0003
 1.28832258520636E+0000	 1.52312224706845E-0003
 1.29478828168865E+0000	 1.56700196471865E-0003
 1.30126619596153E+0000	 1.53170299844779E-0003
 1.30773420892162E+0000	 1.41321775795131E-0003
 1.31416924614492E+0000	 1.21504628116554E-0003
 1.32055020691438E+0000	 9.48019290148960E-0004
 1.32686045316685E+0000	 6.28969981558569E-0004
 1.33308946213506E+0000	 2.78600353239455E-0004
 1.33923341729278E+0000	-8.09868525725474E-0005
 1.34529477680620E+0000	-4.28559631218835E-0004
 1.35128113423335E+0000	-7.45432533708914E-0004
 1.35720379923351E+0000	-1.01641944593417E-0003
 1.36307644500097E+0000	-1.23017498995046E-0003
 1.36891400020048E+0000	-1.37914218835915E-0003
 1.37473181406438E+0000	-1.45931313456956E-0003
 1.38054503608933E+0000	-1.46994306156809E-0003
 1.38636812016013E+0000	-1.41328320925839E-0003
 1.39221436779640E+0000	-1.29433395493564E-0003
 1.39809545374991E+0000	-1.12057103963096E-0003
 1.40402092532321E+0000	-9.01567190786484E-0004
 1.40999773224178E+0000	-6.48428872554436E-0004
 1.41602991433490E+0000	-3.73010342057479E-0004
 1.42211861631751E+0000	-8.69665939220148E-0005
 1.42826256146571E+0000	 1.99155156751171E-0004
 1.43445896290660E+0000	 4.76478595198710E-0004
 1.44070461579956E+0000	 7.37733909243910E-0004
 1.44699671912933E+0000	 9.76496754593452E-0004
 1.45333297011159E+0000	 1.18599962202832E-0003
 1.45971072003001E+0000	 1.35808142207238E-0003
 1.46612540795997E+0000	 1.48292235116850E-0003
 1.47256892479996E+0000	 1.54997192877744E-0003
 1.47902875751615E+0000	 1.54993750657500E-0003
 1.48548849261385E+0000	 1.47709964788130E-0003
 1.49192957141439E+0000	 1.33099878172921E-0003
 1.49833357435607E+0000	 1.11693337204755E-0003
 1.50468425603783E+0000	 8.45379360501812E-0004
 1.51096896333472E+0000	 5.30803369062716E-0004
 1.51717944864869E+0000	 1.90263480416403E-0004
 1.52331218903284E+0000	-1.58013349610631E-0004
 1.52936827849508E+0000	-4.95972167065744E-0004
 1.53535295633054E+0000	-8.06876179579920E-0004
 1.54127488523855E+0000	-1.07615908646462E-0003
 1.54714532946275E+0000	-1.29195067829283E-0003
 1.55297736694970E+0000	-1.44532032867826E-0003
 1.55878521451840E+0000	-1.53033071970492E-0003
 1.56458368251941E+0000	-1.54400179649879E-0003
 1.57038772624766E+0000	-1.48626344046832E-0003
 1.57621203142219E+0000	-1.35993872998275E-0003
 1.58207055928931E+0000	-1.17075593627822E-0003
 1.58797598388813E+0000	-9.27338981558728E-0004
 1.59393898668071E+0000	-6.41076043986086E-0004
 1.59996744390564E+0000	-3.25727939539391E-0004
 1.60606565360785E+0000	 3.35446434578091E-0006
 1.61223387077648E+0000	 3.30431870523219E-0004
 1.61846845733126E+0000	 6.40804765708870E-0004
 1.62476278562440E+0000	 9.22020323934451E-0004
 1.63110864097800E+0000	 1.16433544574431E-0003
 1.63749747203702E+0000	 1.36021372506645E-0003
 1.64392079781150E+0000	 1.50322002819295E-0003
 1.65036955119933E+0000	 1.58714194918512E-0003
 1.65683286041734E+0000	 1.60611354515412E-0003
 1.66329723748179E+0000	 1.55589449936200E-0003
 1.66974696279744E+0000	 1.43564825890786E-0003
 1.67616567969013E+0000	 1.24917685268959E-0003
 1.68253843552480E+0000	 1.00495402368549E-0003
 1.68885326835549E+0000	 7.15101190438002E-0004
 1.69510193531109E+0000	 3.93955991640209E-0004
 1.70127994176821E+0000	 5.68029124240173E-0005
 1.70738624000263E+0000	-2.81030020165533E-0004
 1.71342286533646E+0000	-6.04777403945064E-0004
 1.71939460195626E+0000	-9.00683673326182E-0004
 1.72530866574100E+0000	-1.15637865173854E-0003
 1.73117437322631E+0000	-1.36120262860743E-0003
 1.73700279048590E+0000	-1.50647151887740E-0003
 1.74280637991364E+0000	-1.58567851170798E-0003
 1.74859866648918E+0000	-1.59465016279530E-0003
 1.75439392859177E+0000	-1.53169229406904E-0003
 1.76020689099774E+0000	-1.39776423077313E-0003
 1.76605236809639E+0000	-1.19670609103405E-0003
 1.77194478005147E+0000	-9.35511666010286E-0004
 1.77789745230363E+0000	-6.24585467061481E-0004
 1.78392162797105E+0000	-2.77844825139924E-0004
 1.79002520609557E+0000	 8.75590185550768E-0005
 1.79621139823296E+0000	 4.52165710328127E-0004
 1.80247774459279E+0000	 7.95919374151583E-0004
 1.80881607762292E+0000	 1.10043662716757E-0003
 1.81521377928449E+0000	 1.35108577440984E-0003
 1.82165596515975E+0000	 1.53794984329722E-0003
 1.82812752505124E+0000	 1.65530241333030E-0003
 1.83461400084797E+0000	 1.70023991793853E-0003
 1.84110119916611E+0000	 1.67168242854545E-0003
 1.84757443524600E+0000	 1.57051946673575E-0003
 1.85401851409379E+0000	 1.40063049468661E-0003
 1.86041884328665E+0000	 1.16976929660734E-0003
 1.86676311683437E+0000	 8.89460308524943E-0004
 1.87304264099022E+0000	 5.73857315777406E-0004
 1.87925276633840E+0000	 2.38173752568171E-0004
 1.88539251777699E+0000	-1.02650961554415E-0004
 1.89146384856971E+0000	-4.34739492169799E-0004
 1.89747091202453E+0000	-7.45567403021520E-0004
 1.90341954806610E+0000	-1.02396879472189E-0003
 1.90931700359594E+0000	-1.26006324028383E-0003
 1.91517181218610E+0000	-1.44522932172805E-0003
 1.92099374259843E+0000	-1.57216651614573E-0003
 1.92679375231695E+0000	-1.63503648428957E-0003
 1.93258391701909E+0000	-1.62966176153440E-0003
 1.93837732745509E+0000	-1.55377143180461E-0003
 1.94418794422717E+0000	-1.40730178757645E-0003
 1.95003038107102E+0000	-1.19277095656861E-0003
 1.95591955454000E+0000	-9.15740164754266E-0004
 1.96187010002683E+0000	-5.85341112119031E-0004
 1.96789542556162E+0000	-2.14775647423624E-0004
 1.97400629145440E+0000	 1.78430903328739E-0004
 1.98020893427792E+0000	 5.72798294793677E-0004
 1.98650307214553E+0000	 9.44335582154680E-0004
 1.99288058330939E+0000	 1.26927915011655E-0003
 1.99932586978610E+0000	 1.52761184237059E-0003
 2.00581833068692E+0000	 1.70596444867657E-0003
 2.01233600834112E+0000	 1.79844003024739E-0003
 2.01885853491114E+0000	 1.80519176251640E-0003
 2.02536814954426E+0000	 1.73015468299482E-0003
 2.03184919183669E+0000	 1.57959200982538E-0003
 2.03828746114265E+0000	 1.36197020719137E-0003
 2.04467044195614E+0000	 1.08841832445417E-0003
 2.05098831455660E+0000	 7.72729489803730E-0004
 2.05723497034151E+0000	 4.30489276015698E-0004
 2.06340836734886E+0000	 7.76792290542974E-0005
 2.06951011700953E+0000	-2.70626223898192E-0004
 2.07554461829743E+0000	-6.01068073855169E-0004
 2.08151813909417E+0000	-9.02260878292893E-0004
 2.08743810933250E+0000	-1.16466535567515E-0003
 2.09331271468112E+0000	-1.38029576988246E-0003
 2.09915075540902E+0000	-1.54243878556452E-0003
 2.10496167910527E+0000	-1.64548440159950E-0003
 2.11075569210358E+0000	-1.68490200428164E-0003
 2.11654387833521E+0000	-1.65735380909539E-0003
 2.12233828283504E+0000	-1.56092598166509E-0003
 2.12815193382669E+0000	-1.39546581378077E-0003
 2.13399877441699E+0000	-1.16302808185563E-0003
 2.13989345143887E+0000	-8.68441500711387E-0004
 2.14585086776751E+0000	-5.19993065976744E-0004
 2.15188535375279E+0000	-1.30175356872566E-0004
 2.15800927931224E+0000	 2.83676882045789E-0004
 2.16423098038763E+0000	 6.99237916944043E-0004
 2.17055214121861E+0000	 1.09014007421319E-0003
 2.17696536054975E+0000	 1.42864637248344E-0003
 2.18345330728370E+0000	 1.69003656518183E-0003
 2.18999080129221E+0000	 1.85732012644051E-0003
 2.19654958149649E+0000	 1.92386772693873E-0003
 2.20310342273278E+0000	 1.89250902663353E-0003
 2.20963100097120E+0000	 1.77217307827718E-0003
 2.21611594692791E+0000	 1.57460452561843E-0003
 2.22254556601376E+0000	 1.31276393133373E-0003
 2.22890992580540E+0000	 1.00068867426798E-0003
 2.23520190270061E+0000	 6.53666632745003E-0004
 2.24141772476281E+0000	 2.87883419925669E-0004
 2.24755729125303E+0000	-8.05117442485461E-0005
 2.25362391811736E+0000	-4.36485142629394E-0004
 2.25962361171267E+0000	-7.66909830617875E-0004
 2.26556417970180E+0000	-1.06089398130789E-0003
 2.27145445407834E+0000	-1.30970687859331E-0003
 2.27730376991467E+0000	-1.50647133568989E-0003
 2.28312172188547E+0000	-1.64579523001730E-0003
 2.28891814612540E+0000	-1.72346880005435E-0003
 2.29470324559616E+0000	-1.73629799117975E-0003
 2.30048777870696E+0000	-1.68209855753243E-0003
 2.30628324730740E+0000	-1.55984953529649E-0003
 2.31210203629658E+0000	-1.36999801725126E-0003
 2.31795746128623E+0000	-1.11491296100733E-0003
 2.32386366626517E+0000	-7.99492627514656E-0004
 2.32983527810807E+0000	-4.31923652307277E-0004
 2.33588667253318E+0000	-2.45500068485557E-0005
 2.34203065392368E+0000	 4.05292546707092E-0004
 2.34827635558273E+0000	 8.34822142548027E-0004
 2.35462636086260E+0000	 1.23637525239133E-0003
 2.36107361640456E+0000	 1.57982515106557E-0003
 2.36759962185967E+0000	 1.83728131976927E-0003
 2.37417584346189E+0000	 1.98900671170741E-0003
 2.38076897195694E+0000	 2.02768792080406E-0003
 2.38734776035186E+0000	 1.95839424152527E-0003
 2.39388773353941E+0000	 1.79455422611964E-0003
 2.40037202913560E+0000	 1.55302204498475E-0003
 2.40678965781279E+0000	 1.25095409170232E-0003
 2.41313348667893E+0000	 9.04946167887341E-0004
 2.41939923450787E+0000	 5.31301170773391E-0004
 2.42558541624094E+0000	 1.46227782182936E-0004
 2.43169355818549E+0000	-2.34501918246024E-0004
 2.43772813943865E+0000	-5.96256456517349E-0004
 2.44369612675548E+0000	-9.26221116227567E-0004
 2.44960626503742E+0000	-1.21378281512629E-0003
 2.45546835862345E+0000	-1.45057119398923E-0003
 2.46129271260304E+0000	-1.63024489605822E-0003
 2.46708980406017E+0000	-1.74815934491255E-0003
 2.47287017583004E+0000	-1.80103973981786E-0003
 2.47864450192536E+0000	-1.78674695880282E-0003
 2.48442375786190E+0000	-1.70418675084553E-0003
 2.49021942999558E+0000	-1.55338483920385E-0003
 2.49604370434623E+0000	-1.33573617036035E-0003
 2.50190957616586E+0000	-1.05443335948422E-0003
 2.50783080781216E+0000	-7.15079054287763E-0004
 2.51382163009476E+0000	-3.26475315088877E-0004
 2.51989603432311E+0000	 9.84596998630341E-0005
 2.52606645562775E+0000	 5.41798602108219E-0004
 2.53234165173157E+0000	 9.80077313196828E-0004
 2.53872375075120E+0000	 1.38475977837912E-0003
 2.54520496272503E+0000	 1.72455750110790E-0003
 2.55176537691233E+0000	 1.97019471154827E-0003
 2.55837397041306E+0000	 2.10082626764745E-0003
 2.56499396808775E+0000	 2.10922966940804E-0003
 2.57159062657422E+0000	 2.00246557248579E-0003
 2.57813724348853E+0000	 1.79761028312170E-0003
 2.58461673641858E+0000	 1.51571528727580E-0003
 2.59101970240100E+0000	 1.17747235492384E-0003
 2.59734158593489E+0000	 8.01660852640434E-0004
 2.60358078157073E+0000	 4.05383203857191E-0004
 2.60973798391670E+0000	 4.67679230284606E-0006
 2.61581621838056E+0000	-3.85291239069807E-0004
 2.62182090844488E+0000	-7.50516482092977E-0004
 2.62775966252744E+0000	-1.07864271747105E-0003
 2.63364179221609E+0000	-1.35934287397128E-0003
 2.63947772723112E+0000	-1.58445665927567E-0003
 2.64527849198172E+0000	-1.74789540515975E-0003
 2.65105534151534E+0000	-1.84540207869603E-0003
 2.65681958509673E+0000	-1.87427045781598E-0003
 2.66258257752454E+0000	-1.83311184693269E-0003
 2.66835583219977E+0000	-1.72173260666345E-0003
 2.67415119907342E+0000	-1.54116291172454E-0003
 2.67998104656825E+0000	-1.29386174986123E-0003
 2.68585837996131E+0000	-9.84115536864589E-0004
 2.69179680993187E+0000	-6.18641546108031E-0004
 2.69781024835618E+0000	-2.07387621829037E-0004
 2.70391215935877E+0000	 2.35537021546207E-0004
 2.71011415821010E+0000	 6.90985761333886E-0004
 2.71642378852909E+0000	 1.13434111872049E-0003
 2.72284152491527E+0000	 1.53616703545287E-0003
 2.72935757378918E+0000	 1.86474386179673E-0003
 2.73594987246002E+0000	 2.09095136903913E-0003
 2.74258526856117E+0000	 2.19468092247828E-0003
 2.74922497063158E+0000	 2.17005335480838E-0003
 2.75583253877581E+0000	 2.02619813396433E-0003
 2.76238032725727E+0000	 1.78293878969928E-0003
 2.76885144839471E+0000	 1.46431871815803E-0003
 2.77523782949847E+0000	 1.09362475004042E-0003
 2.78153697396737E+0000	 6.91350002321120E-0004
 2.78774949696937E+0000	 2.75306530972704E-0004
 2.79387801395047E+0000	-1.38556595775833E-0004
 2.79992695717572E+0000	-5.35594795718381E-0004
 2.80590266892830E+0000	-9.02422519240370E-0004
 2.81181335350019E+0000	-1.22719365258690E-0003
 2.81766878689878E+0000	-1.49992392595203E-0003
 2.82347987711405E+0000	-1.71267293974349E-0003
 2.82925821508798E+0000	-1.85954026103997E-0003
 2.83501572071759E+0000	-1.93651995448295E-0003
 2.84076443206703E+0000	-1.94129236838839E-0003
 2.84651644006948E+0000	-1.87303218385874E-0003
 2.85228394115798E+0000	-1.73229810821227E-0003
 2.85807936235951E+0000	-1.52105362573578E-0003
 2.86391550130435E+0000	-1.24285495623876E-0003
 2.86980561004351E+0000	-9.03233034836377E-0004
 2.87576332729730E+0000	-5.10286445636608E-0004
 2.88180232117313E+0000	-7.54764790002939E-0005
 2.88793544917753E+0000	 3.85455276069687E-0004
 2.89417321249248E+0000	 8.51676253085607E-0004
 2.90052136352825E+0000	 1.29702422853824E-0003
 2.90697783984357E+0000	 1.69104447622930E-0003
 2.91352980380243E+0000	 2.00201453030780E-0003
 2.92015227449520E+0000	 2.20210139083638E-0003
 2.92681003351139E+0000	 2.27349553635022E-0003
 2.93346335627384E+0000	 2.21292054464191E-0003
 2.94007570839226E+0000	 2.03186056896736E-0003
 2.94661979247604E+0000	 1.75217629298390E-0003
 2.95307940856297E+0000	 1.39975807523766E-0003
 2.95944758353076E+0000	 9.99518051586771E-0004
 2.96572330381189E+0000	 5.73164800561523E-0004
 2.97190884881294E+0000	 1.39167580419930E-0004
 2.97800841540979E+0000	-2.86410960030561E-0004
 2.98402774446303E+0000	-6.89197024186188E-0004
 2.98997415891575E+0000	-1.05625192037643E-0003
 2.99585657465197E+0000	-1.37618494354307E-0003
 3.00168532315756E+0000	-1.63939030779780E-0003
 3.00747182355631E+0000	-1.83822150573186E-0003
 3.01322821255440E+0000	-1.96703121073369E-0003
 3.01896702711428E+0000	-2.02209242782593E-0003
 3.02470099211705E+0000	-2.00145777130927E-0003
 3.03044292565671E+0000	-1.90482270044564E-0003
 3.03620574600192E+0000	-1.73345322197808E-0003
 3.04200254357645E+0000	-1.49022923419175E-0003
 3.04784666348471E+0000	-1.17984468378860E-0003
 3.05375172428438E+0000	-8.09194986267597E-0004
 3.05973147041666E+0000	-3.87967160169014E-0004
 3.06579931161544E+0000	 7.05844271742705E-0005
 3.07196734665672E+0000	 5.48774865711781E-0004
 3.07824464481093E+0000	 1.02380815758470E-0003
 3.08463467965248E+0000	 1.46781756924047E-0003
 3.09113222738641E+0000	 1.84939521397919E-0003
 3.09772075860541E+0000	 2.13722885152437E-0003
 3.10437194561305E+0000	 2.30558887174866E-0003
 3.11104860177378E+0000	 2.34001895652352E-0003
 3.11771081647145E+0000	 2.24070819014223E-0003
 3.12432307922341E+0000	 2.02173090736142E-0003
 3.13085939514547E+0000	 1.70651947341069E-0003
 3.13730465745926E+0000	 1.32198459979512E-0003
 3.14365284260865E+0000	 8.93924125429489E-0004
 3.14990397168382E+0000	 4.44873237256210E-0004
 3.15606153309782E+0000	-6.06283031096965E-0006
 3.16213102544424E+0000	-4.42498070664438E-0004
 3.16811943852627E+0000	-8.50059732677738E-0004
 3.17403518337485E+0000	-1.21605202211763E-0003
 3.17988807190255E+0000	-1.52945498847701E-0003
 3.18568917263509E+0000	-1.78106950404926E-0003
 3.19145054680894E+0000	-1.96364542011397E-0003
 3.19718494303073E+0000	-2.07192027135805E-0003
 3.20290552654823E+0000	-2.10257164449535E-0003
 3.20862568751719E+0000	-2.05412497494513E-0003
 3.21435894064850E+0000	-1.92686962685482E-0003
 3.22011890434262E+0000	-1.72283510942022E-0003
 3.22591932745297E+0000	-1.44587513393806E-0003
 3.23177411051775E+0000	-1.10190102832996E-0003
 3.23769724209870E+0000	-6.99294264752221E-0004
 3.24370253791793E+0000	-2.49504707753773E-0004
 3.24980302932861E+0000	 2.32204443974430E-0004
 3.25600980471535E+0000	 7.25997446428247E-0004
 3.26233010622335E+0000	 1.20700526254319E-0003
 3.26876464620302E+0000	 1.64574560789042E-0003
 3.27530459862165E+0000	 2.01019916219466E-0003
 3.28192949649819E+0000	 2.27001495395986E-0003
 3.28860771380669E+0000	 2.40218745890259E-0003
 3.29530043124616E+0000	 2.39613222387787E-0003
 3.30196807624145E+0000	 2.25578906568826E-0003
 3.30857672590324E+0000	 1.99781222296751E-0003
 3.31510212090701E+0000	 1.64692707403785E-0003
 3.32153042200764E+0000	 1.23065347025468E-0003
 3.32785646673702E+0000	 7.75320400769070E-0004
 3.33408107816234E+0000	 3.04123043059633E-0004
 3.34020873156019E+0000	-1.63161942883639E-0004
 3.34624612172893E+0000	-6.09664839854362E-0004
 3.35220152525129E+0000	-1.02083355885619E-0003
 3.35808458698586E+0000	-1.38409526697040E-0003
 3.36390620731706E+0000	-1.68877652814524E-0003
 3.36967837490398E+0000	-1.92615206868025E-0003
 3.37541393108555E+0000	-2.08950022603270E-0003
 3.38112631547073E+0000	-2.17410810722020E-0003
 3.38682934477524E+0000	-2.17722761484063E-0003
 3.39253705423093E+0000	-2.09801410510330E-0003
 3.39826360672246E+0000	-1.93748865095369E-0003
 3.40402325608630E+0000	-1.69856517107175E-0003
 3.40983033399486E+0000	-1.38618268298019E-0003
 3.41569920768854E+0000	-1.00758031328819E-0003
 3.42164412425856E+0000	-5.72741143742765E-0004
 3.42767881802789E+0000	-9.49991793278514E-0005
 3.43381571966426E+0000	 4.08261059909526E-0004
 3.44006458749912E+0000	 9.14996206862293E-0004
 3.44643042842384E+0000	 1.39835068848951E-0003
 3.45291079243895E+0000	 1.82754899961201E-0003
 3.45949304415275E+0000	 2.17052059592546E-0003
 3.46615293521181E+0000	 2.39849801585306E-0003
 3.47285603058490E+0000	 2.49159222735898E-0003
 3.47956242696320E+0000	 2.44308560351565E-0003
 3.48623320806583E+0000	 2.26039094019269E-0003
 3.49283607485584E+0000	 1.96246192946015E-0003
 3.49934840578254E+0000	 1.57518290455156E-0003
 3.50575753475541E+0000	 1.12667564937552E-0003
 3.51205911312672E+0000	 6.43855966501273E-0004
 3.51825476710891E+0000	 1.50662294014516E-0004
 3.52435001151436E+0000	-3.32365591218277E-0004
 3.53035284390346E+0000	-7.87798554905719E-0004
 3.53627297668969E+0000	-1.20087253057030E-0003
 3.54212145479052E+0000	-1.55916516147862E-0003
 3.54791042148470E+0000	-1.85243784583416E-0003
 3.55365290564667E+0000	-2.07257558983135E-0003
 3.55936260258102E+0000	-2.21355117731373E-0003
 3.56505366818660E+0000	-2.27137875768125E-0003
 3.57074055120179E+0000	-2.24405946472096E-0003
 3.57643787444575E+0000	-2.13154192769791E-0003
 3.58216036001432E+0000	-1.93572657399807E-0003
 3.58792278043937E+0000	-1.66054297843599E-0003
 3.59373990460145E+0000	-1.31212993234447E-0003
 3.59962638659042E+0000	-8.99147559865648E-0004
 3.60559651199662E+0000	-4.33240414430869E-0004
 3.61166367199267E+0000	 7.03669514650427E-0005
 3.61783939954662E+0000	 5.92243317208504E-0004
 3.62413181140265E+0000	 1.10833081062527E-0003
 3.63054340854978E+0000	 1.59014421216087E-0003
 3.63706846785379E+0000	 2.00615242603460E-0003
 3.64369075680463E+0000	 2.32485504789498E-0003
 3.65038285127578E+0000	 2.51950677299526E-0003
 3.65710830296564E+0000	 2.57328789963695E-0003
 3.66382667303743E+0000	 2.48277973776143E-0003
 3.67049968817670E+0000	 2.25813918028519E-0003
 3.67709620270387E+0000	 1.92018945539750E-0003
 3.68359469307347E+0000	 1.49601447681776E-0003
 3.68998336808778E+0000	 1.01468673491254E-0003
 3.69625870116874E+0000	 5.04103550147427E-0004
 3.70242333556590E+0000	-1.07822597362531E-0005
 3.70848411367763E+0000	-5.08565195561852E-0004
 3.71445060642208E+0000	-9.71294427975139E-0004
 3.72033417205212E+0000	-1.38412282569135E-0003
 3.72614739424838E+0000	-1.73495556023733E-0003
 3.73190373128136E+0000	-2.01418427963802E-0003
 3.73761726735563E+0000	-2.21449976504105E-0003
 3.74330251960442E+0000	-2.33075436916026E-0003
 3.74897428879468E+0000	-2.35985840537736E-0003
 3.75464755051851E+0000	-2.30071235025146E-0003
 3.76033737925031E+0000	-2.15418711674327E-0003
 3.76605889012683E+0000	-1.92316782003663E-0003
 3.77182717610667E+0000	-1.61267675455797E-0003
 3.77765720909077E+0000	-1.23009219801606E-0003
 3.78356365658956E+0000	-7.85480282212845E-0004
 3.78956053410268E+0000	-2.92048485101726E-0004
 3.79566056902145E+0000	 2.33308452373082E-0004
 3.80187411778826E+0000	 7.69490321409219E-0004
 3.80820750727311E+0000	 1.29097074229620E-0003
 3.81466083000944E+0000	 1.76830732295444E-0003
 3.82122554564055E+0000	 2.16988422694693E-0003
 3.82788267557650E+0000	 2.46520242829771E-0003
 3.83460270456137E+0000	 2.62943881475363E-0003
 3.84134807499259E+0000	 2.64807356129427E-0003
 3.84807806713160E+0000	 2.51979405661932E-0003
 3.85475451428379E+0000	 2.25645542580167E-0003
 3.86134644191669E+0000	 1.88033931513456E-0003
 3.86783255296391E+0000	 1.42000881594510E-0003
 3.87420153152608E+0000	 9.06131314758658E-0004
 3.88045075914576E+0000	 3.68196617266569E-0004
 3.88658426202480E+0000	-1.67481980868148E-0004
 3.89261062564787E+0000	-6.78581982650557E-0004
 3.89854131439886E+0000	-1.14678767482785E-0003
 3.90438950945476E+0000	-1.55742400333218E-0003
 3.91016938084593E+0000	-1.89899599357529E-0003
 3.91589565453217E+0000	-2.16277291386970E-0003
 3.92158335926466E+0000	-2.34245967554844E-0003
 3.92724767987695E+0000	-2.43395691483431E-0003
 3.93290387435433E+0000	-2.43520277042152E-0003
 3.93856722707727E+0000	-2.34609237917490E-0003
 3.94425301533913E+0000	-2.16847468253974E-0003
 3.94997646635257E+0000	-1.90622751695187E-0003
 3.95575268025826E+0000	-1.56541228482761E-0003
 3.96159649030655E+0000	-1.15451058330704E-0003
 3.96752221994782E+0000	-6.84746599626336E-0004
 3.97354327154630E+0000	-1.70493742316206E-0004
 3.97967144195314E+0000	 3.70266947788981E-0004
 3.98591582767810E+0000	 9.15552238620525E-0004
 3.99228121429714E+0000	 1.43930450386305E-0003
 3.99876601199694E+0000	 1.91204659647573E-0003
 4.00536011223813E+0000	 2.30268854507011E-0003
 4.01204338685153E+0000	 2.58167745779129E-0003
 4.01878572337545E+0000	 2.72517239486041E-0003
 4.02554926054638E+0000	 2.71927892757498E-0003
 4.03229274009970E+0000	 2.56296003450423E-0003
 4.03897692657303E+0000	 2.26850358294816E-0003
 4.04556953572620E+0000	 1.85935036274226E-0003
 4.05204837457584E+0000	 1.36606345927880E-0003
 4.05840215445780E+0000	 8.21746668349884E-0004
 4.06462929120760E+0000	 2.58171460848507E-0004
 4.07073558811205E+0000	-2.96668888988961E-0004
 4.07673175741911E+0000	-8.19558963940537E-0004
 4.08263138513010E+0000	-1.29204629851310E-0003
 4.08844952388272E+0000	-1.69992159011672E-0003
 4.09420183767644E+0000	-2.03256215987168E-0003
 4.09990413739983E+0000	-2.28233131931024E-0003
 4.10557215975452E+0000	-2.44410482319152E-0003
 4.11122148446226E+0000	-2.51493507581025E-0003
 4.11686752174238E+0000	-2.49384209649717E-0003
 4.12252552561005E+0000	-2.38171620884102E-0003
 4.12821060104349E+0000	-2.18131856754030E-0003
 4.13393767918842E+0000	-1.89736696065249E-0003
 4.13972143786376E+0000	-1.53669521504402E-0003
 4.14557614531425E+0000	-1.10847635978909E-0003
 4.15151540032635E+0000	-6.24503241596369E-0004
 4.15755172500385E+0000	-9.95212477963598E-0005
 4.16369593371424E+0000	 4.48409168266380E-0004
 4.16995616720430E+0000	 9.97602989120292E-0004
 4.17633649295830E+0000	 1.52269376539500E-0003
 4.18283509576863E+0000	 1.99515828089194E-0003
 4.18944232463176E+0000	 2.38478571335450E-0003
 4.19613912735571E+0000	 2.66230690855888E-0003
 4.20289657282741E+0000	 2.80308861481158E-0003
 4.20967717178327E+0000	 2.79136695986972E-0003
 4.21643843641865E+0000	 2.62396760063750E-0003
 4.22313836696616E+0000	 2.31208438238109E-0003
 4.22974147228821E+0000	 1.88000046852509E-0003
 4.23622329572270E+0000	 1.36086501609554E-0003
 4.24257199225589E+0000	 7.91082377905635E-0004
 4.24878701029334E+0000	 2.05353508567354E-0004
 4.25487614972012E+0000	-3.66382728665341E-0004
 4.26085242121603E+0000	-9.00055505427301E-0004
 4.26673154731587E+0000	-1.37725948315784E-0003
 4.27253031403126E+0000	-1.78445534582913E-0003
 4.27826563542868E+0000	-2.11205201185775E-0003
 4.28395410265232E+0000	-2.35360269812325E-0003
 4.28961182073779E+0000	-2.50518970484228E-0003
 4.29525439735909E+0000	-2.56499825212946E-0003
 4.30089699833253E+0000	-2.53305409232441E-0003
 4.30655441745372E+0000	-2.41109580507986E-0003
 4.31224112682213E+0000	-2.20255558400982E-0003
 4.31797128410565E+0000	-1.91262567035369E-0003
 4.32375867978190E+0000	-1.54839033195112E-0003
 4.32961661204886E+0000	-1.11900716911917E-0003
 4.33555767763937E+0000	-6.35928700753621E-0004
 4.34159345672739E+0000	-1.13164166206363E-0004
 4.34773404264018E+0000	 4.32418557537251E-0004
 4.35398732687847E+0000	 9.80781848954191E-0004
 4.36035792696363E+0000	 1.50850890616772E-0003
 4.36684568568372E+0000	 1.98892131285693E-0003
 4.37344379662103E+0000	 2.39284563195451E-0003
 4.38013680325781E+0000	 2.69039298491763E-0003
 4.38689899976697E+0000	 2.85409126072553E-0003
 4.39369419763042E+0000	 2.86346166688419E-0003
 4.40047816180793E+0000	 2.71030292583240E-0003
 4.40720442425493E+0000	 2.40263325263589E-0003
 4.41383217837529E+0000	 1.96474784746494E-0003
 4.42033298637251E+0000	 1.43257478019773E-0003
 4.42669343985954E+0000	 8.46425452824661E-0004
 4.43291356234806E+0000	 2.44459537286667E-0004
 4.43900292884557E+0000	-3.41151179651746E-0004
 4.44497664426034E+0000	-8.85379641051378E-0004
 4.45085230029214E+0000	-1.36984364271331E-0003
 4.45664808721868E+0000	-1.78164811448300E-0003
 4.46238180380752E+0000	-2.11217108888748E-0003
 4.46807043980984E+0000	-2.35604838368178E-0003
 4.47373007815345E+0000	-2.51041694344570E-0003
 4.47937595421791E+0000	-2.57439522759463E-0003
 4.48502257685073E+0000	-2.54875664542486E-0003
 4.49068385700723E+0000	-2.43575324396933E-0003
 4.49637321273723E+0000	-2.23905411183136E-0003
 4.50210363190727E+0000	-1.96376964953877E-0003
 4.50788768244390E+0000	-1.61653822120301E-0003
 4.51373746669200E+0000	-1.20565808696391E-0003
 4.51966452026727E+0000	-7.41258158369722E-0004
 4.52567965048770E+0000	-2.35516883278074E-0004
 4.53179268652763E+0000	 2.97046696768170E-0004
 4.53801206884331E+0000	 8.39188020494867E-0004
 4.54434414888096E+0000	 1.37047693394023E-0003
 4.55079202516188E+0000	 1.86687414316317E-0003
 4.55735373706795E+0000	 2.30061117852198E-0003
 4.56401973089600E+0000	 2.64088236175377E-0003
 4.57076987563923E+0000	 2.85616233986941E-0003
 4.57757117579662E+0000	 2.91900155939083E-0003
 4.58437844319354E+0000	 2.81313723840186E-0003
 4.59114006589677E+0000	 2.54036525673121E-0003
 4.59780809206147E+0000	 2.12280703188364E-0003
 4.60434793209518E+0000	 1.59818373257634E-0003
 4.61074276310805E+0000	 1.01062765780314E-0003
 4.61699183811506E+0000	 4.02083602803375E-0004
 4.62310555618800E+0000	-1.92617720446367E-0004
 4.62910040461975E+0000	-7.47079260030084E-0004
 4.63499527006505E+0000	-1.24255480605206E-0003
 4.64080925809983E+0000	-1.66642261592622E-0003
 4.64656062114927E+0000	-2.01066408154572E-0003
 4.65226635785180E+0000	-2.27062744447022E-0003
 4.65794217018028E+0000	-2.44411938458330E-0003
 4.66360258879636E+0000	-2.53078024081104E-0003
 4.66926116172566E+0000	-2.53168144158266E-0003
 4.67493065029042E+0000	-2.44909089959146E-0003
 4.68062320223599E+0000	-2.28636361602221E-0003
 4.68635048630363E+0000	-2.04792402775637E-0003
 4.69212378247224E+0000	-1.73931377585416E-0003
 4.69795403099701E+0000	-1.36728679934785E-0003
 4.70385185008857E+0000	-9.39947101029686E-0004
 4.70982753083273E+0000	-4.66945575175345E-0004
 4.71589099944685E+0000	 4.02218973809524E-0005
 4.72205169194814E+0000	 5.67753332068508E-0004
 4.72831821042107E+0000	 1.09886127729597E-0003
 4.73469752687767E+0000	 1.61288176525904E-0003
 4.74119338974333E+0000	 2.08434375652832E-0003
 4.74780355098943E+0000	 2.48251984577596E-0003
 4.75451571982112E+0000	 2.77254634597977E-0003
 4.76130319575549E+0000	 2.91966575676047E-0003
 4.76812297872550E+0000	 2.89742237343496E-0003
 4.77492011563016E+0000	 2.69758592890665E-0003
 4.78163908193220E+0000	 2.33590137213676E-0003
 4.78823688416007E+0000	 1.84875615772984E-0003
 4.79469039424219E+0000	 1.28262323302076E-0003
 4.80099550807932E+0000	 6.83057031684267E-0004
 4.80716150432201E+0000	 8.80721167371755E-0005
 4.81320490293513E+0000	-4.73783723692588E-0004
 4.81914496737196E+0000	-9.82589032865987E-0004
 4.82500108257737E+0000	-1.42523607814443E-0003
 4.83079149791501E+0000	-1.79361509450128E-0003
 4.83653288287306E+0000	-2.08314348316217E-0003
 4.84224030942198E+0000	-2.29168729524473E-0003
 4.84792743332728E+0000	-2.41881832211607E-0003
 4.85360675031621E+0000	-2.46533206685194E-0003
 4.85928986115242E+0000	-2.43296114518872E-0003
 4.86498771086749E+0000	-2.32423158956262E-0003
 4.87071078592750E+0000	-2.14241977051360E-0003
 4.87646926725988E+0000	-1.89157641159083E-0003
 4.88227314972611E+0000	-1.57659541170042E-0003
 4.88813234805243E+0000	-1.20332289577189E-0003
 4.89405680979009E+0000	-7.78727988281273E-0004
 4.90005663922830E+0000	-3.11189017775454E-0004
 4.90614219309104E+0000	 1.89020837232314E-0004
 4.91232403080129E+0000	 7.08951429553685E-0004
 4.91861248227302E+0000	 1.23183151203285E-0003
 4.92501643737027E+0000	 1.73562666976778E-0003
 4.93154081809628E+0000	 2.19169125327552E-0003
 4.93818228740752E+0000	 2.56454389397256E-0003
 4.94492358432570E+0000	 2.81460752708718E-0003
 4.95172892898368E+0000	 2.90576913377106E-0003
 4.95854516425564E+0000	 2.81700172118362E-0003
 4.96531190059195E+0000	 2.55221783665415E-0003
 4.97197693298291E+0000	 2.14078382786323E-0003
 4.97850763699816E+0000	 1.62772895424228E-0003
 4.98489284602286E+0000	 1.06076143326580E-0003
 4.99113765505104E+0000	 4.81224179585701E-0004
 4.99725647412487E+0000	-7.92941598680026E-0005
 5.00326756545627E+0000	-5.98600022063597E-0004
 5.00918973965022E+0000	-1.06203558639977E-0003
 5.01504072617404E+0000	-1.46043953165908E-0003
 5.02083657058890E+0000	-1.78844398728599E-0003
 5.02659158151717E+0000	-2.04321257631965E-0003
 5.03231853771099E+0000	-2.22357256743739E-0003
 5.03802899274301E+0000	-2.32945825209615E-0003
 5.04373358914360E+0000	-2.36158542217148E-0003
 5.04944233707046E+0000	-2.32128792002595E-0003
 5.05516484090438E+0000	-2.21045905651981E-0003
 5.06091047846701E+0000	-2.03155414862991E-0003
 5.06668855367476E+0000	-1.78762820937602E-0003
 5.07250845241526E+0000	-1.48240659060463E-0003
 5.07837982925285E+0000	-1.12041570184490E-0003
 5.08431283432379E+0000	-7.07232880815125E-0004
 5.09031835016810E+0000	-2.49943471315985E-0004
 5.09640814094428E+0000	 2.42089907583636E-0004
 5.10259471240769E+0000	 7.56053093579516E-0004
 5.10889053107121E+0000	 1.27408853472001E-0003
 5.11530607251881E+0000	 1.77150687474245E-0003
 5.12184609349900E+0000	 2.21554590256517E-0003
 5.12850395371629E+0000	 2.56628031584735E-0003
 5.13525541091661E+0000	 2.78194024934679E-0003
 5.14205599934816E+0000	 2.82962822187012E-0003
 5.14884700325726E+0000	 2.69776244432012E-0003
 5.15556993786371E+0000	 2.40201888493785E-0003
 5.16218139048712E+0000	 1.97969828727290E-0003
 5.16865952878470E+0000	 1.47690232822749E-0003
 5.17500146785731E+0000	 9.37057901871440E-0004
 5.18121654786656E+0000	 3.95084914862830E-0004
 5.18732004169631E+0000	-1.23609243470431E-0004
 5.19332895801713E+0000	-6.01720002135140E-0004
 5.19925979873284E+0000	-1.02799105657980E-0003
 5.20512762471515E+0000	-1.39534473219873E-0003
 5.21094586054638E+0000	-1.69945149246629E-0003
 5.21672646058792E+0000	-1.93774213485552E-0003
 5.22248021264917E+0000	-2.10878261559263E-0003
 5.22821705645235E+0000	-2.21191454962914E-0003
 5.23394635889845E+0000	-2.24707118284454E-0003
 5.23967713140317E+0000	-2.21469506758596E-0003
 5.24541820328285E+0000	-2.11570605375858E-0003
 5.25117838148770E+0000	-1.95149479523859E-0003
 5.25696663117336E+0000	-1.72394570846470E-0003
 5.26279230351342E+0000	-1.43552173025688E-0003
 5.26866541652527E+0000	-1.08946873379349E-0003
 5.27459696061602E+0000	-6.90217610432995E-0004
 5.28059914987606E+0000	-2.44073801854228E-0004
 5.28668546475707E+0000	 2.39719835143465E-0004
 5.29287021846357E+0000	 7.47502897389059E-0004
 5.29916722347145E+0000	 1.25939387104846E-0003
 5.30558699279077E+0000	 1.74760230548941E-0003
 5.31213202299030E+0000	 2.17596659773083E-0003
 5.31879061118229E+0000	 2.50266008992975E-0003
 5.32553181283869E+0000	 2.68794836410329E-0003
 5.33230633212739E+0000	 2.70607373903095E-0003
 5.33905644687801E+0000	 2.55525157879991E-0003
 5.34573099876099E+0000	 2.25841561518281E-0003
 5.35229641430618E+0000	 1.85408592628177E-0003
 5.35873872535190E+0000	 1.38425307709785E-0003
 5.36505898170898E+0000	 8.85895057499348E-0004
 5.37126696784688E+0000	 3.87694672512465E-0004
 5.37737621031275E+0000	-8.97538898485840E-0005
 5.38340095323233E+0000	-5.32297264835915E-0004
 5.38935470039409E+0000	-9.30378622508218E-0004
 5.39524973027343E+0000	-1.27751589977410E-0003
 5.40109711619030E+0000	-1.56922294101425E-0003
 5.40690695127762E+0000	-1.80232333735207E-0003
 5.41268861120200E+0000	-1.97455146236196E-0003
 5.41845098089388E+0000	-2.08433304692454E-0003
 5.42420263210273E+0000	-2.13066004000155E-0003
 5.42995197279587E+0000	-2.11300711353957E-0003
 5.43570740260818E+0000	-2.03127124358136E-0003
 5.44147750588136E+0000	-1.88574587818414E-0003
 5.44727130009069E+0000	-1.67716451817611E-0003
 5.45309853639221E+0000	-1.40686450729863E-0003
 5.45897002244725E+0000	-1.07713147886237E-0003
 5.46489790396706E+0000	-6.91789721450731E-0004
 5.47089579354321E+0000	-2.57102457616908E-0004
 5.47697856041732E+0000	 2.16972726064200E-0004
 5.48316148097062E+0000	 7.15199403166633E-0004
 5.48945831379688E+0000	 1.21537426030253E-0003
 5.49587782364283E+0000	 1.68719654721317E-0003
 5.50241866658353E+0000	 2.09304255443643E-0003
 5.50906385460475E+0000	 2.39246674585293E-0003
 5.51577810583539E+0000	 2.55120275122213E-0003
 5.52251207896301E+0000	 2.55185182416820E-0003
 5.52921374550358E+0000	 2.39989050939876E-0003
 5.53584099321767E+0000	 2.12058304254031E-0003
 5.54236842091040E+0000	 1.74934702645525E-0003
 5.54878669771855E+0000	 1.32203535542798E-0003
 5.55509781769997E+0000	 8.69195927455884E-0004
 5.56130998608475E+0000	 4.14381849032332E-0004
 5.56743392444288E+0000	-2.51842180926816E-0005
 5.57348078646172E+0000	-4.37130105125026E-0004
 5.57946124389915E+0000	-8.12487794443638E-0004
 5.58538524174540E+0000	-1.14459385506871E-0003
 5.59126205482970E+0000	-1.42836258870293E-0003
 5.59710043230824E+0000	-1.65984205308061E-0003
 5.60290873711278E+0000	-1.83594220656186E-0003
 5.60869506422388E+0000	-1.95424883250312E-0003
 5.61446735931226E+0000	-2.01287652398091E-0003
 5.62023356812451E+0000	-2.01035152839961E-0003
 5.62600183820650E+0000	-1.94554264816549E-0003
 5.63178077759981E+0000	-1.81767404543735E-0003
 5.63757975635791E+0000	-1.62645994096778E-0003
 5.64340921874774E+0000	-1.37240198705904E-0003
 5.64928095511419E+0000	-1.05728976937091E-0003
 5.65520825587758E+0000	-6.84944997687666E-0004
 5.66120582464189E+0000	-2.62244587971076E-0004
 5.66728925072990E+0000	 1.99574169336693E-0004
 5.67347373459757E+0000	 6.83429168032082E-0004
 5.67977167495907E+0000	 1.16509013113413E-0003
 5.68618884128116E+0000	 1.61288705171855E-0003
 5.69271951424853E+0000	 1.98979750404146E-0003
 5.69934241447970E+0000	 2.25919056708996E-0003
 5.70602066439000E+0000	 2.39369134414705E-0003
 5.71270813008441E+0000	 2.38334922393721E-0003
 5.71936017236520E+0000	 2.23797153562157E-0003
 5.72594299202093E+0000	 1.98213444232604E-0003
 5.73243719115839E+0000	 1.64663847651232E-0003
 5.73883593462816E+0000	 1.26131487553485E-0003
 5.74514080754620E+0000	 8.51317556024747E-0004
 5.75135793947601E+0000	 4.36336183505277E-0004
 5.75749539147587E+0000	 3.13162366509979E-0005
 5.76356175159068E+0000	-3.52406943861600E-0004
 5.76956552917375E+0000	-7.06101429838202E-0004
 5.77551496057671E+0000	-1.02291031357715E-0003
 5.78141797913417E+0000	-1.29736317296856E-0003
 5.78728223696022E+0000	-1.52503654030908E-0003
 5.79311515376280E+0000	-1.70229011264247E-0003
 5.79892400708752E+0000	-1.82604551246740E-0003
 5.80471608312738E+0000	-1.89361031615633E-0003
 5.81049889414500E+0000	-1.90257138832625E-0003
 5.81628045087804E+0000	-1.85078810405366E-0003
 5.82206956388628E+0000	-1.73651284838785E-0003
 5.82787613895708E+0000	-1.55866003606098E-0003
 5.83371142555770E+0000	-1.31724164535727E-0003
 5.83958816669588E+0000	-1.01398930584870E-0003
 5.84552057326253E+0000	-6.53186492850210E-0004
 5.85152399548859E+0000	-2.42725473622921E-0004
 5.85761408448707E+0000	 2.04647653345778E-0004
 5.86380514936250E+0000	 6.70081855303428E-0004
 5.87010740927742E+0000	 1.12784543514947E-0003
 5.87652312422099E+0000	 1.54594401042815E-0003
 5.88304243124168E+0000	 1.88932095871144E-0003
 5.88964100077245E+0000	 2.12618379509621E-0003
 5.89628215327887E+0000	 2.23586827188208E-0003
 5.90292409766339E+0000	 2.21431348202286E-0003
 5.90952915275425E+0000	 2.07374457359428E-0003
 5.91607019177722E+0000	 1.83708985391219E-0003
 5.92253209484590E+0000	 1.53093044502793E-0003
 5.92890952900863E+0000	 1.18033821069296E-0003
 5.93520357737820E+0000	 8.06509707627404E-0004
 5.94141888387031E+0000	 4.26413782158748E-0004
 5.94756179760425E+0000	 5.33622245164378E-0005
 5.95363934707632E+0000	-3.02217692346291E-0004
 5.95965871816723E+0000	-6.32108619952032E-0004
 5.96562698850328E+0000	-9.29773325764631E-0004
 5.97155099492826E+0000	-1.18992517828525E-0003
 5.97743729917517E+0000	-1.40815594124272E-0003
 5.98329225414832E+0000	-1.58061139401831E-0003
 5.98912217324455E+0000	-1.70373515381262E-0003
 5.99493358794325E+0000	-1.77411364351128E-0003
 6.00073356087387E+0000	-1.78845079021649E-0003
 6.00653001209643E+0000	-1.74368728793998E-0003
 6.01233201719629E+0000	-1.63726571245302E-0003
 6.01815004222869E+0000	-1.46753699341804E-0003
 6.02399608364546E+0000	-1.23430830186611E-0003
 6.02988367098358E+0000	-9.39543500235552E-0004
 6.03582765740183E+0000	-5.88233993273467E-0004
 6.04184366332429E+0000	-1.89439743611953E-0004
 6.04794695915254E+0000	 2.42576957744080E-0004
 6.05415051722653E+0000	 6.87386485224671E-0004
 6.06046204975578E+0000	 1.11817708094831E-0003
 6.06688028814659E+0000	 1.50322362521024E-0003
 6.07339168468751E+0000	 1.80993822114619E-0003
 6.07996968676771E+0000	 2.01132146464601E-0003
 6.08657841314566E+0000	 2.09254480811456E-0003
 6.09318005668540E+0000	 2.05414016452746E-0003
 6.09974248811791E+0000	 1.90998399049456E-0003
 6.10624353952409E+0000	 1.68175502542801E-0003
 6.11267122580377E+0000	 1.39320514978387E-0003
 6.11902153969009E+0000	 1.06638467956030E-0003
 6.12529574318931E+0000	 7.20019773458166E-0004
 6.13149817840981E+0000	 3.69267453589263E-0004
 6.13763478834150E+0000	 2.60736533833006E-0005
 6.14371217833827E+0000	-3.00299149665619E-0004
 6.14973702010227E+0000	-6.02727071654826E-0004
 6.15571568492968E+0000	-8.75686896891688E-0004
 6.16165406923859E+0000	-1.11472864486545E-0003
 6.16755760695478E+0000	-1.31598486808550E-0003
 6.17343145691173E+0000	-1.47576620135671E-0003
 6.17928082866454E+0000	-1.59029748340187E-0003
 6.18511138638595E+0000	-1.65563273057502E-0003
 6.19092966114321E+0000	-1.66775886971445E-0003
 6.19674341061507E+0000	-1.62287114090379E-0003
 6.20256188583770E+0000	-1.51778950017219E-0003
 6.20839598416568E+0000	-1.35048980423794E-0003
 6.21425827325583E+0000	-1.12074163450772E-0003
 6.22016285336090E+0000	-8.30864915018374E-0004
 6.22612498042313E+0000	-4.86623333607337E-0004
 6.23216030304804E+0000	-9.82400213496280E-0005
 6.23828349205492E+0000	 3.18585334237860E-0004
 6.24450602509698E+0000	 7.41998123650279E-0004
 6.25083307177170E+0000	 1.14431301599110E-0003
 6.25725999463716E+0000	 1.49424291667308E-0003
 6.26376991331818E+0000	 1.76159840971946E-0003
 6.27033435974861E+0000	 1.92364122016861E-0003
 6.27691803884283E+0000	 1.97044253375119E-0003
