 1.27882986733372E-0003	-9.05647147890893E-0004
 7.17189093814972E-0003	-1.12275045028031E-0003
 1.30398166179810E-0002	-1.28132083564156E-0003
 1.88948947573250E-0002	-1.38257003655280E-0003
 2.47474008051242E-0002	-1.42954831451091E-0003
 3.06055917827427E-0002	-1.42639154418889E-0003
 3.64758674550759E-0002	-1.37765828386405E-0003
 4.23630960705224E-0002	-1.28778117492353E-0003
 4.82710853753047E-0002	-1.16068445213704E-0003
 5.42031430071437E-0002	-9.99623613314605E-0004
 6.01626353842475E-0002	-8.07276908971836E-0004
 6.61534428126054E-0002	-5.86070436130197E-0004
 7.21802303260478E-0002	-3.38672136397744E-0004
 7.82484988234701E-0002	-6.85686813773636E-0005
 8.43644245066333E-0002	 2.19346413408147E-0004
 9.05345087332024E-0002	 5.18204610005495E-0004
 9.67650267110658E-0002	 8.18607495594323E-0004
 1.03061184181146E-0001	 1.10808820155380E-0003
 1.09425806155867E-0001	 1.37070077312846E-0003
 1.15857391561650E-0001	 1.58708665719761E-0003
 1.22347637137570E-0001	 1.73566426025899E-0003
 1.28879188763366E-0001	 1.79565592461148E-0003
 1.35425184980916E-0001	 1.75201051256453E-0003
 1.41952209008178E-0001	 1.60073129031571E-0003
 1.48426613151776E-0001	 1.35177118611704E-0003
 1.54821630956058E-0001	 1.02741382028939E-0003
 1.61121883198761E-0001	 6.56906802825983E-0004
 1.67323850393681E-0001	 2.70279000516940E-0004
 1.73433414275993E-0001	-1.06145081129897E-0004
 1.79462446085809E-0001	-4.51830856352183E-0004
 1.85425803883260E-0001	-7.52308094705348E-0004
 1.91339202466566E-0001	-9.98507681379552E-0004
 1.97217885693767E-0001	-1.18578877154009E-0003
 2.03075866807690E-0001	-1.31297067590326E-0003
 2.08925524978067E-0001	-1.38147449663312E-0003
 2.14777422571762E-0001	-1.39458001333422E-0003
 2.20640278058165E-0001	-1.35677611265011E-0003
 2.26521073998125E-0001	-1.27319489261154E-0003
 2.32425293332919E-0001	-1.14914621770475E-0003
 2.38357262989058E-0001	-9.89790845445921E-0004
 2.44320553600603E-0001	-7.99990004131422E-0004
 2.50318358787513E-0001	-5.84341448986649E-0004
 2.56353778254215E-0001	-3.47367592654180E-0004
 2.62429963618864E-0001	-9.37862019550918E-0005
 2.68550138704594E-0001	 1.71205058142353E-0004
 2.74717542073164E-0001	 4.41654023604663E-0004
 2.80935322242709E-0001	 7.10546576010906E-0004
 2.87206331319903E-0001	 9.69386431780359E-0004
 2.93532640216161E-0001	 1.20763518750866E-0003
 2.99914518140089E-0001	 1.41216579951818E-0003
 3.06348699514620E-0001	 1.56716557835575E-0003
 3.12826124961778E-0001	 1.65517636282113E-0003
 3.19330005251438E-0001	 1.65988577449184E-0003
 3.25835684445717E-0001	 1.57051952819895E-0003
 3.32313564542785E-0001	 1.38629680179970E-0003
 3.38734733250222E-0001	 1.11849892079896E-0003
 3.45076909017671E-0001	 7.88665634318801E-0004
 3.51327976180225E-0001	 4.23844432988843E-0004
 3.57486156449314E-0001	 5.13708771042783E-0005
 3.63557834545193E-0001	-3.04854802118259E-0004
 3.69554650628910E-0001	-6.26098783060992E-0004
 3.75490945988139E-0001	-8.99032171531459E-0004
 3.81381934412610E-0001	-1.11518799020524E-0003
 3.87242546559651E-0001	-1.27015287260261E-0003
 3.93086757796768E-0001	-1.36276006989300E-0003
 3.98927222183299E-0001	-1.39437995984667E-0003
 4.04775092828255E-0001	-1.36831978522183E-0003
 4.10639963538353E-0001	-1.28931776492796E-0003
 4.16529901238366E-0001	-1.16312137435827E-0003
 4.22451548897375E-0001	-9.96154792093222E-0004
 4.28410268386072E-0001	-7.95288629452783E-0004
 4.34410275064082E-0001	-5.67712883740049E-0004
 4.40454712592939E-0001	-3.20880361270368E-0004
 4.46545647151804E-0001	-6.24509702639418E-0005
 4.52684024396841E-0001	 1.99837868094884E-0004
 4.58869695480655E-0001	 4.58392539278681E-0004
 4.65101619472802E-0001	 7.05982477166671E-0004
 4.71378242799146E-0001	 9.35763139717888E-0004
 4.77697866657559E-0001	 1.14091892670623E-0003
 4.84058651546379E-0001	 1.31392120465747E-0003
 4.90457909658744E-0001	 1.44569724058395E-0003
 4.96890576649704E-0001	 1.52529145256297E-0003
 5.03347219606567E-0001	 1.54069802347270E-0003
 5.09812500664492E-0001	 1.48126150514050E-0003
 5.16265332154837E-0001	 1.34125123253009E-0003
 5.22681499764827E-0001	 1.12318082796927E-0003
 5.29038164829915E-0001	 8.39043743932306E-0004
 5.35318329248466E-0001	 5.08611527486824E-0004
 5.41513364587977E-0001	 1.55672017748539E-0004
 5.47623050737152E-0001	-1.95978505667518E-0004
 5.53653895917916E-0001	-5.25419394360857E-0004
 5.59616889080876E-0001	-8.16013994282510E-0004
 5.65525479214703E-0001	-1.05568110877671E-0003
 5.71394083013113E-0001	-1.23653769015810E-0003
 5.77237109795716E-0001	-1.35430386048897E-0003
 5.83068376151893E-0001	-1.40768985655711E-0003
 5.88900777109411E-0001	-1.39785831713420E-0003
 5.94746113876165E-0001	-1.32798773829732E-0003
 6.00615012181989E-0001	-1.20293761910885E-0003
 6.06516884018907E-0001	-1.02901249580847E-0003
 6.12459885586778E-0001	-8.13821584005066E-0004
 6.18450812580951E-0001	-5.66215703399840E-0004
 6.24494870316474E-0001	-2.96242913180151E-0004
 6.30595290089492E-0001	-1.50066556815820E-0005
 6.36752857399038E-0001	 2.65726538343439E-0004
 6.42965555373400E-0001	 5.34274343442272E-0004
 6.49228621099960E-0001	 7.80065417453505E-0004
 6.55535230820768E-0001	 9.94610155567352E-0004
 6.61877715731819E-0001	 1.17192831482902E-0003
 6.68248818100301E-0001	 1.30810482921701E-0003
 6.74642329972239E-0001	 1.40009780491739E-0003
 6.81052684834051E-0001	 1.44439002793554E-0003
 6.87473575670174E-0001	 1.43626356903677E-0003
 6.93896194089145E-0001	 1.37029648619971E-0003
 7.00308018177774E-0001	 1.24218994074433E-0003
 7.06693038791748E-0001	 1.05135230103136E-0003
 7.13033746154190E-0001	 8.03086030712332E-0004
 7.19314254348473E-0001	 5.09221447866285E-0004
 7.25523259899835E-0001	 1.86817083227460E-0004
 7.31655698232706E-0001	-1.44426191144310E-0004
 7.37712795085259E-0001	-4.64911493905148E-0004
 7.43700973726403E-0001	-7.57204821628961E-0004
 7.49630318975284E-0001	-1.00714552574455E-0003
 7.55513122013338E-0001	-1.20417386872492E-0003
 7.61362744602573E-0001	-1.34118150375150E-0003
 7.67192835369417E-0001	-1.41414961354976E-0003
 7.73016835852665E-0001	-1.42174460296976E-0003
 7.78847692493837E-0001	-1.36496128488487E-0003
 7.84697699688975E-0001	-1.24685661869441E-0003
 7.90578409550700E-0001	-1.07239706423970E-0003
 7.96500541110098E-0001	-8.48433914433317E-0004
 8.02473802463993E-0001	-5.83803589051721E-0004
 8.08506516031960E-0001	-2.89502903759376E-0004
 8.14604942015258E-0001	 2.11993019189850E-0005
 8.20772279220607E-0001	 3.32965103546479E-0004
 8.27007527826406E-0001	 6.29215454275695E-0004
 8.33304686853350E-0001	 8.93763888769499E-0004
 8.39652927210584E-0001	 1.11302018104736E-0003
 8.46038125682773E-0001	 1.27797911732801E-0003
 8.52445409521731E-0001	 1.38500525397718E-0003
 8.58861638966253E-0001	 1.43494378411225E-0003
 8.65276713174262E-0001	 1.43103785280181E-0003
 8.71683282535975E-0001	 1.37675209891649E-0003
 8.78075290834320E-0001	 1.27450107820142E-0003
 8.84446226427738E-0001	 1.12571416612790E-0003
 8.90787958236896E-0001	 9.32048500525728E-0004
 8.97090709501188E-0001	 6.97105508357704E-0004
 9.03344206928924E-0001	 4.27821949391173E-0004
 9.09539513214912E-0001	 1.34886462423425E-0004
 9.15670778330738E-0001	-1.67975129606183E-0004
 9.21736290462528E-0001	-4.65484239487959E-0004
 9.27738630839022E-0001	-7.42469319270178E-0004
 9.33684126509846E-0001	-9.85220409559547E-0004
 9.39581956256163E-0001	-1.18233522203907E-0003
 9.45443218246528E-0001	-1.32508901899368E-0003
 9.51280137290308E-0001	-1.40747145525530E-0003
 9.57105472429793E-0001	-1.42604389774859E-0003
 9.62932116491269E-0001	-1.37973644912523E-0003
 9.68772850358590E-0001	-1.26966640353622E-0003
 9.74640204317663E-0001	-1.09903660159575E-0003
 9.80546366077703E-0001	-8.73162148708032E-0004
 9.86503046307599E-0001	-5.99663482577558E-0004
 9.92521166019335E-0001	-2.88829324475777E-0004
 9.98610184925324E-0001	 4.59341481440668E-0005
 1.00477689852057E+0000	 3.87810703293054E-0004
 1.01102368499699E+0000	 7.16882619121886E-0004
 1.01734656587786E+0000	 1.01158640790801E-0003
 1.02373397912676E+0000	 1.25158720556659E-0003
 1.03016741422635E+0000	 1.42150895741058E-0003
 1.03662441318770E+0000	 1.51396792122167E-0003
 1.04308297229275E+0000	 1.53025255012804E-0003
 1.04952532313447E+0000	 1.47828016923898E-0003
 1.05593953576701E+0000	 1.36909124489845E-0003
 1.06231884902660E+0000	 1.21366653871921E-0003
 1.06865972479982E+0000	 1.02116374206658E-0003
 1.07495978921496E+0000	 7.98696349363656E-0004
 1.08121643343542E+0000	 5.52177338546980E-0004
 1.08742636488177E+0000	 2.87569710070528E-0004
 1.09358601551538E+0000	 1.19573322209323E-0005
 1.09969246443943E+0000	-2.65940720685554E-0004
 1.10574444234309E+0000	-5.35913262413692E-0004
 1.11174306275023E+0000	-7.86909092700593E-0004
 1.11769211255831E+0000	-1.00791796221622E-0003
 1.12359792711873E+0000	-1.18881264634497E-0003
 1.12946899017275E+0000	-1.32098931541902E-0003
 1.13531541982193E+0000	-1.39776173579393E-0003
 1.14114846329567E+0000	-1.41454500806853E-0003
 1.14698006993088E+0000	-1.36889803343649E-0003
 1.15282256952190E+0000	-1.26049812588092E-0003
 1.15868845576318E+0000	-1.09111732709627E-0003
 1.16459025138939E+0000	-8.64670159121076E-0004
 1.17054039733378E+0000	-5.87405377422640E-0004
 1.17655105051536E+0000	-2.68303468496505E-0004
 1.18263359493355E+0000	 8.03142230643799E-0005
 1.18879760013737E+0000	 4.42101369578549E-0004
 1.19504898686206E+0000	 7.96321191763221E-0004
 1.20138743637804E+0000	 1.11850685687035E-0003
 1.20780374022358E+0000	 1.38295524281421E-0003
 1.21427862225042E+0000	 1.56725760936729E-0003
 1.22078469877300E+0000	 1.65757395077993E-0003
 1.22729174321764E+0000	 1.65200125513005E-0003
 1.23377302957467E+0000	 1.55997369021080E-0003
 1.24020967420952E+0000	 1.39817465670535E-0003
 1.24659153554353E+0000	 1.18545093805396E-0003
 1.25291545460169E+0000	 9.38999241572995E-0004
 1.25918250279823E+0000	 6.72609243361534E-0004
 1.26539551046603E+0000	 3.96591389639522E-0004
 1.27155743396722E+0000	 1.18653501067132E-0004
 1.27767062361778E+0000	-1.54913243760877E-0004
 1.28373681953693E+0000	-4.18168429812573E-0004
 1.28975761499272E+0000	-6.64816943252729E-0004
 1.29573511249724E+0000	-8.87947928985264E-0004
 1.30167253644468E+0000	-1.08017437546921E-0003
 1.30757464803893E+0000	-1.23404426088953E-0003
 1.31344790748898E+0000	-1.34256731035810E-0003
 1.31930041005197E+0000	-1.39972752618332E-0003
 1.32514166562779E+0000	-1.40090449197313E-0003
 1.33098229877173E+0000	-1.34317812822885E-0003
 1.33683373319022E+0000	-1.22552843475243E-0003
 1.34270790624321E+0000	-1.04896558346107E-0003
 1.34861703836019E+0000	-8.16645246910166E-0004
 1.35457345192076E+0000	-5.34044767297244E-0004
 1.36058937968450E+0000	-2.09291322375704E-0004
 1.36667661294858E+0000	 1.46281523963105E-0004
 1.37284572375736E+0000	 5.17364483605460E-0004
 1.37910451417415E+0000	 8.83933636768948E-0004
 1.38545544959760E+0000	 1.22116839199343E-0003
 1.39189235738532E+0000	 1.50103792516569E-0003
 1.39839770977049E+0000	 1.69644723433909E-0003
 1.40494274679388E+0000	 1.78753062215577E-0003
 1.41149204269788E+0000	 1.76747664374882E-0003
 1.41801126361526E+0000	 1.64436445426670E-0003
 1.42447422787315E+0000	 1.43777737818813E-0003
 1.43086603505013E+0000	 1.17249479175814E-0003
 1.43718209213700E+0000	 8.72705720626649E-0004
 1.44342498368437E+0000	 5.58619302273084E-0004
 1.44960113249581E+0000	 2.45437118398240E-0004
 1.45571824233252E+0000	-5.61793007584977E-0005
 1.46178373127499E+0000	-3.38977050764346E-0004
 1.46780401377584E+0000	-5.97849307278211E-0004
 1.47378440706700E+0000	-8.28727450275608E-0004
 1.47972944766432E+0000	-1.02776884371748E-0003
 1.48564342654028E+0000	-1.19089656276495E-0003
 1.49153097570885E+0000	-1.31368413463200E-0003
 1.49739757442435E+0000	-1.39152652473199E-0003
 1.50324989214429E+0000	-1.42000587939118E-0003
 1.50909593743462E+0000	-1.39535344917847E-0003
 1.51494502406967E+0000	-1.31492384290543E-0003
 1.52080759156029E+0000	-1.17762396386664E-0003
 1.52669492888522E+0000	-9.84268106452284E-0004
 1.53261885106070E+0000	-7.37860505473080E-0004
 1.53859136729072E+0000	-4.43839572033642E-0004
 1.54462434647975E+0000	-1.10353965630639E-0004
 1.55072911340806E+0000	 2.51335243834291E-0004
 1.55691578714421E+0000	 6.26262148742960E-0004
 1.56319203417822E+0000	 9.95065194232185E-0004
 1.56956087673048E+0000	 1.33363790666535E-0003
 1.57601752046167E+0000	 1.61404417505548E-0003
 1.58254609116666E+0000	 1.80784447338699E-0003
 1.58911842749720E+0000	 1.89215492271260E-0003
 1.59569729082482E+0000	 1.85653539634086E-0003
 1.60224402329927E+0000	 1.70683191059136E-0003
 1.60872712694574E+0000	 1.46326013556631E-0003
 1.61512739604110E+0000	 1.15399555189999E-0003
 1.62143813400659E+0000	 8.08129113832229E-0004
 1.62766212856957E+0000	 4.50896634795603E-0004
 1.63380780029532E+0000	 1.01733394441121E-0004
 1.63988599430503E+0000	-2.25689839323256E-0004
 1.64590783492287E+0000	-5.22463505738257E-0004
 1.65188352689519E+0000	-7.83144864531635E-0004
 1.65782185422027E+0000	-1.00451281525687E-0003
 1.66373016002927E+0000	-1.18451788647617E-0003
 1.66961464762452E+0000	-1.32148976874095E-0003
 1.67548087736347E+0000	-1.41363234654270E-0003
 1.68133434780172E+0000	-1.45881497258625E-0003
 1.68718105758324E+0000	-1.45464359925021E-0003
 1.69302795905402E+0000	-1.39876774386507E-0003
 1.69888323895159E+0000	-1.28935669841370E-0003
 1.70475639222611E+0000	-1.12566717934515E-0003
 1.71065808574871E+0000	-9.08626652545352E-0004
 1.71659983409699E+0000	-6.41370282071000E-0004
 1.72259352636269E+0000	-3.29693128709907E-0004
 1.72865084532527E+0000	 1.75868967010787E-0005
 1.73478259359428E+0000	 3.88319202218849E-0004
 1.74099786289633E+0000	 7.66705213656867E-0004
 1.74730285022453E+0000	 1.13298128637695E-0003
 1.75369902002956E+0000	 1.46334514091052E-0003
 1.76018046296466E+0000	 1.73080766465093E-0003
 1.76673100332681E+0000	 1.90799805150759E-0003
 1.77332278530095E+0000	 1.97248934701195E-0003
 1.77991864449976E+0000	 1.91337817815621E-0003
 1.78647894318854E+0000	 1.73571228065468E-0003
 1.79297016169988E+0000	 1.45964956130146E-0003
 1.79937088475515E+0000	 1.11467732646179E-0003
 1.80567295606029E+0000	 7.32356493161913E-0004
 1.81187889573694E+0000	 3.40878633155703E-0004
 1.81799799870102E+0000	-3.75090818108591E-0005
 1.82404284942856E+0000	-3.86854218675380E-0004
 1.83002687167631E+0000	-6.96677071180663E-0004
 1.83596286145137E+0000	-9.60745467891949E-0004
 1.84186224518868E+0000	-1.17584192686582E-0003
 1.84773482626096E+0000	-1.34067689297716E-0003
 1.85358886057234E+0000	-1.45499334922587E-0003
 1.85943136382845E+0000	-1.51887837808380E-0003
 1.86526858250690E+0000	-1.53229955429748E-0003
 1.87110656301172E+0000	-1.49488980469412E-0003
 1.87695174139916E+0000	-1.40599904821182E-0003
 1.88281146324229E+0000	-1.26501033406852E-0003
 1.88869434115422E+0000	-1.07188675961056E-0003
 1.89461037112172E+0000	-8.27883154503430E-0004
 1.90057075491431E+0000	-5.36332721829051E-0004
 1.90658740735950E+0000	-2.03407169430340E-0004
 1.91267215915742E+0000	 1.61250996644210E-0004
 1.91883569342631E+0000	 5.44111667905485E-0004
 1.92508626202134E+0000	 9.27616019907624E-0004
 1.93142818997971E+0000	 1.29035716415933E-0003
 1.93786010584987E+0000	 1.60770804554005E-0003
 1.94437287879179E+0000	 1.85326837121222E-0003
 1.95094767259579E+0000	 2.00176293763488E-0003
 1.95755537265606E+0000	 2.03373791599623E-0003
 1.96415910970363E+0000	 1.94105188744414E-0003
 1.97072040414895E+0000	 1.73048505101137E-0003
 1.97720679987791E+0000	 1.42291107742160E-0003
 1.98359737732166E+0000	 1.04814261791432E-0003
 1.98988406689018E+0000	 6.38253057813089E-0004
 1.99606946819596E+0000	 2.22309665329568E-0004
 2.00216324126259E+0000	-1.76327683685116E-0004
 2.00817872578104E+0000	-5.40567698124157E-0004
 2.01413047426825E+0000	-8.58944149021241E-0004
 2.02003271699065E+0000	-1.12451925025078E-0003
 2.02589852887469E+0000	-1.33374590504863E-0003
 2.03173946142423E+0000	-1.48545208146513E-0003
 2.03756547464472E+0000	-1.57998442399329E-0003
 2.04338507665086E+0000	-1.61850607307728E-0003
 2.04920562675565E+0000	-1.60244602878527E-0003
 2.05503377740392E+0000	-1.53311822746788E-0003
 2.06087602340965E+0000	-1.41155058143520E-0003
 2.06673929948447E+0000	-1.23857360447276E-0003
 2.07263153089841E+0000	-1.01520475595328E-0003
 2.07856201330927E+0000	-7.43326961641604E-0004
 2.08454148848647E+0000	-4.26606688970110E-0004
 2.09058179526866E+0000	-7.15396283948978E-0005
 2.09669500785771E+0000	 3.11545154995562E-0004
 2.10289203248281E+0000	 7.07747579266081E-0004
 2.10918073113482E+0000	 1.09738970250831E-0003
 2.11556377045771E+0000	 1.45659255232313E-0003
 2.12203650956343E+0000	 1.75881336472761E-0003
 2.12858531844776E+0000	 1.97743059555013E-0003
 2.13518685583630E+0000	 2.08938266019900E-0003
 2.14180910069970E+0000	 2.07956652260939E-0003
 2.14841491833202E+0000	 1.94490519440540E-0003
 2.15496793818054E+0000	 1.69619384316384E-0003
 2.16143883578749E+0000	 1.35630460759831E-0003
 2.16780945120818E+0000	 9.55286732004674E-0004
 2.17407347130373E+0000	 5.24598523515336E-0004
 2.18023436208448E+0000	 9.26336862235163E-0005
 2.18630216698374E+0000	-3.17614192812090E-0004
 2.19229048717729E+0000	-6.89077751317235E-0004
 2.19821423058614E+0000	-1.01008116066573E-0003
 2.20408817481163E+0000	-1.27338126178817E-0003
 2.20992616096198E+0000	-1.47515701151408E-0003
 2.21574070846730E+0000	-1.61410599440470E-0003
 2.22154289330397E+0000	-1.69068580405628E-0003
 2.22734239618092E+0000	-1.70648816709813E-0003
 2.23314767857057E+0000	-1.66372591660098E-0003
 2.23896627722700E+0000	-1.56482860384158E-0003
 2.24480521954465E+0000	-1.41217130986255E-0003
 2.25067154872206E+0000	-1.20799332048430E-0003
 2.25657290773983E+0000	-9.54584163219008E-0004
 2.26251807272524E+0000	-6.54807383559476E-0004
 2.26851726725970E+0000	-3.12987622527400E-0004
 2.27458204834811E+0000	 6.38947122767124E-0005
 2.28072454611321E+0000	 4.64870782943677E-0004
 2.28695588463020E+0000	 8.73829820785994E-0004
 2.29328376051404E+0000	 1.26902777950174E-0003
 2.29970946685347E+0000	 1.62383959527927E-0003
 2.30622508653173E+0000	 1.90919482500446E-0003
 2.31281190553309E+0000	 2.09763140008765E-0003
 2.31944100023853E+0000	 2.16818670752995E-0003
 2.32607636918769E+0000	 2.11079946927650E-0003
 2.33268012706560E+0000	 1.92878406313838E-0003
 2.33921840755179E+0000	 1.63837895278662E-0003
 2.34566614498574E+0000	 1.26541869907263E-0003
 2.35200934533197E+0000	 8.40391829658297E-0004
 2.35824466398537E+0000	 3.93648071234652E-0004
 2.36437718244829E+0000	-4.79899344784603E-0005
 2.37041758324112E+0000	-4.62888389505504E-0004
 2.37637959649149E+0000	-8.34891621394602E-0004
 2.38227809648563E+0000	-1.15280632834033E-0003
 2.38812786840351E+0000	-1.40955620351772E-0003
 2.39394290445537E+0000	-1.60129762490205E-0003
 2.39973606214782E+0000	-1.72663052870024E-0003
 2.40551895080921E+0000	-1.78594251152547E-0003
 2.41130195937163E+0000	-1.78087864327551E-0003
 2.41709437958874E+0000	-1.71391563432950E-0003
 2.42290461033444E+0000	-1.58802375101792E-0003
 2.42874044992334E+0000	-1.40641837226120E-0003
 2.43460948979209E+0000	-1.17243434819890E-0003
 2.44051960408540E+0000	-8.89594855431385E-0004
 2.44647947674403E+0000	-5.61975906795644E-0004
 2.45249902319926E+0000	-1.94963347931564E-0004
 2.45858946559171E+0000	 2.03562594926591E-0004
 2.46476273796540E+0000	 6.21717674595786E-0004
 2.47102987900694E+0000	 1.04211183441538E-0003
 2.47739821230876E+0000	 1.44100880463768E-0003
 2.48386757219415E+0000	 1.78909450689337E-0003
 2.49042665792393E+0000	 2.05471301900816E-0003
 2.49705137042123E+0000	 2.20950892890890E-0003
 2.50370676106663E+0000	 2.23482323480939E-0003
 2.51035254825618E+0000	 2.12617927972142E-0003
 2.51695015992201E+0000	 1.89396284696678E-0003
 2.52346863908824E+0000	 1.56041542565302E-0003
 2.52988778108316E+0000	 1.15464468762030E-0003
 2.53619842106668E+0000	 7.07607615300186E-0004
 2.54240078372023E+0000	 2.48306028140782E-0004
 2.54850199815507E+0000	-1.98448683038737E-0004
 2.55451359884990E+0000	-6.12915985273966E-0004
 2.56044945121666E+0000	-9.80378636314966E-0004
 2.56632424189590E+0000	-1.29058335421507E-0003
 2.57215249716682E+0000	-1.53698112274630E-0003
 2.57794801738825E+0000	-1.71595838518083E-0003
 2.58372360528057E+0000	-1.82615350918336E-0003
 2.58949098763223E+0000	-1.86789061947378E-0003
 2.59526086029863E+0000	-1.84273091782325E-0003
 2.60104301324536E+0000	-1.75312982495701E-0003
 2.60684651315280E+0000	-1.60218759439731E-0003
 2.61267993775978E+0000	-1.39348775945656E-0003
 2.61855166894896E+0000	-1.13103454950053E-0003
 2.62447025281061E+0000	-8.19331690181296E-0004
 2.63044480791453E+0000	-4.63687264137704E-0004
 2.63648539038350E+0000	-7.08621218152795E-0005
 2.64260310172590E+0000	 3.49836000442876E-0004
 2.64880957451747E+0000	 7.85025866417322E-0004
 2.65511535890552E+0000	 1.21558084355513E-0003
 2.66152681620559E+0000	 1.61556490923225E-0003
 2.66804168298064E+0000	 1.95305726009538E-0003
 2.67464469374515E+0000	 2.19418447408237E-0003
 2.68130596331966E+0000	 2.31035301038017E-0003
 2.68798449774923E+0000	 2.28606622668512E-0003
 2.69463622017587E+0000	 2.12319268778530E-0003
 2.70122266277340E+0000	 1.83951001882771E-0003
 2.70771647745918E+0000	 1.46311258015327E-0003
 2.71410271750821E+0000	 1.02602711721412E-0003
 2.72037721531444E+0000	 5.59358181850657E-0004
 2.72654385195291E+0000	 9.05180251895999E-0005
 2.73261187293094E+0000	-3.57908895158509E-0004
 2.73859370292505E+0000	-7.68301563323367E-0004
 2.74450332723722E+0000	-1.12761298378202E-0003
 2.75035517108260E+0000	-1.42674603154233E-0003
 2.75616337876930E+0000	-1.65986291453111E-0003
 2.76194139772082E+0000	-1.82372367765421E-0003
 2.76770178465452E+0000	-1.91710310190056E-0003
 2.77345616818874E+0000	-1.94030624642135E-0003
 2.77921532012763E+0000	-1.89478745847647E-0003
 2.78498930248179E+0000	-1.78287272701701E-0003
 2.79078766666521E+0000	-1.60758600307050E-0003
 2.79661968679631E+0000	-1.37258250571193E-0003
 2.80249461422379E+0000	-1.08219671528204E-0003
 2.80842194476789E+0000	-7.41626418331691E-0004
 2.81441168184490E+0000	-3.57303897928048E-0004
 2.82047453314350E+0000	 6.24542711749180E-0005
 2.82662186897136E+0000	 5.06409226737116E-0004
 2.83286509149714E+0000	 9.58939050348129E-0004
 2.83921387708901E+0000	 1.39839648765560E-0003
 2.84567276733707E+0000	 1.79609740728077E-0003
 2.85223621950128E+0000	 2.11748993328028E-0003
 2.85888384017524E+0000	 2.32719051259218E-0003
 2.86557932797780E+0000	 2.39776491654473E-0003
 2.87227599704677E+0000	 2.31848693709341E-0003
 2.87892724911811E+0000	 2.09861191659724E-0003
 2.88549622650794E+0000	 1.76332199139863E-0003
 2.89196018805603E+0000	 1.34580193129371E-0003
 2.89830972390723E+0000	 8.80082387621617E-0004
 2.90454548617694E+0000	 3.96770623271083E-0004
 2.91067471781686E+0000	-7.86254068547775E-0005
 2.91670854848816E+0000	-5.25860751716126E-0004
 2.92266014926950E+0000	-9.29472321478262E-0004
 2.92854353513481E+0000	-1.27811039285163E-0003
 2.93437279961675E+0000	-1.56386327695281E-0003
 2.94016163888074E+0000	-1.78163128216528E-0003
 2.94592308172421E+0000	-1.92856694003132E-0003
 2.95166937417759E+0000	-2.00359006050774E-0003
 2.95741198316607E+0000	-2.00698438387085E-0003
 2.96316169296093E+0000	-1.94008220157735E-0003
 2.96892877410781E+0000	-1.80504533805913E-0003
 2.97472320610250E+0000	-1.60475536686639E-0003
 2.98055493142694E+0000	-1.34283028768885E-0003
 2.98643411185476E+0000	-1.02378673459269E-0003
 2.99237135137166E+0000	-6.53368519608788E-0004
 2.99837784017677E+0000	-2.39071705876845E-0004
 3.00446534271568E+0000	 2.09082364554058E-0004
 3.01064586678247E+0000	 6.77460730916556E-0004
 3.01693068464661E+0000	 1.14741611523573E-0003
 3.02332817536922E+0000	 1.59383947007505E-0003
 3.02983996312134E+0000	 1.98457300838205E-0003
 3.03645559057886E+0000	 2.28244079995936E-0003
 3.04314794754818E+0000	 2.45170082064680E-0003
 3.04987369353321E+0000	 2.46822549602918E-0003
 3.05658139690112E+0000	 2.32823559377901E-0003
 3.06322401767789E+0000	 2.04939057425123E-0003
 3.06976831714508E+0000	 1.66378159196397E-0003
 3.07619720831967E+0000	 1.20833787933646E-0003
 3.08250686565578E+0000	 7.17782383251413E-0004
 3.08870227056217E+0000	 2.21405032534974E-0004
 3.09479344711212E+0000	-2.57515678304671E-0004
 3.10079296124270E+0000	-7.01094966314949E-0004
 3.10671445308518E+0000	-1.09592420088759E-0003
 3.11257181723612E+0000	-1.43222534002233E-0003
 3.11837874119300E+0000	-1.70316105250730E-0003
 3.12414844078130E+0000	-1.90427744393264E-0003
 3.12989352051514E+0000	-2.03304139959570E-0003
 3.13562593136429E+0000	-2.08845045237559E-0003
 3.14135701427744E+0000	-2.07071085897921E-0003
 3.14709762072850E+0000	-1.98099131152256E-0003
 3.15285830020413E+0000	-1.82126719027885E-0003
 3.15864954067139E+0000	-1.59427704601859E-0003
 3.16448203951113E+0000	-1.30362002066177E-0003
 3.17036696732907E+0000	-9.54027773805550E-0004
 3.17631616613336E+0000	-5.51844536877509E-0004
 3.18234219655483E+0000	-1.05744841817878E-0004
 3.18845810721018E+0000	 3.72288745882905E-0004
 3.19467672034209E+0000	 8.65730974869244E-0004
 3.20100909120825E+0000	 1.35213098399735E-0003
 3.20746165668313E+0000	 1.80201096927559E-0003
 3.21403172407999E+0000	 2.17915286429029E-0003
 3.22070198815573E+0000	 2.44416566885156E-0003
 3.22743704265804E+0000	 2.56279588717919E-0003
 3.23418648054026E+0000	 2.51699909524430E-0003
 3.24089602510240E+0000	 2.31213932771614E-0003
 3.24752093499517E+0000	 1.97464668793579E-0003
 3.25403362184620E+0000	 1.54222647953712E-0003
 3.26042331418803E+0000	 1.05371585122171E-0003
 3.26669138476776E+0000	 5.43080339584025E-0004
 3.27284633503642E+0000	 3.75278461348357E-0005
 3.27890018701664E+0000	-4.42094688306468E-0004
 3.28486637415602E+0000	-8.80143383466026E-0004
 3.29075866657719E+0000	-1.26502075791619E-0003
 3.29659067329447E+0000	-1.58826551727073E-0003
 3.30237562138908E+0000	-1.84389286467826E-0003
 3.30812625799113E+0000	-2.02791411851376E-0003
 3.31385481627037E+0000	-2.13796661455845E-0003
 3.31957303493884E+0000	-2.17301322399855E-0003
 3.32529223695599E+0000	-2.13309995526007E-0003
 3.33102347217763E+0000	-2.01918083570265E-0003
 3.33677772117389E+0000	-1.83303160862500E-0003
 3.34256614804237E+0000	-1.57728183431990E-0003
 3.34840037773054E+0000	-1.25560267490420E-0003
 3.35429275345776E+0000	-8.73095301184472E-0004
 3.36025649725649E+0000	-4.36928044969881E-0004
 3.36630564781717E+0000	 4.27389120378123E-0005
 3.37245458057603E+0000	 5.51536990411061E-0004
 3.37871682035244E+0000	 1.06946412017637E-0003
 3.38510275174085E+0000	 1.56954138053298E-0003
 3.39161582929748E+0000	 2.01727877721040E-0003
 3.39824734389519E+0000	 2.37237302940441E-0003
 3.40497128521812E+0000	 2.59448549287971E-0003
 3.41174314345983E+0000	 2.65350709656392E-0003
 3.41850674582051E+0000	 2.54033534817511E-0003
 3.42520793174706E+0000	 2.27073752028867E-0003
 3.43180708504333E+0000	 1.87895221172282E-0003
 3.43828359791914E+0000	 1.40613300298389E-0003
 3.44463284193129E+0000	 8.91002003147131E-0004
 3.45086043275228E+0000	 3.65534637688103E-0004
 3.45697730645665E+0000	-1.45595386274654E-0004
 3.46299660340319E+0000	-6.23908384092972E-0004
 3.46893204236877E+0000	-1.05568372319118E-0003
 3.47479720696565E+0000	-1.43074464438167E-0003
 3.48060529706937E+0000	-1.74158053080661E-0003
 3.48636907859396E+0000	-1.98275489261348E-0003
 3.49210090166390E+0000	-2.15050644993492E-0003
 3.49781274267284E+0000	-2.24246403913393E-0003
 3.50351627035753E+0000	-2.25742786490315E-0003
 3.50922295182531E+0000	-2.19520237641166E-0003
 3.51494421233225E+0000	-2.05649179872916E-0003
 3.52069165134383E+0000	-1.84288624044936E-0003
 3.52647730257569E+0000	-1.55697662185353E-0003
 3.53231390801269E+0000	-1.20264465102933E-0003
 3.53821515023349E+0000	-7.85582196447959E-0004
 3.54419574414295E+0000	-3.14098629069646E-0004
 3.55027121840487E+0000	 1.99739980514946E-0004
 3.55645711449415E+0000	 7.38660281041613E-0004
 3.56276721384802E+0000	 1.27860839533346E-0003
 3.56921034915735E+0000	 1.78759537067796E-0003
 3.57578559137563E+0000	 2.22609103725187E-0003
 3.58247656326732E+0000	 2.55069528187665E-0003
 3.58924757476311E+0000	 2.72245362756693E-0003
 3.59604593299543E+0000	 2.71834845050118E-0003
 3.60281266302204E+0000	 2.53995690159843E-0003
 3.60949708865907E+0000	 2.21271525440764E-0003
 3.61606658378036E+0000	 1.77615193566907E-0003
 3.62250744654086E+0000	 1.27224119339367E-0003
 3.62881996765577E+0000	 7.37898702726236E-0004
 3.63501253189201E+0000	 2.02458822667022E-0004
 3.64109727892812E+0000	-3.11876370359297E-0004
 3.64708762285006E+0000	-7.88568231970557E-0004
 3.65299708173475E+0000	-1.21527181354550E-0003
 3.65883884066436E+0000	-1.58269988830586E-0003
 3.66462566286849E+0000	-1.88384204248411E-0003
 3.67036993620983E+0000	-2.11345889139605E-0003
 3.67608375587399E+0000	-2.26775862732709E-0003
 3.68177901177071E+0000	-2.34418221770178E-0003
 3.68746748537338E+0000	-2.34125301194627E-0003
 3.69316097477746E+0000	-2.25847690597780E-0003
 3.69887146513477E+0000	-2.09630551898180E-0003
 3.70461134962600E+0000	-1.85619472978217E-0003
 3.71039368765079E+0000	-1.54080463992575E-0003
 3.71623246271220E+0000	-1.15439685652448E-0003
 3.72214276772571E+0000	-7.03492586146478E-0004
 3.72814078878913E+0000	-1.97855229175736E-0004
 3.73424336607306E+0000	 3.48167731952546E-0004
 3.74046678120234E+0000	 9.14016051011104E-0004
 3.74682430125494E+0000	 1.47134125198530E-0003
 3.75332206547011E+0000	 1.98333334119645E-0003
 3.75995348833592E+0000	 2.40647070962448E-0003
 3.76669386562884E+0000	 2.69644572754905E-0003
 3.77349888393637E+0000	 2.81849522398385E-0003
 3.78031083374785E+0000	 2.75846119761721E-0003
 3.78707181184241E+0000	 2.52774978796443E-0003
 3.79373694933453E+0000	 2.15833265862776E-0003
 3.80028047665004E+0000	 1.69154672114912E-0003
 3.80669384656584E+0000	 1.16788888397167E-0003
 3.81298014508248E+0000	 6.21621262544702E-0004
 3.81914876359931E+0000	 7.95974170002164E-0005
 3.82521185042232E+0000	-4.37797241887521E-0004
 3.83118241007004E+0000	-9.15163102374525E-0004
 3.83707345755819E+0000	-1.34076806643644E-0003
 3.84289773065785E+0000	-1.70557297087951E-0003
 3.84866765883906E+0000	-2.00257149101262E-0003
 3.85439543230686E+0000	-2.22636397730899E-0003
 3.86009309993972E+0000	-2.37288869575742E-0003
 3.86577267303601E+0000	-2.43925316475898E-0003
 3.87144623809774E+0000	-2.42363158149194E-0003
 3.87712609329623E+0000	-2.32521858830587E-0003
 3.88282492274063E+0000	-2.14425277160565E-0003
 3.88855601205837E+0000	-1.88214354543645E-0003
 3.89433348915025E+0000	-1.54175147905868E-0003
 3.90017254429758E+0000	-1.12788442416906E-0003
 3.90608953869299E+0000	-6.48078269854888E-0004
 3.91210183886257E+0000	-1.13722080645705E-0004
 3.91822710503912E+0000	 4.58467248330303E-0004
 3.92448162605828E+0000	 1.04477990745728E-0003
 3.93087722213912E+0000	 1.61318265533856E-0003
 3.93741648117043E+0000	 2.12344891517028E-0003
 3.94408705613817E+0000	 2.53042775913113E-0003
 3.95085753436270E+0000	 2.79170693274348E-0003
 3.95767874399348E+0000	 2.87840184844461E-0003
 3.96449261448108E+0000	 2.78405363700823E-0003
 3.97124535296836E+0000	 2.52588851844472E-0003
 3.97789785028829E+0000	 2.13765380455183E-0003
 3.98442879141502E+0000	 1.65913931663570E-0003
 3.99083169348190E+0000	 1.12804792399717E-0003
 3.99710981030508E+0000	 5.76187215490436E-0004
 4.00327174808960E+0000	 2.88907980541200E-0005
 4.00932864235112E+0000	-4.94090746899879E-0004
 4.01529263489304E+0000	-9.77384340609708E-0004
 4.02117615263827E+0000	-1.40894890016502E-0003
 4.02699161323164E+0000	-1.77929058061692E-0003
 4.03275134309852E+0000	-2.08090795132842E-0003
 4.03846759828023E+0000	-2.30791310171890E-0003
 4.04415263407013E+0000	-2.45578200023284E-0003
 4.04981879984253E+0000	-2.52119953745732E-0003
 4.05547865371462E+0000	-2.50197831576936E-0003
 4.06114510141667E+0000	-2.39704624400136E-0003
 4.06683156486212E+0000	-2.20651585814253E-0003
 4.07255217763804E+0000	-1.93186643385217E-0003
 4.07832198572782E+0000	-1.57628652497441E-0003
 4.08415709939217E+0000	-1.14523701838960E-0003
 4.09007469045405E+0000	-6.47297355419835E-0004
 4.09609264994001E+0000	-9.53346955575234E-0005
 4.10222861211943E+0000	 4.92048987893224E-0004
 4.10849794641082E+0000	 1.08904889875212E-0003
 4.11491034771254E+0000	 1.66183085159042E-0003
 4.12146509166931E+0000	 2.16954288831662E-0003
 4.12814613793590E+0000	 2.56857503616452E-0003
 4.13491974552243E+0000	 2.82047702724586E-0003
 4.14173756405257E+0000	 2.90133329936219E-0003
 4.14854558029546E+0000	 2.80796870974295E-0003
 4.15529509576155E+0000	 2.55734052298389E-0003
 4.16195040160876E+0000	 2.17991802130613E-0003
 4.16849072139656E+0000	 1.71134160783740E-0003
 4.17490787327834E+0000	 1.18614995997989E-0003
 4.18120248033764E+0000	 6.34665066835109E-0004
 4.18738063666858E+0000	 8.22019127385653E-0005
 4.19345160354755E+0000	-4.50595111097514E-0004
 4.19942638777176E+0000	-9.47069838115724E-0004
 4.20531690348455E+0000	-1.39386088911724E-0003
 4.21113549599266E+0000	-1.78029679612720E-0003
 4.21689469697293E+0000	-2.09790057881023E-0003
 4.22260713136644E+0000	-2.34000625812695E-0003
 4.22828552123439E+0000	-2.50148288026052E-0003
 4.23394274912276E+0000	-2.57855654955178E-0003
 4.23959195879471E+0000	-2.56872086121763E-0003
 4.24524668254363E+0000	-2.47073286896253E-0003
 4.25092098843493E+0000	-2.28470381171298E-0003
 4.25662963550236E+0000	-2.01230829139009E-0003
 4.26238820825620E+0000	-1.65714918086997E-0003
 4.26821317104539E+0000	-1.22532384199864E-0003
 4.27412173385199E+0000	-7.26231762895092E-0004
 4.28013135166486E+0000	-1.73626652322020E-0004
 4.28625860028297E+0000	 4.13185786392476E-0004
 4.29251713266857E+0000	 1.00831385695531E-0003
 4.29891454840668E+0000	 1.57904905759096E-0003
 4.30544849155870E+0000	 2.08738608203001E-0003
 4.31210317378061E+0000	 2.49411559424568E-0003
 4.31884830603759E+0000	 2.76526771498414E-0003
 4.32564206479128E+0000	 2.87893929382110E-0003
 4.33243773889965E+0000	 2.82952953165723E-0003
 4.33919145091586E+0000	 2.62752095773274E-0003
 4.34586791537988E+0000	 2.29546962684943E-0003
 4.35244283855264E+0000	 1.86256558516504E-0003
 4.35890252365830E+0000	 1.35989840827535E-0003
 4.36524205797087E+0000	 8.17298953793802E-0004
 4.37146317691271E+0000	 2.61622215977781E-0004
 4.37757232294724E+0000	-2.83983364982933E-0004
 4.38357905344147E+0000	-8.00195544536267E-0004
 4.38949482497552E+0000	-1.27127165513425E-0003
 4.39533214322299E+0000	-1.68461175117251E-0003
 4.40110403554908E+0000	-2.03026961211187E-0003
 4.40682377598664E+0000	-2.30050802086003E-0003
 4.41250478403440E+0000	-2.48944937005073E-0003
 4.41816063005524E+0000	-2.59283709100935E-0003
 4.42380510015226E+0000	-2.60790511494667E-0003
 4.42945229122692E+0000	-2.53334988819056E-0003
 4.43511671622075E+0000	-2.36940626993913E-0003
 4.44081339823126E+0000	-2.11803872750273E-0003
 4.44655791987815E+0000	-1.78326750114558E-0003
 4.45236637064280E+0000	-1.37165052812178E-0003
 4.45825510016358E+0000	-8.92927842499892E-0004
 4.46424014427124E+0000	-3.60792625537047E-0004
 4.47033616073427E+0000	 2.06335819303457E-0004
 4.47655473752738E+0000	 7.84807528647223E-0004
 4.48290209143065E+0000	 1.34594541620875E-0003
 4.48937651296166E+0000	 1.85746213827721E-0003
 4.49596634032987E+0000	 2.28635293119261E-0003
 4.50264942592061E+0000	 2.60290153190989E-0003
 4.50939465132489E+0000	 2.78475991508239E-0003
 4.51616519866476E+0000	 2.81991634163373E-0003
 4.52292265198067E+0000	 2.70790104699049E-0003
 4.52963099513265E+0000	 2.45926970621269E-0003
 4.53625991155843E+0000	 2.09373863065148E-0003
 4.54278703010632E+0000	 1.63738964916752E-0003
 4.54919887266369E+0000	 1.11943032037024E-0003
 4.55549046982918E+0000	 5.69115668600885E-0004
 4.56166394899788E+0000	 1.33969021436631E-0005
 4.56772664638698E+0000	-5.24422580955550E-0004
 4.57368928296144E+0000	-1.02510397123619E-0003
 4.57956453134194E+0000	-1.47326696030089E-0003
 4.58536605875045E+0000	-1.85689390119330E-0003
 4.59110797622292E+0000	-2.16678615211988E-0003
 4.59680457153011E+0000	-2.39610064637602E-0003
 4.60247021377141E+0000	-2.54001165005401E-0003
 4.60811934975471E+0000	-2.59550015149714E-0003
 4.61376654129556E+0000	-2.56126013592143E-0003
 4.61942650955182E+0000	-2.43771251219780E-0003
 4.62511415719663E+0000	-2.22712281698808E-0003
 4.63084453429632E+0000	-1.93382133082433E-0003
 4.63663270243077E+0000	-1.56451928903706E-0003
 4.64249343814598E+0000	-1.12869805280464E-0003
 4.64844070897337E+0000	-6.39015180902529E-0004
 4.65448686700010E+0000	-1.11621702128057E-0004
 4.66064155616153E+0000	 4.33769640863543E-0004
 4.66691043305352E+0000	 9.74249045340807E-0004
 4.67329393122947E+0000	 1.48462791933693E-0003
 4.67978636250954E+0000	 1.93885675812190E-0003
 4.68637553567543E+0000	 2.31169574531465E-0003
 4.69304281800700E+0000	 2.58038396687353E-0003
 4.69976343899644E+0000	 2.72631902567935E-0003
 4.70650710341212E+0000	 2.73702569638083E-0003
 4.71323947718500E+0000	 2.60848787410635E-0003
 4.71992518444303E+0000	 2.34715464778539E-0003
 4.72653212319032E+0000	 1.97031047162239E-0003
 4.73303570060408E+0000	 1.50395667843895E-0003
 4.73942127853083E+0000	 9.78773760295528E-0004
 4.74568414415054E+0000	 4.25800424142597E-0004
 4.75182765798336E+0000	-1.26735884363697E-0004
 4.75786077390822E+0000	-6.54981421566876E-0004
 4.76379583017345E+0000	-1.13975067340378E-0003
 4.76964696503785E+0000	-1.56613308441065E-0003
 4.77542913461759E+0000	-1.92287051272686E-0003
 4.78115756895835E+0000	-2.20175724041536E-0003
 4.78684750041425E+0000	-2.39716095728212E-0003
 4.79251404272334E+0000	-2.50568344786946E-0003
 4.79817214200394E+0000	-2.52594961734332E-0003
 4.80383654849763E+0000	-2.45850660524105E-0003
 4.80952177171757E+0000	-2.30581438660013E-0003
 4.81524198732740E+0000	-2.07230735959360E-0003
 4.82101086735746E+0000	-1.76449990006631E-0003
 4.82684131179455E+0000	-1.39109765182984E-0003
 4.83274507459977E+0000	-9.63063488938290E-0004
 4.83873230473141E+0000	-4.93580407888686E-0004
 4.84481106048309E+0000	 2.13361244042257E-0006
 4.85098688696825E+0000	 5.07157102533717E-0004
 4.85726253625370E+0000	 1.00326097877875E-0003
 4.86363781657959E+0000	 1.47121304287736E-0003
 4.87010938200441E+0000	 1.89085742001720E-0003
 4.87667011523277E+0000	 2.24104445793592E-0003
 4.88330780976851E+0000	 2.49987136175521E-0003
 4.89000331243820E+0000	 2.64604146414260E-0003
 4.89672911980819E+0000	 2.66203145581872E-0003
 4.90345010468457E+0000	 2.53874990741056E-0003
 4.91012756266701E+0000	 2.27975530926697E-0003
 4.91672570786875E+0000	 1.90238706063076E-0003
 4.92321770854169E+0000	 1.43472415802276E-0003
 4.92958860396649E+0000	 9.09983911688036E-0004
 4.93583471366556E+0000	 3.61126430424652E-0004
 4.94196101151589E+0000	-1.82614548173599E-0004
 4.94797813968937E+0000	-6.97153157198581E-0004
 4.95389998625630E+0000	-1.16362455923711E-0003
 4.95974203626550E+0000	-1.56783843455130E-0003
 4.96552036284266E+0000	-1.89957356149985E-0003
 4.97125105137503E+0000	-2.15192899611245E-0003
 4.97694988466300E+0000	-2.32080419300348E-0003
 4.98263216956990E+0000	-2.40451492452821E-0003
 4.98831262664269E+0000	-2.40352630012014E-0003
 4.99400529141075E+0000	-2.32027425608006E-0003
 4.99972339533742E+0000	-2.15904143087888E-0003
 5.00547921175797E+0000	-1.92584928746814E-0003
 5.01128387184319E+0000	-1.62832740756709E-0003
 5.01714717882996E+0000	-1.27552803591142E-0003
 5.02307747151864E+0000	-8.77675737923859E-0004
 5.02908159939689E+0000	-4.45882830728527E-0004
 5.03516505445335E+0000	 8.08310281794604E-0006
 5.04133224177427E+0000	 4.71842233305457E-0004
 5.04758675860289E+0000	 9.32108196758511E-0004
 5.05393141287768E+0000	 1.37398192077106E-0003
 5.06036760300719E+0000	 1.77994887325123E-0003
 5.06689369014571E+0000	 2.12900855464168E-0003
 5.07350225856772E+0000	 2.39675137864593E-0003
 5.08017684137163E+0000	 2.55744155509117E-0003
 5.08688973582369E+0000	 2.58875600291908E-0003
 5.09360317179499E+0000	 2.47826904641291E-0003
 5.10027494920579E+0000	 2.22870767168243E-0003
 5.10686666273826E+0000	 1.85870254397260E-0003
 5.11335052081708E+0000	 1.39846880037356E-0003
 5.11971199928146E+0000	 8.83089272930039E-0004
 5.12594860345374E+0000	 3.46659989464645E-0004
 5.13206673984311E+0000	-1.81176908401771E-0004
 5.13807846378707E+0000	-6.76518910263244E-0004
 5.14399892263912E+0000	-1.12115628478259E-0003
 5.14984461899805E+0000	-1.50193428454676E-0003
 5.15563233113756E+0000	-1.80996611049651E-0003
 5.16137847881757E+0000	-2.03990217753985E-0003
 5.16709875952333E+0000	-2.18932531923870E-0003
 5.17280793154501E+0000	-2.25827423397670E-0003
 5.17851966488952E+0000	-2.24886681549787E-0003
 5.18424641717243E+0000	-2.16498264621226E-0003
 5.18999932256376E+0000	-2.01196239240841E-0003
 5.19578810963932E+0000	-1.79629027700091E-0003
 5.20162108695946E+0000	-1.52524632479339E-0003
 5.20750524699874E+0000	-1.20654884790339E-0003
 5.21344653011976E+0000	-8.48050649564138E-0004
 5.21945025263003E+0000	-4.57592780025661E-0004
 5.22552163652754E+0000	-4.31394462936133E-0005
 5.23166629429439E+0000	 3.86700219907602E-0004
 5.23789043758318E+0000	 8.21723144199323E-0004
 5.24420051019313E+0000	 1.24883420540802E-0003
 5.25060191429636E+0000	 1.65066565024792E-0003
 5.25709656796124E+0000	 2.00466792260672E-0003
 5.26367935966393E+0000	 2.28358399088808E-0003
 5.27033434981781E+0000	 2.45838417501120E-0003
 5.27703267605549E+0000	 2.50409772969023E-0003
 5.28373453319301E+0000	 2.40710498194353E-0003
 5.29039591549792E+0000	 2.17041758684546E-0003
 5.29697754016049E+0000	 1.81376432055120E-0003
 5.30345170118874E+0000	 1.36851976734893E-0003
 5.30980460788789E+0000	 8.70565165512494E-0004
 5.31603482960175E+0000	 3.54303873927210E-0004
 5.32214993692156E+0000	-1.50815688163025E-0004
 5.32816307085809E+0000	-6.21551030803044E-0004
 5.33409024143075E+0000	-1.04074755619285E-0003
 5.33994848516920E+0000	-1.39660141831298E-0003
 5.34575471879458E+0000	-1.68176211556122E-0003
 5.35152506686981E+0000	-1.89249208459018E-0003
 5.35727447690252E+0000	-2.02795270280733E-0003
 5.36301649454147E+0000	-2.08961037712157E-0003
 5.36876312755218E+0000	-2.08072501206410E-0003
 5.37452477372899E+0000	-2.00587815627741E-0003
 5.38031022367031E+0000	-1.87051099898086E-0003
 5.38612677193415E+0000	-1.68046923912676E-0003
 5.39198047438719E+0000	-1.44158809257034E-0003
 5.39787657068042E+0000	-1.15938730861049E-0003
 5.40382004925358E+0000	-8.38969886531122E-0004
 5.40981627729912E+0000	-4.85217391299855E-0004
 5.41587156430681E+0000	-1.03346028920879E-0004
 5.42199348543916E+0000	 3.00162612096879E-0004
 5.42819075810250E+0000	 7.16307976557039E-0004
 5.43447243386011E+0000	 1.13213907628435E-0003
 5.44084615321674E+0000	 1.52944969806531E-0003
 5.44731529620589E+0000	 1.88417101154439E-0003
 5.45387522336674E+0000	 2.16735008226984E-0003
 5.46050959784477E+0000	 2.34866159160412E-0003
 5.46718876689729E+0000	 2.40262321386099E-0003
 5.47387233143258E+0000	 2.31584336258365E-0003
 5.48051622231207E+0000	 2.09190958152349E-0003
 5.48708159830593E+0000	 1.75108403018302E-0003
 5.49354153458093E+0000	 1.32504046348833E-0003
 5.49988322941166E+0000	 8.49644669627930E-0004
 5.50610632640637E+0000	 3.58903949598561E-0004
 5.51221939876152E+0000	-1.18537974488207E-0004
 5.51823635916995E+0000	-5.60604869858495E-0004
 5.52417364402756E+0000	-9.51564457480222E-0004
 5.53004831305875E+0000	-1.28116760611136E-0003
 5.53587688544839E+0000	-1.54363465522262E-0003
 5.54167467103252E+0000	-1.73670936474268E-0003
 5.54745540194161E+0000	-1.86084085094229E-0003
 5.55323104273200E+0000	-1.91847791940579E-0003
 5.55901172254578E+0000	-1.91343742631787E-0003
 5.56480578133343E+0000	-1.85031714951441E-0003
 5.57061994994947E+0000	-1.73395122220357E-0003
 5.57645968783145E+0000	-1.56894194236124E-0003
 5.58232968117698E+0000	-1.35933327587784E-0003
 5.58823446493498E+0000	-1.10850536644057E-0003
 5.59417908728919E+0000	-8.19357969433546E-0004
 5.60016970130238E+0000	-4.94817413506475E-0004
 5.60621395209105E+0000	-1.38659699100499E-0004
 5.61232102170449E+0000	 2.43396678690541E-0004
 5.61850118154083E+0000	 6.42415036010626E-0004
 5.62476467717559E+0000	 1.04493822887811E-0003
 5.63111976199532E+0000	 1.43195677853390E-0003
 5.63756979408898E+0000	 1.77867830392227E-0003
 5.64410966412732E+0000	 2.05587952960680E-0003
 5.65072252882702E+0000	 2.23360610971208E-0003
 5.65737863784619E+0000	 2.28724344261642E-0003
 5.66403810603025E+0000	 2.20436655126645E-0003
 5.67065787229463E+0000	 1.98927162168039E-0003
 5.67720037040813E+0000	 1.66253573537590E-0003
 5.68364006540385E+0000	 1.25573727158794E-0003
 5.68996554473669E+0000	 8.04211354816481E-0004
 5.69617768639913E+0000	 3.40995005810604E-0004
 5.70228598418315E+0000	-1.06601369187134E-0004
 5.70830485855158E+0000	-5.18058251149060E-0004
 5.71425081560311E+0000	-8.79276789505347E-0004
 5.72014056810516E+0000	-1.18159835408161E-0003
 5.72598990965769E+0000	-1.42069991274110E-0003
 5.73181308665912E+0000	-1.59557146635412E-0003
 5.73762247622918E+0000	-1.70762191161060E-0003
 5.74342846099713E+0000	-1.75989306407440E-0003
 5.74923945913417E+0000	-1.75635186886873E-0003
 5.75506210955176E+0000	-1.70125239387672E-0003
 5.76090162440116E+0000	-1.59859386666527E-0003
 5.76676230480818E+0000	-1.45173226828810E-0003
 5.77264817937939E+0000	-1.26321567973484E-0003
 5.77856368469108E+0000	-1.03489960827129E-0003
 5.78451428056215E+0000	-7.68362755987836E-0004
 5.79050688892106E+0000	-4.65602108048768E-0004
 5.79655005645737E+0000	-1.29954781148792E-0004
 5.80265375039443E+0000	 2.32824157343771E-0004
 5.80882868882717E+0000	 6.13419005862754E-0004
 5.81508508440305E+0000	 9.97888828964121E-0004
 5.82143067458946E+0000	 1.36693945652636E-0003
 5.82786799763083E+0000	 1.69598186911578E-0003
 5.83439116842645E+0000	 1.95663315043806E-0003
 5.84098300708766E+0000	 2.12031610294314E-0003
 5.84761411270574E+0000	 2.16400216735374E-0003
 5.85424562887797E+0000	 2.07668785854370E-0003
 5.86083603499250E+0000	 1.86367494221405E-0003
 5.86734962479747E+0000	 1.54599009335670E-0003
 5.87376282711643E+0000	 1.15501202600411E-0003
 5.88006602919227E+0000	 7.25223195180183E-0004
 5.88626150083372E+0000	 2.88293782423016E-0004
 5.89235959485846E+0000	-1.30118304087019E-0004
 5.89837506119276E+0000	-5.11213338153338E-0004
 5.90432428110011E+0000	-8.42527214968730E-0004
 5.91022347882764E+0000	-1.11686419703557E-0003
 5.91608767338365E+0000	-1.33114501706540E-0003
 5.92193011225129E+0000	-1.48535091477243E-0003
 5.92776200629503E+0000	-1.58159547908966E-0003
 5.93359247191255E+0000	-1.62330299215628E-0003
 5.93942865008312E+0000	-1.61447455584328E-0003
 5.94527600268887E+0000	-1.55905293956451E-0003
 5.95113878338743E+0000	-1.46043157823017E-0003
 5.95702065034167E+0000	-1.32117316148797E-0003
 5.96292534756532E+0000	-1.14299602831326E-0003
 5.96885735151353E+0000	-9.27052665876293E-0004
 5.97482237437051E+0000	-6.74478961445414E-0004
 5.98082763413274E+0000	-3.87155694626681E-0004
 5.98688182851537E+0000	-6.86070130724069E-0005
 5.99299476570199E+0000	 2.75039704653488E-0004
 5.99917659852892E+0000	 6.34110232547300E-0004
 6.00543658279817E+0000	 9.94563913759992E-0004
 6.01178125920648E+0000	 1.33749449911199E-0003
 6.01821200407255E+0000	 1.63931809206020E-0003
 6.02472212789571E+0000	 1.87323540426359E-0003
 6.03129425973474E+0000	 2.01262629950262E-0003
 6.03789953738123E+0000	 2.03650825559154E-0003
 6.04450037536490E+0000	 1.93573265220576E-0003
 6.05105718097138E+0000	 1.71698253280040E-0003
 6.05753661960234E+0000	 1.40190664043853E-0003
 6.06391754509103E+0000	 1.02159090215471E-0003
 6.07019239692834E+0000	 6.09418381485062E-0004
 6.07636486534744E+0000	 1.95468022329661E-0004
 6.08244606062012E+0000	-1.96344490968164E-0004
 6.08845094289363E+0000	-5.48872431697796E-0004
 6.09439571316607E+0000	-8.51096444573943E-0004
 6.10029616031683E+0000	-1.09702249864092E-0003
 6.10616670933064E+0000	-1.28453573347841E-0003
 6.11201991931381E+0000	-1.41436114419624E-0003
 6.11786626544619E+0000	-1.48914958855369E-0003
 6.12371412489934E+0000	-1.51266731526904E-0003
 6.12956994422118E+0000	-1.48907850377945E-0003
 6.13543858689767E+0000	-1.42234347428675E-0003
 6.14132384648732E+0000	-1.31578643736618E-0003
 6.14722907429599E+0000	-1.17189656803399E-0003
 6.15315783161978E+0000	-9.92405546006501E-0004
 6.15911445700039E+0000	-7.78640207296267E-0004
 6.16510444956030E+0000	-5.32100726287536E-0004
 6.17113460346316E+0000	-2.55184237680678E-0004
 6.17721286609886E+0000	 4.80291133547390E-0005
 6.18334791238950E+0000	 3.70992488816580E-0004
 6.18954841580739E+0000	 7.03956448691350E-0004
 6.19582195219009E+0000	 1.03333635877884E-0003
 6.20217341767918E+0000	 1.34131947866936E-0003
 6.20860284986011E+0000	 1.60603777528834E-0003
 6.21510276151338E+0000	 1.80290161048746E-0003
 6.22165569299708E+0000	 1.90780236743985E-0003
 6.22823352907154E+0000	 1.90234053055643E-0003
 6.23480035183804E+0000	 1.77969887300767E-0003
 6.24131906942118E+0000	 1.54819564258663E-0003
 6.24775927865590E+0000	 1.23002768156087E-0003
 6.25410258745033E+0000	 8.55683533889825E-0004
 6.26034352402234E+0000	 4.57129944207858E-0004
 6.26648704119513E+0000	 6.26926477736245E-0005
 6.27254480100577E+0000	-3.05414066036310E-0004
 6.27853183204231E+0000	-6.31488696514901E-0004
