-8.17215548946864E-0005	 2.83904421980951E-0003
 6.74382581240092E-0003	 2.76078579824529E-0003
 1.35082645851120E-0002	 2.49963008179434E-0003
 2.01598920176771E-0002	 2.09601948884392E-0003
 2.66730639077520E-0002	 1.60153705530811E-0003
 3.30446632349251E-0002	 1.06415303904600E-0003
 3.92852527905212E-0002	 5.21319217983385E-0004
 4.54113034117744E-0002	-5.85703512835683E-0007
 5.14404676264092E-0002	-4.84039921431521E-0004
 5.73893733612496E-0002	-9.17728733925473E-0004
 6.32729251600146E-0002	-1.29438298654660E-0003
 6.91043457093632E-0002	-1.60928412816380E-0003
 7.48954999095119E-0002	-1.85934154094835E-0003
 8.06572602511045E-0002	-2.04258141605245E-0003
 8.63998054040483E-0002	-2.15789372259092E-0003
 9.21328228623859E-0002	-2.20491462008775E-0003
 9.78656317080267E-0002	-2.18395756338429E-0003
 1.03607266691429E-0001	-2.09594110654042E-0003
 1.09366577931026E-0001	-1.94229549646229E-0003
 1.15152403218306E-0001	-1.72486661133270E-0003
 1.20973858236362E-0001	-1.44587555002171E-0003
 1.26840758009181E-0001	-1.10803078363295E-0003
 1.32764127191312E-0001	-7.14917700369365E-0004
 1.38756678505443E-0001	-2.71796694344224E-0004
 1.44833039043291E-0001	 2.13084031653315E-0004
 1.51009377190089E-0001	 7.26628487227510E-0004
 1.57301923301409E-0001	 1.24862834675182E-0003
 1.63723738865649E-0001	 1.74962946535507E-0003
 1.70279222887586E-0001	 2.19021026969047E-0003
 1.76956837989352E-0001	 2.52390179264862E-0003
 1.83722971849977E-0001	 2.70602344673682E-0003
 1.90522585616362E-0001	 2.70765362695850E-0003
 1.97290797106288E-0001	 2.52775272637223E-0003
 2.03970981323985E-0001	 2.19407887199712E-0003
 2.10527909853794E-0001	 1.75171785937042E-0003
 2.16949367921698E-0001	 1.24820641447837E-0003
 2.23239753124869E-0001	 7.23834857097876E-0004
 2.29412268791436E-0001	 2.08634514019794E-0004
 2.35483265005070E-0001	-2.76642456318490E-0004
 2.41469145836463E-0001	-7.18236404494963E-0004
 2.47385075632493E-0001	-1.10717918231192E-0003
 2.53244681836583E-0001	-1.43763030390479E-0003
 2.59060212376232E-0001	-1.70577445837965E-0003
 2.64842838081388E-0001	-1.90916300724187E-0003
 2.70602944743144E-0001	-2.04635781304546E-0003
 2.76350353703537E-0001	-2.11675328275966E-0003
 2.82094465237992E-0001	-2.12048265299219E-0003
 2.87844350506392E-0001	-2.05834620002765E-0003
 2.93608835512263E-0001	-1.93173000059021E-0003
 2.99396628411662E-0001	-1.74251645552105E-0003
 3.05216537569707E-0001	-1.49302423333933E-0003
 3.11077806109648E-0001	-1.18605347428958E-0003
 3.16990544119492E-0001	-8.25143949015628E-0004
 3.22966171547408E-0001	-4.15167483392234E-0004
 3.29017696613966E-0001	 3.66404472817573E-0005
 3.35159548203895E-0001	 5.19165010441109E-0004
 3.41406556932091E-0001	 1.01550218199669E-0003
 3.47771570015532E-0001	 1.50102678837824E-0003
 3.54261238242053E-0001	 1.94233489857243E-0003
 3.60870097774131E-0001	 2.29867989655248E-0003
 3.67574651730169E-0001	 2.52785234432639E-0003
 3.74331417242155E-0001	 2.59695622979773E-0003
 3.81083285159204E-0001	 2.49427292866327E-0003
 3.87773695246275E-0001	 2.23458947976904E-0003
 3.94360863697625E-0001	 1.85346526976085E-0003
 4.00823862859061E-0001	 1.39471320185895E-0003
 4.07159839678858E-0001	 8.99346712435070E-0004
 4.13377373056697E-0001	 4.00143451626585E-0004
 4.19490427224588E-0001	-7.90844632253143E-0005
 4.25514467203754E-0001	-5.21975299803339E-0004
 4.31464499818837E-0001	-9.17609822002719E-0004
 4.37354341514503E-0001	-1.25878618223193E-0003
 4.43196528948704E-0001	-1.54077723898749E-0003
 4.49002501205823E-0001	-1.76053035426014E-0003
 4.54782848646485E-0001	-1.91619793161192E-0003
 4.60547531549005E-0001	-2.00688302004029E-0003
 4.66306037528478E-0001	-2.03250459220756E-0003
 4.72067485166876E-0001	-1.99371385944774E-0003
 4.77840703427430E-0001	-1.89182022930005E-0003
 4.83634328524581E-0001	-1.72871373158187E-0003
 4.89456962287869E-0001	-1.50680250824185E-0003
 4.95317423981694E-0001	-1.22901932402798E-0003
 5.01225094786104E-0001	-8.98984390046144E-0004
 5.07190297601602E-0001	-5.21431841968399E-0004
 5.13224577166411E-0001	-1.03000386260585E-0004
 5.19340652810201E-0001	 3.46558822164002E-0004
 5.25551715971559E-0001	 8.12812961755254E-0004
 5.31869661491853E-0001	 1.27498651662518E-0003
 5.38301869598379E-0001	 1.70485581428165E-0003
 5.44846525248936E-0001	 2.06737178857847E-0003
 5.51487490140453E-0001	 2.32452545987696E-0003
 5.58191376005956E-0001	 2.44325728833576E-0003
 5.64910375529578E-0001	 2.40556543395512E-0003
 5.71592129278769E-0001	 2.21557085613199E-0003
 5.78192483144086E-0001	 1.89841490165613E-0003
 5.84683996718175E-0001	 1.49149834975251E-0003
 5.91056769705232E-0001	 1.03397290363608E-0003
 5.97313960361549E-0001	 5.59714889449452E-0004
 6.03466163855684E-0001	 9.48193347333439E-0005
 6.09527091601782E-0001	-3.41986768881838E-0004
 6.15511021178818E-0001	-7.37803461283314E-0004
 6.21431596296419E-0001	-1.08393588249735E-0003
 6.27301433652398E-0001	-1.37459677428073E-0003
 6.33132131968515E-0001	-1.60600314268183E-0003
 6.38934436018613E-0001	-1.77580554174806E-0003
 6.44718424213357E-0001	-1.88275457331088E-0003
 6.50493662952488E-0001	-1.92651503904826E-0003
 6.56269316108254E-0001	-1.90755790025631E-0003
 6.62054224386076E-0001	-1.82708324763485E-0003
 6.67856984453477E-0001	-1.68695148672872E-0003
 6.73686064272519E-0001	-1.48962659785996E-0003
 6.79549986312169E-0001	-1.23816598704877E-0003
 6.85457588289790E-0001	-9.36323132282072E-0004
 6.91418326789977E-0001	-5.88852792411685E-0004
 6.97442522817108E-0001	-2.02110176986854E-0004
 7.03541366822049E-0001	 2.14999906350380E-0004
 7.09726415849243E-0001	 6.49757379166720E-0004
 7.16008251145269E-0001	 1.08424842220406E-0003
 7.22393987491005E-0001	 1.49436277519965E-0003
 7.28883587061353E-0001	 1.85003874172702E-0003
 7.35465635637705E-0001	 2.11789887898216E-0003
 7.42114380777356E-0001	 2.26703645733445E-0003
 7.48790673742511E-0001	 2.27706724314035E-0003
 7.55448454452990E-0001	 2.14507298244157E-0003
 7.62044933894789E-0001	 1.88715301447777E-0003
 7.68549396294946E-0001	 1.53324830035107E-0003
 7.74946496497497E-0001	 1.11852479207734E-0003
 7.81234177720705E-0001	 6.76018505955208E-0004
 7.87419182107506E-0001	 2.32821517969296E-0004
 7.93512814813226E-0001	-1.90665319119765E-0004
 7.99528041667926E-0001	-5.79860297496834E-0004
 8.05477890240445E-0001	-9.24654798135514E-0004
 8.11374750144870E-0001	-1.21817408905225E-0003
 8.17230182715279E-0001	-1.45583757337456E-0003
 8.23054969744366E-0001	-1.63472297909690E-0003
 8.28859242453398E-0001	-1.75317015004766E-0003
 8.34652611169547E-0001	-1.81054754874689E-0003
 8.40444266805496E-0001	-1.80711517959781E-0003
 8.46243055499906E-0001	-1.74393603243280E-0003
 8.52057545146057E-0001	-1.62280860679236E-0003
 8.57896111218553E-0001	-1.44621536267587E-0003
 8.63767068828894E-0001	-1.21730746501405E-0003
 8.69678863750239E-0001	-9.39973923836118E-0004
 8.75640301699474E-0001	-6.19066682729707E-0004
 8.81660740497385E-0001	-2.60860011828360E-0004
 8.87750099097196E-0001	 1.26202856622270E-0004
 8.93918464197702E-0001	 5.30496814098119E-0004
 9.00175023973468E-0001	 9.36097463533614E-0004
 9.06526082591830E-0001	 1.32194615782090E-0003
 9.12972115296022E-0001	 1.66197253420410E-0003
 9.19504345716784E-0001	 1.92704560650178E-0003
 9.26102147139063E-0001	 2.08936289911729E-0003
 9.32733207160389E-0001	 2.12877599522367E-0003
 9.39357879783465E-0001	 2.03881267454845E-0003
 9.45936942416396E-0001	 1.82919884676596E-0003
 9.52439424238141E-0001	 1.52314679634807E-0003
 9.58846919821676E-0001	 1.15092415027562E-0003
 9.65153360519392E-0001	 7.43184462922642E-0004
 9.71361904676188E-0001	 3.26612390292158E-0004
 9.77481233502069E-0001	-7.77139013551240E-0005
 9.83522617941296E-0001	-4.54142554681579E-0004
 9.89498083305750E-0001	-7.91485533466578E-0004
 9.95419466630095E-0001	-1.08193822047920E-0003
 1.00129804303574E+0000	-1.32017650988585E-0003
 1.00714445474483E+0000	-1.50270512893656E-0003
 1.01296876875557E+0000	-1.62743011026714E-0003
 1.01878056670374E+0000	-1.69339575889934E-0003
 1.02458902425920E+0000	-1.70062636984820E-0003
 1.03040297107266E+0000	-1.65002622697455E-0003
 1.03623094165619E+0000	-1.54330913831801E-0003
 1.04208123724651E+0000	-1.38294824385738E-0003
 1.04796201989014E+0000	-1.17215840188485E-0003
 1.05388145003742E+0000	-9.14946825941645E-0004
 1.05984785305360E+0000	-6.16288461348594E-0004
 1.06586985525771E+0000	-2.82490724325019E-0004
 1.07195636977708E+0000	 7.82070482870040E-0005
 1.07811624951583E+0000	 4.54816715640612E-0004
 1.08435738394105E+0000	 8.32704728563288E-0004
 1.09068504462599E+0000	 1.19293929460121E-0003
 1.09709946236852E+0000	 1.51242878393134E-0003
 1.10359303613964E+0000	 1.76553368361966E-0003
 1.11014819520474E+0000	 1.92760938262976E-0003
 1.11673739046879E+0000	 1.98009529891172E-0003
 1.12332631320575E+0000	 1.91550736666055E-0003
 1.12987990718858E+0000	 1.73996644469523E-0003
 1.13636889837467E+0000	 1.47175922685214E-0003
 1.14277408036874E+0000	 1.13662430142652E-0003
 1.14908708304354E+0000	 7.62163151433765E-0004
 1.15530840802297E+0000	 3.73604252623114E-0004
 1.16144443331764E+0000	-8.28067791092504E-0006
 1.16750470987558E+0000	-3.67524785495880E-0004
 1.17350008099247E+0000	-6.92382141324230E-0004
 1.17944160492714E+0000	-9.74453476741178E-0004
 1.18534005171893E+0000	-1.20787166755137E-0003
 1.19120573681953E+0000	-1.38867682080085E-0003
 1.19704851634555E+0000	-1.51439036354204E-0003
 1.20287783729125E+0000	-1.58374714960648E-0003
 1.20870278996941E+0000	-1.59653327093478E-0003
 1.21453214633306E+0000	-1.55348486504670E-0003
 1.22037438950705E+0000	-1.45621863119171E-0003
 1.22623775054300E+0000	-1.30718299961391E-0003
 1.23213027004245E+0000	-1.10963857943362E-0003
 1.23805989377038E+0000	-8.67696916091375E-0004
 1.24403458931181E+0000	-5.86464384987462E-0004
 1.25006243247636E+0000	-2.72344989274205E-0004
 1.25615155993852E+0000	 6.64612421206801E-0005
 1.26230983044840E+0000	 4.19283784714230E-0004
 1.26854400577730E+0000	 7.72258234978213E-0004
 1.27485829736075E+0000	 1.10784144344161E-0003
 1.28125229079059E+0000	 1.40503280420214E-0003
 1.28771861902838E+0000	 1.64085570835799E-0003
 1.29424125339850E+0000	 1.79342921948332E-0003
 1.30079560008730E+0000	 1.84625126622158E-0003
 1.30735122171507E+0000	 1.79233763307618E-0003
 1.31387678874756E+0000	 1.63637069778437E-0003
 1.32034550776071E+0000	 1.39370849139593E-0003
 1.32673891565040E+0000	 1.08671032368789E-0003
 1.33304794176676E+0000	 7.40119964242357E-0004
 1.33927163564599E+0000	 3.77275010091710E-0004
 1.34541478788553E+0000	 1.79680391070139E-0005
 1.35148556282763E+0000	-3.22180951598218E-0004
 1.35749371474433E+0000	-6.31418307337606E-0004
 1.36344948387430E+0000	-9.01170841588044E-0004
 1.36936303171556E+0000	-1.12533326009005E-0003
 1.37524421995197E+0000	-1.29969067995036E-0003
 1.38110256806764E+0000	-1.42151472676968E-0003
 1.38694727903271E+0000	-1.48930968908342E-0003
 1.39278727297234E+0000	-1.50266360922743E-0003
 1.39863120663749E+0000	-1.46216054342752E-0003
 1.40448748083914E+0000	-1.36932303190819E-0003
 1.41036425056601E+0000	-1.22657153533429E-0003
 1.41626945485562E+0000	-1.03720715568893E-0003
 1.42221087528780E+0000	-8.05443536794288E-0004
 1.42819621103909E+0000	-5.36529991349166E-0004
 1.43423312297055E+0000	-2.37013250769225E-0004
 1.44032915175505E+0000	 8.48320858565019E-0005
 1.44649136720245E+0000	 4.18428376761779E-0004
 1.45272558266614E+0000	 7.50300393708518E-0004
 1.45903501135524E+0000	 1.06373227592426E-0003
 1.46541840707585E+0000	 1.33909794468018E-0003
 1.47186806135663E+0000	 1.55533435072141E-0003
 1.47836845150530E+0000	 1.69278596878272E-0003
 1.48489655276749E+0000	 1.73700041652568E-0003
 1.49142442401518E+0000	 1.68224139484371E-0003
 1.49792359924664E+0000	 1.53317516683787E-0003
 1.50436974834983E+0000	 1.30388286843677E-0003
 1.51074590377240E+0000	 1.01467618978282E-0003
 1.51704341919698E+0000	 6.88146782959270E-0004
 1.52326097943357E+0000	 3.45858090066131E-0004
 1.52940261828609E+0000	 6.37189354270708E-0006
 1.53547565473962E+0000	-3.15442182825562E-0004
 1.54148906372646E+0000	-6.08243944572105E-0004
 1.54745241777856E+0000	-8.63664916010950E-0004
 1.55337531737701E+0000	-1.07567858328453E-0003
 1.55926715401557E+0000	-1.24006790551133E-0003
 1.56513705741526E+0000	-1.35404655854616E-0003
 1.57099391740670E+0000	-1.41602485502773E-0003
 1.57684641514492E+0000	-1.42548221757436E-0003
 1.58270303582560E+0000	-1.38290310854278E-0003
 1.58857206175581E+0000	-1.28974263770091E-0003
 1.59446155985498E+0000	-1.14840486712180E-0003
 1.60037938177011E+0000	-9.62236891120965E-0004
 1.60633318730743E+0000	-7.35562051317365E-0004
 1.61233048119772E+0000	-4.73791957708709E-0004
 1.61837861834304E+0000	-1.83661814195512E-0004
 1.62448468689369E+0000	 1.26384568555953E-0004
 1.63065513394194E+0000	 4.45688112143308E-0004
 1.63689498102564E+0000	 7.60874255627562E-0004
 1.64320652799473E+0000	 1.05562627353430E-0003
 1.64958761631003E+0000	 1.31113239349764E-0003
 1.65602984307483E+0000	 1.50762296024188E-0003
 1.66251749538037E+0000	 1.62714489246897E-0003
 1.66902811627685E+0000	 1.65708877112902E-0003
 1.67553515340315E+0000	 1.59326555363803E-0003
 1.68201211153177E+0000	 1.44115884881158E-0003
 1.68843673311590E+0000	 1.21473510024178E-0003
 1.69479373634558E+0000	 9.33400611953836E-0004
 1.70107550939992E+0000	 6.18426854221201E-0004
 1.70728113739585E+0000	 2.90026592936406E-0004
 1.71341460621291E+0000	-3.43846575282561E-0005
 1.71948294603525E+0000	-3.40810724532670E-0004
 1.72549474822056E+0000	-6.18543497426103E-0004
 1.73145918158363E+0000	-8.59665396688789E-0004
 1.73738545104666E+0000	-1.05846918754210E-0003
 1.74328257070136E+0000	-1.21095539609065E-0003
 1.74915931962821E+0000	-1.31447062009228E-0003
 1.75502427582383E+0000	-1.36748788610591E-0003
 1.76088586009035E+0000	-1.36949777469970E-0003
 1.76675235667370E+0000	-1.32096886166888E-0003
 1.77263190512046E+0000	-1.22334123472982E-0003
 1.77853247558220E+0000	-1.07903168225572E-0003
 1.78446184637892E+0000	-8.91449131514988E-0004
 1.79042759675772E+0000	-6.65040163038628E-0004
 1.79643710770846E+0000	-4.05401880572685E-0004
 1.80249752876560E+0000	-1.19504876353966E-0004
 1.80861562285195E+0000	 1.83949390709521E-0004
 1.81479735759874E+0000	 4.94068241408480E-0004
 1.82104709753363E+0000	 7.97337632226589E-0004
 1.82736631089232E+0000	 1.07749361703044E-0003
 1.83375188876578E+0000	 1.31609015689092E-0003
 1.84019449913482E+0000	 1.49414812378391E-0003
 1.84667775356686E+0000	 1.59496547970918E-0003
 1.85317904291112E+0000	 1.60752405922480E-0003
 1.85967236598784E+0000	 1.52926491291521E-0003
 1.86613244168170E+0000	 1.36695124872302E-0003
 1.87253860830818E+0000	 1.13518448089348E-0003
 1.87887717271446E+0000	 8.53304744732808E-0004
 1.88514179687236E+0000	 5.41988377483131E-0004
 1.89133240261254E+0000	 2.20591874142090E-0004
 1.89745341458965E+0000	-9.43601791423060E-0005
 1.90351201589176E+0000	-3.89671338429043E-0004
 1.90951677454185E+0000	-6.55303294783284E-0004
 1.91547673471083E+0000	-8.83885513123377E-0004
 1.92140091684214E+0000	-1.07015371029036E-0003
 1.92729811332425E+0000	-1.21046103143085E-0003
 1.93317686164448E+0000	-1.30242346955979E-0003
 1.93904549715123E+0000	-1.34470597515483E-0003
 1.94491221731894E+0000	-1.33692388244911E-0003
 1.95078512039881E+0000	-1.27962119814163E-0003
 1.95667220822215E+0000	-1.17428884731104E-0003
 1.96258136204422E+0000	-1.02339814070353E-0003
 1.96852030907931E+0000	-8.30443615671136E-0004
 1.97449659344644E+0000	-6.00010888495212E-0004
 1.98051754630067E+0000	-3.37903552688889E-0004
 1.98659021514903E+0000	-5.13695022640348E-0005
 1.99272116597078E+0000	 2.50551392422392E-0004
 1.99891602800402E+0000	 5.56593794799750E-0004
 2.00517863937089E+0000	 8.52888350097955E-0004
 2.01150971904113E+0000	 1.12292000747615E-0003
 2.01790518967854E+0000	 1.34822395292420E-0003
 2.02435461552793E+0000	 1.51018705556761E-0003
 2.03084056618784E+0000	 1.59297447725401E-0003
 2.03733973879114E+0000	 1.58692149887783E-0003
 2.04382605016089E+0000	 1.49109688172897E-0003
 2.05027483802870E+0000	 1.31380491716427E-0003
 2.05666660566620E+0000	 1.07075503206565E-0003
 2.06298905421228E+0000	 7.81792454981436E-0004
 2.06923715585231E+0000	 4.67542871033440E-0004
 2.07541186945143E+0000	 1.46937045624941E-0004
 2.08151833670594E+0000	-1.64103466798270E-0004
 2.08756418175231E+0000	-4.53019588654360E-0004
 2.09355821101061E+0000	-7.10370106275488E-0004
 2.09950956893748E+0000	-9.29315382377581E-0004
 2.10542728209822E+0000	-1.10505288009985E-0003
 2.11132008223889E+0000	-1.23433072194701E-0003
 2.11719639916479E+0000	-1.31509387967220E-0003
 2.12306443246615E+0000	-1.34627012258368E-0003
 2.12893223647119E+0000	-1.32767422541374E-0003
 2.13480777985055E+0000	-1.25999549177110E-0003
 2.14069896609467E+0000	-1.14483300252350E-0003
 2.14661362002813E+0000	-9.84752760480357E-0004
 2.15255945530845E+0000	-7.83358141090764E-0004
 2.15854403527174E+0000	-5.45385893979129E-0004
 2.16457472152815E+0000	-2.76858413527251E-0004
 2.17065857016658E+0000	 1.46704633470634E-0005
 2.17680208856204E+0000	 3.19757926327084E-0004
 2.18301072168412E+0000	 6.26644708409193E-0004
 2.18928792730456E+0000	 9.20909759332303E-0004
 2.19563377574907E+0000	 1.18550632616513E-0003
 2.20204322818913E+0000	 1.40159658059541E-0003
 2.20850461118225E+0000	 1.55054663553497E-0003
 2.21499915442348E+0000	 1.61704266246568E-0003
 2.22150242395498E+0000	 1.59255324055148E-0003
 2.22798775263985E+0000	 1.47774178845484E-0003
 2.23443062813851E+0000	 1.28261519928532E-0003
 2.24081236414991E+0000	 1.02430105842439E-0003
 2.24712185615255E+0000	 7.23533310756079E-0004
 2.25335533705719E+0000	 4.01268928102328E-0004
 2.25951486786238E+0000	 7.63396818207457E-0005
 2.26560643926917E+0000	-2.35687420438376E-0004
 2.27163827392136E+0000	-5.22717454658210E-0004
 2.27761957398418E+0000	-7.75791621827595E-0004
 2.28355973126388E+0000	-9.88526692814478E-0004
 2.28946791450648E+0000	-1.15653464292212E-0003
 2.29535292190698E+0000	-1.27693227763811E-0003
 2.30122319420634E+0000	-1.34798599102529E-0003
 2.30708690325462E+0000	-1.36889592588221E-0003
 2.31295205429197E+0000	-1.33969936188717E-0003
 2.31882656432234E+0000	-1.26126123283665E-0003
 2.32471830135040E+0000	-1.13531859341429E-0003
 2.33063508690345E+0000	-9.64554274838441E-0004
 2.33658467372609E+0000	-7.52690824004837E-0004
 2.34257470810242E+0000	-5.04615649056435E-0004
 2.34861266838072E+0000	-2.26566086040648E-0004
 2.35470573635275E+0000	 7.35911620613187E-0005
 2.36086051039739E+0000	 3.85972600212247E-0004
 2.36708242462160E+0000	 6.98232951516383E-0004
 2.37337473105414E+0000	 9.95230795383885E-0004
 2.37973698874367E+0000	 1.25912966700906E-0003
 2.38616324667835E+0000	 1.47038021282519E-0003
 2.39264050606162E+0000	 1.60995071239104E-0003
 2.39914841075924E+0000	 1.66270707570486E-0003
 2.40566102110238E+0000	 1.62102806091134E-0003
 2.41215065950000E+0000	 1.48711688340440E-0003
 2.41859257325917E+0000	 1.27279002044552E-0003
 2.42496859229090E+0000	 9.96811622254109E-0004
 2.43126862681100E+0000	 6.81072089738193E-0004
 2.43749009358585E+0000	 3.47126601871410E-0004
 2.44363615527292E+0000	 1.39433160843694E-0005
 2.44971369844953E+0000	-3.03073976392688E-0004
 2.45573161423195E+0000	-5.92146020887354E-0004
 2.46169957801619E+0000	-8.44681975436059E-0004
 2.46762730724263E+0000	-1.05466426296861E-0003
 2.47352419133781E+0000	-1.21804476903808E-0003
 2.47939917538027E+0000	-1.33224727961624E-0003
 2.48526079424069E+0000	-1.39581089302929E-0003
 2.49111727641472E+0000	-1.40817351487424E-0003
 2.49697666004270E+0000	-1.36957425525126E-0003
 2.50284688613003E+0000	-1.28104411874407E-0003
 2.50873585440500E+0000	-1.14445426638422E-0003
 2.51465144321366E+0000	-9.62599488133884E-0004
 2.52060150306008E+0000	-7.39309840345329E-0004
 2.52659382993121E+0000	-4.79602540095235E-0004
 2.53263610550371E+0000	-1.89903134031694E-0004
 2.53873575483955E+0000	 1.21630751405836E-0004
 2.54489962245178E+0000	 4.44673511760306E-0004
 2.55113332135491E+0000	 7.66243824236452E-0004
 2.55744010425715E+0000	 1.07035359580986E-0003
 2.56381920457431E+0000	 1.33815313034945E-0003
 2.57026386872337E+0000	 1.54906142057370E-0003
 2.57675974808976E+0000	 1.68327017199800E-0003
 2.58328471183257E+0000	 1.72546518668411E-0003
 2.58981098786360E+0000	 1.66868413532307E-0003
 2.59630950390912E+0000	 1.51658143540759E-0003
 2.60275491596575E+0000	 1.28284767602200E-0003
 2.60912930779848E+0000	 9.88046005888567E-0004
 2.61542343986423E+0000	 6.55423076890011E-0004
 2.62163582809411E+0000	 3.07328383030658E-0004
 2.62777070701677E+0000	-3.69607693144613E-0005
 2.63383586239894E+0000	-3.62059780930720E-0004
 2.63984087432260E+0000	-6.56387223535407E-0004
 2.64579591941179E+0000	-9.11622272249030E-0004
 2.65171107218176E+0000	-1.12202814990888E-0003
 2.65759597760110E+0000	-1.28381987253720E-0003
 2.66345976770134E+0000	-1.39465739953937E-0003
 2.66931111818221E+0000	-1.45328824489959E-0003
 2.67515836716845E+0000	-1.45933215086138E-0003
 2.68100964262828E+0000	-1.41318387556509E-0003
 2.68687296700249E+0000	-1.31600353016270E-0003
 2.69275632675588E+0000	-1.16976560691484E-0003
 2.69866770897866E+0000	-9.77347194108550E-0004
 2.70461511373259E+0000	-7.42651626394604E-0004
 2.71060654554033E+0000	-4.70782992918421E-0004
 2.71664996612996E+0000	-1.68303383456742E-0004
 2.72275315116520E+0000	 1.56392389355125E-0004
 2.72892334039741E+0000	 4.92576969688590E-0004
 2.73516652089221E+0000	 8.26634934018219E-0004
 2.74148617719714E+0000	 1.14166264810996E-0003
 2.74788145193971E+0000	 1.41762597095949E-0003
 2.75434496979967E+0000	 1.63262508330010E-0003
 2.76086108863194E+0000	 1.76569872075672E-0003
 2.76740578600427E+0000	 1.80096411316153E-0003
 2.77394918069799E+0000	 1.73181922822776E-0003
 2.78046044921555E+0000	 1.56323067690326E-0003
 2.78691331917193E+0000	 1.31078215207727E-0003
 2.79328987286679E+0000	 9.96956572781632E-0004
 2.79958155767584E+0000	 6.46515855078547E-0004
 2.80578789751360E+0000	 2.82760074495737E-0004
 2.81191415436116E+0000	-7.45878182342468E-0005
 2.81796899556881E+0000	-4.10048577190828E-0004
 2.82396268632075E+0000	-7.12144099758274E-0004
 2.82990590692360E+0000	-9.72742979381201E-0004
 2.83580909463664E+0000	-1.18631711295371E-0003
 2.84168215876737E+0000	-1.34927691852503E-0003
 2.84753443168075E+0000	-1.45945319989084E-0003
 2.85337474937684E+0000	-1.51573900440613E-0003
 2.85921158559291E+0000	-1.51787681007264E-0003
 2.86505318949724E+0000	-1.46636312459038E-0003
 2.87090769940291E+0000	-1.36243876348565E-0003
 2.87678322350898E+0000	-1.20813700030829E-0003
 2.88268789193653E+0000	-1.00637281733518E-0003
 2.88862988928917E+0000	-7.61073484391514E-0004
 2.89461746953471E+0000	-4.77370714304649E-0004
 2.90065893082156E+0000	-1.61891373257970E-0004
 2.90676248452981E+0000	 1.76814229765239E-0004
 2.91293589438810E+0000	 5.27697551011319E-0004
 2.91918570568456E+0000	 8.76565999844135E-0004
 2.92551587489423E+0000	 1.20559883660793E-0003
 2.93192572736509E+0000	 1.49347548600106E-0003
 2.93840751769405E+0000	 1.71674310965525E-0003
 2.94494445786522E+0000	 1.85292859298348E-0003
 2.95151060448961E+0000	 1.88516672946219E-0003
 2.95807375053156E+0000	 1.80686103732324E-0003
 2.96460099006981E+0000	 1.62408827862050E-0003
 2.97106478610821E+0000	 1.35429226072022E-0003
 2.97744695504567E+0000	 1.02195943984096E-0003
 2.98373945730189E+0000	 6.53499479547454E-0004
 2.98994272369400E+0000	 2.73298303294237E-0004
 2.99606298952271E+0000	-9.83569492565791E-0005
 3.00210977613019E+0000	-4.45794236539713E-0004
 3.00809401970899E+0000	-7.57558110161736E-0004
 3.01402689630151E+0000	-1.02563851401523E-0003
 3.01991920073611E+0000	-1.24465572113554E-0003
 3.02578110353787E+0000	-1.41115922261912E-0003
 3.03162213709837E+0000	-1.52309604352384E-0003
 3.03745130135549E+0000	-1.57945116137953E-0003
 3.04327721383469E+0000	-1.58003766286446E-0003
 3.04910825717601E+0000	-1.52540396035672E-0003
 3.05495270048108E+0000	-1.41682424395724E-0003
 3.06081878934539E+0000	-1.25634462097455E-0003
 3.06671481198045E+0000	-1.04687047491027E-0003
 3.07264915246183E+0000	-7.92299365693214E-0004
 3.07863033264260E+0000	-4.97725347614899E-0004
 3.08466701701661E+0000	-1.69758407583481E-0004
 3.09076790702700E+0000	 1.82995050411273E-0004
 3.09694138645515E+0000	 5.49276681558497E-0004
 3.10319471517605E+0000	 9.14422423217103E-0004
 3.10953255029232E+0000	 1.25976047191303E-0003
 3.11595469228294E+0000	 1.56266063961607E-0003
 3.12245333530024E+0000	 1.79795389759888E-0003
 3.12901078345517E+0000	 1.94133423021713E-0003
 3.13559923959390E+0000	 1.97452830458001E-0003
 3.14218402471970E+0000	 1.89053675188938E-0003
 3.14872984834238E+0000	 1.69627693639107E-0003
 3.15520756917278E+0000	 1.41096451444939E-0003
 3.16159845651815E+0000	 1.06113885544171E-0003
 3.16789479349332E+0000	 6.74971478808737E-0004
 3.17409780509638E+0000	 2.78059296275327E-0004
 3.18021463861091E+0000	-1.08634903555961E-0004
 3.18625563745634E+0000	-4.69154614898465E-0004
 3.19223239202754E+0000	-7.91993234817561E-0004
 3.19815656415205E+0000	-1.06920170653571E-0003
 3.20403929896827E+0000	-1.29549721806080E-0003
 3.20989102212583E+0000	-1.46752198614616E-0003
 3.21572146112111E+0000	-1.58329545194369E-0003
 3.22153977668416E+0000	-1.64185195000428E-0003
 3.22735472921388E+0000	-1.64303351989068E-0003
 3.23317483595576E+0000	-1.58739989143782E-0003
 3.23900849901747E+0000	-1.47621904300928E-0003
 3.24486410318804E+0000	-1.31151034230965E-0003
 3.25075009473870E+0000	-1.09612753702016E-0003
 3.25667505505709E+0000	-8.33889736700780E-0004
 3.26264777172775E+0000	-5.29792099770896E-0004
 3.26867727956243E+0000	-1.90347599913569E-0004
 3.27477279180052E+0000	 1.75885243199261E-0004
 3.28094336983974E+0000	 5.57565913699008E-0004
 3.28719710492880E+0000	 9.39699007171551E-0004
 3.29353955350263E+0000	 1.30288481343546E-0003
 3.29997127901832E+0000	 1.62323719184997E-0003
 3.30648476043014E+0000	 1.87378823780043E-0003
 3.31306170861680E+0000	 2.02813402093198E-0003
 3.31967263458993E+0000	 2.06617417065816E-0003
 3.32628031699148E+0000	 1.98005579650072E-0003
 3.33284681198441E+0000	 1.77720420844611E-0003
 3.33934103117452E+0000	 1.47846602386962E-0003
 3.34574339741413E+0000	 1.11245313858787E-0003
 3.35204630939465E+0000	 7.09201146974723E-0004
 3.35825166366843E+0000	 2.95639690229313E-0004
 3.36436745425731E+0000	-1.06482576856570E-0004
 3.37040481451745E+0000	-4.80834855496820E-0004
 3.37637597388406E+0000	-8.15788846315417E-0004
 3.38229307239256E+0000	-1.10340099255151E-0003
 3.38816760055784E+0000	-1.33844035817098E-0003
 3.39401023469621E+0000	-1.51760341597540E-0003
 3.39983089287305E+0000	-1.63894728297771E-0003
 3.40563889219647E+0000	-1.70152289302035E-0003
 3.41144313193936E+0000	-1.70516962561627E-0003
 3.41725226028779E+0000	-1.65042776130864E-0003
 3.42307480832996E+0000	-1.53852887263592E-0003
 3.42891929437652E+0000	-1.37143511254293E-0003
 3.43479431391471E+0000	-1.15191577986824E-0003
 3.44070863260604E+0000	-8.83672597014464E-0004
 3.44667128721131E+0000	-5.71551004104977E-0004
 3.45269166684758E+0000	-2.21896839156914E-0004
 3.45877949061730E+0000	 1.56876384683946E-0004
 3.46494451881749E+0000	 5.53474914613301E-0004
 3.47119574820079E+0000	 9.52728666639316E-0004
 3.47753979216075E+0000	 1.33467208843062E-0003
 3.48397824052720E+0000	 1.67428019812881E-0003
 3.49050421276709E+0000	 1.94278116987676E-0003
 3.49709919530757E+0000	 2.11147368533517E-0003
 3.50373225114953E+0000	 2.15803476774726E-0003
 3.51036361855906E+0000	 2.07328047626484E-0003
 3.51695246535282E+0000	 1.86475896016732E-0003
 3.52346541065128E+0000	 1.55476259438133E-0003
 3.52988171463944E+0000	 1.17397368722690E-0003
 3.53619367084097E+0000	 7.54389464540518E-0004
 3.54240371927753E+0000	 3.24395965337979E-0004
 3.54852063613074E+0000	-9.33600263818875E-0005
 3.55455631623731E+0000	-4.82083575679121E-0004
 3.56052361757892E+0000	-8.29956251289064E-0004
 3.56643515547506E+0000	-1.12898830887840E-0003
 3.57230276505456E+0000	-1.37396080546407E-0003
 3.57813737224384E+0000	-1.56159224647304E-0003
 3.58394908354199E+0000	-1.68994978526047E-0003
 3.58974736925986E+0000	-1.75807587574754E-0003
 3.59554126358730E+0000	-1.76578358151569E-0003
 3.60133954095114E+0000	-1.71357096928255E-0003
 3.60715085550423E+0000	-1.60261100836842E-0003
 3.61298385084527E+0000	-1.43478637220383E-0003
 3.61884725953233E+0000	-1.21275800863091E-0003
 3.62475001386084E+0000	-9.40081539503767E-0004
 3.63070137606534E+0000	-6.21413822114573E-0004
 3.63671106188846E+0000	-2.62876858524126E-0004
 3.64278927172046E+0000	 1.27344716973561E-0004
 3.64894645826755E+0000	 5.38123524360368E-0004
 3.65519256081003E+0000	 9.54272400943688E-0004
 3.66153536536930E+0000	 1.35544133814620E-0003
 3.66797771674084E+0000	 1.71562736705371E-0003
 3.67451372154176E+0000	 2.00431387157510E-0003
 3.68112504161239E+0000	 2.19036607488371E-0003
 3.68777959909138E+0000	 2.24887415267209E-0003
 3.69443515542490E+0000	 2.16883025653201E-0003
 3.70104778298279E+0000	 1.95747856588749E-0003
 3.70758145702506E+0000	 1.63833804213529E-0003
 3.71401394163189E+0000	 1.24414796126327E-0003
 3.72033719378878E+0000	 8.08968867929884E-0004
 3.72655406829243E+0000	 3.62774549996760E-0004
 3.73267406436379E+0000	-7.07729207664678E-0005
 3.73870981720576E+0000	-4.74323624649225E-0004
 3.74467480982473E+0000	-8.35802457672323E-0004
 3.75058213575004E+0000	-1.14712542581822E-0003
 3.75644397862342E+0000	-1.40305027412790E-0003
 3.76227151651901E+0000	-1.60029042734814E-0003
 3.76807504487616E+0000	-1.73690084891287E-0003
 3.77386418581308E+0000	-1.81189598664331E-0003
 3.77964810551025E+0000	-1.82504448404668E-0003
 3.78543570039310E+0000	-1.77678489035157E-0003
 3.79123574188355E+0000	-1.66821477965568E-0003
 3.79705699063945E+0000	-1.50112066974536E-0003
 3.80290830409724E+0000	-1.27803750668412E-0003
 3.80879876315538E+0000	-1.00235368215051E-0003
 3.81473783022921E+0000	-6.78508198749438E-0004
 3.82073551564045E+0000	-3.12354450222423E-0004
 3.82680246706149E+0000	 8.82220104325798E-0005
 3.83294980601550E+0000	 5.12366676637674E-0004
 3.83918842480820E+0000	 9.45025210448886E-0004
 3.84552736337167E+0000	 1.36564977289066E-0003
 3.85197091619732E+0000	 1.74744617744783E-0003
 3.85851450693340E+0000	 2.05825942724813E-0003
 3.86514038992721E+0000	 2.26443801361136E-0003
 3.87181570273503E+0000	 2.33814921029922E-0003
 3.87849584366256E+0000	 2.26605364211773E-0003
 3.88513359991441E+0000	 2.05462501239330E-0003
 3.89168993532373E+0000	 1.72836101699807E-0003
 3.89814076030879E+0000	 1.32204210757273E-0003
 3.90447745153266E+0000	 8.71907537797951E-0004
 3.91070315111946E+0000	 4.09665073477682E-0004
 3.91682803067480E+0000	-3.98817209436520E-0005
 3.92286545452894E+0000	-4.58734152572111E-0004
 3.92882953566486E+0000	-8.34494984488239E-0004
 3.93473385512537E+0000	-1.15894102281028E-0003
 3.94059095347482E+0000	-1.42677528431698E-0003
 3.94641226656735E+0000	-1.63468303330959E-0003
 3.95220828136224E+0000	-1.78068872949909E-0003
 3.95798877172319E+0000	-1.86376297931433E-0003
 3.96376303369534E+0000	-1.88361532588343E-0003
 3.96954008191965E+0000	-1.84061063387216E-0003
 3.97532879962526E+0000	-1.73575717564735E-0003
 3.98113805674028E+0000	-1.57073142943439E-0003
 3.98697682410486E+0000	-1.34792773145637E-0003
 3.99285431415280E+0000	-1.07054995622028E-0003
 3.99878016496295E+0000	-7.42795301715354E-0004
 4.00476464893855E+0000	-3.70211163504331E-0004
 4.01081882357531E+0000	 3.96767097417143E-0005
 4.01695444679152E+0000	 4.76382845903098E-0004
 4.02318335803244E+0000	 9.25127902691303E-0004
 4.02951590860331E+0000	 1.36535404281342E-0003
 4.03595801222712E+0000	 1.76968050250860E-0003
 4.04250672768967E+0000	 2.10445747661244E-0003
 4.04914533830565E+0000	 2.33347656348352E-0003
 4.05584060424074E+0000	 2.42566437525444E-0003
 4.06254572440618E+0000	 2.36481409749789E-0003
 4.06921002067918E+0000	 2.15610713034868E-0003
 4.07579104537313E+0000	 1.82473379081818E-0003
 4.08226245622399E+0000	 1.40749846756920E-0003
 4.08861478173322E+0000	 9.42955873755171E-0004
 4.09485131991444E+0000	 4.64717530067189E-0004
 4.10098287120053E+0000	-1.12951948535902E-0006
 4.10702352778647E+0000	-4.35836620708730E-0004
 4.11298804633134E+0000	-8.26617177811062E-0004
 4.11889051105349E+0000	-1.16506499524885E-0003
 4.12474383199957E+0000	-1.44579923426700E-0003
 4.13055971094242E+0000	-1.66545642364205E-0003
 4.13634883033680E+0000	-1.82201453947070E-0003
 4.14212111639195E+0000	-1.91438656140651E-0003
 4.14788599304932E+0000	-1.94221000270675E-0003
 4.15365258918035E+0000	-1.90576332183322E-0003
 4.15942989392897E+0000	-1.80595271021142E-0003
 4.16522687820315E+0000	-1.64433155387722E-0003
 4.17105261436809E+0000	-1.42313963372110E-0003
 4.17691642910683E+0000	-1.14537980484428E-0003
 4.18282811145370E+0000	-8.14984863762877E-0004
 4.18879816261565E+0000	-4.37161195761502E-0004
 4.19483800982595E+0000	-1.90175251180176E-0005
 4.20096000863529E+0000	 4.29422175045843E-0004
 4.20717692785539E+0000	 8.93794791909742E-0004
 4.21350047037223E+0000	 1.35372796636695E-0003
 4.21993832213279E+0000	 1.78148285313399E-0003
 4.22648949515633E+0000	 2.14210137932337E-0003
 4.23313877545883E+0000	 2.39682530288282E-0003
 4.23985302972695E+0000	 2.51103641814197E-0003
 4.24658349683959E+0000	 2.46507334011140E-0003
 4.25327587079687E+0000	 2.26220965983324E-0003
 4.25988384317697E+0000	 1.92796900919977E-0003
 4.26637834937635E+0000	 1.50114471423399E-0003
 4.27274875183952E+0000	 1.02276604410081E-0003
 4.27899835244707E+0000	 5.28550588423993E-0004
 4.28513853541800E+0000	 4.60366276411803E-0005
 4.29118412571083E+0000	-4.05160420270010E-0004
 4.29715054460797E+0000	-8.11789544918498E-0004
 4.30305240096628E+0000	-1.16521455017454E-0003
 4.30890299076095E+0000	-1.45994074126161E-0003
 4.31471429210179E+0000	-1.69253544426764E-0003
 4.32049718804313E+0000	-1.86091461004431E-0003
 4.32626175807143E+0000	-1.96392032372563E-0003
 4.33201755178276E+0000	-2.00110566157953E-0003
 4.33777380747935E+0000	-1.97265044047382E-0003
 4.34353961297673E+0000	-1.87934637107490E-0003
 4.34932402999408E+0000	-1.72261087112265E-0003
 4.35513621816872E+0000	-1.50451512341769E-0003
 4.36098559827865E+0000	-1.22784410289777E-0003
 4.36688208208117E+0000	-8.96243092976264E-0004
 4.37283636160316E+0000	-5.14541862127439E-0004
 4.37886018676411E+0000	-8.93739076732105E-0005
 4.38496646114573E+0000	 3.69793537641495E-0004
 4.39116884896594E+0000	 8.49163016878905E-0004
 4.39748042424158E+0000	 1.32876367786578E-0003
 4.40391078098225E+0000	 1.78076942300738E-0003
 4.41046120969117E+0000	 2.16916901529382E-0003
 4.41711853443030E+0000	 2.45273811495899E-0003
 4.42385033818285E+0000	 2.59304100649212E-0003
 4.43060627734956E+0000	 2.56630567844921E-0003
 4.43732831449069E+0000	 2.37313050671649E-0003
 4.44396577758589E+0000	 2.03887144862903E-0003
 4.45048630125568E+0000	 1.60421387928840E-0003
 4.45687767072225E+0000	 1.11283061342179E-0003
 4.46314298733968E+0000	 6.02786983309867E-0004
 4.46929415406949E+0000	 1.03279182194447E-0004
 4.47534673054076E+0000	-3.65065475670119E-0004
 4.48131682706424E+0000	-7.88438574356794E-0004
 4.48721960330306E+0000	-1.15791635209314E-0003
 4.49306876157688E+0000	-1.46785423722310E-0003
 4.49887656951446E+0000	-1.71472648142198E-0003
 4.50465411752399E+0000	-1.89636955469547E-0003
 4.51041164003799E+0000	-2.01154038161234E-0003
 4.51615881001048E+0000	-2.05969484624944E-0003
 4.52190496952560E+0000	-2.04090205429138E-0003
 4.52765929608436E+0000	-1.95582739986330E-0003
 4.53343092925743E+0000	-1.80574028209192E-0003
 4.53922909766909E+0000	-1.59253017968515E-0003
 4.54506329049286E+0000	-1.31874822983408E-0003
 4.55094350645044E+0000	-9.87729801885674E-0004
 4.55688058004287E+0000	-6.03892637237053E-0004
 4.56288652218554E+0000	-1.73335593435579E-0004
 4.56897471393708E+0000	 2.95131002915495E-0004
 4.57515965177167E+0000	 7.88438579207687E-0004
 4.58145576374486E+0000	 1.28726627197602E-0003
 4.58787465340533E+0000	 1.76403702004209E-0003
 4.59442021108897E+0000	 2.18205084272837E-0003
 4.60108190858259E+0000	 2.49783718276541E-0003
 4.60782883951197E+0000	 2.66895988565248E-0003
 4.61460969526154E+0000	 2.66682351676439E-0003
 4.62136275535964E+0000	 2.48836910952632E-0003
 4.62803245489756E+0000	 2.15803819892174E-0003
 4.63458240258464E+0000	 1.71816666889411E-0003
 4.64099824161488E+0000	 1.21521489816172E-0003
 4.64728256613691E+0000	 6.89877460752755E-0004
 4.65344768189144E+0000	 1.73269289272746E-0004
 4.65950986629794E+0000	-3.12779596798072E-0004
 4.66548594001533E+0000	-7.53777931173331E-0004
 4.67139164273307E+0000	-1.14043557517095E-0003
 4.67724110810081E+0000	-1.46690875502628E-0003
 4.68304691062641E+0000	-1.72954668649109E-0003
 4.68882035799902E+0000	-1.92608415479384E-0003
 4.69457184334481E+0000	-2.05517610556960E-0003
 4.70031116171064E+0000	-2.11616748555809E-0003
 4.70604775330175E+0000	-2.10900487345861E-0003
 4.71179087515426E+0000	-2.03421685938676E-0003
 4.71754972916877E+0000	-1.89291514439794E-0003
 4.72333359030363E+0000	-1.68679774147682E-0003
 4.72915198362242E+0000	-1.41817023947374E-0003
 4.73501494882929E+0000	-1.09004066768188E-0003
 4.74093339939007E+0000	-7.06384554142114E-0004
 4.74691952310806E+0000	-2.72710925324789E-0004
 4.75298707504806E+0000	 2.02926765132353E-0004
 4.75915127370591E+0000	 7.08362560219828E-0004
 4.76542782136235E+0000	 1.22520850675325E-0003
 4.77183036261532E+0000	 1.72655317253149E-0003
 4.77836566500597E+0000	 2.17552273547180E-0003
 4.78502650990963E+0000	 2.52683738259363E-0003
 4.79178451923244E+0000	 2.73407650433275E-0003
 4.79858840181465E+0000	 2.76312573093479E-0003
 4.80537311185918E+0000	 2.60603728495257E-0003
 4.81207772251943E+0000	 2.28521661413028E-0003
 4.81866092633109E+0000	 1.84413350489206E-0003
 4.82510543379477E+0000	 1.33208551526952E-0003
 4.83141285334226E+0000	 7.92704675918281E-0004
 4.83759568086574E+0000	 2.59354108454980E-0004
 4.84367085193108E+0000	-2.44675800357836E-0004
 4.84965590578482E+0000	-7.04034268803658E-0004
 4.85556719196851E+0000	-1.10895079179268E-0003
 4.86141930608196E+0000	-1.45331042299393E-0003
 4.86722515338638E+0000	-1.73329152345229E-0003
 4.87299627444942E+0000	-1.94649697832385E-0003
 4.87874322914426E+0000	-2.09145875692096E-0003
 4.88447593628092E+0000	-2.16739555410113E-0003
 4.89020393021598E+0000	-2.17412002440711E-0003
 4.89593653785831E+0000	-2.11201567741992E-0003
 4.90168300702391E+0000	-1.98203092434989E-0003
 4.90745263357782E+0000	-1.78566875493712E-0003
 4.91325494038039E+0000	-1.52498609056472E-0003
 4.91909995223161E+0000	-1.20265732254479E-0003
 4.92499858154249E+0000	-8.22199031211037E-0004
 4.93096308238138E+0000	-3.88489953291039E-0004
 4.93700743891382E+0000	 9.12601813825079E-0005
 4.94314741854606E+0000	 6.05957229991430E-0004
 4.94939982727357E+0000	 1.13844837658545E-0003
 4.95578026514919E+0000	 1.66297681117965E-0003
 4.96229853999061E+0000	 2.14317842778460E-0003
 4.96895137956556E+0000	 2.53269415148104E-0003
 4.97571415035401E+0000	 2.78148453189869E-0003
 4.98253703069199E+0000	 2.84940347968737E-0003
 4.98935253201041E+0000	 2.72218152989473E-0003
 4.99609413611893E+0000	 2.41857161323227E-0003
 5.00271460055187E+0000	 1.98220616919253E-0003
 5.00919261837874E+0000	 1.46505468705356E-0003
 5.01552807434944E+0000	 9.13981805007383E-0004
 5.02173328186430E+0000	 3.65004093671358E-0004
 5.02782569743657E+0000	-1.56780750903399E-0004
 5.03382355894099E+0000	-6.34912453848810E-0004
 5.03974385200208E+0000	-1.05897413664888E-0003
 5.04560167138404E+0000	-1.42247382748108E-0003
 5.05141028635299E+0000	-1.72135259459731E-0003
 5.05718149476367E+0000	-1.95303952854990E-0003
 5.06292603838425E+0000	-2.11591667960499E-0003
 5.06865396678358E+0000	-2.20905889327880E-0003
 5.07437490843115E+0000	-2.23213379277476E-0003
 5.08009825336594E+0000	-2.18537408759386E-0003
 5.08583328092130E+0000	-2.06956440666591E-0003
 5.09158928318461E+0000	-1.88601745693399E-0003
 5.09737574117434E+0000	-1.63655070121650E-0003
 5.10320260324649E+0000	-1.32351574244182E-0003
 5.10908068814295E+0000	-9.49975950109167E-0004
 5.11502218180517E+0000	-5.20166969009422E-0004
 5.12104111129640E+0000	-4.03992202585593E-0005
 5.12715355149583E+0000	 4.79444377509779E-0004
 5.13337713336717E+0000	 1.02373364144780E-0003
 5.13972916730261E+0000	 1.56838735545508E-0003
 5.14622246445627E+0000	 2.07837355565355E-0003
 5.15285817542849E+0000	 2.50730445085236E-0003
 5.15961669459099E+0000	 2.80238622958161E-0003
 5.16645159797660E+0000	 2.91737194652245E-0003
 5.17329458667379E+0000	 2.83023587269616E-0003
 5.18007385778022E+0000	 2.55393083881530E-0003
 5.18673523485753E+0000	 2.13061842140131E-0003
 5.19325198694765E+0000	 1.61437021479822E-0003
 5.19962118156730E+0000	 1.05547647601201E-0003
 5.20585433348152E+0000	 4.93074492520507E-0004
 5.21196915511733E+0000	-4.54770221488771E-0005
 5.21798451086440E+0000	-5.42261906560921E-0004
 5.22391803665046E+0000	-9.85979804334872E-0004
 5.22978536951501E+0000	-1.36960889039294E-0003
 5.23560018776354E+0000	-1.68875796831545E-0003
 5.24137458286728E+0000	-1.94062449198070E-0003
 5.24711950354473E+0000	-2.12340560351499E-0003
 5.25284514480322E+0000	-2.23601135108685E-0003
 5.25856123532917E+0000	-2.27795277927630E-0003
 5.26427722703589E+0000	-2.24930797900125E-0003
 5.27000242183623E+0000	-2.15070193773438E-0003
 5.27574608883859E+0000	-1.98327026405522E-0003
 5.28151763232655E+0000	-1.74861391113261E-0003
 5.28732686494295E+0000	-1.44879320152035E-0003
 5.29318441605598E+0000	-1.08645314979855E-0003
 5.29910225624510E+0000	-6.65212395771784E-0004
 5.30509423985763E+0000	-1.90475912055855E-0004
 5.31117645064926E+0000	 3.29165012453991E-0004
 5.31736696247851E+0000	 8.79828934580135E-0004
 5.32368437509936E+0000	 1.43959238347467E-0003
 5.33014419691128E+0000	 1.97562613478200E-0003
 5.33675215387371E+0000	 2.44281823797186E-0003
 5.34349476717533E+0000	 2.78705130563379E-0003
 5.35033123081731E+0000	 2.95665068124094E-0003
 5.35719493505732E+0000	 2.92079716571835E-0003
 5.36401002314128E+0000	 2.68413245510890E-0003
 5.37071473454161E+0000	 2.28488912280045E-0003
 5.37727526842853E+0000	 1.77800274631899E-0003
 5.38368435033858E+0000	 1.21710911344850E-0003
 5.38995173510092E+0000	 6.44935345732893E-0004
 5.39609492601538E+0000	 9.16611406715448E-0005
 5.40213325035900E+0000	-4.22879804229428E-0004
 5.40808497914323E+0000	-8.86175644281654E-0004
 5.41396633524093E+0000	-1.29045988746535E-0003
 5.41979146290933E+0000	-1.63087591591213E-0003
 5.42557279750461E+0000	-1.90431027373169E-0003
 5.43132153185194E+0000	-2.10872927439916E-0003
 5.43704803057231E+0000	-2.24285219158042E-0003
 5.44276213640049E+0000	-2.30602003243960E-0003
 5.44847336925134E+0000	-2.29815253353157E-0003
 5.45419105304805E+0000	-2.21972151801342E-0003
 5.45992442484915E+0000	-2.07170459207866E-0003
 5.46568278911433E+0000	-1.85552068719577E-0003
 5.47147577583866E+0000	-1.57298999354631E-0003
 5.47731373986483E+0000	-1.22640446286340E-0003
 5.48320829423964E+0000	-8.18836011437486E-0004
 5.48917289862696E+0000	-3.54839524592596E-0004
 5.49522331876871E+0000	 1.58282727846466E-0004
 5.50137761894867E+0000	 7.08516972836950E-0004
 5.50765511769137E+0000	 1.27645716182906E-0003
 5.51407343096957E+0000	 1.83225742160587E-0003
 5.52064256164160E+0000	 2.33346198235892E-0003
 5.52735575729337E+0000	 2.72652335286937E-0003
 5.53417992168256E+0000	 2.95594811668685E-0003
 5.54105333372373E+0000	 2.98202995452886E-0003
 5.54789857779111E+0000	 2.79872366668808E-0003
 5.55464654666315E+0000	 2.43709158405830E-0003
 5.56125478289122E+0000	 1.95073848294908E-0003
 5.56770972681799E+0000	 1.39601047012777E-0003
 5.57401796576346E+0000	 8.19549823529352E-0004
 5.58019603107849E+0000	 2.54980445763356E-0004
 5.58626339441311E+0000	-2.75366359058437E-0004
 5.59223888330340E+0000	-7.57331865279109E-0004
 5.59813933509694E+0000	-1.18211177932994E-0003
 5.60397942345192E+0000	-1.54420055965457E-0003
 5.60977199109523E+0000	-1.84006538621258E-0003
 5.61552852504246E+0000	-2.06738042281880E-0003
 5.62125959410662E+0000	-2.22464051366688E-0003
 5.62697517722038E+0000	-2.31099910070134E-0003
 5.63268487637242E+0000	-2.32621124474840E-0003
 5.63839804654587E+0000	-2.27060063341206E-0003
 5.64412389672233E+0000	-2.14500679255269E-0003
 5.64987162593985E+0000	-1.95070652095228E-0003
 5.65565065656669E+0000	-1.68934414824210E-0003
 5.66147100907658E+0000	-1.36294847821934E-0003
 5.66734382316709E+0000	-9.74155615434490E-0004
 5.67328196528860E+0000	-5.26788325704948E-0004
 5.67930056918902E+0000	-2.69558659737098E-0005
 5.68541722258552E+0000	 5.15177937137486E-0004
 5.69165131215878E+0000	 1.08289275378674E-0003
 5.69802175086998E+0000	 1.64987339787023E-0003
 5.70454205100537E+0000	 2.17752559607599E-0003
 5.71121204011200E+0000	 2.61492125161780E-0003
 5.71800772841113E+0000	 2.90519933453116E-0003
 5.72487559920351E+0000	 3.00108111466361E-0003
 5.73174044204001E+0000	 2.88442584343391E-0003
 5.73852755262655E+0000	 2.57557134293366E-0003
 5.74518489584797E+0000	 2.12349464151087E-0003
 5.75169048821230E+0000	 1.58568838324814E-0003
 5.75804585420688E+0000	 1.01261825822997E-0003
 5.76426538138565E+0000	 4.41914288355557E-0004
 5.77036811951267E+0000	-1.00931054692484E-0004
 5.77637325174193E+0000	-5.99566466164615E-0004
 5.78229821113219E+0000	-1.04376423299037E-0003
 5.78815825507604E+0000	-1.42712163161477E-0003
 5.79396670415209E+0000	-1.74553785534063E-0003
 5.79973540082667E+0000	-1.99631107728127E-0003
 5.80547516278552E+0000	-2.17766617140755E-0003
 5.81119613522605E+0000	-2.28854465748828E-0003
 5.81690802327887E+0000	-2.32852519815403E-0003
 5.82262023053671E+0000	-2.29778276900775E-0003
 5.82834195464137E+0000	-2.19703316650814E-0003
 5.83408230312207E+0000	-2.02744733568718E-0003
 5.83985049373120E+0000	-1.79055975688362E-0003
 5.84565618988572E+0000	-1.48823770202052E-0003
 5.85150998801105E+0000	-1.12281984406357E-0003
 5.85742401586621E+0000	-6.97565705044294E-0004
 5.86341251773976E+0000	-2.17573423063962E-0004
 5.86949218765240E+0000	 3.08685780051262E-0004
 5.87568184434795E+0000	 8.67124370242185E-0004
 5.88200079397435E+0000	 1.43517626276791E-0003
 5.88846494400877E+0000	 1.97890680610426E-0003
 5.89507977356649E+0000	 2.45178840889304E-0003
 5.90183063898285E+0000	 2.79842438876634E-0003
 5.90867476034353E+0000	 2.96671948654592E-0003
 5.91554353661046E+0000	 2.92686147990962E-0003
 5.92236025554435E+0000	 2.68561513344271E-0003
 5.92906389648612E+0000	 2.28323521628652E-0003
 5.93562229285036E+0000	 1.77555777938556E-0003
 5.94202966549234E+0000	 1.21596179359473E-0003
 5.94829660572914E+0000	 6.46333262619511E-0004
 5.95444081644574E+0000	 9.59631746705509E-0005
 5.96048142516242E+0000	-4.15980595121407E-0004
 5.96643633762175E+0000	-8.77367306387413E-0004
 5.97232140771835E+0000	-1.28057145972326E-0003
 5.97815049510216E+0000	-1.62072195918594E-0003
 5.98393586329715E+0000	-1.89462416701204E-0003
 5.98968863125434E+0000	-2.10016895439973E-0003
 5.99541914715262E+0000	-2.23605109973747E-0003
 6.00113724534392E+0000	-2.30165339746354E-0003
 6.00685240081696E+0000	-2.29699292544727E-0003
 6.01257382537481E+0000	-2.22266505668092E-0003
 6.01831056518536E+0000	-2.07975826395969E-0003
 6.02407166394001E+0000	-1.86975123446497E-0003
 6.02986644722235E+0000	-1.59444519706386E-0003
 6.03570495641861E+0000	-1.25602622626044E-0003
 6.04159851027310E+0000	-8.57387286131683E-0004
 6.04756029804540E+0000	-4.02858818989707E-0004
 6.05360580855561E+0000	 1.00507871384582E-0004
 6.05975276176961E+0000	 6.41001489087911E-0004
 6.06602000903941E+0000	 1.19967960317370E-0003
 6.07242461326492E+0000	 1.74753745720282E-0003
 6.07897621343299E+0000	 2.24359754118005E-0003
 6.08566850859364E+0000	 2.63646402324048E-0003
 6.09247040775026E+0000	 2.87282202704512E-0003
 6.09932373544728E+0000	 2.91376334009790E-0003
 6.10615471333976E+0000	 2.75160716855715E-0003
 6.11289610821402E+0000	 2.41401556104082E-0003
 6.11950511761156E+0000	 1.95122559643870E-0003
 6.12596656333090E+0000	 1.41740642867473E-0003
 6.13228519572569E+0000	 8.58254093843944E-0004
 6.13847601026587E+0000	 3.07243860877103E-0004
 6.14455735509088E+0000	-2.13038668359266E-0004
 6.15054729969767E+0000	-6.88019014691118E-0004
 6.15646221109615E+0000	-1.10844724089132E-0003
 6.16231650779708E+0000	-1.46841544179598E-0003
 6.16812292788931E+0000	-1.76407412337795E-0003
 6.17389294465186E+0000	-1.99288823505770E-0003
 6.17963714980083E+0000	-2.15325519421712E-0003
 6.18536553567936E+0000	-2.24433259228477E-0003
 6.19108767262588E+0000	-2.26596092249184E-0003
 6.19681281430579E+0000	-2.21860521217588E-0003
 6.20254998353418E+0000	-2.10327598914147E-0003
 6.20830809977804E+0000	-1.92142661040206E-0003
 6.21409620648901E+0000	-1.67486340286786E-0003
 6.21992383666106E+0000	-1.36574649645157E-0003
 6.22580151328804E+0000	-9.96796405003379E-0004
 6.23174131600928E+0000	-5.71844571166738E-0004
 6.23775735712939E+0000	-9.68661996237369E-0005
 6.24386589506608E+0000	 4.18398692495703E-0004
 6.25008465499450E+0000	 9.58223437407335E-0004
 6.25643071968200E+0000	 1.49830126108025E-0003
 6.26291620339760E+0000	 2.00357517771940E-0003
 6.26954125526421E+0000	 2.42832738535966E-0003
 6.27628563382632E+0000	 2.72145782103748E-0003
