-1.22336211269749E-0003	-4.85838381177929E-0004
 4.81669390078897E-0003	-2.50078332376451E-0004
 1.08967334028432E-0002	 6.44660133426972E-0006
 1.70226158711563E-0002	 2.79782795239887E-0004
 2.32015123094423E-0002	 5.63958298207717E-0004
 2.94412053166308E-0002	 8.49576827622053E-0004
 3.57484359487707E-0002	 1.12257477097702E-0003
 4.21262110770197E-0002	 1.36376140430036E-0003
 4.85704172115548E-0002	 1.54999753424460E-0003
 5.50668849890334E-0002	 1.65774543872866E-0003
 6.15908163143734E-0002	 1.66872203706955E-0003
 6.81101134712626E-0002	 1.57559557989623E-0003
 7.45919536902195E-0002	 1.38465742221067E-0003
 8.10095271639230E-0002	 1.11391348876879E-0003
 8.73458659293883E-0002	 7.88039398392857E-0004
 9.35940617947736E-0002	 4.33098889078089E-0004
 9.97552433958477E-0002	 7.29481956616236E-0005
 1.05835999430632E-0001	-2.72414369338747E-0004
 1.11846211483272E-0001	-5.87179153931028E-0004
 1.17797543846230E-0001	-8.59427361618491E-0004
 1.23702486963511E-0001	-1.08064677502287E-0003
 1.29573770418127E-0001	-1.24526732555341E-0003
 1.35423990697919E-0001	-1.35028442964491E-0003
 1.41265347243077E-0001	-1.39497503596067E-0003
 1.47109417083248E-0001	-1.38068617621157E-0003
 1.52966922384787E-0001	-1.31066302891488E-0003
 1.58847465092095E-0001	-1.18987146560830E-0003
 1.64759229033028E-0001	-1.02475821156568E-0003
 1.70708689657191E-0001	-8.22889535284888E-0004
 1.76700421860723E-0001	-5.92434250057821E-0004
 1.82737134953471E-0001	-3.41525053557898E-0004
 1.88820049837817E-0001	-7.76387424776936E-0005
 1.94949630891130E-0001	 1.92765356754643E-0004
 2.01126505030294E-0001	 4.64094554021024E-0004
 2.07352220013154E-0001	 7.30826931928792E-0004
 2.13629411245484E-0001	 9.86172931285477E-0004
 2.19961010004119E-0001	 1.22056712456951E-0003
 2.26348334740255E-0001	 1.42060533070090E-0003
 2.32788285771981E-0001	 1.56921069253950E-0003
 2.39270464325920E-0001	 1.64775152399489E-0003
 2.45775697743744E-0001	 1.64021070100683E-0003
 2.52277500844786E-0001	 1.53819182222317E-0003
 2.58746691970092E-0001	 1.34436389308978E-0003
 2.65157275576411E-0001	 1.07238823740206E-0003
 2.71490826923816E-0001	 7.43550362322841E-0004
 2.77737926213487E-0001	 3.82184983841521E-0004
 2.83897161307828E-0001	 1.19341672272946E-0005
 2.89973083927497E-0001	-3.46384234746408E-0004
 2.95974197940123E-0001	-6.75557593755752E-0004
 3.01911427195014E-0001	-9.61986814831896E-0004
 3.07797090649167E-0001	-1.19538343994699E-0003
 3.13644257900513E-0001	-1.36841184224102E-0003
 3.19466347107791E-0001	-1.47638681590985E-0003
 3.25276858432112E-0001	-1.51706271803884E-0003
 3.31089164008526E-0001	-1.49051907831805E-0003
 3.36916289592215E-0001	-1.39913171115117E-0003
 3.42770628170828E-0001	-1.24760050944978E-0003
 3.48663533290396E-0001	-1.04297673547073E-0003
 3.54604765434456E-0001	-7.94594270198386E-0004
 3.60601825718407E-0001	-5.13775805918017E-0004
 3.66659313222434E-0001	-2.13191797276701E-0004
 3.72778554499418E-0001	 9.41546812523036E-0005
 3.78957789291914E-0001	 3.96141215020319E-0004
 3.85193048435505E-0001	 6.82527650700386E-0004
 3.91479515830787E-0001	 9.45252650879377E-0004
 3.97812799836181E-0001	 1.17775274746888E-0003
 4.04189414639312E-0001	 1.37350329907736E-0003
 4.10606013749134E-0001	 1.52445363080294E-0003
 4.17057435193916E-0001	 1.62026733138306E-0003
 4.23534248673870E-0001	 1.64916746243919E-0003
 4.30021049600638E-0001	 1.60062926687530E-0003
 4.36496833268970E-0001	 1.46914649206058E-0003
 4.42937927132439E-0001	 1.25731025222131E-0003
 4.49322391023307E-0001	 9.76483002589066E-0004
 4.55633818033496E-0001	 6.44766781596686E-0004
 4.61863069273987E-0001	 2.83558311437609E-0004
 4.68007944422503E-0001	-8.56439701045957E-0005
 4.74071731422018E-0001	-4.43288183338781E-0004
 4.80061574460161E-0001	-7.72672921507914E-0004
 4.85987151163596E-0001	-1.06011573209968E-0003
 4.91859762737984E-0001	-1.29478835529294E-0003
 4.97691760804587E-0001	-1.46846912223491E-0003
 5.03496199425806E-0001	-1.57533068017197E-0003
 5.09286620969110E-0001	-1.61180895234529E-0003
 5.15076907992725E-0001	-1.57657139620166E-0003
 5.20881142098995E-0001	-1.47059404525779E-0003
 5.26713403943260E-0001	-1.29734796550190E-0003
 5.32587433209734E-0001	-1.06307279397012E-0003
 5.38516056943229E-0001	-7.77067605557177E-0004
 5.44510313600272E-0001	-4.51853886329285E-0004
 5.50578285089441E-0001	-1.02979310623599E-0004
 5.56723829894695E-0001	 2.51804051056902E-0004
 5.62945653460063E-0001	 5.94127719709159E-0004
 5.69237289839818E-0001	 9.07134516818811E-0004
 5.75588344148352E-0001	 1.17743423624659E-0003
 5.81986690112222E-0001	 1.39597349659587E-0003
 5.88420625715048E-0001	 1.55734735507829E-0003
 5.94879872752015E-0001	 1.65798617148589E-0003
 6.01354940201485E-0001	 1.69436509965390E-0003
 6.07835329828618E-0001	 1.66241534936332E-0003
 6.14307783868912E-0001	 1.55867523258613E-0003
 6.20755882861686E-0001	 1.38271005585988E-0003
 6.27161614423440E-0001	 1.13945200947873E-0003
 6.33508311028919E-0001	 8.40026264689462E-0004
 6.39783484261531E-0001	 5.00577155652346E-0004
 6.45980318783249E-0001	 1.39840161046364E-0004
 6.52097602318712E-0001	-2.23314937166726E-0004
 6.58138682014359E-0001	-5.71567449734296E-0004
 6.64110180896537E-0001	-8.89930747030723E-0004
 6.70020924861244E-0001	-1.16591009036429E-0003
 6.75881212143392E-0001	-1.38936354280227E-0003
 6.81702378741092E-0001	-1.55229384581544E-0003
 6.87496563837276E-0001	-1.64868414938820E-0003
 6.93276592763910E-0001	-1.67441994395358E-0003
 6.99055920118862E-0001	-1.62731313897420E-0003
 7.04848587645909E-0001	-1.50724278493486E-0003
 7.10669143595789E-0001	-1.31643107113711E-0003
 7.16532444052163E-0001	-1.05986697980476E-0003
 7.22453219004112E-0001	-7.45857743537495E-0004
 7.28445254069378E-0001	-3.86612313440511E-0004
 7.34520052864700E-0001	 1.37154129789475E-0006
 7.40684977362658E-0001	 3.97512561483813E-0004
 7.46941188282382E-0001	 7.78429584958492E-0004
 7.53282174737426E-0001	 1.12056994804838E-0003
 7.59693920367910E-0001	 1.40373947991019E-0003
 7.66157253506674E-0001	 1.61418120432959E-0003
 7.72651626637468E-0001	 1.74563552098017E-0003
 7.79158474880987E-0001	 1.79789380291086E-0003
 7.85662565189147E-0001	 1.77397380375637E-0003
 7.92151180075802E-0001	 1.67777159700190E-0003
 7.98612322429910E-0001	 1.51342042243263E-0003
 8.05033493882509E-0001	 1.28630756264972E-0003
 8.11401970963658E-0001	 1.00466484639564E-0003
 8.17706392046167E-0001	 6.80427267212144E-0004
 8.23938631190530E-0001	 3.28714125794210E-0004
 8.30094931837164E-0001	-3.37386432630758E-0005
 8.36175941748091E-0001	-3.90349749496295E-0004
 8.42185956859559E-0001	-7.25992237714370E-0004
 8.48131907332591E-0001	-1.02762085877294E-0003
 8.54022476377086E-0001	-1.28437789009794E-0003
 8.59867502878171E-0001	-1.48743310744199E-0003
 8.65677652888071E-0001	-1.62976226727676E-0003
 8.71464281034921E-0001	-1.70597709577556E-0003
 8.77239403706028E-0001	-1.71225134298581E-0003
 8.83015728763490E-0001	-1.64635671283877E-0003
 8.88806703714268E-0001	-1.50782058027670E-0003
 8.94626542440364E-0001	-1.29822876680511E-0003
 9.00490165359174E-0001	-1.02170533687252E-0003
 9.06412939625760E-0001	-6.85590181356214E-0004
 9.12410042175785E-0001	-3.01280791114170E-0004
 9.18495216790148E-0001	 1.14924627731457E-0004
 9.24678731228831E-0001	 5.41373780182124E-0004
 9.30964600650074E-0001	 9.51666322919739E-0004
 9.37347755101495E-0001	 1.31707501873864E-0003
 9.43812610290064E-0001	 1.61097409009255E-0003
 9.50334641356114E-0001	 1.81405675420900E-0003
 9.56885152718951E-0001	 1.91780884699952E-0003
 9.63437116943469E-0001	 1.92422711093160E-0003
 9.69969062763711E-0001	 1.84225733764739E-0003
 9.76465621957715E-0001	 1.68350026831632E-0003
 9.82915720542650E-0001	 1.45952862350068E-0003
 9.89310423447750E-0001	 1.18144365804470E-0003
 9.95641886324992E-0001	 8.60795201977416E-0004
 1.00190367180661E+0000	 5.10526614189376E-0004
 1.00809175656707E+0000	 1.45076229866969E-0004
 1.01420534452815E+0000	-2.20405153860050E-0004
 1.02024700543598E+0000	-5.71202331475131E-0004
 1.02622219592179E+0000	-8.93996919345044E-0004
 1.03213850160848E+0000	-1.17738121174318E-0003
 1.03800492027910E+0000	-1.41195752346504E-0003
 1.04383135177859E+0000	-1.59019337573249E-0003
 1.04962831854253E+0000	-1.70620351405572E-0003
 1.05540686590307E+0000	-1.75557104118816E-0003
 1.06117857478422E+0000	-1.73526056512755E-0003
 1.06695563277814E+0000	-1.64364144218586E-0003
 1.07275092733873E+0000	-1.48063156241289E-0003
 1.07857812962439E+0000	-1.24798331832934E-0003
 1.08445171902133E+0000	-9.49750302668011E-0004
 1.09038685089169E+0000	-5.92978846909747E-0004
 1.09639889336493E+0000	-1.88637843880267E-0004
 1.10250236827748E+0000	 2.47305599525998E-0004
 1.10870898596159E+0000	 6.92988534044688E-0004
 1.11502461267940E+0000	 1.12062764864791E-0003
 1.12144558851790E+0000	 1.49840509887789E-0003
 1.12795588796163E+0000	 1.79507192354563E-0003
 1.13452746842575E+0000	 1.98660137457198E-0003
 1.14112521027012E+0000	 2.06196452189391E-0003
 1.14771471721007E+0000	 2.02450179757475E-0003
 1.15426877766064E+0000	 1.88814079054792E-0003
 1.16076951109527E+0000	 1.67134432032575E-0003
 1.16720666500469E+0000	 1.39238720840500E-0003
 1.17357455057840E+0000	 1.06748290839633E-0003
 1.17986972911499E+0000	 7.11106941622727E-0004
 1.18609017069551E+0000	 3.37058763559060E-0004
 1.19223549345923E+0000	-4.08586890988420E-0005
 1.19830749793388E+0000	-4.08903914662798E-0004
 1.20431041414193E+0000	-7.53967793522986E-0004
 1.21025070495363E+0000	-1.06422047683531E-0003
 1.21613657963541E+0000	-1.32953689288245E-0003
 1.22197745435177E+0000	-1.54162844825807E-0003
 1.22778352659466E+0000	-1.69396108184795E-0003
 1.23356552348360E+0000	-1.78158585915645E-0003
 1.23933460664632E+0000	-1.80098618849558E-0003
 1.24510238344828E+0000	-1.75000236141321E-0003
 1.25088097368247E+0000	-1.62785898486265E-0003
 1.25668309368744E+0000	-1.43530580702530E-0003
 1.26252212877283E+0000	-1.17488750807175E-0003
 1.26841215537126E+0000	-8.51375632834191E-0004
 1.27436783502571E+0000	-4.72411289119821E-0004
 1.28040402630402E+0000	-4.93954267632097E-0005
 1.28653485470612E+0000	 4.01417480986828E-0004
 1.29277189118782E+0000	 8.57877648910754E-0004
 1.29912115559457E+0000	 1.29159444313776E-0003
 1.30557914978825E+0000	 1.66939845456082E-0003
 1.31212925721230E+0000	 1.95776179220053E-0003
 1.31874112632372E+0000	 2.13004202328062E-0003
 1.32537531007174E+0000	 2.17373071881607E-0003
 1.33199213730064E+0000	 2.09327451549031E-0003
 1.33856009828498E+0000	 1.90649570976650E-0003
 1.34505943587882E+0000	 1.63735279422579E-0003
 1.35148069270556E+0000	 1.30957669776578E-0003
 1.35782097181096E+0000	 9.43575974126064E-0004
 1.36408059930605E+0000	 5.56229633103210E-0004
 1.37026132741442E+0000	 1.62014989126465E-0004
 1.37636591851518E+0000	-2.25857560905902E-0004
 1.38239841427639E+0000	-5.94912274296498E-0004
 1.38836445194007E+0000	-9.33467228129118E-0004
 1.39427131438178E+0000	-1.23097914387229E-0003
 1.40012770786749E+0000	-1.47837370534466E-0003
 1.40594341292306E+0000	-1.66821138915146E-0003
 1.41172895882694E+0000	-1.79468592166211E-0003
 1.41749540691235E+0000	-1.85353071881679E-0003
 1.42325425773283E+0000	-1.84192174105730E-0003
 1.42901745211038E+0000	-1.75844287417019E-0003
 1.43479741925665E+0000	-1.60314954330011E-0003
 1.44060712722501E+0000	-1.37774448211536E-0003
 1.44646009847428E+0000	-1.08587348237198E-0003
 1.45237035165779E+0000	-7.33557705314804E-0004
 1.45835220502323E+0000	-3.29793278961355E-0004
 1.46441981462210E+0000	 1.12653840655130E-0004
 1.47058622193394E+0000	 5.76291284190636E-0004
 1.47686158934849E+0000	 1.03799942189574E-0003
 1.48325033577732E+0000	 1.46876641054478E-0003
 1.48974730637664E+0000	 1.83510875702955E-0003
 1.49633417132463E+0000	 2.10335472813287E-0003
 1.50297858774023E+0000	 2.24686538546207E-0003
 1.50963861758129E+0000	 2.25363492303825E-0003
 1.51627184139609E+0000	 2.12971571753986E-0003
 1.52284455224935E+0000	 1.89590092144789E-0003
 1.52933617902319E+0000	 1.58002389935298E-0003
 1.53573812498028E+0000	 1.20969648702702E-0003
 1.54204972482226E+0000	 8.08404849649500E-0004
 1.54827428380282E+0000	 3.94864921555551E-0004
 1.55441661661696E+0000	-1.58885233834257E-0005
 1.56048211782234E+0000	-4.11099707368054E-0004
 1.56647677273372E+0000	-7.79336622108643E-0004
 1.57240747463244E+0000	-1.11013961739884E-0003
 1.57828224683446E+0000	-1.39408878164069E-0003
 1.58411024247464E+0000	-1.62302200509904E-0003
 1.58990157758981E+0000	-1.79021309467267E-0003
 1.59566711462942E+0000	-1.89044171675511E-0003
 1.60141829154796E+0000	-1.91997960307731E-0003
 1.60716703828878E+0000	-1.87655906332673E-0003
 1.61292577290839E+0000	-1.75939133079362E-0003
 1.61870743773802E+0000	-1.56928303788426E-0003
 1.62452552207555E+0000	-1.30887526047493E-0003
 1.63039401534540E+0000	-9.83011190847693E-0004
 1.63632723312044E+0000	-5.99229674095603E-0004
 1.64233944494052E+0000	-1.68379125234066E-0004
 1.64844419457790E+0000	 2.94665963476586E-0004
 1.65465313749679E+0000	 7.70260821576020E-0004
 1.66097416045196E+0000	 1.23345114962470E-0003
 1.66740860967781E+0000	 1.65417417064058E-0003
 1.67394785765079E+0000	 1.99910200648955E-0003
 1.68057036604658E+0000	 2.23605510161030E-0003
 1.68724148825268E+0000	 2.34087037071188E-0003
 1.69391809301419E+0000	 2.30432969293186E-0003
 1.70055738273537E+0000	 2.13509836637645E-0003
 1.70712573095038E+0000	 1.85638108060009E-0003
 1.71360306521028E+0000	 1.49837167756532E-0003
 1.71998186687355E+0000	 1.09094570032920E-0003
 1.72626318677787E+0000	 6.59489969683806E-0004
 1.73245251603453E+0000	 2.23970111776940E-0004
 1.73855699843863E+0000	-2.00119873078087E-0004
 1.74458415649553E+0000	-6.00289518331874E-0004
 1.75054166600846E+0000	-9.65869362166972E-0004
 1.75643760615639E+0000	-1.28737586641277E-0003
 1.76228076339604E+0000	-1.55634593784626E-0003
 1.76808078838248E+0000	-1.76543144505962E-0003
 1.77384818426842E+0000	-1.90856064289999E-0003
 1.77959419804099E+0000	-1.98105844889877E-0003
 1.78533070223599E+0000	-1.97970550049688E-0003
 1.79107012485525E+0000	-1.90277395889608E-0003
 1.79682544114986E+0000	-1.75010139933877E-0003
 1.80261020007467E+0000	-1.52326144432232E-0003
 1.80843852747318E+0000	-1.22587158203166E-0003
 1.81432502774808E+0000	-8.64052772371206E-0004
 1.82028449283308E+0000	-4.47026274784196E-0004
 1.82633131666365E+0000	 1.21997807566080E-0005
 1.83247850041647E+0000	 4.96146480190004E-0004
 1.83873612255197E+0000	 9.82352829055059E-0004
 1.84510917175016E+0000	 1.44334766690721E-0003
 1.85159479363294E+0000	 1.84762481659671E-0003
 1.85817942837871E+0000	 2.16230425151404E-0003
 1.86483704801059E+0000	 2.35792982780799E-0003
 1.87153029260021E+0000	 2.41478506496342E-0003
 1.87821571191249E+0000	 2.32839578142844E-0003
 1.88485198371770E+0000	 2.11108487610939E-0003
 1.89140751572349E+0000	 1.78823252618251E-0003
 1.89786399961876E+0000	 1.39124883235510E-0003
 1.90421533958681E+0000	 9.50912613000052E-0004
 1.91046396169221E+0000	 4.93454301593011E-0004
 1.91661689941707E+0000	 3.95271747888186E-0005
 1.92268299477127E+0000	-3.95032918699001E-0004
 1.92867145690563E+0000	-7.97836872434784E-0004
 1.93459144492734E+0000	-1.15871076981419E-0003
 1.94045220341941E+0000	-1.46890809281128E-0003
 1.94626336436961E+0000	-1.72077065535334E-0003
 1.95203518909966E+0000	-1.90769916444938E-0003
 1.95777867393140E+0000	-2.02426963682353E-0003
 1.96350554232964E+0000	-2.06637710614033E-0003
 1.96922818636456E+0000	-2.03135605484192E-0003
 1.97495961541855E+0000	-1.91808614670602E-0003
 1.98071343989151E+0000	-1.72712905054607E-0003
 1.98650387726755E+0000	-1.46095642413356E-0003
 1.99234572551577E+0000	-1.12432305613356E-0003
 1.99825420879876E+0000	-7.24813958138690E-0004
 2.00424456718407E+0000	-2.73548537959064E-0004
 2.01033124281521E+0000	 2.14044220461692E-0004
 2.01652652314962E+0000	 7.17561430568949E-0004
 2.02283856106804E+0000	 1.21137588840128E-0003
 2.02926884135319E+0000	 1.66523232642722E-0003
 2.03580945527060E+0000	 2.04619885219585E-0003
 2.04244099355522E+0000	 2.32235005746390E-0003
 2.04913230406556E+0000	 2.46799194606584E-0003
 2.05584330088575E+0000	 2.46919170691280E-0003
 2.06253093211614E+0000	 2.32741153233721E-0003
 2.06915657546889E+0000	 2.05925606630719E-0003
 2.07569195555478E+0000	 1.69216620667113E-0003
 2.08212144101656E+0000	 1.25807901529098E-0003
 2.08844071286413E+0000	 7.87778391976947E-0004
 2.09465344603659E+0000	 3.07569639582155E-0004
 2.10076782785368E+0000	-1.61669799455579E-0004
 2.10679396915297E+0000	-6.03907850384386E-0004
 2.11274244666264E+0000	-1.00677415908451E-0003
 2.11862375519400E+0000	-1.36040592889920E-0003
 2.12444831245613E+0000	-1.65661825037042E-0003
 2.13022669879435E+0000	-1.88845524667745E-0003
 2.13596991889896E+0000	-2.05004891546342E-0003
 2.14168958227580E+0000	-2.13666924231345E-0003
 2.14739798353372E+0000	-2.14486255345128E-0003
 2.15310811098343E+0000	-2.07261654677609E-0003
 2.15883362483193E+0000	-1.91953739114123E-0003
 2.16458883291021E+0000	-1.68706330182302E-0003
 2.17038866038087E+0000	-1.37876397190111E-0003
 2.17624856501782E+0000	-1.00078200301482E-0003
 2.18218429539899E+0000	-5.62453954411725E-0004
 2.18821133475792E+0000	-7.70933847795648E-0005
 2.19434383976617E+0000	 4.37185621567252E-0004
 2.20059291073340E+0000	 9.56879374613680E-0004
 2.20696417185105E+0000	 1.45318681307472E-0003
 2.21345494027395E+0000	 1.89333338272398E-0003
 2.22005169524334E+0000	 2.24356542435008E-0003
 2.22672895344079E+0000	 2.47377915877029E-0003
 2.23345067608797E+0000	 2.56291484477288E-0003
 2.24017463643526E+0000	 2.50341538487448E-0003
 2.24685884537248E+0000	 2.30290891741212E-0003
 2.25346795443574E+0000	 1.98226946592460E-0003
 2.25997748325294E+0000	 1.57085319907730E-0003
 2.26637486603990E+0000	 1.10085712636582E-0003
 2.27265780362062E+0000	 6.02699610342088E-0004
 2.27883127313932E+0000	 1.02372105264867E-0004
 2.28490450856031E+0000	-3.79327671829316E-0004
 2.29088870699830E+0000	-8.26332748040105E-0004
 2.29679564769918E+0000	-1.22631620960717E-0003
 2.30263707610066E+0000	-1.56966750195612E-0003
 2.30842459403763E+0000	-1.84869019111865E-0003
 2.31416981274854E+0000	-2.05709878161317E-0003
 2.31988459025229E+0000	-2.18979006643589E-0003
 2.32558124701300E+0000	-2.24282066635371E-0003
 2.33127271424475E+0000	-2.21351785103441E-0003
 2.33697260976888E+0000	-2.10066920949330E-0003
 2.34269525540587E+0000	-1.90476547255586E-0003
 2.34845564895817E+0000	-1.62830081260957E-0003
 2.35426938429675E+0000	-1.27616003193862E-0003
 2.36015247445544E+0000	-8.56135082665644E-0004
 2.36612097525269E+0000	-3.79601275144304E-0004
 2.37219024058176E+0000	 1.37675293358989E-0004
 2.37837359849974E+0000	 6.74756603897461E-0004
 2.38468028735731E+0000	 1.20513505241639E-0003
 2.39111271959404E+0000	 1.69727933432306E-0003
 2.39766357778964E+0000	 2.11672227395533E-0003
 2.40431374926448E+0000	 2.42995376385786E-0003
 2.41103231979372E+0000	 2.60962186117654E-0003
 2.41777941666948E+0000	 2.63966281993957E-0003
 2.42451160905785E+0000	 2.51855767716672E-0003
 2.43118835773435E+0000	 2.25940992319837E-0003
 2.43777745451999E+0000	 1.88683623335891E-0003
 2.44425793749128E+0000	 1.43197144811121E-0003
 2.45062019769015E+0000	 9.27378196862965E-0004
 2.45686405158378E+0000	 4.03207969949182E-0004
 2.46299594937827E+0000	-1.14891170827645E-0004
 2.46902629556467E+0000	-6.06336028008771E-0004
 2.47496740915787E+0000	-1.05518592617045E-0003
 2.48083224421699E+0000	-1.44928315534243E-0003
 2.48663375512450E+0000	-1.77934165463622E-0003
 2.49238471111668E+0000	-2.03819173969497E-0003
 2.49809777403956E+0000	-2.22025853669339E-0003
 2.50378569650542E+0000	-2.32127610003896E-0003
 2.50946154465534E+0000	-2.33820398276972E-0003
 2.51513888873054E+0000	-2.26930327122808E-0003
 2.52083193214311E+0000	-2.11433404171525E-0003
 2.52655556516758E+0000	-1.87484890440345E-0003
 2.53232533263448E+0000	-1.55457323852259E-0003
 2.53815729478817E+0000	-1.15987816197817E-0003
 2.54406773337909E+0000	-7.00361192846483E-0004
 2.55007260795327E+0000	-1.89538326509757E-0004
 2.55618660741482E+0000	 3.54405778977650E-0004
 2.56242160661004E+0000	 9.07996194387230E-0004
 2.56878441066223E+0000	 1.44237106776660E-0003
 2.57527395268846E+0000	 1.92429713466692E-0003
 2.58187860396348E+0000	 2.31883705223104E-0003
 2.58857471282463E+0000	 2.59371402948576E-0003
 2.59532748497127E+0000	 2.72457145075209E-0003
 2.60209463929245E+0000	 2.69960384729621E-0003
 2.60883218485671E+0000	 2.52193947150019E-0003
 2.61550070326790E+0000	 2.20883698580822E-0003
 2.62207022458972E+0000	 1.78798968067379E-0003
 2.62852244656279E+0000	 1.29236855344478E-0003
 2.63485027933852E+0000	 7.55343818691834E-0004
 2.64105564644207E+0000	 2.07234940069920E-0004
 2.64714669182601E+0000	-3.26433680423824E-0004
 2.65313523499414E+0000	-8.25300283757833E-0004
 2.65903487097077E+0000	-1.27369567761838E-0003
 2.66485977028813E+0000	-1.65981642164295E-0003
 2.67062405728264E+0000	-1.97486293397156E-0003
 2.67634159491112E+0000	-2.21231246178991E-0003
 2.68202602023903E+0000	-2.36739295917267E-0003
 2.68769091170940E+0000	-2.43676680405930E-0003
 2.69335000453825E+0000	-2.41840805194812E-0003
 2.69901739647816E+0000	-2.31164926280315E-0003
 2.70470770225957E+0000	-2.11737425177156E-0003
 2.71043612301527E+0000	-1.83833603276991E-0003
 2.71621839860554E+0000	-1.47958212641008E-0003
 2.72207060632479E+0000	-1.04897101857452E-0003
 2.72800875681960E+0000	-5.57761784980755E-0004
 2.73404811298227E+0000	-2.12461022564528E-0005
 2.74020212125411E+0000	 5.40651555198606E-0004
 2.74648082343057E+0000	 1.10298317429720E-0003
 2.75288868335992E+0000	 1.63594400151416E-0003
 2.75942201164800E+0000	 2.10610016701395E-0003
 2.76606660013566E+0000	 2.47912158084275E-0003
 2.77279655745330E+0000	 2.72402102501924E-0003
 2.77957532171720E+0000	 2.81818222745577E-0003
 2.78635928970574E+0000	 2.75183892838812E-0003
 2.79310360109288E+0000	 2.53045904469407E-0003
 2.79976860349130E+0000	 2.17391555843478E-0003
 2.80632493588995E+0000	 1.71252824403715E-0003
 2.81275571118845E+0000	 1.18148750267973E-0003
 2.81905574580423E+0000	 6.15680280071321E-0004
 2.82522897809087E+0000	 4.62153500382255E-0005
 2.83128542081929E+0000	-5.01157060009660E-0004
 2.83723852792465E+0000	-1.00621530455282E-0003
 2.84310330778198E+0000	-1.45365653600787E-0003
 2.84889516495989E+0000	-1.83220072020528E-0003
 2.85462930806107E+0000	-2.13370518348269E-0003
 2.86032054154931E+0000	-2.35243124244092E-0003
 2.86598329136361E+0000	-2.48451060866746E-0003
 2.87163175557632E+0000	-2.52761331870105E-0003
 2.87728010470720E+0000	-2.48080175225675E-0003
 2.88294267731485E+0000	-2.34455171777325E-0003
 2.88863412679171E+0000	-2.12092183219089E-0003
 2.89436947868457E+0000	-1.81385102434413E-0003
 2.90016405872410E+0000	-1.42955882093932E-0003
 2.90603325377416E+0000	-9.77015174022033E-0004
 2.91199207161180E+0000	-4.68439687306370E-0004
 2.91805446466237E+0000	 8.02133534803586E-0005
 2.92423236603923E+0000	 6.48836804911110E-0004
 2.93053435368823E+0000	 1.21291694292057E-0003
 2.93696385420367E+0000	 1.74365845866543E-0003
 2.94351691678029E+0000	 2.20887148942961E-0003
 2.95017989819063E+0000	 2.57509378459307E-0003
 2.95692782362412E+0000	 2.81124546007547E-0003
 2.96372450050270E+0000	 2.89358355533615E-0003
 2.97052538742328E+0000	 2.81089960646479E-0003
 2.97728343043571E+0000	 2.56806466371369E-0003
 2.98395649100699E+0000	 2.18594982080278E-0003
 2.99051360371398E+0000	 1.69723739996478E-0003
 2.99693772468380E+0000	 1.13991677803376E-0003
 3.00322474533332E+0000	 5.51223105509065E-0004
 3.00938032389877E+0000	-3.62420418386481E-0005
 3.01541631692409E+0000	-5.96061557301474E-0004
 3.02134785645031E+0000	-1.10795639325248E-0003
 3.02719136557729E+0000	-1.55695823323786E-0003
 3.03296340029834E+0000	-1.93236388695257E-0003
 3.03868008519440E+0000	-2.22676640402422E-0003
 3.04435692671961E+0000	-2.43528020083826E-0003
 3.05000884341053E+0000	-2.55498462217910E-0003
 3.05565030498325E+0000	-2.58457145808487E-0003
 3.06129550959869E+0000	-2.52417081892199E-0003
 3.06695855059058E+0000	-2.37532976770583E-0003
 3.07265353481858E+0000	-2.14111972992831E-0003
 3.07839462004809E+0000	-1.82634724356015E-0003
 3.08419594432504E+0000	-1.43783747159767E-0003
 3.09007143089830E+0000	-9.84755274041801E-0004
 3.09603446687552E+0000	-4.78933427022770E-0004
 3.10209745944073E+0000	 6.48002510003653E-0005
 3.10827124441401E+0000	 6.28273964937952E-0004
 3.11456423961804E+0000	 1.18958091552200E-0003
 3.12098113148537E+0000	 1.72273175040011E-0003
 3.12752086917800E+0000	 2.19768216017072E-0003
 3.13417396763165E+0000	 2.58137610997278E-0003
 3.14091967477856E+0000	 2.84059595017818E-0003
 3.14772434352738E+0000	 2.94707413396649E-0003
 3.15454290976218E+0000	 2.88417047776516E-0003
 3.16132474999313E+0000	 2.65264346429834E-0003
 3.16802274334799E+0000	 2.27215376444649E-0003
 3.17460167219445E+0000	 1.77700342104835E-0003
 3.18104222584551E+0000	 1.20826650140442E-0003
 3.18733998691480E+0000	 6.06251800512203E-0004
 3.19350153516298E+0000	 5.80879881430143E-0006
 3.19954013162186E+0000	-5.65372787443900E-0004
 3.20547232151683E+0000	-1.08653204333078E-0003
 3.21131573454679E+0000	-1.54276074515952E-0003
 3.21708786185021E+0000	-1.92376087035377E-0003
 3.22280548707426E+0000	-2.22274814719955E-0003
 3.22848450570002E+0000	-2.43559940007499E-0003
 3.23413995181071E+0000	-2.56024317772733E-0003
 3.23978612001291E+0000	-2.59625860322449E-0003
 3.24543671557880E+0000	-2.54464125815566E-0003
 3.25110499314198E+0000	-2.40769865212980E-0003
 3.25680386039274E+0000	-2.18904302081594E-0003
 3.26254593447495E+0000	-1.89365324073633E-0003
 3.26834355000298E+0000	-1.52798224873136E-0003
 3.27420873016369E+0000	-1.10009719542784E-0003
 3.28015314016218E+0000	-6.19864281477936E-0004
 3.28618802809238E+0000	-9.92310072933560E-0005
 3.29232409770599E+0000	 4.47301288161775E-0004
 3.29857113828675E+0000	 1.00192838692588E-0003
 3.30493708990366E+0000	 1.54255084271677E-0003
 3.31142614263292E+0000	 2.04185157931017E-0003
 3.31803560844853E+0000	 2.46717650545105E-0003
 3.32475184888077E+0000	 2.78235950384708E-0003
 3.33154661134168E+0000	 2.95262912778595E-0003
 3.33837638365976E+0000	 2.95260555836701E-0003
 3.34518740585014E+0000	 2.77481985720300E-0003
 3.35192609687395E+0000	 2.43394735583071E-0003
 3.35855025305003E+0000	 1.96347403153795E-0003
 3.36503535168519E+0000	 1.40667068587693E-0003
 3.37137423257098E+0000	 8.07135443110790E-0004
 3.37757267889531E+0000	 2.02702999595736E-0004
 3.38364424390190E+0000	-3.76812834905824E-0004
 3.38960618153318E+0000	-9.09401222961565E-0004
 3.39547685701017E+0000	-1.37958966396865E-0003
 3.40127433513091E+0000	-1.77699686129115E-0003
 3.40701572727048E+0000	-2.09507337727204E-0003
 3.41271696928173E+0000	-2.33012658289762E-0003
 3.41839282014312E+0000	-2.48061098254768E-0003
 3.42405696042296E+0000	-2.54663016599405E-0003
 3.42972212700153E+0000	-2.52959505110499E-0003
 3.43540025537870E+0000	-2.43199269623221E-0003
 3.44110262228743E+0000	-2.25723264087223E-0003
 3.44683999501357E+0000	-2.00955188947992E-0003
 3.45262280213820E+0000	-1.69397668899858E-0003
 3.45846134195676E+0000	-1.31636156909466E-0003
 3.46436603373397E+0000	-8.83554693813694E-0004
 3.47034768335659E+0000	-4.03768988366502E-0004
 3.47641766876190E+0000	 1.12743743036556E-0004
 3.48258784934929E+0000	 6.52640173288516E-0004
 3.48886988214852E+0000	 1.19807654550815E-0003
 3.49527352831165E+0000	 1.72518212418462E-0003
 3.50180355103411E+0000	 2.20302858249843E-0003
 3.50845513906176E+0000	 2.59422763130213E-0003
 3.51520874996270E+0000	 2.85868678714617E-0003
 3.52202691914117E+0000	 2.96150388140515E-0003
 3.52885673099128E+0000	 2.88343878227900E-0003
 3.53563966401635E+0000	 2.62877483458309E-0003
 3.54232502907620E+0000	 2.22503235907081E-0003
 3.54887971043742E+0000	 1.71441948641759E-0003
 3.55529014008621E+0000	 1.14267837296838E-0003
 3.56155832319357E+0000	 5.50910019785780E-0004
 3.56769602889301E+0000	-2.80214110082646E-0005
 3.57371988408933E+0000	-5.69788020084482E-0004
 3.57964814423338E+0000	-1.05737421366094E-0003
 3.58549888511987E+0000	-1.47948722250266E-0003
 3.59128912555184E+0000	-1.82911784648131E-0003
 3.59703448162557E+0000	-2.10239487607455E-0003
 3.60274909973274E+0000	-2.29771863190685E-0003
 3.60844572956274E+0000	-2.41511305579514E-0003
 3.61413587101069E+0000	-2.45573646690814E-0003
 3.61982997069899E+0000	-2.42150778910528E-0003
 3.62553766545043E+0000	-2.31482583499715E-0003
 3.63126807809085E+0000	-2.13837992647930E-0003
 3.63703016885316E+0000	-1.89506903804214E-0003
 3.64283313514069E+0000	-1.58806272229152E-0003
 3.64868683405148E+0000	-1.22104956321669E-0003
 3.65460217481171E+0000	-7.98726849629542E-0004
 3.66059138878816E+0000	-3.27585759034130E-0004
 3.66666802772254E+0000	 1.82968250757683E-0004
 3.67284646136798E+0000	 7.19167989084639E-0004
 3.67914054801677E+0000	 1.26123600137746E-0003
 3.68556107586378E+0000	 1.78191227220550E-0003
 3.69211166024486E+0000	 2.24598900647016E-0003
 3.69878335096825E+0000	 2.61227249586686E-0003
 3.70554962463281E+0000	 2.83955931082324E-0003
 3.71236529844463E+0000	 2.89671395920676E-0003
 3.71917287822674E+0000	 2.77322197781556E-0003
 3.72591548372904E+0000	 2.48374313207391E-0003
 3.73254971756533E+0000	 2.06314359364325E-0003
 3.73905175705850E+0000	 1.55553323796768E-0003
 3.74541580534100E+0000	 1.00398595050268E-0003
 3.75164865238839E+0000	 4.44675858163746E-0004
 3.75776408750105E+0000	-9.48161733091654E-0005
 3.76377881946317E+0000	-5.94835032292439E-0004
 3.76971000894409E+0000	-1.04213834864484E-0003
 3.77557396574066E+0000	-1.42833077652432E-0003
 3.78138555605591E+0000	-1.74852858474948E-0003
 3.78715801127762E+0000	-2.00029484974429E-0003
 3.79290296559946E+0000	-2.18280522836440E-0003
 3.79863063792496E+0000	-2.29619751392869E-0003
 3.80435011939979E+0000	-2.34107641715146E-0003
 3.81006974508776E+0000	-2.31816607399242E-0003
 3.81579752869823E+0000	-2.22811755438353E-0003
 3.82154163236002E+0000	-2.07148464148405E-0003
 3.82731083602175E+0000	-1.84888019484810E-0003
 3.83311496616251E+0000	-1.56132213572782E-0003
 3.83896523924409E+0000	-1.21077749269147E-0003
 3.84487446513822E+0000	-8.00917113680300E-0004
 3.85085703006233E+0000	-3.38098693724200E-0004
 3.85692852733312E+0000	 1.67411223094291E-0004
 3.86310482141139E+0000	 7.00011906750243E-0004
 3.86940022810778E+0000	 1.23731185030238E-0003
 3.87582444201684E+0000	 1.74911552577203E-0003
 3.88237804832294E+0000	 2.19783941973731E-0003
 3.88904729250236E+0000	 2.54184755604927E-0003
 3.89580041792096E+0000	 2.74285938788386E-0003
 3.90258922125338E+0000	 2.77624883471962E-0003
 3.90935786739700E+0000	 2.63941617275726E-0003
 3.91605579160722E+0000	 2.35265875609580E-0003
 3.92264776454984E+0000	 1.95184272353186E-0003
 3.92911676969038E+0000	 1.47790069580295E-0003
 3.93546090789795E+0000	 9.68629413905801E-0004
 3.94168809507959E+0000	 4.54715992752177E-0004
 3.94781130596771E+0000	-4.09563127415024E-0005
 3.95384529293191E+0000	-5.02346590680757E-0004
 3.95980465466673E+0000	-9.18777857632600E-0004
 3.96570284408510E+0000	-1.28348296661271E-0003
 3.97155176568114E+0000	-1.59235381370282E-0003
 3.97736174224191E+0000	-1.84292282616203E-0003
 3.98314172610048E+0000	-2.03356953861112E-0003
 3.98889967651723E+0000	-2.16294916422723E-0003
 3.99464303801572E+0000	-2.22964600249261E-0003
 4.00037925537402E+0000	-2.23204920333773E-0003
 4.00611626493462E+0000	-2.16843432183226E-0003
 4.01186291481220E+0000	-2.03722074780119E-0003
 4.01762928503307E+0000	-1.83737128971716E-0003
 4.02342689399483E+0000	-1.56890912311687E-0003
 4.02926878098698E+0000	-1.23354580873261E-0003
 4.03516943940241E+0000	-8.35434671045179E-0004
 4.04114453726118E+0000	-3.82076175963157E-0004
 4.04721029713182E+0000	 1.14609770046699E-0004
 4.05338231782529E+0000	 6.37095091550517E-0004
 4.05967353252144E+0000	 1.16116054616451E-0003
 4.06609101537512E+0000	 1.65547936518057E-0003
 4.07263170931153E+0000	 2.08290136075848E-0003
 4.07927813991953E+0000	 2.40470454485679E-0003
 4.08599660430618E+0000	 2.58820864909585E-0003
 4.09274070960795E+0000	 2.61561825727665E-0003
 4.09946058495731E+0000	 2.48946258255046E-0003
 4.10611373540990E+0000	 2.23101997316821E-0003
 4.11267204293908E+0000	 1.87284810964807E-0003
 4.11912270187024E+0000	 1.45007420394463E-0003
 4.12546492275870E+0000	 9.94252887919239E-0004
 4.13170541308668E+0000	 5.30676115663007E-0004
 4.13785454049802E+0000	 7.81523210044022E-0005
 4.14392373751860E+0000	-3.50005032032504E-0004
 4.14992400675375E+0000	-7.44614961297427E-0004
 4.15586522128760E+0000	-1.09929550451852E-0003
 4.16175596747795E+0000	-1.40932102394731E-0003
 4.16760375278779E+0000	-1.67073844100579E-0003
 4.17341544008904E+0000	-1.87977779667221E-0003
 4.17919778216356E+0000	-2.03256502157107E-0003
 4.18495794356989E+0000	-2.12510834495440E-0003
 4.19070392731744E+0000	-2.15349637583782E-0003
 4.19644486668180E+0000	-2.11423184507415E-0003
 4.20219118241705E+0000	-2.00463565611672E-0003
 4.20795462887208E+0000	-1.82328388023275E-0003
 4.21374825424133E+0000	-1.57047311040698E-0003
 4.21958628250272E+0000	-1.24873703873936E-0003
 4.22548389073884E+0000	-8.63453366899545E-0004
 4.23145680552541E+0000	-4.23579358413621E-0004
 4.23752057404512E+0000	 5.74774569587465E-0005
 4.24368928737543E+0000	 5.60940410084946E-0004
 4.24997349083700E+0000	 1.06198476274269E-0003
 4.25637713543213E+0000	 1.52991596871961E-0003
 4.26289391363824E+0000	 1.93015080382779E-0003
 4.26950427806345E+0000	 2.22882959755746E-0003
 4.27617535013831E+0000	 2.39970018030444E-0003
 4.28286545609456E+0000	 2.43080026558150E-0003
 4.28953240418256E+0000	 2.32730749820201E-0003
 4.29614173593513E+0000	 2.10876437964473E-0003
 4.30267120276072E+0000	 1.80251426216611E-0003
 4.30911062140939E+0000	 1.43699471728858E-0003
 4.31545887620067E+0000	 1.03734958998997E-0003
 4.32172028604820E+0000	 6.23703295826564E-0004
 4.32790164061863E+0000	 2.11265564096744E-0004
 4.33401026929270E+0000	-1.88676553548279E-0004
 4.34005303741158E+0000	-5.67510853378766E-0004
 4.34603604611537E+0000	-9.18138008681214E-0004
 4.35196481816110E+0000	-1.23407477094952E-0003
 4.35784476509534E+0000	-1.50891252350347E-0003
 4.36368174091205E+0000	-1.73614440381803E-0003
 4.36948252121852E+0000	-1.90929825219707E-0003
 4.37525511335920E+0000	-2.02226195791419E-0003
 4.38100887955919E+0000	-2.06968250537178E-0003
 4.38675451151507E+0000	-2.04735436776224E-0003
 4.39250391617879E+0000	-1.95256314124182E-0003
 4.39827006337024E+0000	-1.78439439079999E-0003
 4.40406681917197E+0000	-1.54404578994157E-0003
 4.40990875437342E+0000	-1.23519300896775E-0003
 4.41581087643208E+0000	-8.64458449944777E-0004
 4.42178818327404E+0000	-4.42012355101367E-0004
 4.42785487791872E+0000	 1.77189422492578E-0005
 4.43402303416918E+0000	 4.95382499939261E-0004
 4.44030052919483E+0000	 9.66420689627006E-0004
 4.44668828130925E+0000	 1.40180473551206E-0003
 4.45317737312900E+0000	 1.77052098798109E-0003
 4.45974739682849E+0000	 2.04413494616441E-0003
 4.46636769912340E+0000	 2.20252909536595E-0003
 4.47300222019160E+0000	 2.23845381788538E-0003
 4.47961640211157E+0000	 2.15840318724843E-0003
 4.48618306239176E+0000	 1.97932032552793E-0003
 4.49268491205216E+0000	 1.72312918187746E-0003
 4.49911369634581E+0000	 1.41179221252487E-0003
 4.50546752622005E+0000	 1.06439932596778E-0003
 4.51174802139827E+0000	 6.96301223608268E-0004
 4.51795815505276E+0000	 3.19573862754150E-0004
 4.52410102900470E+0000	-5.59278775543799E-0005
 4.53017947448880E+0000	-4.21448729409487E-0004
 4.53619625450617E+0000	-7.68460710865070E-0004
 4.54215460155060E+0000	-1.08820461660319E-0003
 4.54805882125345E+0000	-1.37167144423885E-0003
 4.55391474712699E+0000	-1.60992452070816E-0003
 4.55972994008796E+0000	-1.79459116431300E-0003
 4.56551364210364E+0000	-1.91835899485613E-0003
 4.57127656658677E+0000	-1.97537560975840E-0003
 4.57703062385783E+0000	-1.96152658824146E-0003
 4.58278865523537E+0000	-1.87462265220507E-0003
 4.58856420940181E+0000	-1.71455393013522E-0003
 4.59437135517055E+0000	-1.48347489725556E-0003
 4.60022448835455E+0000	-1.18607668189399E-0003
 4.60613805251091E+0000	-8.29985838135796E-0004
 4.61212605024871E+0000	-4.26291514603724E-0004
 4.61820118102917E+0000	 9.87269569113574E-0006
 4.62437343520694E+0000	 4.58900808571181E-0004
 4.63064807208700E+0000	 8.96839630744573E-0004
 4.63702320592553E+0000	 1.29663054086668E-0003
 4.64348774264709E+0000	 1.63095122307665E-0003
 4.65002090852389E+0000	 1.87653268563011E-0003
 4.65659448567442E+0000	 2.01871632992453E-0003
 4.66317764254226E+0000	 2.05418443440003E-0003
 4.66974253269096E+0000	 1.99035623555528E-0003
 4.67626821980118E+0000	 1.84183580887973E-0003
 4.68274166601788E+0000	 1.62589168501497E-0003
 4.68915630013711E+0000	 1.35894067548016E-0003
 4.69550957536336E+0000	 1.05486818625080E-0003
 4.70180073254494E+0000	 7.24953464922627E-0004
 4.70802937493651E+0000	 3.78728732429988E-0004
 4.71419496330047E+0000	 2.51194119339150E-0005
 4.72029706103637E+0000	-3.26612378725397E-0004
 4.72633601875091E+0000	-6.66401215508515E-0004
 4.73231374134192E+0000	-9.83461382759865E-0004
 4.73823424013419E+0000	-1.26679847993174E-0003
 4.74410382365354E+0000	-1.50591376507682E-0003
 4.74993094864422E+0000	-1.69147010638912E-0003
 4.75572585841809E+0000	-1.81578133529579E-0003
 4.76150015420809E+0000	-1.87309725299919E-0003
 4.76726640540015E+0000	-1.85973303943385E-0003
 4.77303784739729E+0000	-1.77412337883987E-0003
 4.77882816612416E+0000	-1.61688215071025E-0003
 4.78465133061781E+0000	-1.39093474294405E-0003
 4.79052140385001E+0000	-1.10176981604120E-0003
 4.79645223008286E+0000	-7.57827561733602E-0004
 4.80245686477668E+0000	-3.70989874551404E-0004
 4.80854659549083E+0000	 4.29524622407223E-0005
 4.81472943922465E+0000	 4.64118662968519E-0004
 4.82100816093065E+0000	 8.69063676077305E-0004
 4.82737820131057E+0000	 1.23249369939172E-0003
 4.83382636964947E+0000	 1.53040140186263E-0003
 4.84033140746098E+0000	 1.74411296368511E-0003
 4.84686702199856E+0000	 1.86378835044826E-0003
 4.85340663656209E+0000	 1.88963229178862E-0003
 4.85992787483333E+0000	 1.83012794329559E-0003
 4.86641492616155E+0000	 1.69832074842237E-0003
 4.87285833728038E+0000	 1.50805522197981E-0003
 4.87925312120575E+0000	 1.27157321861354E-0003
 4.88559647110495E+0000	 9.98815334078304E-0004
 4.89188601395471E+0000	 6.98004754625368E-0004
 4.89811900544588E+0000	 3.76837953891290E-0004
 4.90429245361473E+0000	 4.36579682391368E-0005
 4.91040389124036E+0000	-2.91835680349779E-0004
 4.91645237612448E+0000	-6.18539664682706E-0004
 4.92243930805391E+0000	-9.24491376751197E-0004
 4.92836881135730E+0000	-1.19773696583281E-0003
 4.93424765569662E+0000	-1.42721095212238E-0003
 4.94008485501058E+0000	-1.60341161367177E-0003
 4.94589113693520E+0000	-1.71880211017485E-0003
 4.95167843673352E+0000	-1.76798016623704E-0003
 4.95745949745678E+0000	-1.74771113266229E-0003
 4.96324759252295E+0000	-1.65692441092431E-0003
 4.96905634082106E+0000	-1.49675599260148E-0003
 4.97489955295134E+0000	-1.27069601231743E-0003
 4.98079102085777E+0000	-9.84872872379295E-0004
 4.98674413625511E+0000	-6.48467542849073E-0004
 4.99277119996456E+0000	-2.74189044097670E-0004
 4.99888228600245E+0000	 1.21360404982252E-0004
 5.00508359912746E+0000	 5.17744981933007E-0004
 5.01137548316491E+0000	 8.91625056323628E-0004
 5.01775063368327E+0000	 1.21896759287014E-0003
 5.02419349030666E+0000	 1.47851744049163E-0003
 5.03068177852700E+0000	 1.65564165393601E-0003
 5.03719028997489E+0000	 1.74489089013986E-0003
 5.04369556781913E+0000	 1.74988322867334E-0003
 5.05017944547791E+0000	 1.68057338969160E-0003
 5.05663015271251E+0000	 1.54943003528405E-0003
 5.06304119323209E+0000	 1.36828513920004E-0003
 5.06940913586688E+0000	 1.14678421074251E-0003
 5.07573148025264E+0000	 8.92404269112041E-0004
 5.08200530418006E+0000	 6.11481072055164E-0004
 5.08822692167021E+0000	 3.10567734500017E-0004
 5.09439242058449E+0000	-2.46035952450709E-0006
 5.10049870665914E+0000	-3.17930107971050E-0004
 5.10654458413136E+0000	-6.24613748373000E-0004
 5.11253148849733E+0000	-9.10503458337516E-0004
 5.11846370803959E+0000	-1.16378458286606E-0003
 5.12434815851488E+0000	-1.37370451521272E-0003
 5.13019390061021E+0000	-1.53117505105013E-0003
 5.13601159516671E+0000	-1.62909326860010E-0003
 5.14181302732731E+0000	-1.66245692574562E-0003
 5.14761075434725E+0000	-1.62838005726592E-0003
 5.15341787208194E+0000	-1.52610649249013E-0003
 5.15924785559659E+0000	-1.35709659138274E-0003
 5.16511440146525E+0000	-1.12523689278292E-0003
 5.17103117367385E+0000	-8.37192839963837E-0004
 5.17701132754373E+0000	-5.02881088994967E-0004
 5.18306666458072E+0000	-1.35962953277629E-0004
 5.18920628620911E+0000	 2.45862508464319E-0004
 5.19543473055851E+0000	 6.21149901254954E-0004
 5.20174987602296E+0000	 9.66081725054899E-0004
 5.20814137436262E+0000	 1.25727244577361E-0003
 5.21459074767618E+0000	 1.47569208819395E-0003
 5.22107395870468E+0000	 1.61038193159944E-0003
 5.22756596665158E+0000	 1.66012154257430E-0003
 5.23404536723443E+0000	 1.63207701817102E-0003
 5.24049709632547E+0000	 1.53823801050693E-0003
 5.24691250513329E+0000	 1.39154139261026E-0003
 5.25328756739962E+0000	 1.20322803347604E-0003
 5.25962050432257E+0000	 9.81919973867262E-0004
 5.26590982834779E+0000	 7.34088333959707E-0004
 5.27215329204312E+0000	 4.65269724359854E-0004
 5.27834780682803E+0000	 1.81395743884754E-0004
 5.28449010871964E+0000	-1.10252691954640E-0004
 5.29057777893213E+0000	-4.00727753169138E-0004
 5.29661020059064E+0000	-6.79731099658750E-0004
 5.30258915671650E+0000	-9.36347490840169E-0004
 5.30851897998722E+0000	-1.15989870284373E-0003
 5.31440634171209E+0000	-1.34067949699832E-0003
 5.32025984791189E+0000	-1.47046414506264E-0003
 5.32608959955398E+0000	-1.54278778070816E-0003
 5.33190681698426E+0000	-1.55307349566380E-0003
 5.33772356635092E+0000	-1.49869632956009E-0003
 5.34355257694259E+0000	-1.37906839147645E-0003
 5.34940710322848E+0000	-1.19581190441234E-0003
 5.35530075615045E+0000	-9.53065722504480E-0004
 5.36124719663947E+0000	-6.57941991006095E-0004
 5.36725954815742E+0000	-3.21099007497967E-0004
 5.37334935784539E+0000	 4.26987568989210E-0005
 5.37952496355309E+0000	 4.14321962537711E-0004
 5.38578929809996E+0000	 7.70808016009766E-0004
 5.39213758062970E+0000	 1.08726840040740E-0003
 5.39855593953529E+0000	 1.34044220973792E-0003
 5.40502229784869E+0000	 1.51320672277346E-0003
 5.41151009662407E+0000	 1.59819088212585E-0003
 5.41799367517053E+0000	 1.59850917690745E-0003
 5.42445285352508E+0000	 1.52519772696150E-0003
 5.43087485809546E+0000	 1.39291602357123E-0003
 5.43725353773792E+0000	 1.21606432847440E-0003
 5.44358709828341E+0000	 1.00656151725402E-0003
 5.44987568522271E+0000	 7.73353040077580E-0004
 5.45611961423364E+0000	 5.23088817678892E-0004
 5.46231851066509E+0000	 2.61306535458569E-0004
 5.46847127704781E+0000	-6.41324409646508E-0006
 5.47457662769846E+0000	-2.73661717427089E-0004
 5.48063386169637E+0000	-5.32925994862300E-0004
 5.48664357594974E+0000	-7.75778874119585E-0004
 5.49260812920530E+0000	-9.93367234398640E-0004
 5.49853180538525E+0000	-1.17699896713408E-0003
 5.50442073279883E+0000	-1.31867329847835E-0003
 5.51028266472048E+0000	-1.41147929160914E-0003
 5.51612672270803E+0000	-1.44986047465841E-0003
 5.52196317103768E+0000	-1.42978981973177E-0003
 5.52780325055862E+0000	-1.34891900988392E-0003
 5.53365906361077E+0000	-1.20676836083900E-0003
 5.53954346854568E+0000	-1.00501720595695E-0003
 5.54546990723713E+0000	-7.47940890983252E-0004
 5.55145204563699E+0000	-4.43012314296712E-0004
 5.55750305672265E+0000	-1.01624097050297E-0004
 5.56363433923407E+0000	 2.60237713018030E-0004
 5.56985351189218E+0000	 6.21748418343981E-0004
 5.57616177846716E+0000	 9.58058042634543E-0004
 5.58255133717552E+0000	 1.24285647179492E-0003
 5.58900423663251E+0000	 1.45283803984682E-0003
 5.59549420878149E+0000	 1.57287642677623E-0003
 5.60199168709476E+0000	 1.59945742555495E-0003
 5.60847000381646E+0000	 1.54035591745585E-0003
 5.61490982484643E+0000	 1.41085669736319E-0003
 5.62130029618106E+0000	 1.22882377997170E-0003
 5.62763752606686E+0000	 1.01087000905506E-0003
 5.63392199563245E+0000	 7.70489069614730E-0004
 5.64015617356942E+0000	 5.17836967306177E-0004
 5.64634290271998E+0000	 2.60446972252727E-0004
 5.65248461368455E+0000	 4.25322422409509E-0006
 5.65858318423974E+0000	-2.45473680364380E-0004
 5.66464019914513E+0000	-4.83473301441388E-0004
 5.67065738294097E+0000	-7.04173227742851E-0004
 5.67663703402578E+0000	-9.01654334372328E-0004
 5.68258235849570E+0000	-1.06981267552058E-0003
 5.68849766884649E+0000	-1.20261987251163E-0003
 5.69438846189116E+0000	-1.29440439560204E-0003
 5.70026141630645E+0000	-1.34010988442179E-0003
 5.70612435519541E+0000	-1.33552100350286E-0003
 5.71198620910155E+0000	-1.27747511755166E-0003
 5.71785699589905E+0000	-1.16409731209390E-0003
 5.72374780882961E+0000	-9.95107696308092E-0004
 5.72967077191086E+0000	-7.72253728136901E-0004
 5.73563887946509E+0000	-4.99912767673829E-0004
 5.74166558032292E+0000	-1.85879370043682E-0004
 5.74776390253592E+0000	 1.57726536497500E-0004
 5.75394487433110E+0000	 5.13657129477443E-0004
 5.76021507545742E+0000	 8.59336001078402E-0004
 5.76657351799409E+0000	 1.16805066894032E-0003
 5.77300882270144E+0000	 1.41231799444630E-0003
 5.77949849321490E+0000	 1.56934272396917E-0003
 5.78601192353770E+0000	 1.62674497734697E-0003
 5.79251676238333E+0000	 1.58553247883449E-0003
 5.79898572466690E+0000	 1.45852109542235E-0003
 5.80540063193552E+0000	 1.26539787415850E-0003
 5.81175271623925E+0000	 1.02735378137781E-0003
 5.81804047506852E+0000	 7.63424639341871E-0004
 5.82426688223929E+0000	 4.88953154925396E-0004
 5.83043707566850E+0000	 2.15546783068252E-0004
 5.83655685625425E+0000	-4.82501567068141E-0005
 5.84263189964316E+0000	-2.96109894451254E-0004
 5.84866745580798E+0000	-5.23168659752282E-0004
 5.85466833184608E+0000	-7.25457636370910E-0004
 5.86063901559802E+0000	-8.99517342498276E-0004
 5.86658385551142E+0000	-1.04216253161144E-0003
 5.87250725281871E+0000	-1.15036028689267E-0003
 5.87841384686025E+0000	-1.22119048080206E-0003
 5.88430868867674E+0000	-1.25186706107792E-0003
 5.89019740629540E+0000	-1.23980876471379E-0003
 5.89608636895646E+0000	-1.18275958351995E-0003
 5.90198285566169E+0000	-1.07897306540912E-0003
 5.90789522342728E+0000	-9.27488994286175E-0004
 5.91383305014532E+0000	-7.28542903928117E-0004
 5.91980719402295E+0000	-4.84153310328716E-0004
 5.92582966412091E+0000	-1.98920583560471E-0004
 5.93191313384698E+0000	 1.18970274660875E-0004
 5.93806986135645E+0000	 4.56652330287932E-0004
 5.94430975427297E+0000	 7.95697951647797E-0004
 5.95063745556921E+0000	 1.11209206311201E-0003
 5.95704883555977E+0000	 1.37798948454697E-0003
 5.96352822180310E+0000	 1.56600573302640E-0003
 5.97004850226887E+0000	 1.65552857789732E-0003
 5.97657554097452E+0000	 1.63850265221738E-0003
 5.98307564712651E+0000	 1.52137391674352E-0003
 5.98952241735032E+0000	 1.32206978460014E-0003
 5.99589992743892E+0000	 1.06418452667946E-0003
 6.00220211741407E+0000	 7.71578327415166E-0004
 6.00843017687460E+0000	 4.65118045302847E-0004
 6.01458971442260E+0000	 1.61503915184492E-0004
 6.02068858139782E+0000	-1.26632589551186E-0004
 6.02673548077320E+0000	-3.90108682666364E-0004
 6.03273917783287E+0000	-6.22481203308933E-0004
 6.03870808754617E+0000	-8.19423528122128E-0004
 6.04465007277666E+0000	-9.78223024050126E-0004
 6.05057235742115E+0000	-1.09737918498323E-0003
 6.05648150930844E+0000	-1.17627304359913E-0003
 6.06238347694642E+0000	-1.21488626549965E-0003
 6.06828367859518E+0000	-1.21355982140176E-0003
 6.07418714866159E+0000	-1.17279305389452E-0003
 6.08009874883043E+0000	-1.09309522921748E-0003
 6.08602344908474E+0000	-9.74915338072327E-0004
 6.09196667305064E+0000	-8.18691551823349E-0004
 6.09793467924802E+0000	-6.25074691299866E-0004
 6.10393491456104E+0000	-3.95382897438254E-0004
 6.10997623185771E+0000	-1.32330546567875E-0004
 6.11606881350735E+0000	 1.58962632493166E-0004
 6.12222358867202E+0000	 4.69748496992962E-0004
 6.12845088846525E+0000	 7.86416349895666E-0004
 6.13475811134056E+0000	 1.08969193332109E-0003
 6.14114642523548E+0000	 1.35504503870135E-0003
 6.14760721171270E+0000	 1.55527010448886E-0003
 6.15411997146073E+0000	 1.66568340666362E-0003
 6.16065385095700E+0000	 1.67070706336595E-0003
 6.16717346726190E+0000	 1.56870938898439E-0003
 6.17364669182306E+0000	 1.37219522007228E-0003
 6.18005051237692E+0000	 1.10343665784665E-0003
 6.18637284815930E+0000	 7.88443940130995E-0004
 6.19261106924024E+0000	 4.52157012958225E-0004
 6.19876920051850E+0000	 1.15886507761855E-0004
 6.20485528806664E+0000	-2.03437812334604E-0004
 6.21087948275652E+0000	-4.93046440222867E-0004
 6.21685282219368E+0000	-7.43762497904252E-0004
 6.22278650437825E+0000	-9.49406165509373E-0004
 6.22869145503913E+0000	-1.10628357161547E-0003
 6.23457805348264E+0000	-1.21277222748516E-0003
 6.24045593942379E+0000	-1.26897873495369E-0003
 6.24633386276216E+0000	-1.27643666931320E-0003
 6.25221956417852E+0000	-1.23781434794642E-0003
 6.25811969449253E+0000	-1.15660759696458E-0003
 6.26403979971372E+0000	-1.03680367811122E-0003
 6.26998441502668E+0000	-8.82524940639588E-0004
 6.27595731502142E+0000	-6.97697852924808E-0004
