-8.75548334584389E-0004	 1.37966245299908E-0003
 5.57112661774029E-0003	 1.59102589769514E-0003
 1.20781704195168E-0002	 1.72585486832460E-0003
 1.86230019284353E-0002	 1.76178881382999E-0003
 2.51726797634513E-0002	 1.68588589211554E-0003
 3.16898256660546E-0002	 1.50004544772214E-0003
 3.81412139787312E-0002	 1.22151499489234E-0003
 4.45045746189759E-0002	 8.77961103929460E-0004
 5.07706511686116E-0002	 5.00267778248052E-0004
 5.69411126512146E-0002	 1.16736489139309E-0004
 6.30247816446951E-0002	-2.49822115318695E-0004
 6.90341540387934E-0002	-5.82613542050649E-0004
 7.49829816419966E-0002	-8.70117259898235E-0004
 8.08848995791770E-0002	-1.10494402582844E-0003
 8.67528082412106E-0002	-1.28275638524282E-0003
 9.25987129766357E-0002	-1.40143597095372E-0003
 9.84337932200755E-0002	-1.46053541803544E-0003
 1.04268540088901E-0001	-1.46098510359831E-0003
 1.10112853544029E-0001	-1.40499181540592E-0003
 1.15976033226616E-0001	-1.29604713468573E-0003
 1.21866639423317E-0001	-1.13895251628703E-0003
 1.27792247223570E-0001	-9.39769132382751E-0004
 1.33759166618565E-0001	-7.05621993993935E-0004
 1.39772242854193E-0001	-4.44339018435812E-0004
 1.45834861678343E-0001	-1.63987177249193E-0004
 1.51949236655655E-0001	 1.27541257602458E-0004
 1.58116942462000E-0001	 4.22683841476854E-0004
 1.64339509449655E-0001	 7.13922734072503E-0004
 1.70618770527355E-0001	 9.93001163833916E-0004
 1.76956602667748E-0001	 1.24977815143667E-0003
 1.83353754872768E-0001	 1.47109078017573E-0003
 1.89807637854984E-0001	 1.64025205484497E-0003
 1.96309377429138E-0001	 1.73803717997987E-0003
 2.02841204338019E-0001	 1.74592044906454E-0003
 2.09376062459834E-0001	 1.65140181466938E-0003
 2.15881090160550E-0001	 1.45344795505296E-0003
 2.22324458619830E-0001	 1.16484397787451E-0003
 2.28682337202119E-0001	 8.09658434546499E-0004
 2.34942541333563E-0001	 4.17338536731764E-0004
 2.41104042774147E-0001	 1.67537582582964E-0005
 2.47173996786826E-0001	-3.67569199734663E-0004
 2.53164343267416E-0001	-7.16780404286272E-0004
 2.59089139840430E-0001	-1.01745093355051E-0003
 2.64962889476856E-0001	-1.26063222661096E-0003
 2.70799689124799E-0001	-1.44081041134409E-0003
 2.76612926110392E-0001	-1.55503243501541E-0003
 2.82415284111014E-0001	-1.60229986363210E-0003
 2.88218879454315E-0001	-1.58323736446604E-0003
 2.94035395867320E-0001	-1.50000033280547E-0003
 2.99876119751076E-0001	-1.35636041248321E-0003
 3.05751806799325E-0001	-1.15788499425004E-0003
 3.11672344686632E-0001	-9.12103512760197E-0004
 3.17646226167898E-0001	-6.28534649186444E-0004
 3.23679918493153E-0001	-3.18450727451213E-0004
 3.29777298775843E-0001	 5.69473742875574E-0006
 3.35939381244947E-0001	 3.31132236430883E-0004
 3.42164526558684E-0001	 6.45722109344985E-0004
 3.48449151631058E-0001	 9.38634644641002E-0004
 3.54788693078338E-0001	 1.20043271392601E-0003
 3.61178354525115E-0001	 1.42244152441211E-0003
 3.67613126642921E-0001	 1.59563864597376E-0003
 3.74086759505982E-0001	 1.70964398755152E-0003
 3.80589779020432E-0001	 1.75261822856673E-0003
 3.87107261455611E-0001	 1.71284219051006E-0003
 3.93617753518627E-0001	 1.58217049831818E-0003
 4.00094841616274E-0001	 1.36028927106655E-0003
 4.06511667065059E-0001	 1.05748311858394E-0003
 4.12846570570280E-0001	 6.93938936231722E-0004
 4.19087051259876E-0001	 2.95790100834657E-0004
 4.25230529134609E-0001	-1.09890177623641E-0004
 4.31282528347553E-0001	-4.98939989868377E-0004
 4.37253873273022E-0001	-8.51988768748716E-0004
 4.43158139982951E-0001	-1.15473027512676E-0003
 4.49009867815291E-0001	-1.39731829209932E-0003
 4.54823535680650E-0001	-1.57347361793108E-0003
 4.60613116350747E-0001	-1.67964125528917E-0003
 4.66392001392336E-0001	-1.71435240161644E-0003
 4.72173123273186E-0001	-1.67784396714987E-0003
 4.77969136410322E-0001	-1.57193771373612E-0003
 4.83792542045398E-0001	-1.40015196537487E-0003
 4.89655655482911E-0001	-1.16799262632542E-0003
 4.95570326989047E-0001	-8.83336531529133E-0004
 5.01547353077539E-0001	-5.56774431893307E-0004
 5.07595572922547E-0001	-2.01729009244101E-0004
 5.13720755350204E-0001	 1.65867261953581E-0004
 5.19924541018388E-0001	 5.28502403348173E-0004
 5.26203844384844E-0001	 8.68605476994121E-0004
 5.32551102281438E-0001	 1.17032669332269E-0003
 5.38955465268113E-0001	 1.42096936608928E-0003
 5.45404541300328E-0001	 1.61147767751465E-0003
 5.51885921109591E-0001	 1.73579230419688E-0003
 5.58387735051858E-0001	 1.78949437936015E-0003
 5.64897946598704E-0001	 1.76861924416338E-0003
 5.71402786306884E-0001	 1.66958528578702E-0003
 5.77885398009583E-0001	 1.49073183373617E-0003
 5.84326009626699E-0001	 1.23500692496547E-0003
 5.90704293204158E-0001	 9.12317373309329E-0004
 5.97003142001602E-0001	 5.39877472618744E-0004
 6.03211997025480E-0001	 1.40064961039470E-0004
 6.09328204309309E-0001	-2.63121421824179E-0004
 6.15356262567849E-0001	-6.47347044805740E-0004
 6.21305872223365E-0001	-9.93964471050213E-0004
 6.27189812429240E-0001	-1.28870140511115E-0003
 6.33022246186421E-0001	-1.52144336760645E-0003
 6.38817621246327E-0001	-1.68559274562121E-0003
 6.44590099533690E-0001	-1.77734424475917E-0003
 6.50353373816779E-0001	-1.79506754000489E-0003
 6.56120730316502E-0001	-1.73889023383694E-0003
 6.61905232610327E-0001	-1.61052174306238E-0003
 6.67719912270786E-0001	-1.41332932215681E-0003
 6.73577851108145E-0001	-1.15265214526052E-0003
 6.79492033125730E-0001	-8.36304529196667E-0004
 6.85474842035862E-0001	-4.75163997653718E-0004
 6.91537103966053E-0001	-8.36569201734115E-0005
 6.97686662179300E-0001	 3.20146349836471E-0004
 7.03926662546956E-0001	 7.15180389191997E-0004
 7.10254017011935E-0001	 1.07904693189625E-0003
 7.16658753868952E-0001	 1.39060563354464E-0003
 7.23124875209647E-0001	 1.63283463967221E-0003
 7.29632737936880E-0001	 1.79487521875582E-0003
 7.36162116733546E-0001	 1.87236756333721E-0003
 7.42694641155794E-0001	 1.86604146112902E-0003
 7.49214644843397E-0001	 1.77948132146336E-0003
 7.55708398216691E-0001	 1.61738155436875E-0003
 7.62162619319940E-0001	 1.38523015641166E-0003
 7.68563556111979E-0001	 1.09044185400845E-0003
 7.74897554482778E-0001	 7.44001212166711E-0004
 7.81153015486478E-0001	 3.61289734209300E-0004
 7.87322678901219E-0001	-3.86819714145398E-0005
 7.93405019017912E-0001	-4.35342915616632E-0004
 7.99404237903105E-0001	-8.08940505165676E-0004
 8.05329167917714E-0001	-1.14234667023694E-0003
 8.11191743832824E-0001	-1.42196068022513E-0003
 8.17005582271935E-0001	-1.63783950261319E-0003
 8.22784926492314E-0001	-1.78336065600397E-0003
 8.28543999501917E-0001	-1.85469673172142E-0003
 8.34296704955448E-0001	-1.85029213470109E-0003
 8.40056584990918E-0001	-1.77045674762586E-0003
 8.45836941343817E-0001	-1.61714570228901E-0003
 8.51651023029526E-0001	-1.39396975435326E-0003
 8.57512170129768E-0001	-1.10646073984631E-0003
 8.63433779100122E-0001	-7.62585722188798E-0004
 8.69428928639614E-0001	-3.73446992614751E-0004
 8.75509496148490E-0001	 4.59914033902219E-0005
 8.81684644537723E-0001	 4.76452148344967E-0004
 8.87958734633347E-0001	 8.94624042620745E-0004
 8.94329072670231E-0001	 1.27467314218810E-0003
 9.00784353859947E-0001	 1.59121133641140E-0003
 9.07304868963121E-0001	 1.82323040951591E-0003
 9.13865044888834E-0001	 1.95765109217960E-0003
 9.20437689342394E-0001	 1.99089440573299E-0003
 9.26998217460820E-0001	 1.92776015019242E-0003
 9.33527126934468E-0001	 1.77838024074242E-0003
 9.40010107931523E-0001	 1.55495560636484E-0003
 9.46436519442982E-0001	 1.26976793404777E-0003
 9.52797634688716E-0001	 9.34933868227254E-0004
 9.59085816424580E-0001	 5.63310231343067E-0004
 9.65294955289952E-0001	 1.69451920544720E-0004
 9.71421661030210E-0001	-2.30248973662261E-0004
 9.77466345467214E-0001	-6.18420156348301E-0004
 9.83433593302669E-0001	-9.78119123251571E-0004
 9.89331744151962E-0001	-1.29418212654279E-0003
 9.95171983781537E-0001	-1.55411876287170E-0003
 1.00096731672727E+0000	-1.74847442809909E-0003
 1.00673167742720E+0000	-1.87078298171856E-0003
 1.01247928976023E+0000	-1.91728801955863E-0003
 1.01822428482791E+0000	-1.88658648904033E-0003
 1.02398053995707E+0000	-1.77930520810918E-0003
 1.02976168454560E+0000	-1.59788935356476E-0003
 1.03558120604814E+0000	-1.34656610405227E-0003
 1.04145256672828E+0000	-1.03153621815631E-0003
 1.04738920382955E+0000	-6.61425004743590E-0004
 1.05340423821864E+0000	-2.47972597921590E-0004
 1.05950967941081E+0000	 1.93158778119309E-0004
 1.06571493305873E+0000	 6.41749770789038E-0004
 1.07202457018476E+0000	 1.07306013752879E-0003
 1.07843569292754E+0000	 1.45917025697130E-0003
 1.08493579784530E+0000	 1.77207101699888E-0003
 1.09150245238022E+0000	 1.98819541621288E-0003
 1.09810576283332E+0000	 2.09297853431674E-0003
 1.10471328908843E+0000	 2.08342918451570E-0003
 1.11129553891578E+0000	 1.96743145484541E-0003
 1.11782976340984E+0000	 1.76026266664097E-0003
 1.12430089020118E+0000	 1.48023506828224E-0003
 1.13070010390379E+0000	 1.14540559175984E-0003
 1.13702255611126E+0000	 7.72214744396932E-0004
 1.14326556923559E+0000	 3.75714606663719E-0004
 1.14942794076695E+0000	-2.95631053184608E-0005
 1.15551018209500E+0000	-4.28974782620452E-0004
 1.16151512203827E+0000	-8.07775400209302E-0004
 1.16744833566618E+0000	-1.15168882500035E-0003
 1.17331814481490E+0000	-1.44770119569246E-0003
 1.17913522625802E+0000	-1.68475667173648E-0003
 1.18491200918653E+0000	-1.85419116237703E-0003
 1.19066204644362E+0000	-1.94989271746469E-0003
 1.19639947809668E+0000	-1.96826131189489E-0003
 1.20213863672272E+0000	-1.90806138257966E-0003
 1.20789379848456E+0000	-1.77024984303310E-0003
 1.21367906080617E+0000	-1.55784761683722E-0003
 1.21950831173327E+0000	-1.27591635151808E-0003
 1.22539523189641E+0000	-9.31701925620981E-0004
 1.23135322645071E+0000	-5.34998647045701E-0004
 1.23739512173382E+0000	-9.87488798949423E-0005
 1.24353239978938E+0000	 3.60207035460604E-0004
 1.24977373587971E+0000	 8.20498603050815E-0004
 1.25612274430091E+0000	 1.25622542870803E-0003
 1.26257523250780E+0000	 1.63828667085754E-0003
 1.26911689074285E+0000	 1.93757186162353E-0003
 1.27572283535653E+0000	 2.12976248707200E-0003
 1.28236011949869E+0000	 2.20029596579374E-0003
 1.28899296078087E+0000	 2.14734469572123E-0003
 1.29558881519222E+0000	 1.98133954460955E-0003
 1.30212287426189E+0000	 1.72134930296652E-0003
 1.30857956393779E+0000	 1.39018564752291E-0003
 1.31495133315736E+0000	 1.01033323733503E-0003
 1.32123615180680E+0000	 6.01809851880732E-0004
 1.32743515751031E+0000	 1.81825768764781E-0004
 1.33355121232195E+0000	-2.34567713340874E-0004
 1.33958841284105E+0000	-6.33668697271901E-0004
 1.34555219495625E+0000	-1.00264333215440E-0003
 1.35144960990736E+0000	-1.32948515780399E-0003
 1.35728948587384E+0000	-1.60328808698889E-0003
 1.36308237417374E+0000	-1.81463586876374E-0003
 1.36884031181752E+0000	-1.95595499310830E-0003
 1.37457648535057E+0000	-2.02175993293009E-0003
 1.38030487561206E+0000	-2.00878703143590E-0003
 1.38603993330582E+0000	-1.91604891410781E-0003
 1.39179630582907E+0000	-1.74485131140594E-0003
 1.39758861601725E+0000	-1.49881306752866E-0003
 1.40343128011268E+0000	-1.18393023260131E-0003
 1.40933833406265E+0000	-8.08731097883210E-0004
 1.41532320009725E+0000	-3.84573271922990E-0004
 1.42139826148652E+0000	 7.38871497915027E-0005
 1.42757403653560E+0000	 5.48108815416601E-0004
 1.43385771104701E+0000	 1.01519932107101E-0003
 1.44025091624531E+0000	 1.44807826557248E-0003
 1.44674705460668E+0000	 1.81698253976851E-0003
 1.45332914521156E+0000	 2.09284232105864E-0003
 1.45996964210253E+0000	 2.25219858606092E-0003
 1.46663326226642E+0000	 2.28210825928142E-0003
 1.47328240969562E+0000	 2.18291853962232E-0003
 1.47988329018858E+0000	 1.96761812748757E-0003
 1.48641045643160E+0000	 1.65815777410938E-0003
 1.49284847485232E+0000	 1.28047037990222E-0003
 1.49919089962835E+0000	 8.60140205456093E-0004
 1.50543779461699E+0000	 4.19852549334398E-0004
 1.51159316224723E+0000	-2.13553416846953E-0005
 1.51766308579007E+0000	-4.47699841295183E-0004
 1.52365475153383E+0000	-8.45855189823091E-0004
 1.52957613718345E+0000	-1.20424944453845E-0003
 1.53543605346899E+0000	-1.51265078226407E-0003
 1.54124428751664E+0000	-1.76204331950643E-0003
 1.54701170490390E+0000	-1.94470447285227E-0003
 1.55275025902837E+0000	-2.05438650719087E-0003
 1.55847291076007E+0000	-2.08653239838536E-0003
 1.56419348137191E+0000	-2.03849086764672E-0003
 1.56992645965051E+0000	-1.90972173846303E-0003
 1.57568677280312E+0000	-1.70199608564948E-0003
 1.58148951969197E+0000	-1.41959883976595E-0003
 1.58734965769571E+0000	-1.06954133628043E-0003
 1.59328162736382E+0000	-6.61794595280612E-0004
 1.59929888025137E+0000	-2.09561563440346E-0004
 1.60541323005312E+0000	 2.70397140872492E-0004
 1.61163387546954E+0000	 7.57423626665299E-0004
 1.61796589418949E+0000	 1.22680562337591E-0003
 1.62440810821498E+0000	 1.65026279758258E-0003
 1.63095063033144E+0000	 1.99775468428638E-0003
 1.63757308909560E+0000	 2.24108457813413E-0003
 1.64424497814978E+0000	 2.35884241931926E-0003
 1.65092900076335E+0000	 2.34099328235405E-0003
 1.65758670101268E+0000	 2.19106528565717E-0003
 1.66418436315148E+0000	 1.92499082100647E-0003
 1.67069717670350E+0000	 1.56727271109612E-0003
 1.67711069820953E+0000	 1.14611376268308E-0003
 1.68341985648008E+0000	 6.89170444607083E-0004
 1.68962656395163E+0000	 2.20912017187590E-0004
 1.69573712322431E+0000	-2.38336224740436E-0004
 1.70176019289113E+0000	-6.72189690202099E-0004
 1.70770553511541E+0000	-1.06748472793662E-0003
 1.71358342205208E+0000	-1.41350385627906E-0003
 1.71940446843442E+0000	-1.70137106245814E-0003
 1.72517968427390E+0000	-1.92367706215316E-0003
 1.73092060864220E+0000	-2.07431435298798E-0003
 1.73663944464551E+0000	-2.14847763557235E-0003
 1.74234915418277E+0000	-2.14278744217192E-0003
 1.74806349076311E+0000	-2.05550582237920E-0003
 1.75379695457227E+0000	-1.88682344387466E-0003
 1.75956465139236E+0000	-1.63920244927769E-0003
 1.76538203167621E+0000	-1.31775654944977E-0003
 1.77126448409526E+0000	-9.30640282119726E-0004
 1.77722676294672E+0000	-4.89408826819128E-0004
 1.78328223699569E+0000	-9.30657257732458E-0006
 1.78944194262305E+0000	 4.90552240611070E-0004
 1.79571338746563E+0000	 9.87159473580516E-0004
 1.80209899962966E+0000	 1.45388441443957E-0003
 1.80859416573662E+0000	 1.86139333730485E-0003
 1.81518514260101E+0000	 2.17979150250097E-0003
 1.82184778788130E+0000	 2.38239396112434E-0003
 1.82854850048311E+0000	 2.45059757775166E-0003
 1.83524810882534E+0000	 2.37807366459591E-0003
 1.84190774723398E+0000	 2.17227606147761E-0003
 1.84849453980932E+0000	 1.85261151272989E-0003
 1.85498525568814E+0000	 1.44627675681336E-0003
 1.86136732190856E+0000	 9.83440937566077E-0004
 1.86763763266565E+0000	 4.93199543269359E-0004
 1.87380014912952E+0000	 1.06014517542538E-0006
 1.87986332286864E+0000	-4.72010631933780E-0004
 1.88583801695825E+0000	-9.09437492684066E-0004
 1.89173614321277E+0000	-1.29835132553680E-0003
 1.89756993107734E+0000	-1.62879015065093E-0003
 1.90335163844254E+0000	-1.89300796213574E-0003
 1.90909352877963E+0000	-2.08497025424379E-0003
 1.91480798968492E+0000	-2.20004424923040E-0003
 1.92050771213609E+0000	-2.23486831199979E-0003
 1.92620587647819E+0000	-2.18738269407011E-0003
 1.93191630279658E+0000	-2.05700721207937E-0003
 1.93765352443903E+0000	-1.84495343740922E-0003
 1.94343273776357E+0000	-1.55465511582813E-0003
 1.94926957327529E+0000	-1.19228692575260E-0003
 1.95517963096719E+0000	-7.67316015737478E-0004
 1.96117773683256E+0000	-2.92996910405046E-0004
 1.96727691564266E+0000	 2.13306530321931E-0004
 1.97348712631481E+0000	 7.30085629201048E-0004
 1.97981383082864E+0000	 1.23201514606986E-0003
 1.98625642911396E+0000	 1.69071106041087E-0003
 1.99280655744273E+0000	 2.07610462156683E-0003
 1.99944645091211E+0000	 2.35885293902983E-0003
 2.00614817190397E+0000	 2.51416311741901E-0003
 2.01287503692093E+0000	 2.52655595712470E-0003
 2.01958598616894E+0000	 2.39376250868754E-0003
 2.02624181139967E+0000	 2.12766133177836E-0003
 2.03281081564679E+0000	 1.75171048146532E-0003
 2.03927201802470E+0000	 1.29621657652039E-0003
 2.04561555661467E+0000	 7.93356435894167E-0004
 2.05184103912885E+0000	 2.73301640527570E-0004
 2.05795493525436E+0000	-2.38026550771107E-0004
 2.06396796104090E+0000	-7.19702712306308E-0004
 2.06989301623079E+0000	-1.15553228363083E-0003
 2.07574383149977E+0000	-1.53330824055445E-0003
 2.08153422852264E+0000	-1.84397260960462E-0003
 2.08727781161790E+0000	-2.08088355425438E-0003
 2.09298792716338E+0000	-2.23926015679786E-0003
 2.09867777548240E+0000	-2.31581410470437E-0003
 2.10436060129507E+0000	-2.30855852140655E-0003
 2.11004991207927E+0000	-2.21678536977085E-0003
 2.11575968029630E+0000	-2.04120882393055E-0003
 2.12150447971953E+0000	-1.78427442570122E-0003
 2.12729949218149E+0000	-1.45062706116222E-0003
 2.13316030454415E+0000	-1.04770900298384E-0003
 2.13910240752971E+0000	-5.86417591658112E-0004
 2.14514032670907E+0000	-8.16934402344985E-0005
 2.15128638069495E+0000	 4.47143459273837E-0004
 2.15754916773872E+0000	 9.76494943004465E-0004
 2.16393196771560E+0000	 1.47912349685725E-0003
 2.17043121269983E+0000	 1.92531232486433E-0003
 2.17703503970714E+0000	 2.28456797714188E-0003
 2.18372199320904E+0000	 2.52817964042506E-0003
 2.19046054435446E+0000	 2.63309155988127E-0003
 2.19721083752912E+0000	 2.58675048922685E-0003
 2.20392960585604E+0000	 2.39099880512641E-0003
 2.21057705931983E+0000	 2.06257219758223E-0003
 2.21712282438573E+0000	 1.62961203417588E-0003
 2.22354874432424E+0000	 1.12601910580068E-0003
 2.22984845805341E+0000	 5.86068234727947E-0004
 2.23602500496580E+0000	 4.06831449721336E-0005
 2.24208781598967E+0000	-4.84392715076961E-0004
 2.24805000581482E+0000	-9.68942820108318E-0004
 2.25392637605850E+0000	-1.39774592429428E-0003
 2.25973216798564E+0000	-1.75969024079445E-0003
 2.26548241397702E+0000	-2.04687135982790E-0003
 2.27119169321563E+0000	-2.25383660905039E-0003
 2.27687412982892E+0000	-2.37702483626331E-0003
 2.28254352409710E+0000	-2.41439767557113E-0003
 2.28821354976675E+0000	-2.36524516845596E-0003
 2.29389797416056E+0000	-2.23015427364342E-0003
 2.29961086353187E+0000	-2.01113916808717E-0003
 2.30536672739172E+0000	-1.71193851490288E-0003
 2.31118053623673E+0000	-1.33847994408183E-0003
 2.31706752378440E+0000	-8.99488052497435E-0004
 2.32304267135240E+0000	-4.07162577875257E-0004
 2.32911979247850E+0000	 1.22218550188713E-0004
 2.33531021566090E+0000	 6.67981679005186E-0004
 2.34162119559494E+0000	 1.20523306528677E-0003
 2.34805428433698E+0000	 1.70561569135868E-0003
 2.35460382715811E+0000	 2.13857532891526E-0003
 2.36125552832421E+0000	 2.47312000906650E-0003
 2.36798506372943E+0000	 2.68047947402853E-0003
 2.37475749780613E+0000	 2.73833301864663E-0003
 2.38152930283587E+0000	 2.63629238546531E-0003
 2.38825423297836E+0000	 2.38020576568864E-0003
 2.39489144822428E+0000	 1.99214975128600E-0003
 2.40141201008714E+0000	 1.50556573073510E-0003
 2.40780112182609E+0000	 9.58269336731403E-0004
 2.41405654303431E+0000	 3.86522450972888E-0004
 2.42018518981968E+0000	-1.78433930956962E-0004
 2.42619962768974E+0000	-7.11608360653727E-0004
 2.43211529138488E+0000	-1.19405488232975E-0003
 2.43794862342707E+0000	-1.61198656039110E-0003
 2.44371600761546E+0000	-1.95571256995530E-0003
 2.44943327394843E+0000	-2.21867155324993E-0003
 2.45511556301945E+0000	-2.39666995332268E-0003
 2.46077739154534E+0000	-2.48734175551316E-0003
 2.46643281715401E+0000	-2.48980748671452E-0003
 2.47209564272241E+0000	-2.40450399715502E-0003
 2.47777962429699E+0000	-2.23316536970111E-0003
 2.48349865347729E+0000	-1.97894793663915E-0003
 2.48926687796268E+0000	-1.64670132234278E-0003
 2.49509870607524E+0000	-1.24338600680335E-0003
 2.50100861870856E+0000	-7.78618556701753E-0004
 2.50701069894210E+0000	-2.65282462394222E-0004
 2.51311780801742E+0000	 2.79919102360803E-0004
 2.51934040558959E+0000	 8.36141427842382E-0004
 2.52568511276298E+0000	 1.37846252486874E-0003
 2.53215315649176E+0000	 1.87838293151632E-0003
 2.53873870599823E+0000	 2.30473703874562E-0003
 2.54542691947140E+0000	 2.62521781230029E-0003
 2.55219177391741E+0000	 2.80929381533242E-0003
 2.55899494232507E+0000	 2.83345847475348E-0003
 2.56578828438300E+0000	 2.68817519932056E-0003
 2.57252144072139E+0000	 2.38297128142623E-0003
 2.57915189444633E+0000	 1.94557458833135E-0003
 2.58565212313540E+0000	 1.41502368300516E-0003
 2.59201091488118E+0000	 8.32984607588633E-0004
 2.59823026658377E+0000	 2.37340906916344E-0004
 2.60432085967169E+0000	-3.40808100512237E-0004
 2.61029809603076E+0000	-8.77625790777290E-0004
 2.61617932659648E+0000	-1.35572683033202E-0003
 2.62198218801256E+0000	-1.76293481250356E-0003
 2.62772375177657E+0000	-2.09106097538783E-0003
 2.63342019681836E+0000	-2.33489292527076E-0003
 2.63908678481661E+0000	-2.49144107275169E-0003
 2.64473798972880E+0000	-2.55942515786082E-0003
 2.65038769097404E+0000	-2.53896109598188E-0003
 2.65604937958512E+0000	-2.43140897951179E-0003
 2.66173634964236E+0000	-2.23935380336872E-0003
 2.66746185621925E+0000	-1.96670364339585E-0003
 2.67323921871188E+0000	-1.61890065963954E-0003
 2.67908183743196E+0000	-1.20324423462097E-0003
 2.68500307588957E+0000	-7.29318238564059E-0004
 2.69101594976056E+0000	-2.09492942615882E-0004
 2.69713256821241E+0000	 3.40557857930502E-0004
 2.70336329743926E+0000	 9.01401588434389E-0004
 2.70971562996806E+0000	 1.44951290498058E-0003
 2.71619267739763E+0000	 1.95709724251676E-0003
 2.72279103480083E+0000	 2.39223208741775E-0003
 2.72949771830467E+0000	 2.71996920252770E-0003
 2.73628654316229E+0000	 2.90575212540315E-0003
 2.74311607734597E+0000	 2.92237149623232E-0003
 2.74993282338418E+0000	 2.75915475205837E-0003
 2.75668122626132E+0000	 2.42816781935867E-0003
 2.76331621590227E+0000	 1.96218557199245E-0003
 2.76981102095502E+0000	 1.40533755371985E-0003
 2.77615731743384E+0000	 8.02625236811547E-0004
 2.78236051411676E+0000	 1.93161697954303E-0004
 2.78843418506911E+0000	-3.92266032846100E-0004
 2.79439575779231E+0000	-9.30941995629955E-0004
 2.80026380266506E+0000	-1.40687599833730E-0003
 2.80605656485874E+0000	-1.80927411429730E-0003
 2.81179129984062E+0000	-2.13120080035176E-0003
 2.81748407883082E+0000	-2.36853916600239E-0003
 2.82314984439194E+0000	-2.51924321648847E-0003
 2.82880258097408E+0000	-2.58283611010837E-0003
 2.83445552282412E+0000	-2.56010059990069E-0003
 2.84012135926919E+0000	-2.45291421689226E-0003
 2.84581242023188E+0000	-2.26419433545550E-0003
 2.85154083644150E+0000	-1.99793282390802E-0003
 2.85731867153063E+0000	-1.65931415215237E-0003
 2.86315801842451E+0000	-1.25492300437281E-0003
 2.86907104109398E+0000	-7.93055944645041E-0004
 2.87506992643160E+0000	-2.84155230820245E-0004
 2.88116669063453E+0000	 2.58616737797288E-0004
 2.88737275208994E+0000	 8.18641718273951E-0004
 2.89369810996914E+0000	 1.37493231387433E-0003
 2.90014981760361E+0000	 1.90109952586620E-0003
 2.90672925359929E+0000	 2.36456561104699E-0003
 2.91342777665483E+0000	 2.72709617324096E-0003
 2.92022137615011E+0000	 2.94859648804592E-0003
 2.92706729988075E+0000	 2.99579066983348E-0003
 2.93390752979311E+0000	 2.85393833935819E-0003
 2.94068102510522E+0000	 2.53463391749407E-0003
 2.94733885621047E+0000	 2.07310865328800E-0003
 2.95385301066225E+0000	 1.51677003246273E-0003
 2.96021581868289E+0000	 9.13050150037478E-0004
 2.96643402778129E+0000	 3.02176253296875E-0004
 2.97252241989057E+0000	-2.84970661692372E-0004
 2.97849919311415E+0000	-8.26138638216803E-0004
 2.98438324034487E+0000	-1.30601534662898E-0003
 2.99019276937716E+0000	-1.71450938345519E-0003
 2.99594472721322E+0000	-2.04532700427867E-0003
 3.00165466581968E+0000	-2.29489681250907E-0003
 3.00733683086903E+0000	-2.46160190158462E-0003
 3.01300434788121E+0000	-2.54525586596600E-0003
 3.01866943811281E+0000	-2.54676036564078E-0003
 3.02434363369528E+0000	-2.46789258307850E-0003
 3.03003798506775E+0000	-2.31118628812728E-0003
 3.03576326677819E+0000	-2.07988818489623E-0003
 3.04153019163634E+0000	-1.77799022841943E-0003
 3.04734963846635E+0000	-1.41035747984446E-0003
 3.05323288495338E+0000	-9.82988629554589E-0004
 3.05919181319182E+0000	-5.03461300531835E-0004
 3.06523901823537E+0000	 1.83740759174208E-0005
 3.07138768826828E+0000	 5.69382195446184E-0004
 3.07765101435583E+0000	 1.13176224173838E-0003
 3.08404070358722E+0000	 1.68136323831630E-0003
 3.09056396345181E+0000	 2.18612874550665E-0003
 3.09721840504689E+0000	 2.60590925542261E-0003
 3.10398540318786E+0000	 2.89591977171658E-0003
 3.11082512881887E+0000	 3.01597032868547E-0003
 3.11767894988931E+0000	 2.94390030258754E-0003
 3.12448210216555E+0000	 2.68555819143428E-0003
 3.13118063677703E+0000	 2.27329443808264E-0003
 3.13774204826999E+0000	 1.75409038126075E-0003
 3.14415547603575E+0000	 1.17621143669648E-0003
 3.15042564266884E+0000	 5.81007164735001E-0004
 3.15656603508895E+0000	 3.25915565816326E-0007
 3.16259392284017E+0000	-5.42860652746633E-0004
 3.16852741863541E+0000	-1.03272577388988E-0003
 3.17438398096987E+0000	-1.45880059134962E-0003
 3.18017977304047E+0000	-1.81448689111568E-0003
 3.18592948977706E+0000	-2.09592269792708E-0003
 3.19164642522226E+0000	-2.30115621769156E-0003
 3.19734265237179E+0000	-2.42956220004768E-0003
 3.20302924836262E+0000	-2.48143777725087E-0003
 3.20871653675942E+0000	-2.45772712144399E-0003
 3.21441434301192E+0000	-2.35984198618717E-0003
 3.22013227123574E+0000	-2.18956583417572E-0003
 3.22588001165145E+0000	-1.94904989089797E-0003
 3.23166768005345E+0000	-1.64092778764018E-0003
 3.23750617511618E+0000	-1.26859057340735E-0003
 3.24340751613538E+0000	-8.36676311790305E-0004
 3.24938508901452E+0000	-3.51839378667834E-0004
 3.25545366997691E+0000	 1.76128179028087E-0004
 3.26162899147040E+0000	 7.32765525271103E-0004
 3.26792644020103E+0000	 1.29704275568476E-0003
 3.27435826867316E+0000	 1.83945133892069E-0003
 3.28092870150305E+0000	 2.32116542541423E-0003
 3.28762715631667E+0000	 2.69639022956950E-0003
 3.29442215901391E+0000	 2.92025540431848E-0003
 3.30126130552034E+0000	 2.96178684536643E-0003
 3.30808130906792E+0000	 2.81562269802606E-0003
 3.31482437288367E+0000	 2.50394270560694E-0003
 3.32145088492246E+0000	 2.06723824524581E-0003
 3.32794242947289E+0000	 1.55126331286283E-0003
 3.33429743565128E+0000	 9.97572832770572E-0004
 3.34052475691256E+0000	 4.39526110067567E-0004
 3.34663841114274E+0000	-9.80053868220459E-0005
 3.35265421189519E+0000	-5.97341820248034E-0004
 3.35858790688774E+0000	-1.04635292328880E-0003
 3.36445428044256E+0000	-1.43697270204110E-0003
 3.37026681839726E+0000	-1.76400570497659E-0003
 3.37603768558944E+0000	-2.02422158028564E-0003
 3.38177786860749E+0000	-2.21569268715155E-0003
 3.38749740173144E+0000	-2.33732217121446E-0003
 3.39320563670369E+0000	-2.38851747453038E-0003
 3.39891154317039E+0000	-2.36898026663901E-0003
 3.40462403820051E+0000	-2.27860300387768E-0003
 3.41035234298378E+0000	-2.11747950223646E-0003
 3.41610635710672E+0000	-1.88604920083424E-0003
 3.42189702955182E+0000	-1.58540303612783E-0003
 3.42773669111371E+0000	-1.21778635070160E-0003
 3.43363929019327E+0000	-7.87343951179351E-0004
 3.43962043098154E+0000	-3.01162351701941E-0004
 3.44569703118754E+0000	 2.29341379551585E-0004
 3.45188627921297E+0000	 7.86702454554939E-0004
 3.45820340098898E+0000	 1.34560869455069E-0003
 3.46465770194161E+0000	 1.87178409233539E-0003
 3.47124685068990E+0000	 2.32312060297291E-0003
 3.47795096304029E+0000	 2.65505668171022E-0003
 3.48473032532840E+0000	 2.83070471271753E-0003
 3.49153079612906E+0000	 2.83208431584400E-0003
 3.49829624205504E+0000	 2.66562771642497E-0003
 3.50498131306401E+0000	 2.35825311436531E-0003
 3.51155791229940E+0000	 1.94742900568726E-0003
 3.51801449005422E+0000	 1.47158595594801E-0003
 3.52435157748233E+0000	 9.64382171177558E-0004
 3.53057694068756E+0000	 4.52699662932293E-0004
 3.53670189173993E+0000	-4.31563218116428E-0005
 3.54273894097623E+0000	-5.08358563430356E-0004
 3.54870048357151E+0000	-9.32275484008942E-0004
 3.55459817439764E+0000	-1.30730877521169E-0003
 3.56044272943122E+0000	-1.62794980110161E-0003
 3.56624397680545E+0000	-1.89006453800159E-0003
 3.57201104561239E+0000	-2.09038104406566E-0003
 3.57775262820512E+0000	-2.22614497090471E-0003
 3.58347728289968E+0000	-2.29491580253288E-0003
 3.58919375914863E+0000	-2.29448972525103E-0003
 3.59491133049582E+0000	-2.22294645082090E-0003
 3.60064011833138E+0000	-2.07882404176579E-0003
 3.60639138606922E+0000	-1.86143016538543E-0003
 3.61217777822755E+0000	-1.57130449688056E-0003
 3.61801346622849E+0000	-1.21085724878512E-0003
 3.62391413307251E+0000	-7.85219517325023E-0004
 3.62989667118591E+0000	-3.03339022726010E-0004
 3.63597837485662E+0000	 2.20690983726062E-0004
 3.64217529885896E+0000	 7.66228593206889E-0004
 3.64849941950018E+0000	 1.30508470093922E-0003
 3.65495450021512E+0000	 1.80189762253823E-0003
 3.66153143522639E+0000	 2.21719856437077E-0003
 3.66820523377345E+0000	 2.51389804698749E-0003
 3.67493648371235E+0000	 2.66576829049235E-0003
 3.68167830355863E+0000	 2.66401417255422E-0003
 3.68838602809809E+0000	 2.51823720974941E-0003
 3.69502493157241E+0000	 2.25168714849189E-0003
 3.70157324071919E+0000	 1.89407758160564E-0003
 3.70802100090559E+0000	 1.47543052654580E-0003
 3.71436696430202E+0000	 1.02245165660517E-0003
 3.72061533085317E+0000	 5.57195313965197E-0004
 3.72677320385711E+0000	 9.71479195843938E-0005
 3.73284891787729E+0000	-3.44040710373090E-0004
 3.73885109465909E+0000	-7.55656200800409E-0004
 3.74478821606425E+0000	-1.12909088894431E-0003
 3.75066852605223E+0000	-1.45718520214797E-0003
 3.75650012142058E+0000	-1.73375769247754E-0003
 3.76229113951818E+0000	-1.95330642719716E-0003
 3.76804998875525E+0000	-2.11085612886740E-0003
 3.77378559004587E+0000	-2.20193012109247E-0003
 3.77950760758850E+0000	-2.22263270642592E-0003
 3.78522665216584E+0000	-2.16983221606970E-0003
 3.79095444322952E+0000	-2.04143965275663E-0003
 3.79670391604771E+0000	-1.83678556898114E-0003
 3.80248925231051E+0000	-1.55710843997264E-0003
 3.80832579130162E+0000	-1.20617661201500E-0003
 3.81422973983191E+0000	-7.91062839072815E-0004
 3.82021754298720E+0000	-3.23057470458007E-0004
 3.82630471932364E+0000	 1.81384585107555E-0004
 3.83250395349497E+0000	 6.99946432922913E-0004
 3.83882238223574E+0000	 1.20453962844034E-0003
 3.84525843587268E+0000	 1.66291121092880E-0003
 3.85179928299338E+0000	 2.04228908563543E-0003
 3.85842041575921E+0000	 2.31467579890261E-0003
 3.86508843554666E+0000	 2.46210226629644E-0003
 3.87176650424945E+0000	 2.47960902141328E-0003
 3.87842037853225E+0000	 2.37473941117401E-0003
 3.88502278905869E+0000	 2.16416382405854E-0003
 3.89155512185077E+0000	 1.86922815611238E-0003
 3.89800677799557E+0000	 1.51212725549065E-0003
 3.90437332359214E+0000	 1.11352953057977E-0003
 3.91065447524731E+0000	 6.91609045249685E-0004
 3.91685250612736E+0000	 2.62010167854346E-0004
 3.92297122550865E+0000	-1.61754999088404E-0004
 3.92901544600885E+0000	-5.67819890618293E-0004
 3.93499077832827E+0000	-9.45561870787169E-0004
 3.94090360734613E+0000	-1.28534167302378E-0003
 3.94676114844415E+0000	-1.57837776648643E-0003
 3.95257152613396E+0000	-1.81672882318176E-0003
 3.95834384558332E+0000	-1.99335795197883E-0003
 3.96408824273984E+0000	-2.10225888039915E-0003
 3.96981590658278E+0000	-2.13863098985865E-0003
 3.97553907101179E+0000	-2.09909750783423E-0003
 3.98127097313702E+0000	-1.98197020704776E-0003
 3.98702576670198E+0000	-1.78757298975071E-0003
 3.99281836234250E+0000	-1.51864146106732E-0003
 3.99866414053725E+0000	-1.18080971464648E-0003
 4.00457845181201E+0000	-7.83170238262431E-0004
 4.01057579287558E+0000	-3.38836751481560E-0004
 4.01666855271710E+0000	 1.34655304107891E-0004
 4.02286530409529E+0000	 6.15396902318869E-0004
 4.02916881851246E+0000	 1.07797091863914E-0003
 4.03557428849526E+0000	 1.49542069492711E-0003
 4.04206848626300E+0000	 1.84224747350948E-0003
 4.04863050103706E+0000	 2.09780971943270E-0003
 4.05523416250906E+0000	 2.24910515165552E-0003
 4.06185154384424E+0000	 2.29202512639221E-0003
 4.06845648585704E+0000	 2.23074967941576E-0003
 4.07502712354821E+0000	 2.07567347258256E-0003
 4.08154688993013E+0000	 1.84076973565943E-0003
 4.08800417193664E+0000	 1.54134469897770E-0003
 4.09439128424964E+0000	 1.19270041660937E-0003
 4.10070344552442E+0000	 8.09655104214311E-0004
 4.10693812060111E+0000	 4.06544975604958E-0004
 4.11309474981726E+0000	-2.66867829198678E-0006
 4.11917471046721E+0000	-4.04395624366567E-0004
 4.12518134259225E+0000	-7.85559130662962E-0004
 4.13111993556940E+0000	-1.13383900270466E-0003
 4.13699764013625E+0000	-1.43795077514029E-0003
 4.14282331237193E+0000	-1.68791293555706E-0003
 4.14860731284189E+0000	-1.87527773617016E-0003
 4.15436128603648E+0000	-1.99332104559996E-0003
 4.16009793957789E+0000	-2.03720141509689E-0003
 4.16583083209505E+0000	-2.00410854276775E-0003
 4.17157416418532E+0000	-1.89342601467716E-0003
 4.17734254966370E+0000	-1.70693118297500E-0003
 4.18315072602078E+0000	-1.44904445816113E-0003
 4.18901314649399E+0000	-1.12711847834121E-0003
 4.19494338743585E+0000	-7.51721374073312E-0004
 4.20095331564217E+0000	-3.36817123682747E-0004
 4.20705200845112E+0000	 1.00310556478415E-0004
 4.21324451824274E+0000	 5.39577185800758E-0004
 4.21953070964364E+0000	 9.59207551660191E-0004
 4.22590451148837E+0000	 1.33743904628098E-0003
 4.23235392459244E+0000	 1.65459301822867E-0003
 4.23886196234073E+0000	 1.89508533206964E-0003
 4.24540842696555E+0000	 2.04887872452624E-0003
 4.25197214116527E+0000	 2.11198131016959E-0003
 4.25853304626486E+0000	 2.08586427575542E-0003
 4.26507356982505E+0000	 1.97608017785368E-0003
 4.27157898776344E+0000	 1.79072154051775E-0003
 4.27803703394289E+0000	 1.53936130470259E-0003
 4.28443735078920E+0000	 1.23271019513706E-0003
 4.29077128017793E+0000	 8.82742986276675E-0004
 4.29703211666291E+0000	 5.02843617454739E-0004
 4.30321561721679E+0000	 1.07649896006001E-0004
 4.30932046752257E+0000	-2.87458480813181E-0004
 4.31534850159382E+0000	-6.67094404825949E-0004
 4.32130462184324E+0000	-1.01663410661129E-0003
 4.32719647529932E+0000	-1.32288077428628E-0003
 4.33303398659973E+0000	-1.57455073133118E-0003
 4.33882884626335E+0000	-1.76257620503733E-0003
 4.34459402571379E+0000	-1.88026062450799E-0003
 4.35034335530497E+0000	-1.92334112763218E-0003
 4.35609116869033E+0000	-1.89001323987745E-0003
 4.36185199133240E+0000	-1.78096080160928E-0003
 4.36764023382150E+0000	-1.59941528684343E-0003
 4.37346984147061E+0000	-1.35124521750981E-0003
 4.37935385100330E+0000	-1.04504887074439E-0003
 4.38530381653666E+0000	-6.92192578941006E-0004
 4.39132909633614E+0000	-3.06707217864020E-0004
 4.39743604308155E+0000	 9.50613135234863E-0005
 4.40362720833656E+0000	 4.95137844097794E-0004
 4.40990073549046E+0000	 8.74970528839468E-0004
 4.41625014190039E+0000	 1.21677841102432E-0003
 4.42266465353261E+0000	 1.50500323399287E-0003
 4.42913014729265E+0000	 1.72757707607419E-0003
 4.43563058259766E+0000	 1.87667886003333E-0003
 4.44214958649482E+0000	 1.94873180582658E-0003
 4.44867169663853E+0000	 1.94365406308801E-0003
 4.45518284998060E+0000	 1.86375283078052E-0003
 4.46167010300683E+0000	 1.71287940678099E-0003
 4.46812104319112E+0000	 1.49628913276688E-0003
 4.47452352410945E+0000	 1.22115863325645E-0003
 4.48086609380568E+0000	 8.97275910736009E-0004
 4.48713901566424E+0000	 5.37342546864992E-0004
 4.49333545119635E+0000	 1.56598551855825E-0004
 4.49945235155413E+0000	-2.28152442916745E-0004
 4.50549080647620E+0000	-5.99810524408662E-0004
 4.51145584470866E+0000	-9.42204809748221E-0004
 4.51735584380598E+0000	-1.24104962376900E-0003
 4.52320175833589E+0000	-1.48454973887433E-0003
 4.52900634206619E+0000	-1.66368821621353E-0003
 4.53478346862207E+0000	-1.77228980212476E-0003
 4.54054758503384E+0000	-1.80696235139608E-0003
 4.54631328284901E+0000	-1.76699845236009E-0003
 4.55209494461764E+0000	-1.65428813891794E-0003
 4.55790641409673E+0000	-1.47326217918597E-0003
 4.56376064037661E+0000	-1.23085751269567E-0003
 4.56966925617997E+0000	-9.36471854936013E-0004
 4.57564206902417E+0000	-6.01853115509075E-0004
 4.58168647280341E+0000	-2.40853395897759E-0004
 4.58780682794047E+0000	 1.31026976886038E-0004
 4.59400390788608E+0000	 4.97362949167497E-0004
 4.60027455775272E+0000	 8.41803844205228E-0004
 4.60661173468652E+0000	 1.14926732743094E-0003
 4.61300506457417E+0000	 1.40712900473213E-0003
 4.61944192120883E+0000	 1.60610309789218E-0003
 4.62590881287833E+0000	 1.74050187187946E-0003
 4.63239263662561E+0000	 1.80774106766286E-0003
 4.63888131192089E+0000	 1.80731445903659E-0003
 4.64536356797266E+0000	 1.73979648071885E-0003
 4.65182813676979E+0000	 1.60647394880765E-0003
 4.65826298491142E+0000	 1.40986207281008E-0003
 4.66465522442315E+0000	 1.15482964713724E-0003
 4.67099196394645E+0000	 8.49688756297664E-0004
 4.67726184913373E+0000	 5.06618480844307E-0004
 4.68345671047936E+0000	 1.41143210167746E-0004
 4.68957274409111E+0000	-2.29173798205263E-0004
 4.69561092226448E+0000	-5.86381075264940E-0004
 4.70157666521496E+0000	-9.13671046251092E-0004
 4.70747902775565E+0000	-1.19649967362649E-0003
 4.71332970528357E+0000	-1.42321860382931E-0003
 4.71914208918298E+0000	-1.58530241095754E-0003
 4.72493048699060E+0000	-1.67731594263154E-0003
 4.73070952772042E+0000	-1.69675808470037E-0003
 4.73649371736615E+0000	-1.64387794681691E-0003
 4.74229708755481E+0000	-1.52151548859753E-0003
 4.74813287806926E+0000	-1.33498253901622E-0003
 4.75401320090282E+0000	-1.09197280079745E-0003
 4.75994864485999E+0000	-8.02467115363213E-0004
 4.76594779626493E+0000	-4.78579143029922E-0004
 4.77201667868744E+0000	-1.34266080006584E-0004
 4.77815816083083E+0000	 2.15183802494669E-0004
 4.78437144979125E+0000	 5.53960916869756E-0004
 4.79065185961205E+0000	 8.66846472043512E-0004
 4.79699107221636E+0000	 1.14049320802280E-0003
 4.80337801969325E+0000	 1.36456930910868E-0003
 4.80980028243078E+0000	 1.53236392945068E-0003
 4.81624559832626E+0000	 1.64056263764983E-0003
 4.82270291104521E+0000	 1.68824526120722E-0003
 4.82916252686101E+0000	 1.67557217317480E-0003
 4.83561537665680E+0000	 1.60283449557231E-0003
 4.84205185095176E+0000	 1.47038811409571E-0003
 4.84846091549761E+0000	 1.27954940097638E-0003
 4.85483009724359E+0000	 1.03404242201554E-0003
 4.86114652192571E+0000	 7.41299061582341E-0004
 4.86739868927420E+0000	 4.12964816659379E-0004
 4.87357833981931E+0000	 6.43264614984627E-0005
 4.87968176813734E+0000	-2.87145280858972E-0004
 4.88571024367442E+0000	-6.23620376780978E-0004
 4.89166959810562E+0000	-9.28561668986904E-0004
 4.89756929702545E+0000	-1.18788078004196E-0003
 4.90342135321525E+0000	-1.39054093789858E-0003
 4.90923933174589E+0000	-1.52872537873778E-0003
 4.91503755759722E+0000	-1.59774483148057E-0003
 4.92083053295373E+0000	-1.59583448345891E-0003
 4.92663251740639E+0000	-1.52394071762751E-0003
 4.93245720566728E+0000	-1.38555053933010E-0003
 4.93831743593146E+0000	-1.18658055172907E-0003
 4.94422486599766E+0000	-9.35314173915988E-0004
 4.95018956076298E+0000	-6.42347732981817E-0004
 4.95621944993094E+0000	-3.20471524260497E-0004
 4.96231965326673E+0000	 1.56275500968518E-0005
 4.96849174880871E+0000	 3.49980432077403E-0004
 4.97473317596485E+0000	 6.66375222052700E-0004
 4.98103707309254E+0000	 9.49794489660335E-0004
 4.98739284573563E+0000	 1.18798593483868E-0003
 4.99378754865180E+0000	 1.37267129464321E-0003
 5.00020777205677E+0000	 1.49987535123115E-0003
 5.00664137627699E+0000	 1.56916787211663E-0003
 5.01307839997595E+0000	 1.58212847566424E-0003
 5.01951084030144E+0000	 1.54073564340051E-0003
 5.02593153650602E+0000	 1.44639817048217E-0003
 5.03233277242278E+0000	 1.30002076241242E-0003
 5.03870529799210E+0000	 1.10303580193609E-0003
 5.04503827815055E+0000	 8.58936190435005E-0004
 5.05132029683212E+0000	 5.74632084345144E-0004
 5.05754109861998E+0000	 2.61011779332931E-0004
 5.06369343092915E+0000	-6.75733187840300E-0005
 5.06977434070203E+0000	-3.94708638094309E-0004
 5.07578558688717E+0000	-7.03679374960180E-0004
 5.08173323569350E+0000	-9.79056089714056E-0004
 5.08762676238046E+0000	-1.20778852056168E-0003
 5.09347801306372E+0000	-1.37976229443647E-0003
 5.09930026731887E+0000	-1.48794238889230E-0003
 5.10510750435708E+0000	-1.52827585142275E-0003
 5.11091387622143E+0000	-1.49950194129610E-0003
 5.11673333941234E+0000	-1.40297053454440E-0003
 5.12257937521905E+0000	-1.24252573431789E-0003
 5.12846472083680E+0000	-1.02447624118025E-0003
 5.13440102827566E+0000	-7.57640339909524E-0004
 5.14039836760748E+0000	-4.53410479228284E-0004
 5.14646450972558E+0000	-1.25723099943750E-0004
 5.15260398765406E+0000	 2.09248270565530E-0004
 5.15881706910212E+0000	 5.33895390219283E-0004
 5.16509896363590E+0000	 8.30622568849824E-0004
 5.17143973725688E+0000	 1.08384158246059E-0003
 5.17782533411728E+0000	 1.28203028751601E-0003
 5.18423968656179E+0000	 1.41908074737728E-0003
 5.19066728972794E+0000	 1.49429021231293E-0003
 5.19709526656204E+0000	 1.51095160151904E-0003
 5.20351417575414E+0000	 1.47419205035810E-0003
 5.20991745474709E+0000	 1.38899821345823E-0003
 5.21629997834648E+0000	 1.25914211568803E-0003
 5.22265645926226E+0000	 1.08724809235304E-0003
 5.22898034822994E+0000	 8.75805519497978E-0004
 5.23526364735401E+0000	 6.28639951804736E-0004
 5.24149771066697E+0000	 3.52223503317476E-0004
 5.24767473277357E+0000	 5.62779496403494E-0005
 5.25378935950723E+0000	-2.46575648020592E-0004
 5.25983985185307E+0000	-5.41958741240643E-0004
 5.26582850031182E+0000	-8.15221207041085E-0004
 5.27176133451160E+0000	-1.05280535537279E-0003
 5.27764739532761E+0000	-1.24320976587022E-0003
 5.28349786981618E+0000	-1.37750188509599E-0003
 5.28932530101997E+0000	-1.44947658858090E-0003
 5.29514296998121E+0000	-1.45560780244954E-0003
 5.30096445940882E+0000	-1.39492793859294E-0003
 5.30680335614456E+0000	-1.26893495035511E-0003
 5.31267302046542E+0000	-1.08159031379601E-0003
 5.31858633007199E+0000	-8.39435941662345E-0004
 5.32455528881500E+0000	-5.51815235324062E-0004
 5.33059038113813E+0000	-2.31119957278098E-0004
 5.33669957657873E+0000	 1.07107976204008E-0004
 5.34288698603047E+0000	 4.44497857347943E-0004
 5.34915138308667E+0000	 7.60929761153764E-0004
 5.35548510690471E+0000	 1.03658672891357E-0003
 5.36187408143391E+0000	 1.25477726755881E-0003
 5.36829950192311E+0000	 1.40470617172414E-0003
 5.37474099250925E+0000	 1.48300358244762E-0003
 5.38118012712443E+0000	 1.49321476901196E-0003
 5.38760290967344E+0000	 1.44349488913441E-0003
 5.39400042826555E+0000	 1.34363429153361E-0003
 5.40036787016003E+0000	 1.20262736985072E-0003
 5.40670268599172E+0000	 1.02745494336917E-0003
 5.41300274591029E+0000	 8.23126645685232E-0004
 5.41926508604660E+0000	 5.93637135403982E-0004
 5.42548553750685E+0000	 3.43320858532549E-0004
 5.43165923190432E+0000	 7.80656666906974E-0005
 5.43778170530306E+0000	-1.94044483794852E-0004
 5.44385014921761E+0000	-4.62841542614062E-0004
 5.44986437068989E+0000	-7.16824481404768E-0004
 5.45582721588810E+0000	-9.44227148279445E-0004
 5.46174446098112E+0000	-1.13405551088718E-0003
 5.46762434544415E+0000	-1.27686816273009E-0003
 5.47347696662255E+0000	-1.36523565188042E-0003
 5.47931370577326E+0000	-1.39393329870271E-0003
 5.48514677554770E+0000	-1.35997580708800E-0003
 5.49098890690099E+0000	-1.26260729723923E-0003
 5.49685314084697E+0000	-1.10334217464315E-0003
 5.50275265175457E+0000	-8.86125146791290E-0004
 5.50870049501273E+0000	-6.17643915595061E-0004
 5.51470913948973E+0000	-3.07775920446271E-0004
 5.52078962420983E+0000	 2.99353903185423E-0005
 5.52695020248241E+0000	 3.78012326009481E-0004
 5.53319447003320E+0000	 7.15384425577481E-0004
 5.53951928986953E+0000	 1.01883951398636E-0003
 5.54591330177965E+0000	 1.26590188156781E-0003
 5.55235713816645E+0000	 1.43878037685022E-0003
 5.55882610152425E+0000	 1.52804506872669E-0003
 5.56529477992686E+0000	 1.53423949479417E-0003
 5.57174173828757E+0000	 1.46650849291540E-0003
 5.57815233171779E+0000	 1.33902011544414E-0003
 5.58451894707209E+0000	 1.16699299851250E-0003
 5.59083935006360E+0000	 9.63825613073586E-0004
 5.59711432716293E+0000	 7.39844838221513E-0004
 5.60334556887768E+0000	 5.02429779843592E-0004
 5.60953428338252E+0000	 2.56972414432491E-0004
 5.61568066688878E+0000	 8.13304188777625E-0006
 5.62178412234868E+0000	-2.39048774821456E-0004
 5.62784396758389E+0000	-4.78480440189767E-0004
 5.63386030296936E+0000	-7.02890250665664E-0004
 5.63983473846338E+0000	-9.04174681189428E-0004
 5.64577080027059E+0000	-1.07401869203096E-0003
 5.65167399049846E+0000	-1.20456314214339E-0003
 5.65755158983869E+0000	-1.28895539560582E-0003
 5.66341233927822E+0000	-1.32171750287281E-0003
 5.66926612129698E+0000	-1.29895215846584E-0003
 5.67512371344997E+0000	-1.21845794678656E-0003
 5.68099663274559E+0000	-1.07984383159024E-0003
 5.68689703904733E+0000	-8.84728925867040E-0004
 5.69283762005505E+0000	-6.37094953595912E-0004
 5.69883133508969E+0000	-3.43824921771380E-0004
 5.70489084849678E+0000	-1.54013374591168E-0005
 5.71102744812949E+0000	 3.33371101320307E-0004
 5.71724926512646E+0000	 6.82933986799386E-0004
 5.72355878722981E+0000	 1.00938946233037E-0003
 5.72995011602365E+0000	 1.28646920305515E-0003
 5.73640713263883E+0000	 1.48948557531021E-0003
 5.74290419889069E+0000	 1.60062643397016E-0003
 5.74941030147220E+0000	 1.61348063767937E-0003
 5.75589546695918E+0000	 1.53427948659288E-0003
 5.76233652056072E+0000	 1.37906907274237E-0003
 5.76871975974258E+0000	 1.16853784735881E-0003
 5.77504029946267E+0000	 9.23127777683567E-0004
 5.78129950408959E+0000	 6.60019921435211E-0004
 5.78750208909051E+0000	 3.92131725756819E-0004
 5.79365382239675E+0000	 1.28498529660281E-0004
 5.79976011335468E+0000	-1.24674826086829E-0004
 5.80582542333520E+0000	-3.62819234129655E-0004
 5.81185329434678E+0000	-5.81986200880736E-0004
 5.81784675395689E+0000	-7.78177593281157E-0004
 5.82380886202755E+0000	-9.47061722711047E-0004
 5.82974320839180E+0000	-1.08401818144924E-0003
 5.83565424624494E+0000	-1.18439067251952E-0003
 5.84154743347861E+0000	-1.24381309050345E-0003
 5.84742922495818E+0000	-1.25850589421485E-0003
 5.85330699375216E+0000	-1.22549677639593E-0003
 5.85918895695172E+0000	-1.14277740706298E-0003
 5.86508415251380E+0000	-1.00945028143740E-0003
 5.87100247053513E+0000	-8.25940717954800E-0004
 5.87695469469239E+0000	-5.94349814654454E-0004
 5.88295246067918E+0000	-3.19006979660944E-0004
 5.88900798689385E+0000	-7.24340463193916E-0006
 5.89513337728374E+0000	 3.29662914623428E-0004
 5.90133925185146E+0000	 6.75554699162302E-0004
 5.90763248959091E+0000	 1.00889493034341E-0003
 5.91401311791632E+0000	 1.30343457097204E-0003
 5.92047103605365E+0000	 1.53095976519616E-0003
 5.92698423409134E+0000	 1.66652734944231E-0003
 5.93352060938409E+0000	 1.69498024524895E-0003
 5.94004406319726E+0000	 1.61564343222901E-0003
 5.94652254875959E+0000	 1.44223871448389E-0003
 5.95293406440797E+0000	 1.19804308770704E-0003
 5.95926828300801E+0000	 9.09307449334292E-0004
 5.96552455877631E+0000	 6.00074627052266E-0004
 5.97170848439829E+0000	 2.89596045943758E-0004
 5.97782870248308E+0000	-8.10756019471726E-0006
 5.98389466615270E+0000	-2.83500101551977E-0004
 5.98991537354715E+0000	-5.30368333564340E-0004
 5.99589884828259E+0000	-7.44687447935925E-0004
 6.00185210588476E+0000	-9.23718448856099E-0004
 6.00778138432346E+0000	-1.06540316196648E-0003
 6.01369246650189E+0000	-1.16804290483594E-0003
 6.01959097495969E+0000	-1.23019774556538E-0003
 6.02548257565800E+0000	-1.25071827037236E-0003
 6.03137308365273E+0000	-1.22882296904688E-0003
 6.03726850772681E+0000	-1.16416051886115E-0003
 6.04317509323150E+0000	-1.05683911350845E-0003
 6.04909941759443E+0000	-9.07451735849267E-0004
 6.05504856301483E+0000	-7.17163643191103E-0004
 6.06103034329028E+0000	-4.87945980508518E-0004
 6.06705350683519E+0000	-2.23032535064149E-0004
 6.07312778373685E+0000	 7.23542411021664E-0005
 6.07926359225741E+0000	 3.90017264643325E-0004
 6.08547116837687E+0000	 7.17642983512332E-0004
 6.09175885165675E+0000	 1.03778019854572E-0003
 6.09813034236402E+0000	 1.32750708153964E-0003
 6.10458113595651E+0000	 1.55970450970137E-0003
 6.11109523138647E+0000	 1.70690334782734E-0003
 6.11764429508707E+0000	 1.74771880767194E-0003
 6.12419141721879E+0000	 1.67369932264081E-0003
 6.13069910762839E+0000	 1.49271321692519E-0003
 6.13713776023883E+0000	 1.22647678092674E-0003
 6.14349033027944E+0000	 9.03862818566029E-0004
 6.14975208852343E+0000	 5.53962088193796E-0004
 6.15592736873094E+0000	 2.01642486644617E-0004
 6.16202574972773E+0000	-1.34065924389834E-0004
 6.16805904390533E+0000	-4.39733286680073E-0004
 6.17403940382813E+0000	-7.06486113516184E-0004
 6.17997835193070E+0000	-9.28820069124299E-0004
 6.18588642681658E+0000	-1.10358096702260E-0003
 6.19177318213397E+0000	-1.22921815635393E-0003
 6.19764734395426E+0000	-1.30531154962552E-0003
 6.20351699362495E+0000	-1.33232318042464E-0003
 6.20938969520609E+0000	-1.31149824730821E-0003
 6.21527253556003E+0000	-1.24483105162105E-0003
 6.22117209177728E+0000	-1.13501909706966E-0003
 6.22709437972481E+0000	-9.85356078380048E-0004
 6.23304485956224E+0000	-7.99560409972603E-0004
 6.23902856796268E+0000	-5.81592485748347E-0004
 6.24505040536606E+0000	-3.35564501231259E-0004
 6.25111553430407E+0000	-6.58697593082054E-0005
 6.25722976010836E+0000	 2.22362213401492E-0004
 6.26339969116885E+0000	 5.22443994588822E-0004
 6.26963242514579E+0000	 8.25004318460287E-0004
 6.27593448426004E+0000	 1.11676651914859E-0003
