-2.78865917212554E-0004	 1.59125555952516E-0003
 6.18477282561138E-0003	 1.63213802070401E-0003
 1.26573960236066E-0002	 1.60514548303623E-0003
 1.91251664118727E-0002	 1.50648556575030E-0003
 2.55720375426164E-0002	 1.33504124284792E-0003
 3.19801610535563E-0002	 1.09384364439824E-0003
 3.83314161020519E-0002	 7.91509078690744E-0004
 4.46099404297893E-0002	 4.42700230622849E-0004
 5.08047616650811E-0002	 6.70145797301111E-0005
 5.69114415323747E-0002	-3.13406399026719E-0004
 6.29322401225724E-0002	-6.76595943637408E-0004
 6.88750935678982E-0002	-1.00292097906244E-0003
 7.47520686323482E-0002	-1.27632064910989E-0003
 8.05778548686191E-0002	-1.48474044272675E-0003
 8.63685671458740E-0002	-1.62007352884766E-0003
 9.21408939097725E-0002	-1.67789852088916E-0003
 9.79115046402124E-0002	-1.65719815361318E-0003
 1.03696595250666E-0001	-1.56013917809613E-0003
 1.09511461846780E-0001	-1.39191519806572E-0003
 1.15370028210153E-0001	-1.16060043415363E-0003
 1.21284303189258E-0001	-8.76931612717094E-0004
 1.27263806144324E-0001	-5.53933990899805E-0004
 1.33315055779947E-0001	-2.06346721433741E-0004
 1.39441238436047E-0001	 1.50120353024737E-0004
 1.45642126698027E-0001	 4.99587219960596E-0004
 1.51914218805321E-0001	 8.26730104077994E-0004
 1.58250985056376E-0001	 1.11737750837274E-0003
 1.64643127021532E-0001	 1.35904319326709E-0003
 1.71078890657507E-0001	 1.54151402523647E-0003
 1.77544608978307E-0001	 1.65749483016886E-0003
 1.84025608157227E-0001	 1.70308851435963E-0003
 1.90507338187071E-0001	 1.67778268181911E-0003
 1.96976290005772E-0001	 1.58382487006835E-0003
 2.03420266632126E-0001	 1.42530522629379E-0003
 2.09827983246167E-0001	 1.20754808394166E-0003
 2.16188482542724E-0001	 9.37242533871609E-0004
 2.22491040836585E-0001	 6.23205498437328E-0004
 2.28725930600741E-0001	 2.77171320327166E-0004
 2.34885815091549E-0001	-8.60727143654795E-0005
 2.40967130275728E-0001	-4.49480967081856E-0004
 2.46970856592100E-0001	-7.95204972394499E-0004
 2.52902482790440E-0001	-1.10616512715710E-0003
 2.58771356761274E-0001	-1.36729522212474E-0003
 2.64589771400051E-0001	-1.56629727612125E-0003
 2.70372069566513E-0001	-1.69397565392389E-0003
 2.76133907576043E-0001	-1.74431671593214E-0003
 2.81891692146698E-0001	-1.71447423605338E-0003
 2.87662131664972E-0001	-1.60476897726531E-0003
 2.93461810584935E-0001	-1.41874936181072E-0003
 2.99306691642284E-0001	-1.16330102470382E-0003
 3.05211469367626E-0001	-8.48737409420582E-0004
 3.11188744363495E-0001	-4.88756242670113E-0004
 3.17248064179042E-0001	-1.00125208093162E-0004
 3.23394968035694E-0001	 2.98008416731475E-0004
 3.29630233382181E-0001	 6.85192196554955E-0004
 3.35949496993149E-0001	 1.04100975833218E-0003
 3.42343310688328E-0001	 1.34650710321524E-0003
 3.48797589806649E-0001	 1.58557783765202E-0003
 3.55294443326245E-0001	 1.74627640509502E-0003
 3.61813502614551E-0001	 1.82197646631247E-0003
 3.68333840950654E-0001	 1.81204441329835E-0003
 3.74836212416996E-0001	 1.72154355612490E-0003
 3.81304888961353E-0001	 1.55979026811069E-0003
 3.87728371810371E-0001	 1.33824442639226E-0003
 3.94098836259036E-0001	 1.06864051590800E-0003
 4.00410856674986E-0001	 7.62064190263291E-0004
 4.06660225095701E-0001	 4.29071040972107E-0004
 4.12843440149450E-0001	 8.04062733194172E-0005
 4.18957966836942E-0001	-2.72298387038048E-0004
 4.25002964183811E-0001	-6.16300491898221E-0004
 4.30980034169095E-0001	-9.38098878495096E-0004
 4.36893662645919E-0001	-1.22417463438654E-0003
 4.42751256049722E-0001	-1.46183230589328E-0003
 4.48562864491825E-0001	-1.63992203916896E-0003
 4.54340750797206E-0001	-1.74935859789622E-0003
 4.60098938329210E-0001	-1.78346391296180E-0003
 4.65852803348724E-0001	-1.73821353646209E-0003
 4.71618710563853E-0001	-1.61247293172829E-0003
 4.77413638594218E-0001	-1.40828581053175E-0003
 4.83254706447893E-0001	-1.13123490285377E-0003
 4.89158494137071E-0001	-7.90836874498037E-0004
 4.95140061399868E-0001	-4.00856580729023E-0004
 5.01211630489666E-0001	 2.06574080403484E-0005
 5.07381031270627E-0001	 4.51864356906420E-0004
 5.13650189053475E-0001	 8.68347794597502E-0004
 5.20014072028398E-0001	 1.24505633210102E-0003
 5.26460471060442E-0001	 1.55868812834788E-0003
 5.32970737616482E-0001	 1.79007091782517E-0003
 5.39521355254405E-0001	 1.92616533713890E-0003
 5.46086183451862E-0001	 1.96147196578727E-0003
 5.52639253326064E-0001	 1.89857016877913E-0003
 5.59157749084932E-0001	 1.74738230821437E-0003
 5.65624361604657E-0001	 1.52303188321967E-0003
 5.72028180819663E-0001	 1.24288796804343E-0003
 5.78363961603555E-0001	 9.23879269818185E-0004
 5.84630388195373E-0001	 5.80920337782823E-0004
 5.90828245679016E-0001	 2.26609925947428E-0004
 5.96959153828407E-0001	-1.28194103665039E-0004
 6.03025073628218E-0001	-4.73500298124255E-0004
 6.09028443686649E-0001	-7.99472461620070E-0004
 6.14972643131742E-0001	-1.09610745121766E-0003
 6.20862489936757E-0001	-1.35330602869031E-0003
 6.26704594754365E-0001	-1.56121132321633E-0003
 6.32507517120291E-0001	-1.71066357918957E-0003
 6.38281757319450E-0001	-1.79366321694838E-0003
 6.44039647841062E-0001	-1.80379972165125E-0003
 6.49795195978442E-0001	-1.73665842056592E-0003
 6.55563893723138E-0001	-1.59024821184445E-0003
 6.61362466462969E-0001	-1.36550034207344E-0003
 6.67208484131346E-0001	-1.06687184946142E-0003
 6.73119712139708E-0001	-7.03041464711737E-0004
 6.79113049410721E-0001	-2.87598495708144E-0004
 6.85202924410501E-0001	 1.60509896230447E-0004
 6.91399158702158E-0001	 6.17160266723984E-0004
 6.97704606516797E-0001	 1.05431158604679E-0003
 7.04113259889021E-0001	 1.44258072374099E-0003
 7.10609679996655E-0001	 1.75481828561004E-0003
 7.17170249100594E-0001	 1.96975324355254E-0003
 7.23765957891872E-0001	 2.07466299708449E-0003
 7.30365920638336E-0001	 2.06655791156606E-0003
 7.36940922726792E-0001	 1.95192273361784E-0003
 7.43466554034481E-0001	 1.74514430578268E-0003
 7.49925388810647E-0001	 1.46578341423233E-0003
 7.56307637194449E-0001	 1.13526407201339E-0003
 7.62610190566501E-0001	 7.73943698987024E-0004
 7.68834665477405E-0001	 3.99332435243997E-0004
 7.74985311688034E-0001	 2.56120770436335E-0005
 7.81067414868241E-0001	-3.35906157850718E-0004
 7.87086419641597E-0001	-6.75907682610136E-0004
 7.93047691386945E-0001	-9.86209177212104E-0004
 7.98956696550331E-0001	-1.25913806167851E-0003
 8.04819373357959E-0001	-1.48722385735717E-0003
 8.10642526143172E-0001	-1.66316223043351E-0003
 8.16434155098965E-0001	-1.77997193669474E-0003
 8.22203696210981E-0001	-1.83127187333377E-0003
 8.27962180199111E-0001	-1.81163591544086E-0003
 8.33722325598645E-0001	-1.71701774230040E-0003
 8.39498566337964E-0001	-1.54526565149021E-0003
 8.45306983331874E-0001	-1.29676362522181E-0003
 8.51165063527205E-0001	-9.75234400441318E-0004
 8.57091148657595E-0001	-5.88710120570186E-0004
 8.63103370371409E-0001	-1.50591102263391E-0004
 8.69217841098511E-0001	 3.19458294586253E-0004
 8.75445980800053E-0001	 7.95286943502652E-0004
 8.81791248011849E-0001	 1.24544594025743E-0003
 8.88246226662933E-0001	 1.63640090986241E-0003
 8.94791584369562E-0001	 1.93753804364970E-0003
 9.01398039172104E-0001	 2.12642294340088E-0003
 9.08030910731431E-0001	 2.19219663243979E-0003
 9.14655385033154E-0001	 2.13605648296046E-0003
 9.21240760031687E-0001	 1.96944518330542E-0003
 9.27763132278951E-0001	 1.71114823795976E-0003
 9.34206665291012E-0001	 1.38403552811164E-0003
 9.40563534889815E-0001	 1.01186702537493E-0003
 9.46832686137857E-0001	 6.16677719847356E-0004
 9.53017863997733E-0001	 2.17202661507175E-0004
 9.59125569968771E-0001	-1.71571189027636E-0004
 9.65163449101548E-0001	-5.38015208455975E-0004
 9.71139305355991E-0001	-8.73059879996655E-0004
 9.77060694048328E-0001	-1.16934588602203E-0003
 9.82934922381969E-0001	-1.42053676256508E-0003
 9.88769277363930E-0001	-1.62086891099885E-0003
 9.94571344239998E-0001	-1.76492893854832E-0003
 1.00034933654465E+0000	-1.84761348728133E-0003
 1.00611240585897E+0000	-1.86422886312658E-0003
 1.01187092494506E+0000	-1.81070916792312E-0003
 1.01763674183393E+0000	-1.68395770991020E-0003
 1.02342338875422E+0000	-1.48233876112610E-0003
 1.02924620102297E+0000	-1.20636156972544E-0003
 1.03512225460486E+0000	-8.59601571412761E-0004
 1.04106996084056E+0000	-4.49881174494622E-0004
 1.04710806418793E+0000	 9.34902502188080E-0006
 1.05325371141248E+0000	 4.97684106545205E-0004
 1.05951932335756E+0000	 9.87105433369161E-0004
 1.06590844220312E+0000	 1.44302129076630E-0003
 1.07241172429050E+0000	 1.82807736123593E-0003
 1.07900534457320E+0000	 2.10872013394317E-0003
 1.08565382580713E+0000	 2.26230425441277E-0003
 1.09231677399053E+0000	 2.28122450233631E-0003
 1.09895622716699E+0000	 2.17227470263760E-0003
 1.10554148786987E+0000	 1.95270300106614E-0003
 1.11205087275382E+0000	 1.64565704049023E-0003
 1.11847153682344E+0000	 1.27647742514538E-0003
 1.12479839422566E+0000	 8.69965717320690E-0004
 1.13103253719832E+0000	 4.48475132134772E-0004
 1.13717938782695E+0000	 3.08319123565684E-0005
 1.14324690728769E+0000	-3.67925749487798E-0004
 1.14924416830364E+0000	-7.36178885005761E-0004
 1.15518043602966E+0000	-1.06502578995014E-0003
 1.16106473136551E+0000	-1.34752063709800E-0003
 1.16690575268985E+0000	-1.57802825638083E-0003
 1.17271201253337E+0000	-1.75176693178842E-0003
 1.17849207519267E+0000	-1.86453867940978E-0003
 1.18425482814400E+0000	-1.91261386203210E-0003
 1.19000976195813E+0000	-1.89273738246686E-0003
 1.19576725807337E+0000	-1.80224459941566E-0003
 1.20153888726610E+0000	-1.63930390149267E-0003
 1.20733770489694E+0000	-1.40332990244531E-0003
 1.21317849356833E+0000	-1.09563044153474E-0003
 1.21907784748318E+0000	-7.20356410625305E-0004
 1.22505390796456E+0000	-2.85802092232914E-0004
 1.23112544167939E+0000	 1.93981516001440E-0004
 1.23730983316545E+0000	 6.97519898259263E-0004
 1.24361958160775E+0000	 1.19489778659283E-0003
 1.25005737545252E+0000	 1.64870047067525E-0003
 1.25661111610870E+0000	 2.01843702453059E-0003
 1.26325191731633E+0000	 2.26865248747416E-0003
 1.26993800537425E+0000	 2.37779836820718E-0003
 1.27662381752747E+0000	 2.34282267057862E-0003
 1.28326936031806E+0000	 2.17700431197219E-0003
 1.28984527759319E+0000	 1.90363535341124E-0003
 1.29633328929473E+0000	 1.54987229992619E-0003
 1.30272436635987E+0000	 1.14280047676995E-0003
 1.30901657870159E+0000	 7.07384835539149E-0004
 1.31521321255368E+0000	 2.65436592645535E-0004
 1.32132112235691E+0000	-1.64851213457341E-0004
 1.32734928998651E+0000	-5.68910117843149E-0004
 1.33330767830272E+0000	-9.35423360570877E-0004
 1.33920646070239E+0000	-1.25572533459593E-0003
 1.34505562509088E+0000	-1.52314983337195E-0003
 1.35086487580598E+0000	-1.73246269472101E-0003
 1.35664372736055E+0000	-1.87944707280889E-0003
 1.36240169482937E+0000	-1.96065104838747E-0003
 1.36814851848129E+0000	-1.97327380327361E-0003
 1.37389439681532E+0000	-1.91516019013506E-0003
 1.37965022945226E+0000	-1.78488905041775E-0003
 1.38542788116752E+0000	-1.58196999467349E-0003
 1.39124046599425E+0000	-1.30719779868359E-0003
 1.39710261241855E+0000	-9.63244282224555E-0004
 1.40303060252395E+0000	-5.55583851100939E-0004
 1.40904217183614E+0000	-9.38312857665308E-0005
 1.41515560873835E+0000	 4.06524774121274E-0004
 1.42138763722108E+0000	 9.22268318395093E-0004
 1.42774956746611E+0000	 1.42129084119226E-0003
 1.43424176086337E+0000	 1.86367864033775E-0003
 1.44084805322156E+0000	 2.20691845254891E-0003
 1.44753387440689E+0000	 2.41544308172529E-0003
 1.45425160970032E+0000	 2.47072234924808E-0003
 1.46095192829627E+0000	 2.37556345624594E-0003
 1.46759449324783E+0000	 2.15001449457104E-0003
 1.47415259781631E+0000	 1.82288062791036E-0003
 1.48061205908598E+0000	 1.42448955606747E-0003
 1.48696788616277E+0000	 9.82899131967813E-0004
 1.49322128098201E+0000	 5.22644725267199E-0004
 1.49937759217431E+0000	 6.45562326913196E-0005
 1.50544491874414E+0000	-3.74133554450888E-0004
 1.51143303842441E+0000	-7.79559211567106E-0004
 1.51735255917010E+0000	-1.14085104645190E-0003
 1.52321431589944E+0000	-1.44964024300896E-0003
 1.52902903242664E+0000	-1.69952262189628E-0003
 1.53480721997835E+0000	-1.88557495531575E-0003
 1.54055924693830E+0000	-2.00398879222054E-0003
 1.54629550622489E+0000	-2.05184619752923E-0003
 1.55202662114196E+0000	-2.02703008835001E-0003
 1.55776365592041E+0000	-1.92824765513415E-0003
 1.56351832240587E+0000	-1.75515023201831E-0003
 1.56930318988267E+0000	-1.50855481591732E-0003
 1.57513190182672E+0000	-1.19080667449967E-0003
 1.58101937157848E+0000	-8.06361325935973E-0004
 1.58698185679593E+0000	-3.62693130811556E-0004
 1.59303668799071E+0000	 1.28372380943599E-0004
 1.59920124857077E+0000	 6.48913483710599E-0004
 1.60549062548590E+0000	 1.17307632802366E-0003
 1.61191338135075E+0000	 1.66609932602399E-0003
 1.61846562489969E+0000	 2.08599056352578E-0003
 1.62512546327150E+0000	 2.38983099939366E-0003
 1.63185214975146E+0000	 2.54447979770016E-0003
 1.63859340268604E+0000	 2.53682749223529E-0003
 1.64529839646325E+0000	 2.37664819341105E-0003
 1.65192858633855E+0000	 2.09032335553624E-0003
 1.65846108098309E+0000	 1.71090474677422E-0003
 1.66488599874818E+0000	 1.27065123028292E-0003
 1.67120208418762E+0000	 7.97794623513595E-0004
 1.67741327477319E+0000	 3.16070806175991E-0004
 1.68352668180153E+0000	-1.54791561600799E-0004
 1.68955146765557E+0000	-5.98543613472679E-0004
 1.69549810292627E+0000	-1.00202655212319E-0003
 1.70137777751020E+0000	-1.35482299854764E-0003
 1.70720194401435E+0000	-1.64886871203312E-0003
 1.71298202872679E+0000	-1.87802946034213E-0003
 1.71872932184228E+0000	-2.03769835396617E-0003
 1.72445502084180E+0000	-2.12447296409723E-0003
 1.73017037856782E+0000	-2.13595083790246E-0003
 1.73588690435351E+0000	-2.07065716861912E-0003
 1.74161657668535E+0000	-1.92810079675469E-0003
 1.74737204179361E+0000	-1.70894958972707E-0003
 1.75316678638041E+0000	-1.41532580257508E-0003
 1.75901527468750E+0000	-1.05124638715152E-0003
 1.76493301662171E+0000	-6.23268360223830E-0004
 1.77093646600987E+0000	-1.41430867859521E-0004
 1.77704251692433E+0000	 3.79423748308450E-0004
 1.78326717299549E+0000	 9.17996036506739E-0004
 1.78962279402623E+0000	 1.44496251794352E-0003
 1.79611346195497E+0000	 1.92263106873512E-0003
 1.80272900224385E+0000	 2.30775666245156E-0003
 1.80944035071317E+0000	 2.55920040687515E-0003
 1.81620078681150E+0000	 2.64916858060341E-0003
 1.82295542375926E+0000	 2.57215801229028E-0003
 1.82965472675771E+0000	 2.34523777558633E-0003
 1.83626395812003E+0000	 1.99984079206313E-0003
 1.84276468563645E+0000	 1.57150365936347E-0003
 1.84915096457105E+0000	 1.09308773518160E-0003
 1.85542455517662E+0000	 5.92370457162258E-0004
 1.86159151044621E+0000	 9.21912552932919E-0005
 1.86766034516197E+0000	-3.88670510931475E-0004
 1.87364115623590E+0000	-8.34759398286995E-0004
 1.87954511396488E+0000	-1.23349030095528E-0003
 1.88538405170634E+0000	-1.57483827287751E-0003
 1.89117011139807E+0000	-1.85103905182733E-0003
 1.89691548730921E+0000	-2.05625898101733E-0003
 1.90263230413252E+0000	-2.18626166446373E-0003
 1.90833263161171E+0000	-2.23812286773188E-0003
 1.91402860976999E+0000	-2.21004043645188E-0003
 1.91973264437887E+0000	-2.10127079801657E-0003
 1.92545762879802E+0000	-1.91220877017449E-0003
 1.93121715098387E+0000	-1.64461798440357E-0003
 1.93702564826053E+0000	-1.30201816781370E-0003
 1.94289847008731E+0000	-8.90244860297668E-0004
 1.94885178786798E+0000	-4.18215731847797E-0004
 1.95490223055931E+0000	 1.01046806395012E-0004
 1.96106600330720E+0000	 6.49115024344828E-0004
 1.96735707156114E+0000	 1.20071846204490E-0003
 1.97378388914544E+0000	 1.72274326111721E-0003
 1.98034448013359E+0000	 2.17497721258940E-0003
 1.98702098377805E+0000	 2.51446364417153E-0003
 1.99377690442356E+0000	 2.70434292417080E-0003
 2.00056107546644E+0000	 2.72451644688546E-0003
 2.00731873701847E+0000	 2.57789756335988E-0003
 2.01400405776382E+0000	 2.28778181961894E-0003
 2.02058712679835E+0000	 1.88865262940060E-0003
 2.02705365713892E+0000	 1.41677146742953E-0003
 2.03340067907147E+0000	 9.04648279858786E-0004
 2.03963199772321E+0000	 3.79415835934049E-0004
 2.04575513171960E+0000	-1.36721219338118E-0004
 2.05177972364581E+0000	-6.25535847723301E-0004
 2.05771680359837E+0000	-1.07203745679673E-0003
 2.06357837571080E+0000	-1.46403166974912E-0003
 2.06937707750342E+0000	-1.79183906074487E-0003
 2.07512587009577E+0000	-2.04803899267659E-0003
 2.08083779953326E+0000	-2.22718801411432E-0003
 2.08652586945800E+0000	-2.32552858587496E-0003
 2.09220303746993E+0000	-2.34073233632104E-0003
 2.09788232151631E+0000	-2.27172488946740E-0003
 2.10357698560979E+0000	-2.11863223447065E-0003
 2.10930076325860E+0000	-1.88288013892303E-0003
 2.11506806802314E+0000	-1.56747073619557E-0003
 2.12089413041656E+0000	-1.17745426729525E-0003
 2.12679498526378E+0000	-7.20608743321471E-0004
 2.13278720633477E+0000	-2.08333901988785E-0004
 2.13888723213908E+0000	 3.43252869622654E-0004
 2.14511003445166E+0000	 9.12099164014183E-0004
 2.15146677205458E+0000	 1.46916184447878E-0003
 2.15796110162160E+0000	 1.97824111066643E-0003
 2.16458437163584E+0000	 2.39804695921768E-0003
 2.17131137229994E+0000	 2.68793959414521E-0003
 2.17809996837185E+0000	 2.81709780255133E-0003
 2.18489734125085E+0000	 2.77341189498875E-0003
 2.19165124230089E+0000	 2.56664356555050E-0003
 2.19832036337081E+0000	 2.22380472509378E-0003
 2.20487890396889E+0000	 1.78028590862528E-0003
 2.21131527242506E+0000	 1.27196005180138E-0003
 2.21762805651192E+0000	 7.30839671899619E-0004
 2.22382211813391E+0000	 1.83855138095204E-0004
 2.22990596187153E+0000	-3.46778805299966E-0004
 2.23589028523146E+0000	-8.42809681038224E-0004
 2.24178721668801E+0000	-1.28933393111149E-0003
 2.24760983813082E+0000	-1.67439096198693E-0003
 2.25337180374418E+0000	-1.98866436340321E-0003
 2.25908702169852E+0000	-2.22519940646309E-0003
 2.26476942400668E+0000	-2.37910775511634E-0003
 2.27043284877928E+0000	-2.44727780159444E-0003
 2.27609103883677E+0000	-2.42812863681376E-0003
 2.28175774241227E+0000	-2.32144800940312E-0003
 2.28744688897873E+0000	-2.12835190442417E-0003
 2.29317280173171E+0000	-1.85140111523938E-0003
 2.29895039303586E+0000	-1.49490776107494E-0003
 2.30479526745187E+0000	-1.06545815017668E-0003
 2.31072362826340E+0000	-5.72662425230666E-0004
 2.31675184820528E+0000	-3.01097161779088E-0005
 2.32289552361666E+0000	 5.43550429367675E-0004
 2.32916778749571E+0000	 1.12358847416513E-0003
 2.33557664673853E+0000	 1.67863755280386E-0003
 2.34212127613964E+0000	 2.17136310843510E-0003
 2.34878784829504E+0000	 2.56148994198865E-0003
 2.35554673894066E+0000	 2.81200835952174E-0003
 2.36235388490306E+0000	 2.89752415393786E-0003
 2.36915768607459E+0000	 2.81105904109872E-0003
 2.37590903222145E+0000	 2.56529270344165E-0003
 2.38256956636431E+0000	 2.18773365418576E-0003
 2.38911502916309E+0000	 1.71313563086918E-0003
 2.39553414997058E+0000	 1.17695675769460E-0003
 2.40182546560399E+0000	 6.11541764402805E-0004
 2.40799409553718E+0000	 4.46925402583061E-0005
 2.41404933646967E+0000	-5.00424603849269E-0004
 2.42000309578734E+0000	-1.00488415482646E-0003
 2.42586888673016E+0000	-1.45353407415408E-0003
 2.43166113838059E+0000	-1.83456666860549E-0003
 2.43739469247486E+0000	-2.13911820238084E-0003
 2.44308444581637E+0000	-2.36087894001357E-0003
 2.44874512988947E+0000	-2.49572003154139E-0003
 2.45439121948839E+0000	-2.54136191554437E-0003
 2.46003695343960E+0000	-2.49711367610522E-0003
 2.46569644378920E+0000	-2.36371104472925E-0003
 2.47138384512895E+0000	-2.14327965231473E-0003
 2.47711354820958E+0000	-1.83945187594666E-0003
 2.48290034671954E+0000	-1.45766724028466E-0003
 2.48875950074146E+0000	-1.00568111228693E-0003
 2.49470658683045E+0000	-4.94285480875283E-0004
 2.50075699020124E+0000	 6.18000001813203E-0005
 2.50692487150021E+0000	 6.42985359330010E-0004
 2.51322144457808E+0000	 1.22404800169335E-0003
 2.51965245932250E+0000	 1.77394522737912E-0003
 2.52621497615910E+0000	 2.25681866696949E-0003
 2.53289402238438E+0000	 2.63497995741418E-0003
 2.53966059146793E+0000	 2.87433595890639E-0003
 2.54647300608779E+0000	 2.95132568969134E-0003
 2.55328257808905E+0000	 2.85860211598222E-0003
 2.56004182436495E+0000	 2.60653049527853E-0003
 2.56671176974363E+0000	 2.21993859729844E-0003
 2.57326584499560E+0000	 1.73217716555513E-0003
 2.57969018103519E+0000	 1.17918354804044E-0003
 2.58598161305630E+0000	 5.95181418255065E-0004
 2.59214489979328E+0000	 1.03179251319386E-0005
 2.59819012339944E+0000	-5.50219208326629E-0004
 2.60413064047065E+0000	-1.06621000435143E-0003
 2.60998160246301E+0000	-1.52198869009821E-0003
 2.61575893971498E+0000	-1.90586833364525E-0003
 2.62147869646295E+0000	-2.20953364185112E-0003
 2.62715663006413E+0000	-2.42746668430956E-0003
 2.63280801016693E+0000	-2.55644197636128E-0003
 2.63844756727721E+0000	-2.59511365208711E-0003
 2.64408954915349E+0000	-2.54370914044159E-0003
 2.64974785049904E+0000	-2.40383954277030E-0003
 2.65543618565844E+0000	-2.17843735258138E-0003
 2.66116827244562E+0000	-1.87183622415683E-0003
 2.66695798475927E+0000	-1.49001136074060E-0003
 2.67281941131519E+0000	-1.04099614943906E-0003
 2.67876673105090E+0000	-5.35472763720771E-0004
 2.68481379189315E+0000	 1.25048171120544E-0005
 2.69097327193840E+0000	 5.84757201305523E-0004
 2.69725531971726E+0000	 1.15837048180006E-0003
 2.70366561241611E+0000	 1.70549169919514E-0003
 2.71020285700703E+0000	 2.19391171377241E-0003
 2.71685599986562E+0000	 2.58898089713216E-0003
 2.72360195730253E+0000	 2.85739062473959E-0003
 2.73040532068643E+0000	 2.97269755626682E-0003
 2.73722136727669E+0000	 2.92112749318476E-0003
 2.74400225901409E+0000	 2.70526695412593E-0003
 2.75070449288051E+0000	 2.34389562686664E-0003
 2.75729498673425E+0000	 1.86803458962614E-0003
 2.76375400729741E+0000	 1.31493414387897E-0003
 2.77007476395414E+0000	 7.22249673252788E-0004
 2.77626082225242E+0000	 1.23946864558389E-0004
 2.78232282912098E+0000	-4.51717739903419E-0004
 2.78827558384736E+0000	-9.82617727844642E-0004
 2.79413586218418E+0000	-1.45226892468057E-0003
 2.79992098888661E+0000	-1.84897315365333E-0003
 2.80564799373376E+0000	-2.16490771027513E-0003
 2.81133317313643E+0000	-2.39530527314495E-0003
 2.81699191830259E+0000	-2.53777517614285E-0003
 2.82263871364978E+0000	-2.59177482473242E-0003
 2.82828724138085E+0000	-2.55822495452192E-0003
 2.83395054932763E+0000	-2.43925994392918E-0003
 2.83964125133731E+0000	-2.23810783687381E-0003
 2.84537173358473E+0000	-1.95910070912030E-0003
 2.85115433630508E+0000	-1.60782131889709E-0003
 2.85700146934539E+0000	-1.19139244695985E-0003
 2.86292560496119E+0000	-7.18906616372663E-0004
 2.86893907875643E+0000	-2.01974326789972E-0004
 2.87505362529687E+0000	 3.44657059176697E-0004
 2.88127957477957E+0000	 9.02485913178746E-0004
 2.88762462209293E+0000	 1.44874122167391E-0003
 2.89409204156008E+0000	 1.95615297213906E-0003
 2.90067824023071E+0000	 2.39340372608612E-0003
 2.90736983436271E+0000	 2.72695583003685E-0003
 2.91414114738596E+0000	 2.92497547994627E-0003
 2.92095381470138E+0000	 2.96331700187247E-0003
 2.92776014972596E+0000	 2.83200794534556E-0003
 2.93451043353474E+0000	 2.53937319684961E-0003
 2.94116185913577E+0000	 2.11126204127525E-0003
 2.94768536649389E+0000	 1.58530409808540E-0003
 2.95406779664933E+0000	 1.00299481525299E-0003
 2.96030973557335E+0000	 4.03048416365166E-0004
 2.96642132003867E+0000	-1.82290922615634E-0004
 2.97241810275406E+0000	-7.28259373801225E-0004
 2.97831796078361E+0000	-1.21699642111103E-0003
 2.98413914884682E+0000	-1.63634309699116E-0003
 2.98989923205497E+0000	-1.97857089452821E-0003
 2.99561459332571E+0000	-2.23927359819822E-0003
 3.00130028702456E+0000	-2.41648148836133E-0003
 3.00697009361711E+0000	-2.50998875092390E-0003
 3.01263668852100E+0000	-2.52086734457220E-0003
 3.01831187271577E+0000	-2.45114201619430E-0003
 3.02400683114122E+0000	-2.30360754150458E-0003
 3.02973239389109E+0000	-2.08177595517788E-0003
 3.03549927805499E+0000	-1.78994717593126E-0003
 3.04131828652114E+0000	-1.43340012433534E-0003
 3.04720043584607E+0000	-1.01870246452920E-0003
 3.05315698026785E+0000	-5.54136412391280E-0004
 3.05919929214402E+0000	-5.02394514735477E-0005
 3.06533854089388E+0000	 4.79534450456930E-0004
 3.07158506189642E+0000	 1.01802646222793E-0003
 3.07794720809934E+0000	 1.54350255414360E-0003
 3.08442937222483E+0000	 2.02893821145727E-0003
 3.09102892269745E+0000	 2.44208573104830E-0003
 3.09773228697280E+0000	 2.74740463368372E-0003
 3.10451149030324E+0000	 2.91095744488681E-0003
 3.11132367156011E+0000	 2.90824212774920E-0003
 3.11811608012765E+0000	 2.73247426779734E-0003
 3.12483634641097E+0000	 2.39870696993937E-0003
 3.13144358709550E+0000	 1.94051605313768E-0003
 3.13791470569177E+0000	 1.40094342295442E-0003
 3.14424400447002E+0000	 8.22926804997160E-0004
 3.15043858131176E+0000	 2.43146569111861E-0004
 3.15651295144762E+0000	-3.10169530302572E-0004
 3.16248483824008E+0000	-8.16878221641090E-0004
 3.16837252428893E+0000	-1.26348200471170E-0003
 3.17419343762520E+0000	-1.64151815036346E-0003
 3.17996353372122E+0000	-1.94615024187250E-0003
 3.18569714101952E+0000	-2.17505594216320E-0003
 3.19140706354863E+0000	-2.32759664353950E-0003
 3.19710482026395E+0000	-2.40422857586439E-0003
 3.20280094907097E+0000	-2.40611590959747E-0003
 3.20850532984562E+0000	-2.33491189714361E-0003
 3.21422749726687E+0000	-2.19267918863827E-0003
 3.21997692621124E+0000	-1.98192633191063E-0003
 3.22576328055483E+0000	-1.70574552565987E-0003
 3.23159661971092E+0000	-1.36804702430282E-0003
 3.23748755522741E+0000	-9.73898027991800E-0004
 3.24344733992964E+0000	-5.29989239990459E-0004
 3.24948784700723E+0000	-4.52705476005367E-0005
 3.25562134144685E+0000	 4.68190021720310E-0004
 3.26185984613110E+0000	 9.94093231747743E-0004
 3.26821376899642E+0000	 1.51063313778254E-0003
 3.27468936709367E+0000	 1.98945597464373E-0003
 3.28128478719197E+0000	 2.39576873013963E-0003
 3.28798517053410E+0000	 2.69104166246432E-0003
 3.29475881896362E+0000	 2.83959248259228E-0003
 3.30155792008218E+0000	 2.81842005946642E-0003
 3.30832647189264E+0000	 2.62606380317336E-0003
 3.31501324265727E+0000	 2.28450554499045E-0003
 3.32158279033864E+0000	 1.83220098356924E-0003
 3.32801905755543E+0000	 1.31293269421021E-0003
 3.33432215537879E+0000	 7.66764511858899E-0004
 3.34050247191395E+0000	 2.25691858892701E-0004
 3.34657538451120E+0000	-2.86953791730147E-0004
 3.35255771225795E+0000	-7.55239931720017E-0004
 3.35846575384889E+0000	-1.16885853740741E-0003
 3.36431440287876E+0000	-1.52147832804075E-0003
 3.37011690215478E+0000	-1.80942524321885E-0003
 3.37588494884437E+0000	-2.03070775598949E-0003
 3.38162897563986E+0000	-2.18434629038657E-0003
 3.38735850075311E+0000	-2.26995355900660E-0003
 3.39308248118178E+0000	-2.28751114589079E-0003
 3.39880963454761E+0000	-2.23729083178555E-0003
 3.40454871920493E+0000	-2.11987891699109E-0003
 3.41030877837769E+0000	-1.93627823909483E-0003
 3.41609935975088E+0000	-1.68808252076426E-0003
 3.42193071744341E+0000	-1.37773746315857E-0003
 3.42781398952478E+0000	-1.00892108680844E-0003
 3.43376131913590E+0000	-5.87092272450629E-0004
 3.43978584305591E+0000	-1.20268223521047E-0004
 3.44590139637818E+0000	 3.79915908492614E-0004
 3.45212167006878E+0000	 8.96874837303359E-0004
 3.45845843488284E+0000	 1.40766000219256E-0003
 3.46491841558726E+0000	 1.88203441168503E-0003
 3.47149871495145E+0000	 2.28317692907904E-0003
 3.47818171931176E+0000	 2.57160054519220E-0003
 3.48493218939784E+0000	 2.71322108761047E-0003
 3.49170030862539E+0000	 2.68969466589122E-0003
 3.49843198318583E+0000	 2.50545998638197E-0003
 3.50508184533857E+0000	 2.18624843994361E-0003
 3.51162160306598E+0000	 1.76997589967584E-0003
 3.51804062359566E+0000	 1.29620245389378E-0003
 3.52434138822026E+0000	 7.99193098830320E-0004
 3.53053389518954E+0000	 3.05411782430860E-0004
 3.53663130773270E+0000	-1.66127116446344E-0004
 3.54264730189517E+0000	-6.02343158047140E-0004
 3.54859475211745E+0000	-9.94411978330867E-0004
 3.55448526951295E+0000	-1.33634248216108E-0003
 3.56032921954505E+0000	-1.62391921342367E-0003
 3.56613597287046E+0000	-1.85399429814359E-0003
 3.57191423493705E+0000	-2.02406731552108E-0003
 3.57767236568334E+0000	-2.13207613057745E-0003
 3.58341865202118E+0000	-2.17632456859201E-0003
 3.58916153315242E+0000	-2.15549116632883E-0003
 3.59490979834359E+0000	-2.06869089918594E-0003
 3.60067277858224E+0000	-1.91558952168544E-0003
 3.60646054267617E+0000	-1.69659123368139E-0003
 3.61228409095704E+0000	-1.41313360578840E-0003
 3.61815551813150E+0000	-1.06813192957994E-0003
 3.62408808696615E+0000	-6.66620554328692E-0004
 3.63009610699045E+0000	-2.16636474265006E-0004
 3.63619443766788E+0000	 2.69638341952187E-0004
 3.64239733615082E+0000	 7.74554257073242E-0004
 3.64871628849650E+0000	 1.27379227985582E-0003
 3.65515653593095E+0000	 1.73599058355554E-0003
 3.66171251251409E+0000	 2.12441336162606E-0003
 3.66836362711851E+0000	 2.40198536323574E-0003
 3.67507334518477E+0000	 2.53971058210917E-0003
 3.68179441844615E+0000	 2.52541857912087E-0003
 3.68847945861430E+0000	 2.36753298568273E-0003
 3.69509138737752E+0000	 2.09108491221118E-0003
 3.70160835387709E+0000	 1.72892592087195E-0003
 3.70802249971375E+0000	 1.31354714524750E-0003
 3.71433562482843E+0000	 8.72481876939831E-0004
 3.72055477239080E+0000	 4.27081769834521E-0004
 3.72668908585715E+0000	-6.79908885793489E-0006
 3.73274804096664E+0000	-4.17465701200895E-0004
 3.73874068456008E+0000	-7.96075219534227E-0004
 3.74467547563205E+0000	-1.13562855452938E-0003
 3.75056042151487E+0000	-1.43030618833141E-0003
 3.75640330962317E+0000	-1.67509409815613E-0003
 3.76221192650401E+0000	-1.86560928990665E-0003
 3.76799422812223E+0000	-1.99803696384200E-0003
 3.77375847258878E+0000	-2.06911951762986E-0003
 3.77951334483302E+0000	-2.07617537427394E-0003
 3.78526809698746E+0000	-2.01715717394468E-0003
 3.79103271030177E+0000	-1.89077613918449E-0003
 3.79681806523243E+0000	-1.69672400411062E-0003
 3.80263609031218E+0000	-1.43602276165974E-0003
 3.80849984396295E+0000	-1.11153161922390E-0003
 3.81442345768845E+0000	-7.28639588797168E-0004
 3.82042182437556E+0000	-2.96160494321146E-0004
 3.82650984819100E+0000	 1.72599390550727E-0004
 3.83270099939233E+0000	 6.58752949514772E-0004
 3.83900490484418E+0000	 1.13712086020209E-0003
 3.84542391206338E+0000	 1.57666545473238E-0003
 3.85194922485874E+0000	 1.94313061637770E-0003
 3.85855834097085E+0000	 2.20457428048247E-0003
 3.86521628382428E+0000	 2.33877625817817E-0003
 3.87188182995060E+0000	 2.33913544293289E-0003
 3.87851642909470E+0000	 2.21538702199902E-0003
 3.88509118107807E+0000	 1.98879300247923E-0003
 3.89158900977968E+0000	 1.68516810613424E-0003
 3.89800281435833E+0000	 1.32938188901810E-0003
 3.90433208922715E+0000	 9.42681335150567E-0004
 3.91057990748630E+0000	 5.42247151949410E-0004
 3.91675095936509E+0000	 1.41865340016931E-0004
 3.92285057224083E+0000	-2.47129092611143E-0004
 3.92888437996390E+0000	-6.15062025969290E-0004
 3.93485831904624E+0000	-9.53411969006795E-0004
 3.94077872760874E+0000	-1.25455373587141E-0003
 3.94665243022841E+0000	-1.51166294493440E-0003
 3.95248677876995E+0000	-1.71869071162886E-0003
 3.95828967162421E+0000	-1.87035358990152E-0003
 3.96406958779137E+0000	-1.96212840212095E-0003
 3.96983565813567E+0000	-1.99027355949250E-0003
 3.97559777200119E+0000	-1.95190954847211E-0003
 3.98136669799159E+0000	-1.84518666351911E-0003
 3.98715418772278E+0000	-1.66955895462859E-0003
 3.99297302580912E+0000	-1.42617830298838E-0003
 3.99883697853563E+0000	-1.11842262651870E-0003
 4.00476056840145E+0000	-7.52569823097781E-0004
 4.01075855776008E+0000	-3.38607708910742E-0004
 4.01684496952062E+0000	 1.08896259011412E-0004
 4.02303144042344E+0000	 5.70086545999794E-0004
 4.02932477941633E+0000	 1.01973356692817E-0003
 4.03572393843436E+0000	 1.42849036892009E-0003
 4.04221729641530E+0000	 1.76619456125551E-0003
 4.04878191941885E+0000	 2.00713937180934E-0003
 4.05538633018453E+0000	 2.13563932771013E-0003
 4.06199648787748E+0000	 2.14906580293999E-0003
 4.06858228522343E+0000	 2.05661012401154E-0003
 4.07512150599781E+0000	 1.87484310428099E-0003
 4.08160029462022E+0000	 1.62283587580988E-0003
 4.08801136585020E+0000	 1.31887930614732E-0003
 4.09435169245062E+0000	 9.79164848507198E-0004
 4.10062072582114E+0000	 6.17770630659783E-0004
 4.10681940494755E+0000	 2.47159065796374E-0004
 4.11294977002626E+0000	-1.21328143196521E-0004
 4.11901489110074E+0000	-4.77178550236772E-0004
 4.12501888579366E+0000	-8.10620482319159E-0004
 4.13096690982882E+0000	-1.11265258962414E-0003
 4.13686509808551E+0000	-1.37510283563885E-0003
 4.14272048811475E+0000	-1.59066741609372E-0003
 4.14854096863380E+0000	-1.75292813452239E-0003
 4.15433527556663E+0000	-1.85637846415148E-0003
 4.16011302975349E+0000	-1.89649500401173E-0003
 4.16588479112954E+0000	-1.86987986420102E-0003
 4.17166209877928E+0000	-1.77448511644110E-0003
 4.17745746822909E+0000	-1.60992330855025E-0003
 4.18328431569903E+0000	-1.37786961096751E-0003
 4.18915676486775E+0000	-1.08256453027361E-0003
 4.19508926135931E+0000	-7.31418419910568E-0004
 4.20109587789726E+0000	-3.35682200495945E-0004
 4.20718915832458E+0000	 8.89397492755261E-0005
 4.21337837110754E+0000	 5.22015337996679E-0004
 4.21966721404880E+0000	 9.38927026910230E-0004
 4.22605142449906E+0000	 1.31279747995050E-0003
 4.23251732538195E+0000	 1.61804405534739E-0003
 4.23904259025037E+0000	 1.83486308658846E-0003
 4.24559973719713E+0000	 1.95284130364538E-0003
 4.25216116602716E+0000	 1.97184571041542E-0003
 4.25870342803391E+0000	 1.89990260857804E-0003
 4.26520911494871E+0000	 1.74959726074394E-0003
 4.27166647939688E+0000	 1.53491319004430E-0003
 4.27806797420953E+0000	 1.26946041810985E-0003
 4.28440882160266E+0000	 9.65957780494697E-0004
 4.29068611436872E+0000	 6.36371107070451E-0004
 4.29689843992578E+0000	 2.92183431375440E-0004
 4.30304580550063E+0000	-5.54610961019695E-0005
 4.30912965253384E+0000	-3.95778064524208E-0004
 4.31515284380284E+0000	-7.18462672157537E-0004
 4.32111959774010E+0000	-1.01382971103090E-0003
 4.32703539719049E+0000	-1.27292784794531E-0003
 4.33290691127217E+0000	-1.48762561637615E-0003
 4.33874195127998E+0000	-1.65069557123321E-0003
 4.34454945520522E+0000	-1.75592822590265E-0003
 4.35033947839194E+0000	-1.79829509781369E-0003
 4.35612316579014E+0000	-1.77416518996367E-0003
 4.36191268750192E+0000	-1.68157293374899E-0003
 4.36772112239063E+0000	-1.52053976422196E-0003
 4.37356226572347E+0000	-1.29345941762778E-0003
 4.37945031316264E+0000	-1.00555766015530E-0003
 4.38539933806051E+0000	-6.65417009325711E-0004
 4.39142244415500E+0000	-2.85500159307846E-0004
 4.39753047169171E+0000	 1.17502103467013E-0004
 4.40373022068056E+0000	 5.22824209558242E-0004
 4.41002240514815E+0000	 9.06725326796956E-0004
 4.41639997044970E+0000	 1.24487975448579E-0003
 4.42284775736121E+0000	 1.51586863574755E-0003
 4.42934428290215E+0000	 1.70471430667824E-0003
 4.43586536242880E+0000	 1.80489985368037E-0003
 4.44238808918182E+0000	 1.81795445825100E-0003
 4.44889350380579E+0000	 1.75112935634292E-0003
 4.45536732523712E+0000	 1.61462307420517E-0003
 4.46179929752513E+0000	 1.41955131364474E-0003
 4.46818210935985E+0000	 1.17698323649441E-0003
 4.47451053561236E+0000	 8.97726972537319E-0004
 4.48078097612061E+0000	 5.92409644256838E-0004
 4.48699128368642E+0000	 2.71561868082964E-0004
 4.49314072097271E+0000	-5.43826969145978E-0005
 4.49922994802952E+0000	-3.75154433145866E-0004
 4.50526101027141E+0000	-6.80743827875657E-0004
 4.51123733100382E+0000	-9.61508090603486E-0004
 4.51716371708542E+0000	-1.20829243469487E-0003
 4.52304637489820E+0000	-1.41258154878032E-0003
 4.52889291984294E+0000	-1.56669366559806E-0003
 4.53471235703271E+0000	-1.66401694322078E-0003
 4.54051501713726E+0000	-1.69927647438833E-0003
 4.54631244317187E+0000	-1.66881919127137E-0003
 4.55211723071024E+0000	-1.57091405964743E-0003
 4.55794281764383E+0000	-1.40607927091353E-0003
 4.56380319826064E+0000	-1.17745634950236E-0003
 4.56971250327023E+0000	-8.91242492880677E-0004
 4.57568435091723E+0000	-5.57155522541212E-0004
 4.58173085347320E+0000	-1.88828522816550E-0004
 4.58786119700700E+0000	 1.96089235175325E-0004
 4.59407985972331E+0000	 5.76477085603843E-0004
 4.60038483477595E+0000	 9.29308279828575E-0004
 4.60676658637597E+0000	 1.23234422784480E-0003
 4.61320857050717E+0000	 1.46743455052400E-0003
 4.61968961804212E+0000	 1.62323768835103E-0003
 4.62618743733552E+0000	 1.69617486436359E-0003
 4.63268179562166E+0000	 1.68935605690398E-0003
 4.63915628268828E+0000	 1.61033273437165E-0003
 4.64559856736680E+0000	 1.46887384552002E-0003
 4.65199978271390E+0000	 1.27546407549311E-0003
 4.65835372070804E+0000	 1.04055856549172E-0003
 4.66465618074928E+0000	 7.74306145267042E-0004
 4.67090451714132E+0000	 4.86481070165321E-0004
 4.67709732915358E+0000	 1.86506439603736E-0004
 4.68323426355556E+0000	-1.16462640733132E-0004
 4.68931593632294E+0000	-4.13424632204400E-0004
 4.69534397711909E+0000	-6.95437344078413E-0004
 4.70132117085309E+0000	-9.53600792910044E-0004
 4.70725164339219E+0000	-1.17915455450213E-0003
 4.71314102885889E+0000	-1.36369467091140E-0003
 4.71899656646365E+0000	-1.49948429989577E-0003
 4.72482710003563E+0000	-1.57981458978586E-0003
 4.73064298192876E+0000	-1.59937397015480E-0003
 4.73645590169120E+0000	-1.55460278913720E-0003
 4.74227866025536E+0000	-1.44403596371992E-0003
 4.74812489152584E+0000	-1.26865662860610E-0003
 4.75400869991355E+0000	-1.03228820697570E-0003
 4.75994414239365E+0000	-7.42032242763809E-0004
 4.76594444953453E+0000	-4.08705631455853E-0004
 4.77202087624972E+0000	-4.71362161814600E-0005
 4.77818114401541E+0000	 3.23950148090510E-0004
 4.78442763467687E+0000	 6.82815325578774E-0004
 4.79075582108018E+0000	 1.00666399746078E-0003
 4.79715370656540E+0000	 1.27457849043182E-0003
 4.80360294566116E+0000	 1.47069190883005E-0003
 4.81008161146352E+0000	 1.58640321036060E-0003
 4.81656764267250E+0000	 1.62074665539005E-0003
 4.82304166524606E+0000	 1.57901273153312E-0003
 4.82948844602797E+0000	 1.47053797744448E-0003
 4.83589708968355E+0000	 1.30661829268152E-0003
 4.84226051920683E+0000	 1.09899775186924E-0003
 4.84857470034451E+0000	 8.58934309587529E-0004
 4.85483783073787E+0000	 5.96701033112129E-0004
 4.86104958147166E+0000	 3.21425002818285E-0004
 4.86721046710485E+0000	 4.12087309808464E-0005
 4.87332143114065E+0000	-2.36541790536738E-0004
 4.87938370408426E+0000	-5.04703023297710E-0004
 4.88539892601488E+0000	-7.56072333479499E-0004
 4.89136945935131E+0000	-9.83172100765735E-0004
 4.89729877786680E+0000	-1.17827602988544E-0003
 4.90319181598029E+0000	-1.33364911122337E-0003
 4.90905519420131E+0000	-1.44194160059116E-0003
 4.91489728678234E+0000	-1.49665624313209E-0003
 4.92072814427819E+0000	-1.49261993142302E-0003
 4.92655930850763E+0000	-1.42642511533972E-0003
 4.93240355353452E+0000	-1.29684413881250E-0003
 4.93827455827026E+0000	-1.10524466568603E-0003
 4.94418647417562E+0000	-8.56035836720505E-0004
 4.95015330679369E+0000	-5.57145647270750E-0004
 4.95618799828744E+0000	-2.20463129239357E-0004
 4.96230110869945E+0000	 1.37929082796989E-0004
 4.96849909397507E+0000	 4.98035622200370E-0004
 4.97478241527390E+0000	 8.37120007364949E-0004
 4.98114405648888E+0000	 1.13201208145160E-0003
 4.98756926281218E+0000	 1.36233045159584E-0003
 4.99403708941215E+0000	 1.51373627525748E-0003
 5.00052355032438E+0000	 1.57999801200993E-0003
 5.00700529131876E+0000	 1.56310393298400E-0003
 5.01346253142036E+0000	 1.47164078460588E-0003
 5.01988062054524E+0000	 1.31833814449952E-0003
 5.02625029844211E+0000	 1.11765086160931E-0003
 5.03256708088374E+0000	 8.83845368097583E-0004
 5.03883018005944E+0000	 6.29722278747788E-0004
 5.04504125596625E+0000	 3.65963999377188E-0004
 5.05120322530776E+0000	 1.01039688405921E-0004
 5.05731930746202E+0000	-1.58449597597660E-0004
 5.06339242721629E+0000	-4.07148741687540E-0004
 5.06942501818630E+0000	-6.40235066771222E-0004
 5.07541919330431E+0000	-8.52790000040628E-0004
 5.08137718276779E+0000	-1.03939345871729E-0003
 5.08730189719595E+0000	-1.19401525401068E-0003
 5.09319746636932E+0000	-1.31020214362629E-0003
 5.09906963645965E+0000	-1.38149271099025E-0003
 5.10492596885410E+0000	-1.40195832194494E-0003
 5.11077584477498E+0000	-1.36677656080809E-0003
 5.11663031607702E+0000	-1.27278248546178E-0003
 5.12250184313724E+0000	-1.11898911355199E-0003
 5.12840393105265E+0000	-9.07099893197423E-0004
 5.13435062868359E+0000	-6.42039178597632E-0004
 5.14035580623579E+0000	-3.32494306638333E-0004
 5.14643209491218E+0000	 8.61178452932622E-0006
 5.15258938918874E+0000	 3.63916967721209E-0004
 5.15883293034296E+0000	 7.12022622364461E-0004
 5.16516125627363E+0000	 1.02890816285922E-0003
 5.17156467519321E+0000	 1.29059734090781E-0003
 5.17802515733463E+0000	 1.47678851835393E-0003
 5.18451826240550E+0000	 1.57444258550692E-0003
 5.19101683865103E+0000	 1.57998169254464E-0003
 5.19749530015997E+0000	 1.49925490601131E-0003
 5.20393307489578E+0000	 1.34547140777888E-0003
 5.21031640521359E+0000	 1.13607217094427E-0003
 5.21663847886519E+0000	 8.89596419042474E-0004
 5.22289836096267E+0000	 6.23236859896113E-0004
 5.22909932088766E+0000	 3.51349809616164E-0004
 5.23524705496600E+0000	 8.48795112438681E-0005
 5.24134813653803E+0000	-1.68502775790234E-0004
 5.24740886452262E+0000	-4.03787822317555E-0004
 5.25343456859319E+0000	-6.17768033172409E-0004
 5.25942936396058E+0000	-8.08112768612326E-0004
 5.26539630851141E+0000	-9.72534964890244E-0004
 5.27133787653011E+0000	-1.10817989333183E-0003
 5.27725662181548E+0000	-1.21132912951163E-0003
 5.28315587571662E+0000	-1.27745107909362E-0003
 5.28904033475869E+0000	-1.30155588389570E-0003
 5.29491644201241E+0000	-1.27875719604878E-0003
 5.30079253366536E+0000	-1.20493020907183E-0003
 5.30667877435993E+0000	-1.07738368005009E-0003
 5.31258692073084E+0000	-8.95510898477748E-0004
 5.31852993151304E+0000	-6.61423396182503E-0004
 5.32452139736871E+0000	-3.80582075949941E-0004
 5.33057471169283E+0000	-6.24117615109889E-0005
 5.33670186749679E+0000	 2.79191453999330E-0004
 5.34291178185082E+0000	 6.25677562760247E-0004
 5.34920817660840E+0000	 9.54353095179444E-0004
 5.35558733745686E+0000	 1.24003109074285E-0003
 5.36203649171055E+0000	 1.45808780801717E-0003
 5.36853382505856E+0000	 1.58860383986156E-0003
 5.37505086963314E+0000	 1.62043628938360E-0003
 5.38155699171186E+0000	 1.55362212694699E-0003
 5.38802455882926E+0000	 1.39903564878419E-0003
 5.39443298799801E+0000	 1.17549596116351E-0003
 5.40077055773320E+0000	 9.05608859769038E-0004
 5.40703399511963E+0000	 6.11837916484378E-0004
 5.41322663145808E+0000	 3.13748833135505E-0004
 5.41935606529489E+0000	 2.66370621728926E-0005
 5.42543199424300E+0000	-2.38728846362017E-0004
 5.43146451654517E+0000	-4.75654053654130E-0004
 5.43746295665886E+0000	-6.80692499897657E-0004
 5.44343516605655E+0000	-8.52667341866577E-0004
 5.44938723878097E+0000	-9.91666103807218E-0004
 5.45532359729169E+0000	-1.09810675816659E-0003
 5.46124740310744E+0000	-1.17197390972090E-0003
 5.46716121400209E+0000	-1.21232728061787E-0003
 5.47306776183414E+0000	-1.21715679315121E-0003
 5.47897069724330E+0000	-1.18359496014287E-0003
 5.48487516461794E+0000	-1.10842425127166E-0003
 5.49078812719382E+0000	-9.88771425402318E-0004
 5.49671842617115E+0000	-8.22881040791793E-0004
 5.50267659639521E+0000	-6.10895678042715E-0004
 5.50867446010339E+0000	-3.55612678278225E-0004
 5.51472448549959E+0000	-6.32085541482238E-0005
 5.52083884673859E+0000	 2.56097146772210E-0004
 5.52702808348859E+0000	 5.87539822377790E-0004
 5.53329927439628E+0000	 9.11700799692796E-0004
 5.53965377401227E+0000	 1.20518012257589E-0003
 5.54608487787460E+0000	 1.44252093517855E-0003
 5.55257623645853E+0000	 1.59965954247834E-0003
 5.55910215734369E+0000	 1.65852216134274E-0003
 5.56563062554061E+0000	 1.61142954103747E-0003
 5.57212868828484E+0000	 1.46340771516575E-0003
 5.57856840441294E+0000	 1.23113468027930E-0003
 5.58493108540152E+0000	 9.38931342461897E-0004
 5.59120858086899E+0000	 6.13631441843146E-0004
 5.59740196778804E+0000	 2.80250151023127E-0004
 5.60351891793548E+0000	-4.06096055008593E-0005
 5.60957093280101E+0000	-3.33696469767866E-0004
 5.61557108045977E+0000	-5.88950741447885E-0004
 5.62153238231862E+0000	-8.00790513285580E-0004
 5.62746675808601E+0000	-9.67191066570000E-0004
 5.63338439066813E+0000	-1.08871876530847E-0003
 5.63929341685285E+0000	-1.16757524090690E-0003
 5.64519990939918E+0000	-1.20668092969390E-0003
 5.65110814791886E+0000	-1.20885159593865E-0003
 5.65702116111081E+0000	-1.17615979278272E-0003
 5.66294146898001E+0000	-1.10958662313217E-0003
 5.66887189306640E+0000	-1.00903468256384E-0003
 5.67481627532231E+0000	-8.73699622959069E-0004
 5.68077997121384E+0000	-7.02722240731937E-0004
 5.68677004375077E+0000	-4.96003010715046E-0004
 5.69279514503396E+0000	-2.55067776262596E-0004
 5.69886509954448E+0000	 1.60923766730258E-0005
 5.70499019112174E+0000	 3.10255518803771E-0004
 5.71118011851963E+0000	 6.16333258858931E-0004
 5.71744255436961E+0000	 9.18982317781096E-0004
 5.72378126690931E+0000	 1.19869735036080E-0003
 5.73019390601132E+0000	 1.43275675064613E-0003
 5.73666986866466E+0000	 1.59744643795382E-0003
 5.74318910223357E+0000	 1.67175954037066E-0003
 5.74972299511402E+0000	 1.64207451250998E-0003
 5.75623810983350E+0000	 1.50630034757680E-0003
 5.76270214231456E+0000	 1.27545267707534E-0003
 5.76908991685625E+0000	 9.71535703135339E-0004
 5.77538698786412E+0000	 6.22628177482758E-0004
 5.78158992591252E+0000	 2.57455856369169E-0004
 5.78770417077017E+0000	-9.86225051163889E-0005
 5.79374100777593E+0000	-4.25617465703424E-0004
 5.79971480729966E+0000	-7.09319620968621E-0004
 5.80564096938949E+0000	-9.40823827475330E-0004
 5.81153455458165E+0000	-1.11570996761502E-0003
 5.81740941572607E+0000	-1.23316515160889E-0003
 5.82327765376873E+0000	-1.29514125102251E-0003
 5.82914929358941E+0000	-1.30554511202884E-0003
 5.83503215416271E+0000	-1.26943824292850E-0003
 5.84093193948340E+0000	-1.19225405442583E-0003
 5.84685258394960E+0000	-1.07909719252787E-0003
 5.85279684252921E+0000	-9.34237002127870E-0004
 5.85876703994452E+0000	-7.60910963473873E-0004
 5.86476582533893E+0000	-5.61499796790658E-0004
 5.87079676034965E+0000	-3.38045826641606E-0004
 5.87686460920932E+0000	-9.30063412739309E-0005
 5.88297527105384E+0000	 1.69900061347511E-0004
 5.88913535457189E+0000	 4.44883284241447E-0004
 5.89535141852556E+0000	 7.23406999782850E-0004
 5.90162889379452E+0000	 9.93737718518919E-0004
 5.90797069229584E+0000	 1.24083643425436E-0003
 5.91437553759073E+0000	 1.44678468704998E-0003
 5.92083617284130E+0000	 1.59202393149578E-0003
 5.92733786180197E+0000	 1.65770076642559E-0003
 5.93385796410199E+0000	 1.62917079760368E-0003
 5.94036755520754E+0000	 1.50004055615811E-0003
 5.94683553621225E+0000	 1.27522440558526E-0003
 5.95323427331903E+0000	 9.71251719855845E-0004
 5.95954453152638E+0000	 6.13263377124856E-0004
 5.96575774117465E+0000	 2.30041378336676E-0004
 5.97187531500505E+0000	-1.50742531794994E-0004
 5.97790618530005E+0000	-5.05628529330555E-0004
 5.98386396988616E+0000	-8.16653008743490E-0004
 5.98976460987803E+0000	-1.07137903122638E-0003
 5.99562470666189E+0000	-1.26232077300418E-0003
 6.00146044884867E+0000	-1.38619619780309E-0003
 6.00728692797445E+0000	-1.44320851393498E-0003
 6.01311767331931E+0000	-1.43640031740729E-0003
 6.01896430874793E+0000	-1.37104601271900E-0003
 6.02483631019595E+0000	-1.25402880523581E-0003
 6.03074090253444E+0000	-1.09317423089342E-0003
 6.03668316115457E+0000	-8.96570249555025E-0004
 6.04266635991786E+0000	-6.71970659470249E-0004
 6.04869253320859E+0000	-4.26416031572765E-0004
 6.05476312739530E+0000	-1.66180622849208E-0004
 6.06087955920502E+0000	 1.02935248079513E-0004
 6.06704351281507E+0000	 3.75057144591067E-0004
 6.07325688520777E+0000	 6.43595618538888E-0004
 6.07952138481154E+0000	 9.00684100051624E-0004
 6.08583785608403E+0000	 1.13682551593751E-0003
 6.09220542317788E+0000	 1.34082214163424E-0003
 6.09862052736175E+0000	 1.50003205987696E-0003
 6.10507591013849E+0000	 1.60101964606365E-0003
 6.11155963917293E+0000	 1.63074786193580E-0003
 6.11805447276284E+0000	 1.57850435903901E-0003
 6.12453817067480E+0000	 1.43854426357792E-0003
 6.13098544317760E+0000	 1.21282617487888E-0003
 6.13737162142652E+0000	 9.12563048520434E-0004
 6.14367696657894E+0000	 5.57431047185705E-0004
 6.14988985834852E+0000	 1.72476444644050E-0004
 6.15600772698311E+0000	-2.15940837344462E-0004
 6.16203592196818E+0000	-5.83598178497776E-0004
 6.16798554313862E+0000	-9.10461927022484E-0004
 6.17387121465515E+0000	-1.18141819435976E-0003
 6.17970931092401E+0000	-1.38616546269887E-0003
 6.18551672646578E+0000	-1.51873946372382E-0003
 6.19131007297667E+0000	-1.57696775989983E-0003
 6.19710513683871E+0000	-1.56198361338541E-0003
 6.20291645759339E+0000	-1.47781550562460E-0003
 6.20875694319581E+0000	-1.33100618804969E-0003
 6.21463750122423E+0000	-1.13019235594372E-0003
 6.22056672594241E+0000	-8.85589859078219E-0004
 6.22655072241926E+0000	-6.08379463098241E-0004
 6.23259314626716E+0000	-3.10061620820831E-0004
 6.23869547573607E+0000	-1.90889242400829E-0006
 6.24485743190708E+0000	 3.05356238952147E-0004
 6.25107738252503E+0000	 6.01612746933687E-0004
 6.25735256783843E+0000	 8.77201972606874E-0004
 6.26367908380931E+0000	 1.12276849789541E-0003
 6.27005169311288E+0000	 1.32924287695419E-0003
 6.27646361868651E+0000	 1.48802056332308E-0003
