-5.23540602689976E-0004	-1.48518353167585E-0003
 5.29900848275660E-0003	-1.36842511677616E-0003
 1.11426123529604E-0002	-1.18542824501097E-0003
 1.70217761297061E-0002	-9.37856289130359E-0004
 2.29521208633675E-0002	-6.30618508158316E-0004
 2.89497698268012E-0002	-2.72821544376326E-0004
 3.50301907663745E-0002	 1.21218007295885E-0004
 4.12062445781864E-0002	 5.31169528210787E-0004
 4.74852943394540E-0002	 9.30674273361452E-0004
 5.38656887418652E-0002	 1.28902454416810E-0003
 6.03338573270895E-0002	 1.57533340168457E-0003
 6.68641311157615E-0002	 1.76482329917874E-0003
 7.34228673747999E-0002	 1.84479831475014E-0003
 7.99758003562180E-0002	 1.81689442239578E-0003
 8.64949022371138E-0002	 1.69427790781853E-0003
 9.29615216501560E-0002	 1.49595760069299E-0003
 9.93655984057294E-0002	 1.24163992576802E-0003
 1.05702982108903E-0001	 9.48984248791295E-0004
 1.11972882591766E-0001	 6.33058103383528E-0004
 1.18176354139389E-0001	 3.06879940629018E-0004
 1.24315742767956E-0001	-1.79231051239070E-0005
 1.30394623821882E-0001	-3.30791244705776E-0004
 1.36417798939036E-0001	-6.22246998347916E-0004
 1.42391146348011E-0001	-8.84051747041789E-0004
 1.48321325139508E-0001	-1.10930890376052E-0003
 1.54215439116007E-0001	-1.29241587275364E-0003
 1.60080777908164E-0001	-1.42886805613313E-0003
 1.65924714465010E-0001	-1.51498349440560E-0003
 1.71754784114432E-0001	-1.54764265831214E-0003
 1.77578920897084E-0001	-1.52413359150775E-0003
 1.83405791758999E-0001	-1.44216908370798E-0003
 1.89245152577337E-0001	-1.30011183552884E-0003
 1.95108149060933E-0001	-1.09741813252596E-0003
 2.01007489100922E-0001	-8.35299012099035E-0004
 2.06957403837636E-0001	-5.17599010684109E-0004
 2.12973274975339E-0001	-1.51890006009267E-0004
 2.19070727291713E-0001	 2.49264978802193E-0004
 2.25263889341911E-0001	 6.67067200767542E-0004
 2.31562510871842E-0001	 1.07576401746820E-0003
 2.37967932605454E-0001	 1.44344435296424E-0003
 2.44468850485190E-0001	 1.73562736197109E-0003
 2.51039260087853E-0001	 1.92213909487392E-0003
 2.57641424864316E-0001	 1.98527168832262E-0003
 2.64234159648588E-0001	 1.92471054217276E-0003
 2.70782381058258E-0001	 1.75587746391752E-0003
 2.77262730930436E-0001	 1.50316269717759E-0003
 2.83663677311615E-0001	 1.19267573604459E-0003
 2.89982320613898E-0001	 8.47787284463739E-0004
 2.96220795122596E-0001	 4.87747682592075E-0004
 3.02383768993886E-0001	 1.28090097281924E-0004
 3.08477194296632E-0001	-2.18463344242565E-0004
 3.14507862351842E-0001	-5.41279992655786E-0004
 3.20483280876799E-0001	-8.31447673990273E-0004
 3.26411572238976E-0001	-1.08165767621955E-0003
 3.32301286552043E-0001	-1.28617407837327E-0003
 3.38161148539679E-0001	-1.44076412720850E-0003
 3.43999809522914E-0001	-1.54253378578380E-0003
 3.49825680481434E-0001	-1.58967332837876E-0003
 3.55646902331490E-0001	-1.58116012477250E-0003
 3.61471478368759E-0001	-1.51649058154516E-0003
 3.67307557645898E-0001	-1.39552204054075E-0003
 3.73163822577204E-0001	-1.21849890572141E-0003
 3.79049905491763E-0001	-9.86318754247363E-0004
 3.84976739667130E-0001	-7.01071633085596E-0004
 3.90956733778467E-0001	-3.66867454532879E-0004
 3.97003627527653E-0001	 9.04897815476172E-0006
 4.03131820442481E-0001	 4.14932204825528E-0004
 4.09354864363685E-0001	 8.33073029490111E-0004
 4.15682741196301E-0001	 1.23868157792198E-0003
 4.22117736204623E-0001	 1.60008085305857E-0003
 4.28649569557563E-0001	 1.88169200692098E-0003
 4.35252117312955E-0001	 2.05089246759958E-0003
 4.41885262417358E-0001	 2.08734361407183E-0003
 4.48503392957137E-0001	 1.98986645047667E-0003
 4.55066753296324E-0001	 1.77594040949069E-0003
 4.61549060640889E-0001	 1.47431197757625E-0003
 4.67938393408026E-0001	 1.11608641475001E-0003
 4.74233547868718E-0001	 7.28853370187658E-0004
 4.80439497250206E-0001	 3.34662006311595E-0004
 4.86564032217509E-0001	-4.95880406541684E-0005
 4.92615944199422E-0001	-4.10920242479856E-0004
 4.98604319029217E-0001	-7.39134908793088E-0004
 5.04538396733916E-0001	-1.02605663767473E-0003
 5.10427606748244E-0001	-1.26515730589834E-0003
 5.16281575804310E-0001	-1.45141550493523E-0003
 5.22110046346638E-0001	-1.58126811626755E-0003
 5.27922724767511E-0001	-1.65255151924395E-0003
 5.33729114663763E-0001	-1.66438096118975E-0003
 5.39538398006524E-0001	-1.61696186455435E-0003
 5.45359418266097E-0001	-1.51136364186389E-0003
 5.51200798815779E-0001	-1.34931550288361E-0003
 5.57071198580833E-0001	-1.13310325792775E-0003
 5.62979667341321E-0001	-8.65652519600717E-0004
 5.68936020507443E-0001	-5.50874762345989E-0004
 5.74951111485893E-0001	-1.94330671759184E-0004
 5.81036834624687E-0001	 1.95766980297999E-0004
 5.87205628646085E-0001	 6.07241325447673E-0004
 5.93469160112001E-0001	 1.02247774838666E-0003
 5.99835794205935E-0001	 1.41720681167330E-0003
 6.06306602032909E-0001	 1.76046864744115E-0003
 6.12870421841445E-0001	 2.01726429856025E-0003
 6.19500171331016E-0001	 2.15520548257968E-0003
 6.26154147538081E-0001	 2.15415143248713E-0003
 6.32784478952421E-0001	 2.01392872662137E-0003
 6.39349308028010E-0001	 1.75445082391915E-0003
 6.45821491266565E-0001	 1.40799731589947E-0003
 6.52189924571198E-0001	 1.00929929937409E-0003
 6.58455554859254E-0001	 5.88766553016050E-0004
 6.64626155219102E-0001	 1.70064630215084E-0004
 6.70712331658580E-0001	-2.29457451817813E-0004
 6.76725276135619E-0001	-5.97261174555592E-0004
 6.82675854007057E-0001	-9.24102053705950E-0004
 6.88574454711821E-0001	-1.20292112277176E-0003
 6.94431163323332E-0001	-1.42819849088470E-0003
 7.00255982365696E-0001	-1.59566907451158E-0003
 7.06058972512857E-0001	-1.70226003031276E-0003
 7.11850276196914E-0001	-1.74612283831627E-0003
 7.17640045457935E-0001	-1.72666846521863E-0003
 7.23438324019111E-0001	-1.64455482305504E-0003
 7.29254942612588E-0001	-1.50161460077464E-0003
 7.35099481661842E-0001	-1.30074705890709E-0003
 7.40981337520865E-0001	-1.04582939084893E-0003
 7.46909895813214E-0001	-7.41728802174073E-0004
 7.52894767615748E-0001	-3.94508792201375E-0004
 7.58945984772931E-0001	-1.19146284553686E-0005
 7.65073984120313E-0001	 3.95811967983545E-0004
 7.71289137074129E-0001	 8.14809249682129E-0004
 7.77600501973569E-0001	 1.22631879499347E-0003
 7.84013432919596E-0001	 1.60567970785680E-0003
 7.90525840951320E-0001	 1.92248419982886E-0003
 7.97123637513253E-0001	 2.14330190668196E-0003
 8.03777457577062E-0001	 2.23817585619335E-0003
 8.10444208001930E-0001	 2.18990588488177E-0003
 8.17075533040006E-0001	 2.00141886848044E-0003
 8.23629931542501E-0001	 1.69567045608721E-0003
 8.30081431472344E-0001	 1.30772964994996E-0003
 8.36420834107688E-0001	 8.74602806922919E-0004
 8.42651499187068E-0001	 4.28223475667306E-0004
 8.48783800146885E-0001	-7.07613981124419E-0006
 8.54830811832389E-0001	-4.14094720932675E-0004
 8.60805805756566E-0001	-7.81097046597848E-0004
 8.66721174116401E-0001	-1.10006226967831E-0003
 8.72588231170640E-0001	-1.36530780107289E-0003
 8.78417451648013E-0001	-1.57259435104414E-0003
 8.84218852816499E-0001	-1.71866109410271E-0003
 8.90002345229269E-0001	-1.80108182570131E-0003
 8.95777965537387E-0001	-1.81832074817881E-0003
 9.01555969386620E-0001	-1.76987923125159E-0003
 9.07346806027337E-0001	-1.65645220876554E-0003
 9.13161020865813E-0001	-1.48004706124981E-0003
 9.19009140651462E-0001	-1.24405382760032E-0003
 9.24901589972385E-0001	-9.53291318523626E-0004
 9.30848665405512E-0001	-6.14087231398123E-0004
 9.36860551042209E-0001	-2.34475476160864E-0004
 9.42947294921048E-0001	 1.75401857849663E-0004
 9.49118586255459E-0001	 6.02633404555061E-0004
 9.55383092331945E-0001	 1.03065104048104E-0003
 9.61747055630126E-0001	 1.43831250190883E-0003
 9.68211873404896E-0001	 1.79942446386161E-0003
 9.74770633697976E-0001	 2.08356821610854E-0003
 9.81404331217359E-0001	 2.25940704665401E-0003
 9.88079820406908E-0001	 2.30121550210852E-0003
 9.94752502714168E-0001	 2.19726527782593E-0003
 1.00137502415685E+0000	 1.95566943121514E-0003
 1.00790853321561E+0000	 1.60311454231689E-0003
 1.01433018218529E+0000	 1.17676408431547E-0003
 1.02063367769557E+0000	 7.14551754289423E-0004
 1.02682491811759E+0000	 2.48653618291454E-0004
 1.03291651570758E+0000	-1.96801812671545E-0004
 1.03892352650817E+0000	-6.05197047551543E-0004
 1.04486090647169E+0000	-9.65735063402379E-0004
 1.05074235018433E+0000	-1.27162228562472E-0003
 1.05658001747377E+0000	-1.51856513356178E-0003
 1.06238475504048E+0000	-1.70370349229118E-0003
 1.06816654347525E+0000	-1.82497135061602E-0003
 1.07393498890081E+0000	-1.88082195802645E-0003
 1.07969974202474E+0000	-1.87023038851362E-0003
 1.08547078041770E+0000	-1.79287684701784E-0003
 1.09125853619634E+0000	-1.64941971008340E-0003
 1.09707388727229E+0000	-1.44178749388270E-0003
 1.10292805183528E+0000	-1.17344927742520E-0003
 1.10883243080296E+0000	-8.49658522225857E-0004
 1.11479842925549E+0000	-4.77701518299274E-0004
 1.12083725033586E+0000	-6.72120106445226E-0005
 1.12695958912569E+0000	 3.69377556925145E-0004
 1.13317506532015E+0000	 8.16216762083676E-0004
 1.13949115067379E+0000	 1.25333631889496E-0003
 1.14591133128738E+0000	 1.65616809553002E-0003
 1.15243239517532E+0000	 1.99588327800319E-0003
 1.15904118111727E+0000	 2.24140546155220E-0003
 1.16571193774122E+0000	 2.36387651123083E-0003
 1.17240634425937E+0000	 2.34342718159651E-0003
 1.17907820209398E+0000	 2.17611633549077E-0003
 1.18568254049794E+0000	 1.87713620703088E-0003
 1.19218527602047E+0000	 1.47751773154819E-0003
 1.19856850783125E+0000	 1.01585714009934E-0003
 1.20482979866423E+0000	 5.29716611450291E-0004
 1.21097769254548E+0000	 5.02400791893299E-0005
 1.21702663254909E+0000	-3.99542905337905E-0004
 1.22299307315248E+0000	-8.04046750326282E-0004
 1.22889313288498E+0000	-1.15350368405092E-0003
 1.23474146787348E+0000	-1.44222979818827E-0003
 1.24055094765242E+0000	-1.66714374519680E-0003
 1.24633281304120E+0000	-1.82664444076961E-0003
 1.25209710100900E+0000	-1.91985780328777E-0003
 1.25785318510194E+0000	-1.94623108678028E-0003
 1.26361031424417E+0000	-1.90543479112323E-0003
 1.26937806018545E+0000	-1.79751234398889E-0003
 1.27516661658335E+0000	-1.62320279194813E-0003
 1.28098692883394E+0000	-1.38436076116909E-0003
 1.28685066424919E+0000	-1.08441374068401E-0003
 1.29277004825468E+0000	-7.28825485032661E-0004
 1.29875758732570E+0000	-3.25569281341462E-0004
 1.30482566618694E+0000	 1.14353775729109E-0004
 1.31098593792003E+0000	 5.76308349474570E-0004
 1.31724832591984E+0000	 1.04134101644773E-0003
 1.32361937151652E+0000	 1.48559764896514E-0003
 1.33009970833348E+0000	 1.88032679589419E-0003
 1.33668080582901E+0000	 2.19329892558800E-0003
 1.34334190587536E+0000	 2.39251966876826E-0003
 1.35004898315883E+0000	 2.45236517914544E-0003
 1.35675768736267E+0000	 2.36059764910029E-0003
 1.36342066677383E+0000	 2.12311882286990E-0003
 1.36999690870706E+0000	 1.76355745419157E-0003
 1.37645901008976E+0000	 1.31747615021168E-0003
 1.38279551475713E+0000	 8.24130065514463E-0004
 1.38900859721087E+0000	 3.19501786738951E-0004
 1.39510951646673E+0000	-1.67468773822035E-0004
 1.40111416415345E+0000	-6.15721692820982E-0004
 1.40703981098519E+0000	-1.01119362838518E-0003
 1.41290315318217E+0000	-1.34529177720360E-0003
 1.41871934957518E+0000	-1.61333579601902E-0003
 1.42450171077088E+0000	-1.81321405454463E-0003
 1.43026179867906E+0000	-1.94431973486568E-0003
 1.43600978543872E+0000	-2.00677464502934E-0003
 1.44175496827206E+0000	-2.00094239791054E-0003
 1.44750634948443E+0000	-1.92723146731978E-0003
 1.45327319161986E+0000	-1.78617437510882E-0003
 1.45906546599239E+0000	-1.57874532255671E-0003
 1.46489413458894E+0000	-1.30685863155707E-0003
 1.47077123359571E+0000	-9.73985903807665E-0004
 1.47670974832013E+0000	-5.85843262195061E-0004
 1.48272327134720E+0000	-1.51125315872248E-0004
 1.48882540708254E+0000	 3.17713241790847E-0004
 1.49502881625457E+0000	 8.03629553928330E-0004
 1.50134368830016E+0000	 1.28419891479132E-0003
 1.50777535283969E+0000	 1.73117060201896E-0003
 1.51432088559280E+0000	 2.11110914379409E-0003
 1.52096522869883E+0000	 2.38824938056358E-0003
 1.52767857955071E+0000	 2.53038327794017E-0003
 1.53441768779036E+0000	 2.51684951660340E-0003
 1.54113249010209E+0000	 2.34522075868159E-0003
 1.54777606739966E+0000	 2.03279401090476E-0003
 1.55431336961545E+0000	 1.61194118714321E-0003
 1.56072524710547E+0000	 1.12206970404965E-0003
 1.56700755629924E+0000	 6.01999676691615E-0004
 1.57316736135566E+0000	 8.50338002865584E-0005
 1.57921850597498E+0000	-4.03022982370550E-0004
 1.58517794002629E+0000	-8.43770753959031E-0004
 1.59106322334533E+0000	-1.22509191671154E-0003
 1.59689107405330E+0000	-1.53973127197215E-0003
 1.60267666113804E+0000	-1.78394867182691E-0003
 1.60843337729067E+0000	-1.95637277019131E-0003
 1.61417292101360E+0000	-2.05707421721567E-0003
 1.61990559390371E+0000	-2.08685185354143E-0003
 1.62564075700616E+0000	-2.04673877311354E-0003
 1.63138739270035E+0000	-1.93775180107529E-0003
 1.63715470227521E+0000	-1.76090850962839E-0003
 1.64295265404362E+0000	-1.51751731753417E-0003
 1.64879239553256E+0000	-1.20971897115787E-0003
 1.65468645557021E+0000	-8.41236667458554E-0004
 1.66064867592958E+0000	-4.18285778674439E-0004
 1.66669381139988E+0000	 4.94007872140626E-0005
 1.67283670745688E+0000	 5.47474825844862E-0004
 1.67909089746229E+0000	 1.05588171566229E-0003
 1.68546637084995E+0000	 1.54798933607333E-0003
 1.69196624769926E+0000	 1.99047285271777E-0003
 1.69858243082229E+0000	 2.34500803327759E-0003
 1.70529138612806E+0000	 2.57312923734509E-0003
 1.71205284012141E+0000	 2.64461507789124E-0003
 1.71881452093827E+0000	 2.54677658427414E-0003
 1.72552279645077E+0000	 2.28932738133170E-0003
 1.73213414608642E+0000	 1.90139109020323E-0003
 1.73862170823271E+0000	 1.42283136884534E-0003
 1.74497546852239E+0000	 8.95128182448448E-0004
 1.75119853376350E+0000	 3.55236338748947E-0004
 1.75730243359617E+0000	-1.67137278725391E-0004
 1.76330311316241E+0000	-6.49880815758920E-0004
 1.76921810701032E+0000	-1.07760470581980E-0003
 1.77506479404097E+0000	-1.44034080342008E-0003
 1.78085944974928E+0000	-1.73223575856029E-0003
 1.78661682162132E+0000	-1.95040989053321E-0003
 1.79235003033892E+0000	-2.09401659646970E-0003
 1.79807068200200E+0000	-2.16348397669188E-0003
 1.80378913814668E+0000	-2.15991825663686E-0003
 1.80951492123976E+0000	-2.08467174433116E-0003
 1.81525723384691E+0000	-1.93910511330628E-0003
 1.82102554836722E+0000	-1.72458855430450E-0003
 1.82683019552373E+0000	-1.44278139117027E-0003
 1.83268285722699E+0000	-1.09620894151581E-0003
 1.83859685733231E+0000	-6.89129911085438E-0004
 1.84458713416229E+0000	-2.28665946466405E-0004
 1.85066975629379E+0000	 2.73857192217084E-0004
 1.85686079622383E+0000	 8.01452713694624E-0004
 1.86317431053933E+0000	 1.33010881628157E-0003
 1.86961914199197E+0000	 1.82797470498099E-0003
 1.87619442653647E+0000	 2.25599645425568E-0003
 1.88288441326055E+0000	 2.57140472658124E-0003
 1.88965478296882E+0000	 2.73527580144063E-0003
 1.89645421573907E+0000	 2.72319770855202E-0003
 1.90322363630381E+0000	 2.53412064492621E-0003
 1.90990995828714E+0000	 2.19122760647343E-0003
 1.91647670330959E+0000	 1.73394352381309E-0003
 1.92290676676704E+0000	 1.20673934840870E-0003
 1.92919896189258E+0000	 6.50672446291662E-0004
 1.93536252690399E+0000	 9.94176927966410E-0005
 1.94141233991469E+0000	-4.21446972445575E-0004
 1.94736561633243E+0000	-8.93581610670731E-0004
 1.95323990332376E+0000	-1.30452591415615E-0003
 1.95905197973666E+0000	-1.64634129814019E-0003
 1.96481733198764E+0000	-1.91443510986529E-0003
 1.97054997994984E+0000	-2.10660396214440E-0003
 1.97626251387979E+0000	-2.22227525656163E-0003
 1.98196626845678E+0000	-2.26191121802202E-0003
 1.98767160457231E+0000	-2.22654967683859E-0003
 1.99338829295176E+0000	-2.11747992065004E-0003
 1.99912599511621E+0000	-1.93608021076230E-0003
 2.00489481904553E+0000	-1.68386568022316E-0003
 2.01070589621648E+0000	-1.36280385114504E-0003
 2.01657189169715E+0000	-9.75948795814547E-0004
 2.02250732256564E+0000	-5.28427991337581E-0004
 2.02852851536057E+0000	-2.87890680228494E-0005
 2.03465296847006E+0000	 5.09337679688002E-0004
 2.04089779946045E+0000	 1.06542162211115E-0003
 2.04727689351963E+0000	 1.61046805831871E-0003
 2.05379646920755E+0000	 2.10655881933721E-0003
 2.06044933694533E+0000	 2.50891056991217E-0003
 2.06720948736423E+0000	 2.77205097347724E-0003
 2.07403052766352E+0000	 2.86037217715092E-0003
 2.08085181164399E+0000	 2.75966874599910E-0003
 2.08761202680794E+0000	 2.48283359769015E-0003
 2.09426348411740E+0000	 2.06519966125134E-0003
 2.10077928093454E+0000	 1.55277378482993E-0003
 2.10715184354050E+0000	 9.90926127634001E-0004
 2.11338705575381E+0000	 4.18009955827534E-0004
 2.11949831285250E+0000	-1.36392935669497E-0004
 2.12550230386432E+0000	-6.50744010848581E-0004
 2.13141651708537E+0000	-1.11001770247315E-0003
 2.13725792397163E+0000	-1.50416363515920E-0003
 2.14304236235458E+0000	-1.82680938841564E-0003
 2.14878431852728E+0000	-2.07423073860753E-0003
 2.15449693965828E+0000	-2.24455397349240E-0003
 2.16019218501722E+0000	-2.33714704617458E-0003
 2.16588106929082E+0000	-2.35216377219729E-0003
 2.17157397912390E+0000	-2.29021912735880E-0003
 2.17728105953420E+0000	-2.15219319785104E-0003
 2.18301266913834E+0000	-1.93918464978881E-0003
 2.18877989092908E+0000	-1.65265734094615E-0003
 2.19459505923908E+0000	-1.29484106541769E-0003
 2.20047222423610E+0000	-8.69456316168423E-0004
 2.20642741936786E+0000	-3.82830363064584E-0004
 2.21247851456836E+0000	 1.54553476955861E-0004
 2.21864431952493E+0000	 7.26114275843942E-0004
 2.22494246743695E+0000	 1.30709216159915E-0003
 2.23138557426316E+0000	 1.86301515329373E-0003
 2.23797552155920E+0000	 2.35007138833308E-0003
 2.24469687889134E+0000	 2.71928352603033E-0003
 2.25151249688743E+0000	 2.92573968988699E-0003
 2.25836568304269E+0000	 2.94113828832164E-0003
 2.26519115333135E+0000	 2.76366437748509E-0003
 2.27193066830430E+0000	 2.41856798462902E-0003
 2.27854484849825E+0000	 1.94882480032502E-0003
 2.28501594923899E+0000	 1.40229370085787E-0003
 2.29134344500213E+0000	 8.22215029775802E-0004
 2.29753740490193E+0000	 2.43162216797335E-0004
 2.30361303877565E+0000	-3.09142455264320E-0004
 2.30958727762015E+0000	-8.16365195805752E-0004
 2.31547696583926E+0000	-1.26581700544578E-0003
 2.32129802942000E+0000	-1.64895269716823E-0003
 2.32706516872807E+0000	-1.96020311138060E-0003
 2.33279182952633E+0000	-2.19609133660893E-0003
 2.33849033214640E+0000	-2.35457001525086E-0003
 2.34417209978016E+0000	-2.43453496386026E-0003
 2.34984795436246E+0000	-2.43548768512783E-0003
 2.35552846312811E+0000	-2.35733231550562E-0003
 2.36122432799890E+0000	-2.20030572087054E-0003
 2.36694681278521E+0000	-1.96505624338866E-0003
 2.37270819613744E+0000	-1.65290701630921E-0003
 2.37852221712435E+0000	-1.26636140577492E-0003
 2.38440443967731E+0000	-8.09927002959149E-0004
 2.39037239213019E+0000	-2.91341870176413E-0004
 2.39644522501546E+0000	 2.76741515595673E-0004
 2.40264247072050E+0000	 8.74679581678404E-0004
 2.40898133627669E+0000	 1.47374643449495E-0003
 2.41547201973706E+0000	 2.03501035641550E-0003
 2.42211123746690E+0000	 2.51093520111040E-0003
 2.42887587153752E+0000	 2.85166343897943E-0003
 2.43572074853216E+0000	 3.01618390777698E-0003
 2.44258449760358E+0000	 2.98456846335899E-0003
 2.44940298470201E+0000	 2.76443514374103E-0003
 2.45612386830781E+0000	 2.38736592233159E-0003
 2.46271489685587E+0000	 1.89791557496298E-0003
 2.46916379886003E+0000	 1.34199786504559E-0003
 2.47547299282890E+0000	 7.59502061438671E-0004
 2.48165341784332E+0000	 1.81731459473249E-0004
 2.48771986124966E+0000	-3.68139511017246E-0004
 2.49368817784846E+0000	-8.73470949656224E-0004
 2.49957390443033E+0000	-1.32249551867185E-0003
 2.50539168400009E+0000	-1.70696341021902E-0003
 2.51115510599464E+0000	-2.02112428304045E-0003
 2.51687675918676E+0000	-2.26097621182295E-0003
 2.52256840640430E+0000	-2.42371652670066E-0003
 2.52824123864490E+0000	-2.50735644544446E-0003
 2.53390618263955E+0000	-2.51048069462912E-0003
 2.53957424277872E+0000	-2.43214320790697E-0003
 2.54525686402008E+0000	-2.27189780403846E-0003
 2.55096630579219E+0000	-2.02997466974516E-0003
 2.55671601256441E+0000	-1.70763137736512E-0003
 2.56252094791803E+0000	-1.30772903317371E-0003
 2.56839781734064E+0000	-8.35604245694611E-0004
 2.57436502931380E+0000	-3.00312567901984E-0004
 2.58044212364182E+0000	 2.83722916948634E-0004
 2.58664824041241E+0000	 8.94778776085530E-0004
 2.59299909979557E+0000	 1.50209973658099E-0003
 2.59950216316596E+0000	 2.06547196850243E-0003
 2.60615055115867E+0000	 2.53780501008911E-0003
 2.61291800876669E+0000	 2.87213253544543E-0003
 2.61975861145016E+0000	 3.03223573329612E-0003
 2.62661371310764E+0000	 3.00267407682323E-0003
 2.63342426943720E+0000	 2.79274116090265E-0003
 2.64014273865023E+0000	 2.43216346145570E-0003
 2.64673934827210E+0000	 1.96153153827783E-0003
 2.65320173427894E+0000	 1.42268899907459E-0003
 2.65953055423153E+0000	 8.52548777849523E-0004
 2.66573432692503E+0000	 2.80781103355458E-0004
 2.67182540756077E+0000	-2.69955806198252E-0004
 2.67781751741120E+0000	-7.82741404767730E-0004
 2.68372447811775E+0000	-1.24500249862668E-0003
 2.68955966527149E+0000	-1.64736493619664E-0003
 2.69533583503747E+0000	-1.98279064735444E-0003
 2.70106514282086E+0000	-2.24594309168545E-0003
 2.70675927505050E+0000	-2.43272694792268E-0003
 2.71242965679827E+0000	-2.53997381328820E-0003
 2.71808770890419E+0000	-2.56526255722375E-0003
 2.72374513176836E+0000	-2.50686900318205E-0003
 2.72941419756256E+0000	-2.36384335822996E-0003
 2.73510803624188E+0000	-2.13622217184915E-0003
 2.74084089704327E+0000	-1.82539603315437E-0003
 2.74662834933275E+0000	-1.43467131870745E-0003
 2.75248734807860E+0000	-9.70076420988674E-0004
 2.75843602351510E+0000	-4.41455249423821E-0004
 2.76449296087274E+0000	 1.36165660274160E-0004
 2.77067563882610E+0000	 7.41104564026556E-0004
 2.77699768487547E+0000	 1.34391839304945E-0003
 2.78346487193325E+0000	 1.90755535016374E-0003
 2.79007052273878E+0000	 2.38991591235593E-0003
 2.79679206834973E+0000	 2.74950456651221E-0003
 2.80359108752166E+0000	 2.95331777713538E-0003
 2.81041817346419E+0000	 2.98423937055782E-0003
 2.81722153607355E+0000	 2.84466031869627E-0003
 2.82395607010241E+0000	 2.55468055714120E-0003
 2.83058944253059E+0000	 2.14601879939421E-0003
 2.83710364308459E+0000	 1.65463459328202E-0003
 2.84349286012207E+0000	 1.11490090274240E-0003
 2.84975979914104E+0000	 5.56519381974338E-0004
 2.85591224838003E+0000	 3.75658751627656E-0006
 2.86196066878830E+0000	-5.24062211961416E-0004
 2.86791677628036E+0000	-1.01167580243192E-0003
 2.87379278631917E+0000	-1.44705687385919E-0003
 2.87960102993092E+0000	-1.82073981842834E-0003
 2.88535377957263E+0000	-2.12529196201482E-0003
 2.89106321368169E+0000	-2.35490274866022E-0003
 2.89674148292648E+0000	-2.50508412409485E-0003
 2.90240084645298E+0000	-2.57248536576748E-0003
 2.90805384718872E+0000	-2.55482455489462E-0003
 2.91371349954567E+0000	-2.45093639999071E-0003
 2.91939346732898E+0000	-2.26093888625068E-0003
 2.92510820778756E+0000	-1.98652927871875E-0003
 2.93087304449327E+0000	-1.63142844160979E-0003
 2.93670410473945E+0000	-1.20199328291837E-0003
 2.94261801735337E+0000	-7.07999154040849E-0004
 2.94863122220325E+0000	-1.63541374341683E-0004
 2.95475871776239E+0000	 4.12100072229155E-0004
 2.96101212030804E+0000	 9.93948434088153E-0004
 2.96739709855638E+0000	 1.55164755678329E-0003
 2.97391060075698E+0000	 2.05110757768630E-0003
 2.98053866941050E+0000	 2.45770587393172E-0003
 2.98725577667969E+0000	 2.74073011823399E-0003
 2.99402637674576E+0000	 2.87818914953791E-0003
 3.00080884091637E+0000	 2.86072841404777E-0003
 3.00756114123660E+0000	 2.69327957954381E-0003
 3.01424670142943E+0000	 2.39359642063726E-0003
 3.02083845979789E+0000	 1.98814672076673E-0003
 3.02732006259131E+0000	 1.50710625757658E-0003
 3.03368464901807E+0000	 9.80286740051528E-0004
 3.03993257754791E+0000	 4.34785036971727E-0004
 3.04606922391200E+0000	-1.05925609046961E-0004
 3.05210329357078E+0000	-6.22106515101937E-0004
 3.05804562172125E+0000	-1.09753500693260E-0003
 3.06390832070394E+0000	-1.51915968409632E-0003
 3.06970418627941E+0000	-1.87669999627152E-0003
 3.07544632265243E+0000	-2.16223751221411E-0003
 3.08114795155758E+0000	-2.36984997994229E-0003
 3.08682235878809E+0000	-2.49533003527268E-0003
 3.09248292641646E+0000	-2.53601050211247E-0003
 3.09814320477040E+0000	-2.49070095743965E-0003
 3.10381698770283E+0000	-2.35973225693176E-0003
 3.10951835995958E+0000	-2.14510515979237E-0003
 3.11526168293427E+0000	-1.85073984385627E-0003
 3.12106147594481E+0000	-1.48281821688438E-0003
 3.12693213937556E+0000	-1.05019526768117E-0003
 3.13288746194046E+0000	-5.64827060886027E-0004
 3.13893986776912E+0000	-4.21248120814309E-0005
 3.14509939938208E+0000	 4.98890203640381E-0004
 3.15137249682837E+0000	 1.03576415329193E-0003
 3.15776069132651E+0000	 1.54321784965086E-0003
 3.16425933960333E+0000	 1.99422971160678E-0003
 3.17085650376605E+0000	 2.36165745451909E-0003
 3.17753218197455E+0000	 2.62055401166773E-0003
 3.18425841602003E+0000	 2.75125595867850E-0003
 3.19100102855487E+0000	 2.74277912515011E-0003
 3.19772328439904E+0000	 2.59530662718082E-0003
 3.20439063000318E+0000	 2.32047717369769E-0003
 3.21097484111532E+0000	 1.93921083017961E-0003
 3.21745629946191E+0000	 1.47810566206110E-0003
 3.22382429207629E+0000	 9.65820848787904E-0004
 3.23007602724202E+0000	 4.30279562785210E-0004
 3.23621508695016E+0000	-1.03164515304744E-0004
 3.24224974713845E+0000	-6.12739464774827E-0004
 3.24819140683914E+0000	-1.08061462339993E-0003
 3.25405328703750E+0000	-1.49278152146358E-0003
 3.25984948281694E+0000	-1.83865228951490E-0003
 3.26559436227971E+0000	-2.11055998982686E-0003
 3.27130224069793E+0000	-2.30329235138322E-0003
 3.27698723668613E+0000	-2.41372609371659E-0003
 3.28266322746711E+0000	-2.44057992663491E-0003
 3.28834384224048E+0000	-2.38427771491349E-0003
 3.29404245226895E+0000	-2.24690331320351E-0003
 3.29977212900213E+0000	-2.03222590185209E-0003
 3.30554554943431E+0000	-1.74577251185396E-0003
 3.31137483578849E+0000	-1.39492088137217E-0003
 3.31727132836451E+0000	-9.88984056242007E-0004
 3.32324530481405E+0000	-5.39264920971410E-0004
 3.32930566695956E+0000	-5.90793052426548E-0005
 3.33545960135605E+0000	 4.36224151363041E-0004
 3.34171216793304E+0000	 9.29203416292727E-0004
 3.34806568967190E+0000	 1.40021876917448E-0003
 3.35451876269539E+0000	 1.82742293988996E-0003
 3.36106479667535E+0000	 2.18720714338133E-0003
 3.36769032902840E+0000	 2.45561279950533E-0003
 3.37437384131856E+0000	 2.61103045513831E-0003
 3.38108607222799E+0000	 2.63786589179951E-0003
 3.38779245998269E+0000	 2.53006542847283E-0003
 3.39445738492756E+0000	 2.29308979348957E-0003
 3.40104895100922E+0000	 1.94348317590234E-0003
 3.40754283835708E+0000	 1.50623486011701E-0003
 3.41392431206649E+0000	 1.01091985907948E-0003
 3.42018825656124E+0000	 4.87783272719503E-0004
 3.42633770464128E+0000	-3.53366199378937E-0005
 3.43238162180729E+0000	-5.34827505131434E-0004
 3.43833267118814E+0000	-9.91929016801758E-0004
 3.44420541208876E+0000	-1.39253296538730E-0003
 3.45001506915165E+0000	-1.72657956567783E-0003
 3.45577679897141E+0000	-1.98736282108313E-0003
 3.46150530387203E+0000	-2.17091192292702E-0003
 3.46721465107075E+0000	-2.27550474854850E-0003
 3.47291819576745E+0000	-2.30130913841388E-0003
 3.47862854723348E+0000	-2.25012422530017E-0003
 3.48435754719557E+0000	-2.12519030007700E-0003
 3.49011625047692E+0000	-1.93104016304470E-0003
 3.49591491273074E+0000	-1.67337364646137E-0003
 3.50176300059200E+0000	-1.35895114155054E-0003
 3.50766924191349E+0000	-9.95523463246172E-0004
 3.51364171978504E+0000	-5.91841289976835E-0004
 3.51968797699681E+0000	-1.57805902730463E-0004
 3.52581504018501E+0000	 2.95184547201784E-0004
 3.53202921141391E+0000	 7.53690113330538E-0004
 3.53833543877500E+0000	 1.20158616356520E-0003
 3.54473610847336E+0000	 1.61957165976802E-0003
 3.55122924462270E+0000	 1.98522831552530E-0003
 3.55780637610149E+0000	 2.27409485730553E-0003
 3.56445067709565E+0000	 2.46209233374666E-0003
 3.57113627282412E+0000	 2.52924411918179E-0003
 3.57782961401841E+0000	 2.46399223199477E-0003
 3.58449331008785E+0000	 2.26672829250334E-0003
 3.59109172461414E+0000	 1.95094727800247E-0003
 3.59759652963466E+0000	 1.54120041260529E-0003
 3.60399022684033E+0000	 1.06852877714957E-0003
 3.61026669833881E+0000	 5.65219294408702E-0004
 3.61642933276560E+0000	 6.06725896286484E-0005
 3.62248807878584E+0000	-4.20830283774220E-0004
 3.62845662002227E+0000	-8.60687306542173E-0004
 3.63435025350985E+0000	-1.24552801083049E-0003
 3.64018453601805E+0000	-1.56636798641233E-0003
 3.64597452128471E+0000	-1.81773202948683E-0003
 3.65173437471293E+0000	-1.99689903243380E-0003
 3.65747720277631E+0000	-2.10329729196247E-0003
 3.66321499871806E+0000	-2.13802710918838E-0003
 3.66895865617501E+0000	-2.10347689694312E-0003
 3.67471803426200E+0000	-2.00300685432135E-0003
 3.68050207511684E+0000	-1.84068935441788E-0003
 3.68631898097101E+0000	-1.62111338888630E-0003
 3.69217645235289E+0000	-1.34927943866998E-0003
 3.69808197039792E+0000	-1.03062625674807E-0003
 3.70404307574894E+0000	-6.71234139844799E-0004
 3.71006756178381E+0000	-2.78232964782481E-0004
 3.71616347216460E+0000	 1.39593482653553E-0004
 3.72233878023734E+0000	 5.71067613232728E-0004
 3.72860063421149E+0000	 1.00186664564249E-0003
 3.73495408209834E+0000	 1.41395791834739E-0003
 3.74140025630496E+0000	 1.78550521457864E-0003
 3.74793412868891E+0000	 2.09162645087762E-0003
 3.75454220788439E+0000	 2.30645233805760E-0003
 3.76120100242477E+0000	 2.40681301622414E-0003
 3.76787753817288E+0000	 2.37724896037451E-0003
 3.77453303935074E+0000	 2.21484030770162E-0003
 3.78112942739648E+0000	 1.93144136606710E-0003
 3.78763625536010E+0000	 1.55168386672472E-0003
 3.79403508170026E+0000	 1.10751702326241E-0003
 3.80031995034088E+0000	 6.31951509155459E-0004
 3.80649492705512E+0000	 1.54425153857724E-0004
 3.81257059497673E+0000	-3.01412839027213E-0004
 3.81856093061384E+0000	-7.18016792211710E-0004
 3.82448109557898E+0000	-1.08325082763570E-0003
 3.83034609531220E+0000	-1.38936664720122E-0003
 3.83617005635488E+0000	-1.63200531775566E-0003
 3.84196588716088E+0000	-1.80934573190983E-0003
 3.84774516464074E+0000	-1.92141076657354E-0003
 3.85351815957596E+0000	-1.96950680751951E-0003
 3.85929396012451E+0000	-1.95577340806489E-0003
 3.86508067582231E+0000	-1.88283376553907E-0003
 3.87088571102083E+0000	-1.75355226564293E-0003
 3.87671609151454E+0000	-1.57091751567225E-0003
 3.88257881473762E+0000	-1.33807458508197E-0003
 3.88848117680604E+0000	-1.05852541079940E-0003
 3.89443101546401E+0000	-7.36500883095533E-0004
 3.90043680246158E+0000	-3.77486664374860E-0004
 3.90650752152874E+0000	 1.11348072934896E-0005
 3.91265227049314E+0000	 4.19377701369615E-0004
 3.91887951719398E+0000	 8.33949029273398E-0004
 3.92519591441456E+0000	 1.23765503256222E-0003
 3.93160455819612E+0000	 1.60912681150086E-0003
 3.93810263466789E+0000	 1.92327396202435E-0003
 3.94467870724480E+0000	 2.15311775681012E-0003
 3.95131058214802E+0000	 2.27363458805569E-0003
 3.95796546006063E+0000	 2.26742436918039E-0003
 3.96460390791517E+0000	 2.13033609812311E-0003
 3.97118719689598E+0000	 1.87397768791407E-0003
 3.97768493214583E+0000	 1.52322667295295E-0003
 3.98407944023005E+0000	 1.11000511144511E-0003
 3.99036574879103E+0000	 6.66617091996446E-0004
 3.99654861624816E+0000	 2.21196325603487E-0004
 4.00263878875757E+0000	-2.04202646526157E-0004
 4.00864986914560E+0000	-5.93637089213693E-0004
 4.01459619992452E+0000	-9.36405223761344E-0004
 4.02049162516810E+0000	-1.22592774141851E-0003
 4.02634885862887E+0000	-1.45869169478041E-0003
 4.03217923042472E+0000	-1.63335553681869E-0003
 4.03799266707337E+0000	-1.75002322721947E-0003
 4.04379782346043E+0000	-1.80967198450557E-0003
 4.04960232106389E+0000	-1.81372234150937E-0003
 4.05541306085150E+0000	-1.76374920397185E-0003
 4.06123658029393E+0000	-1.66133944629438E-0003
 4.06707941875507E+0000	-1.50810201411617E-0003
 4.07294844965378E+0000	-1.30582999012859E-0003
 4.07885113623262E+0000	-1.05680258769293E-0003
 4.08479567335153E+0000	-7.64204053405472E-0004
 4.09079098749250E+0000	-4.32633267640730E-0004
 4.09684657091268E+0000	-6.86858516997689E-0005
 4.10297210969645E+0000	 3.18396830901638E-0004
 4.10917681875383E+0000	 7.16021014487241E-0004
 4.11546832382583E+0000	 1.10754333433808E-0003
 4.12185087561657E+0000	 1.47181463183941E-0003
 4.12832276950327E+0000	 1.78349376828405E-0003
 4.13487328248564E+0000	 2.01496952254710E-0003
 4.14148032088419E+0000	 2.14062044662444E-0003
 4.14811080325056E+0000	 2.14302431615701E-0003
 4.15472531576340E+0000	 2.01875494852008E-0003
 4.16128606392586E+0000	 1.78038402505702E-0003
 4.16776446239329E+0000	 1.45315558370819E-0003
 4.17414486981587E+0000	 1.06828301232388E-0003
 4.18042386580577E+0000	 6.56428743141861E-0004
 4.18660694074952E+0000	 2.43630023403249E-0004
 4.19270477175282E+0000	-1.50161027152920E-0004
 4.19873027630667E+0000	-5.10839204562098E-0004
 4.20469669679505E+0000	-8.29157567508131E-0004
 4.21061652654926E+0000	-1.09957477835215E-0003
 4.21650100567248E+0000	-1.31920031512087E-0003
 4.22235997392806E+0000	-1.48691745886803E-0003
 4.22820194538273E+0000	-1.60269050976016E-0003
 4.23403432401202E+0000	-1.66704471659511E-0003
 4.23986370808968E+0000	-1.68070932192613E-0003
 4.24569624226163E+0000	-1.64441834794561E-0003
 4.25153797871602E+0000	-1.55886374821502E-0003
 4.25739520975252E+0000	-1.42479037038015E-0003
 4.26327473829812E+0000	-1.24321411262595E-0003
 4.26918406273897E+0000	-1.01573886179133E-0003
 4.27513146499049E+0000	-7.44950767708516E-0004
 4.28112599685946E+0000	-4.34883631444625E-0004
 4.28717734656006E+0000	-9.15720161421352E-0005
 4.29329552359053E+0000	 2.76276776426569E-0004
 4.29949022381227E+0000	 6.56483378792595E-0004
 4.30576964732035E+0000	 1.03256394293465E-0003
 4.31213850896082E+0000	 1.38318760363893E-0003
 4.31859515730631E+0000	 1.68259409637779E-0003
 4.32512830439856E+0000	 1.90291193187587E-0003
 4.33171485721577E+0000	 2.01900008414988E-0003
 4.33832101922278E+0000	 2.01499998454499E-0003
 4.34490784254218E+0000	 1.88975149834947E-0003
 4.35143951488874E+0000	 1.65774855424533E-0003
 4.35789036752001E+0000	 1.34484736749666E-0003
 4.36424758099997E+0000	 9.81348108016843E-0004
 4.37050970583094E+0000	 5.95953700034135E-0004
 4.37668314021673E+0000	 2.12369492005674E-0004
 4.38277856902062E+0000	-1.51655857065902E-0004
 4.38880830158698E+0000	-4.83840948636260E-0004
 4.39478461584625E+0000	-7.76308850746263E-0004
 4.40071887789708E+0000	-1.02445174475435E-0003
 4.40662117092328E+0000	-1.22593152543766E-0003
 4.41250023616293E+0000	-1.37987122518162E-0003
 4.41836360262621E+0000	-1.48623348758770E-0003
 4.42421783188061E+0000	-1.54536985551422E-0003
 4.43006882973995E+0000	-1.55772764039503E-0003
 4.43592218674936E+0000	-1.52370467584377E-0003
 4.44178351295954E+0000	-1.44364114164281E-0003
 4.44765873671508E+0000	-1.31793246615729E-0003
 4.45355434599078E+0000	-1.14724260727764E-0003
 4.45947756309140E+0000	-9.32799292405556E-0004
 4.46543645198102E+0000	-6.76766625434722E-0004
 4.47143995070352E+0000	-3.82713684233428E-0004
 4.47749778874256E+0000	-5.62189000349719E-0005
 4.48362018626676E+0000	 2.94351586539236E-0004
 4.48981714646375E+0000	 6.56908017382510E-0004
 4.49609707628197E+0000	 1.01470703223909E-0003
 4.50246449074652E+0000	 1.34586273584256E-0003
 4.50891683667820E+0000	 1.62408627238884E-0003
 4.51544118994201E+0000	 1.82160850279695E-0003
 4.52201259617597E+0000	 1.91465707243024E-0003
 4.52859620568545E+0000	 1.89013681408294E-0003
 4.53515378740965E+0000	 1.75026396823875E-0003
 4.54165210151702E+0000	 1.51217431477711E-0003
 4.54806898988156E+0000	 1.20266269409239E-0003
 4.55439488537739E+0000	 8.51243725587085E-0004
 4.56063059911139E+0000	 4.84766359262589E-0004
 4.56678367984486E+0000	 1.24758334181965E-0004
 4.57286509498148E+0000	-2.13038650943276E-0004
 4.57888689681935E+0000	-5.17968162463498E-0004
 4.58486083997815E+0000	-7.83372233305925E-0004
 4.59079768213055E+0000	-1.00552288133988E-0003
 4.59670691079584E+0000	-1.18271814943928E-0003
 4.60259672009753E+0000	-1.31456377669569E-0003
 4.60847413559413E+0000	-1.40142026682746E-0003
 4.61434523223339E+0000	-1.44399277613591E-0003
 4.62021541272577E+0000	-1.44305060943410E-0003
 4.62608972029021E+0000	-1.39927069752279E-0003
 4.63197316034628E+0000	-1.31320078250807E-0003
 4.63787100775115E+0000	-1.18533495762797E-0003
 4.64378908257044E+0000	-1.01629261858691E-0003
 4.64973398463354E+0000	-8.07098156586594E-0004
 4.65571327615305E+0000	-5.59574581538877E-0004
 4.66173558224348E+0000	-2.76883335073266E-0004
 4.66781053507104E+0000	 3.57493761968261E-0005
 4.67394841970981E+0000	 3.70102915368784E-0004
 4.68015930149176E+0000	 7.13895643633877E-0004
 4.68645136571995E+0000	 1.04982674419533E-0003
 4.69282828010813E+0000	 1.35526782043717E-0003
 4.69928577623521E+0000	 1.60347890127060E-0003
 4.70580848247596E+0000	 1.76725199307307E-0003
 4.71236902520965E+0000	 1.82500069201816E-0003
 4.71893138930325E+0000	 1.76734451156301E-0003
 4.72545835062458E+0000	 1.60064642493711E-0003
 4.73191966999332E+0000	 1.34511761474654E-0003
 4.73829702297628E+0000	 1.02869221145831E-0003
 4.74458426786435E+0000	 6.80269132919957E-0004
 4.75078459992079E+0000	 3.25098279909746E-0004
 4.75690690640376E+0000	-1.71322858184377E-0005
 4.76296275252389E+0000	-3.32330037297688E-0004
 4.76896438698934E+0000	-6.11159897317165E-0004
 4.77492360801759E+0000	-8.47995777267586E-0004
 4.78085119888508E+0000	-1.03996194545018E-0003
 4.78675669480622E+0000	-1.18614559820765E-0003
 4.79264833432853E+0000	-1.28696750893334E-0003
 4.79853312188944E+0000	-1.34367485710937E-0003
 4.80441697222257E+0000	-1.35792930575387E-0003
 4.81030492646612E+0000	-1.33148110934166E-0003
 4.81620143249367E+0000	-1.26593499121695E-0003
 4.82211067666204E+0000	-1.16262131967049E-0003
 4.82803694785757E+0000	-1.02258761246764E-0003
 4.83398501058844E+0000	-8.46725262918855E-0004
 4.83996045937848E+0000	-6.36049462328274E-0004
 4.84597001497166E+0000	-3.92157044675370E-0004
 4.85202169686867E+0000	-1.17891228484364E-0004
 4.85812476300198E+0000	 1.81768005848132E-0004
 4.86428924773827E+0000	 4.98611839129041E-0004
 4.87052486718490E+0000	 8.20035749661334E-0004
 4.87683904215008E+0000	 1.12812542452774E-0003
 4.88323393118022E+0000	 1.39963416607745E-0003
 4.88970286323704E+0000	 1.60778621832948E-0003
 4.89622750179282E+0000	 1.72668713040998E-0003
 4.90277794415090E+0000	 1.73789781366665E-0003
 4.90931739565766E+0000	 1.63659579370857E-0003
 4.91581029627250E+0000	 1.43370280640078E-0003
 4.92222994350826E+0000	 1.15247913055051E-0003
 4.92856204698203E+0000	 8.21820280398002E-0004
 4.93480383926606E+0000	 4.69965490588968E-0004
 4.94096081014667E+0000	 1.20746519283659E-0004
 4.94704321761263E+0000	-2.07650350589916E-0004
 4.95306343677806E+0000	-5.02403437184241E-0004
 4.95903429059737E+0000	-7.55177884635637E-0004
 4.96496811840705E+0000	-9.61176512064682E-0004
 4.97087629347416E+0000	-1.11832128446126E-0003
 4.97676898048895E+0000	-1.22659315023838E-0003
 4.98265501619827E+0000	-1.28749107906279E-0003
 4.98854186567602E+0000	-1.30356111546051E-0003
 4.99443564967010E+0000	-1.27796154343439E-0003
 5.00034125953731E+0000	-1.21405497955346E-0003
 5.00626257969688E+0000	-1.11504414491564E-0003
 5.01220282694207E+0000	-9.83689510889558E-0004
 5.01816499581605E+0000	-8.22159866170063E-0004
 5.02415237458045E+0000	-6.32069568419755E-0004
 5.03016907075826E+0000	-4.14749744168634E-0004
 5.03622045987158E+0000	-1.71786600767958E-0004
 5.04231344417557E+0000	 9.41615659444351E-0005
 5.04845637598884E+0000	 3.78290453940736E-0004
 5.05465845957528E+0000	 6.72400352322976E-0004
 5.06092840738053E+0000	 9.63669857338906E-0004
 5.06727214670017E+0000	 1.23386729506387E-0003
 5.07368959209293E+0000	 1.45972527184971E-0003
 5.08017111525872E+0000	 1.61541665223003E-0003
 5.08669533821379E+0000	 1.67766084601775E-0003
 5.09323046785267E+0000	 1.63242651974990E-0003
 5.09974015601663E+0000	 1.48014168685807E-0003
 5.10619176531998E+0000	 1.23614118496105E-0003
 5.11256286262916E+0000	 9.26022315821609E-0004
 5.11884327874378E+0000	 5.78905822260820E-0004
 5.12503333257702E+0000	 2.21967216259105E-0004
 5.13114047473012E+0000	-1.22414562449720E-0004
 5.13717614256217E+0000	-4.37355436374362E-0004
 5.14315351725327E+0000	-7.11019983246921E-0004
 5.14908615221675E+0000	-9.35802436126234E-0004
 5.15498720065160E+0000	-1.10752522109360E-0003
 5.16086898085313E+0000	-1.22478117145937E-0003
 5.16674270212562E+0000	-1.28841431153327E-0003
 5.17261825592368E+0000	-1.30108535852329E-0003
 5.17850403903637E+0000	-1.26686027888180E-0003
 5.18440682064326E+0000	-1.19077287089317E-0003
 5.19033169594129E+0000	-1.07833877498972E-0003
 5.19628218363346E+0000	-9.35036067776836E-0004
 5.20226051718089E+0000	-7.65811143310654E-0004
 5.20826814655687E+0000	-5.74706443805325E-0004
 5.21430641228684E+0000	-3.64723959073101E-0004
 5.22037729052489E+0000	-1.38024314588860E-0004
 5.22648405506066E+0000	 1.03484078776418E-0004
 5.23263167131052E+0000	 3.57176170402495E-0004
 5.23882672555439E+0000	 6.18444138563794E-0004
 5.24507668794991E+0000	 8.79301045840683E-0004
 5.25138831587816E+0000	 1.12715151838727E-0003
 5.25776509129001E+0000	 1.34424179753814E-0003
 5.26420390699776E+0000	 1.50856217346721E-0003
 5.27069192521488E+0000	 1.59700710989468E-0003
 5.27720541239044E+0000	 1.59085802585708E-0003
 5.28371240984929E+0000	 1.48191601641192E-0003
 5.29017923563078E+0000	 1.27609815696883E-0003
 5.29657796632294E+0000	 9.92191728095279E-0004
 5.30289123118042E+0000	 6.56638305717892E-0004
 5.30911288736015E+0000	 2.97489980233195E-0004
 5.31524581573599E+0000	-5.99149667598700E-0005
 5.32129885895476E+0000	-3.94953943030037E-0004
 5.32728419715920E+0000	-6.92057965044351E-0004
 5.33321554379300E+0000	-9.40250977244587E-0004
 5.33910704745363E+0000	-1.13247451433245E-0003
 5.34497265265722E+0000	-1.26497167580040E-0003
 5.35082570296232E+0000	-1.33680908922630E-0003
 5.35667863886489E+0000	-1.34952009611816E-0003
 5.36254270541980E+0000	-1.30681229543950E-0003
 5.36842763578809E+0000	-1.21426795549580E-0003
 5.37434132341970E+0000	-1.07896584083549E-0003
 5.38028954124427E+0000	-9.08969984321361E-0004
 5.38627580544380E+0000	-7.12672267979060E-0004
 5.39230149720795E+0000	-4.98043844753504E-0004
 5.39836632619604E+0000	-2.71932124625685E-0004
 5.40446913291194E+0000	-3.96018758479864E-0005
 5.41060890141207E+0000	 1.95279876208019E-0004
 5.41678573627609E+0000	 4.30095060830496E-0004
 5.42300149857777E+0000	 6.62181034932257E-0004
 5.42925981081720E+0000	 8.87363340021804E-0004
 5.43556520872658E+0000	 1.09842159496006E-0003
 5.44192132476838E+0000	 1.28393212308211E-0003
 5.44832819044827E+0000	 1.42809282758297E-0003
 5.45477916940189E+0000	 1.51223705829205E-0003
 5.46125870321047E+0000	 1.51847022911100E-0003
 5.46774252602857E+0000	 1.43484108043661E-0003
 5.47420135472877E+0000	 1.25997826753542E-0003
 5.48060701150895E+0000	 1.00463201916671E-0003
 5.48693811646981E+0000	 6.89217987688554E-0004
 5.49318291391215E+0000	 3.38978309401310E-0004
 5.49933895674907E+0000	-2.07006819242588E-0005
 5.50541099859953E+0000	-3.67311456326401E-0004
 5.51140855766421E+0000	-6.82507785007638E-0004
 5.51734393978602E+0000	-9.52257361051636E-0004
 5.52323089322108E+0000	-1.16648850123589E-0003
 5.52908377381406E+0000	-1.31862372240922E-0003
 5.53491703240950E+0000	-1.40518152830608E-0003
 5.54074486162684E+0000	-1.42549932180556E-0003
 5.54658088235546E+0000	-1.38156426109571E-0003
 5.55243778824825E+0000	-1.27790331845020E-0003
 5.55832690082676E+0000	-1.12145861693029E-0003
 5.56425762900345E+0000	-9.21353538571132E-0004
 5.57023688474405E+0000	-6.88447131908870E-0004
 5.57626858096321E+0000	-4.34599144802749E-0004
 5.58235340631702E+0000	-1.71649097143050E-0004
 5.58848908488710E+0000	 8.97456696363462E-0005
 5.59467123078052E+0000	 3.41111050754864E-0004
 5.60089468906139E+0000	 5.76619328496919E-0004
 5.60715499853007E+0000	 7.92735591984206E-0004
 5.61344946232647E+0000	 9.87035730043486E-0004
 5.61977736176456E+0000	 1.15650166323433E-0003
 5.62613906714260E+0000	 1.29583315071256E-0003
 5.63253409885296E+0000	 1.39642112682254E-0003
 5.63895854718430E+0000	 1.44661639732181E-0003
 5.64540269217390E+0000	 1.43372115448839E-0003
 5.65185003045424E+0000	 1.34753197895384E-0003
 5.65827873862871E+0000	 1.18428265257962E-0003
 5.66466549125685E+0000	 9.49139128097866E-0004
 5.67099007394433E+0000	 6.55926391030199E-0004
 5.67723875739125E+0000	 3.24387245377398E-0004
 5.68340541117542E+0000	-2.34529937196213E-0005
 5.68949074247540E+0000	-3.66306618544566E-0004
 5.69550067989396E+0000	-6.85419167049576E-0004
 5.70144473316461E+0000	-9.65297666622794E-0004
 5.70733470745008E+0000	-1.19379949815334E-0003
 5.71318382214732E+0000	-1.36195307271393E-0003
 5.71900614187744E+0000	-1.46373574194624E-0003
 5.72481619837355E+0000	-1.49591640917898E-0003
 5.73062869423481E+0000	-1.45799975636699E-0003
 5.73645819632862E+0000	-1.35226912481464E-0003
 5.74231873809251E+0000	-1.18389525463142E-0003
 5.74822326122036E+0000	-9.61043465749507E-0004
 5.75418285281044E+0000	-6.94866295307872E-0004
 5.76020579500331E+0000	-3.99220047210275E-0004
 5.76629655816849E+0000	-8.99237608118443E-0005
 5.77245502427555E+0000	 2.16553756274440E-0004
 5.77867634640381E+0000	 5.04882867191626E-0004
 5.78495178804488E+0000	 7.62715669056634E-0004
 5.79127053516101E+0000	 9.81903992431693E-0004
 5.79762194731510E+0000	 1.15849739558290E-0003
 5.80399736361461E+0000	 1.29142537635808E-0003
 5.81039069946448E+0000	 1.38040615499371E-0003
 5.81679759536312E+0000	 1.42399892823112E-0003
 5.82321348868457E+0000	 1.41866788233123E-0003
 5.82963143033057E+0000	 1.35935474884191E-0003
 5.83604066394881E+0000	 1.24148141746030E-0003
 5.84242679897824E+0000	 1.06362971700722E-0003
 5.84877372196554E+0000	 8.29678660878704E-0004
 5.85506646307562E+0000	 5.49370681727039E-0004
 5.86129375071258E+0000	 2.37155162797826E-0004
 5.86744935485667E+0000	-8.99465201128313E-0005
 5.87353213911631E+0000	-4.14470883120771E-0004
 5.87954531254287E+0000	-7.20038445186607E-0004
 5.88549544352104E+0000	-9.92185423126625E-0004
 5.89139158295209E+0000	-1.21869573076519E-0003
 5.89724461299794E+0000	-1.38967548824760E-0003
 5.90306680348202E+0000	-1.49754768122769E-0003
 5.90887151069232E+0000	-1.53706780292994E-0003
 5.91467294849258E+0000	-1.50540976126833E-0003
 5.92048596553628E+0000	-1.40234429710318E-0003
 5.92632575914983E+0000	-1.23051570031889E-0003
 5.93220744335935E+0000	-9.95801000663215E-0004
 5.93814537272468E+0000	-7.07694131624245E-0004
 5.94415212465699E+0000	-3.79583727754073E-0004
 5.95023709829853E+0000	-2.86882353283677E-0005
 5.95640484921539E+0000	 3.24683994278667E-0004
 5.96265356862314E+0000	 6.58857668059337E-0004
 5.96897442657369E+0000	 9.53499278190514E-0004
 5.97535251897690E+0000	 1.19269139643788E-0003
 5.98176956415353E+0000	 1.36716212423439E-0003
 5.98820745580513E+0000	 1.47454937909273E-0003
 5.99465111966123E+0000	 1.51757177124427E-0003
 6.00108950980267E+0000	 1.50116028482341E-0003
 6.00751469591119E+0000	 1.43003341117488E-0003
 6.01391994413784E+0000	 1.30770775887667E-0003
 6.02029798059907E+0000	 1.13705696602708E-0003
 6.02664030854466E+0000	 9.21790416530806E-0004
 6.03293779231502E+0000	 6.67893021868698E-0004
 6.03918205013140E+0000	 3.84251411961872E-0004
 6.04536687459883E+0000	 8.22604492401503E-0005
 6.05148908043202E+0000	-2.25234138461373E-0004
 6.05754863934919E+0000	-5.25099077127655E-0004
 6.06354832892508E+0000	-8.04791977363453E-0004
 6.06949322016221E+0000	-1.05285346349216E-0003
 6.07539023180213E+0000	-1.25911037819451E-0003
 6.08124783642466E+0000	-1.41474528133684E-0003
 6.08707590369704E+0000	-1.51235659507340E-0003
 6.09288562581216E+0000	-1.54607891713021E-0003
 6.09868946830819E+0000	-1.51179174395722E-0003
 6.10450109921729E+0000	-1.40742678425463E-0003
 6.11033525149181E+0000	-1.23338231295847E-0003
 6.11620745828004E+0000	-9.93053573701163E-0004
 6.12213356652597E+0000	-6.93473679107412E-0004
 6.12812888986319E+0000	-3.46008288209545E-0004
 6.13420683452259E+0000	 3.30653476931502E-0005
 6.14037688739981E+0000	 4.22450492888694E-0004
 6.14664210281782E+0000	 7.96753825417317E-0004
 6.15299674192899E+0000	 1.12901059113872E-0003
 6.15942532017856E+0000	 1.39485165760377E-0003
 6.16590434446379E+0000	 1.57717767683583E-0003
 6.17240680532419E+0000	 1.66918044420916E-0003
 6.17890758623942E+0000	 1.67402750348157E-0003
 6.18538720686949E+0000	 1.60157572809214E-0003
 6.19183261053893E+0000	 1.46423220297229E-0003
 6.19823567037415E+0000	 1.27401802933185E-0003
 6.20459102386771E+0000	 1.04156011486085E-0003
 6.21089452385679E+0000	 7.76509262921570E-0004
 6.21714274853803E+0000	 4.88417888861032E-0004
 6.22333330166137E+0000	 1.87308365545142E-0004
 6.22946534319159E+0000	-1.16341950566388E-0004
 6.23553990332145E+0000	-4.12039016496657E-0004
 6.24155983394763E+0000	-6.89803374823381E-0004
 6.24752950299752E+0000	-9.40539251577641E-0004
 6.25345442924991E+0000	-1.15615903818544E-0003
 6.25934101731146E+0000	-1.32952094317938E-0003
 6.26519646297262E+0000	-1.45429848986478E-0003
 6.27102881802825E+0000	-1.52489554747817E-0003
 6.27684715597858E+0000	-1.53648216851127E-0003
