 1.39295716908031E-0003	-7.96083928937156E-0004
 7.33933971302368E-0003	-1.03866990216515E-0003
 1.32453465478164E-0002	-1.24201462762646E-0003
 1.91178119742961E-0002	-1.39989913400141E-0003
 2.49645956591735E-0002	-1.50707653791639E-0003
 3.07943638667713E-0002	-1.55950225671266E-0003
 3.66163364743576E-0002	-1.55440856388722E-0003
 4.24401028410786E-0002	-1.49025862224738E-0003
 4.82755667794989E-0002	-1.36665758624919E-0003
 5.41330341404555E-0002	-1.18431611918092E-0003
 6.00234116411471E-0002	-9.45164128020378E-0004
 6.59584402318399E-0002	-6.52705521227625E-0004
 7.19508335330886E-0002	-3.12687930308321E-0004
 7.80141221965098E-0002	 6.58763330832301E-0005
 8.41619139717545E-0002	 4.69390938095516E-0004
 9.04061931628014E-0002	 8.78310376347841E-0004
 9.67543167227612E-0002	 1.26635909249893E-0003
 1.03204782017376E-0001	 1.60147416716349E-0003
 1.09742940017318E-0001	 1.84981456520287E-0003
 1.16339303625629E-0001	 1.98313307239340E-0003
 1.22953265971940E-0001	 1.98708372619112E-0003
 1.29542087706826E-0001	 1.86574598038866E-0003
 1.36070749245663E-0001	 1.63929706809660E-0003
 1.42517564611721E-0001	 1.33663321660031E-0003
 1.48874134499449E-0001	 9.87564017303613E-0004
 1.55141798381950E-0001	 6.17794362780517E-0004
 1.61327378189941E-0001	 2.47134755493753E-0004
 1.67439827689525E-0001	-1.10120139942940E-0004
 1.73488219187867E-0001	-4.43842765627536E-0004
 1.79480894937083E-0001	-7.46575985318466E-0004
 1.85425417920415E-0001	-1.01233200385435E-0003
 1.91328944020714E-0001	-1.23586054463966E-0003
 1.97198699409871E-0001	-1.41237608604789E-0003
 2.03042350652482E-0001	-1.53761965432108E-0003
 2.08868174389233E-0001	-1.60808712132079E-0003
 2.14685035354999E-0001	-1.62127507092814E-0003
 2.20502242836019E-0001	-1.57585111123146E-0003
 2.26329374847423E-0001	-1.47171841218395E-0003
 2.32176149299556E-0001	-1.30999631996272E-0003
 2.38052396026521E-0001	-1.09297655294010E-0003
 2.43968148984152E-0001	-8.24141408801191E-0004
 2.49933832163227E-0001	-5.08349211862798E-0004
 2.55960448949566E-0001	-1.52298878418315E-0004
 2.62059595390569E-0001	 2.34634586787676E-0004
 2.68243001858609E-0001	 6.39179553848720E-0004
 2.74521188760583E-0001	 1.04273884280533E-0003
 2.80900798186720E-0001	 1.42030487349320E-0003
 2.87380481979077E-0001	 1.74083034268117E-0003
 2.93946244525111E-0001	 1.97056472247238E-0003
 3.00568787379486E-0001	 2.08015432400602E-0003
 3.07206178539410E-0001	 2.05364106604593E-0003
 3.13812702963385E-0001	 1.89445279268531E-0003
 3.20349853169664E-0001	 1.62416691818689E-0003
 3.26793461863693E-0001	 1.27496993016148E-0003
 3.33134471803119E-0001	 8.80786734568783E-0004
 3.39375310772411E-0001	 4.71178723921393E-0004
 3.45525104064326E-0001	 6.89142219341920E-0005
 3.51595741791895E-0001	-3.09877646469949E-0004
 3.57599385351305E-0001	-6.54339589066524E-0004
 3.63547252275811E-0001	-9.57240596304424E-0004
 3.69449308087273E-0001	-1.21354111448150E-0003
 3.75314501228928E-0001	-1.41937398819142E-0003
 3.81151239148333E-0001	-1.57148158881739E-0003
 3.86967878496611E-0001	-1.66704787942406E-0003
 3.92773086722301E-0001	-1.70380580663228E-0003
 3.98576017128296E-0001	-1.68028438923263E-0003
 4.04386307986316E-0001	-1.59608023175063E-0003
 4.10213957368525E-0001	-1.45207877993775E-0003
 4.16069140236786E-0001	-1.25059439016468E-0003
 4.21962031988152E-0001	-9.95436644193928E-0004
 4.27902690077162E-0001	-6.91944613117168E-0004
 4.33901020356981E-0001	-3.47066061852453E-0004
 4.39966804730218E-0001	 3.04062281145747E-0005
 4.46109674450412E-0001	 4.29311998488481E-0004
 4.52338772590857E-0001	 8.35230999190347E-0004
 4.58661690905641E-0001	 1.22931260008021E-0003
 4.65082202801316E-0001	 1.58729973323078E-0003
 4.71596593102960E-0001	 1.87979103423231E-0003
 4.78189344259819E-0001	 2.07521784965030E-0003
 4.84830533052359E-0001	 2.14641782966880E-0003
 4.91478164920859E-0001	 2.07922443467916E-0003
 4.98086538862631E-0001	 1.87847402349102E-0003
 5.04617044379063E-0001	 1.56714225046093E-0003
 5.11045520990351E-0001	 1.17909592128285E-0003
 5.17363369723770E-0001	 7.50165930053503E-0004
 5.23574085597999E-0001	 3.11761014613233E-0004
 5.29688408634242E-0001	-1.11848792747190E-0004
 5.35720211141678E-0001	-5.03564601282424E-0004
 5.41683785882248E-0001	-8.52174206225144E-0004
 5.47592409373531E-0001	-1.15070168047233E-0003
 5.53457832532533E-0001	-1.39488445969030E-0003
 5.59290368202963E-0001	-1.58199007326153E-0003
 5.65099309754846E-0001	-1.71004149788738E-0003
 5.70893471247060E-0001	-1.77744106947500E-0003
 5.76681691200736E-0001	-1.78292934226111E-0003
 5.82473198220427E-0001	-1.72578177577601E-0003
 5.88277793826944E-0001	-1.60613754988818E-0003
 5.94105854186204E-0001	-1.42536922727896E-0003
 5.99968180259642E-0001	-1.18642847499689E-0003
 6.05875737508234E-0001	-8.94129912081308E-0004
 6.11839329962828E-0001	-5.55358546612353E-0004
 6.17869253788914E-0001	-1.79212651542939E-0004
 6.23974962746704E-0001	 2.22866849973735E-0004
 6.30164724386121E-0001	 6.36881908834311E-0004
 6.36445120990710E-0001	 1.04586702277839E-0003
 6.42820067123486E-0001	 1.42928938308670E-0003
 6.49288904709824E-0001	 1.76261543718654E-0003
 6.55843381387482E-0001	 2.01795864466206E-0003
 6.62464235825490E-0001	 2.16710620951569E-0003
 6.69119543866750E-0001	 2.18757164980433E-0003
 6.75767564413010E-0001	 2.07003975574368E-0003
 6.82364699607552E-0001	 1.82309774521250E-0003
 6.88875156249610E-0001	 1.47177425024458E-0003
 6.95277267315433E-0001	 1.05063167905096E-0003
 7.01564238741606E-0001	 5.95584158446892E-0004
 7.07740866389227E-0001	 1.38052533636795E-0004
 7.13819017834995E-0001	-2.97585953736384E-0004
 7.19813745818275E-0001	-6.94108169923965E-0004
 7.25740643189084E-0001	-1.04031786340550E-0003
 7.31614346790878E-0001	-1.32952930546916E-0003
 7.37447895247683E-0001	-1.55810493359248E-0003
 7.43252665633931E-0001	-1.72424003465787E-0003
 7.49038677584488E-0001	-1.82707088305748E-0003
 7.54815098314003E-0001	-1.86613048260204E-0003
 7.60590808118496E-0001	-1.84114094871165E-0003
 7.66374910366518E-0001	-1.75209866578048E-0003
 7.72177102365890E-0001	-1.59958309094645E-0003
 7.78007859509828E-0001	-1.38521071787092E-0003
 7.83878413859767E-0001	-1.11216155477149E-0003
 7.89800523698248E-0001	-7.85716503641636E-0004
 7.95786037252406E-0001	-4.13749511201536E-0004
 8.01846263768237E-0001	-7.11722890630738E-0006
 8.07991185144306E-0001	 4.20105130798040E-0004
 8.14228554827902E-0001	 8.50560930873285E-0004
 8.20562891139177E-0001	 1.26369254459470E-0003
 8.26994245495655E-0001	 1.63595329725686E-0003
 8.33516502403721E-0001	 1.94136520151698E-0003
 8.40115149104705E-0001	 2.15308608554071E-0003
 8.46765258091344E-0001	 2.24690440745083E-0003
 8.53431552719770E-0001	 2.20680787870482E-0003
 8.60072472326635E-0001	 2.03073616593952E-0003
 8.66647878902573E-0001	 1.73306292642415E-0003
 8.73126987718458E-0001	 1.34172834538654E-0003
 8.79492720497275E-0001	 8.91536900791644E-0004
 8.85741431677686E-0001	 4.17194133875470E-0004
 8.91879668567228E-0001	-5.13654071156365E-0005
 8.97920194219269E-0001	-4.90919552181904E-0004
 9.03878636208102E-0001	-8.84963708196361E-0004
 9.09771170908945E-0001	-1.22273655703858E-0003
 9.15613146143214E-0001	-1.49792187231751E-0003
 9.21418406978135E-0001	-1.70736542767231E-0003
 9.27199116444293E-0001	-1.84995338956493E-0003
 9.32965922082968E-0001	-1.92571507809076E-0003
 9.38728357479504E-0001	-1.93518674988683E-0003
 9.44495379491527E-0001	-1.87906164487459E-0003
 9.50275941383755E-0001	-1.75813370202214E-0003
 9.56079505734446E-0001	-1.57351697716595E-0003
 9.61916414583168E-0001	-1.32709980553512E-0003
 9.67798051230721E-0001	-1.02218006047928E-0003
 9.73736737421170E-0001	-6.64222251743319E-0004
 9.79745308010662E-0001	-2.61664991856902E-0004
 9.85836304849822E-0001	 1.73325393766271E-0004
 9.92020757755912E-0001	 6.24311179591458E-0004
 9.98306592720381E-0001	 1.07044720733257E-0003
 1.00469680579169E+0000	 1.48693702988152E-0003
 1.01118759560735E+0000	 1.84619937251313E-0003
 1.01776663464510E+0000	 2.11985265427626E-0003
 1.02441176828123E+0000	 2.28175832876182E-0003
 1.03109093202379E+0000	 2.31233797037456E-0003
 1.03776462009884E+0000	 2.20353747237356E-0003
 1.04439158738680E+0000	 1.96231477485735E-0003
 1.05093621596684E+0000	 1.61020236797461E-0003
 1.05737426173125E+0000	 1.17863602564693E-0003
 1.06369472530569E+0000	 7.02429984540936E-0004
 1.06989819017394E+0000	 2.14262906779451E-0004
 1.07599347576282E+0000	-2.58489798194485E-0004
 1.08199424300856E+0000	-6.94790998751191E-0004
 1.08791632966382E+0000	-1.07965194425852E-0003
 1.09377594216467E+0000	-1.40323402021757E-0003
 1.09958855410253E+0000	-1.65977498126963E-0003
 1.10536831829475E+0000	-1.84654331162969E-0003
 1.11112784584204E+0000	-1.96289897796898E-0003
 1.11687826180561E+0000	-2.00949285787658E-0003
 1.12262948127156E+0000	-1.98763432918753E-0003
 1.12839065567899E+0000	-1.89886653406204E-0003
 1.13417072581370E+0000	-1.74479149953020E-0003
 1.13997899947728E+0000	-1.52717521671912E-0003
 1.14582566005462E+0000	-1.24834086494461E-0003
 1.15172210768051E+0000	-9.11836555506191E-0004
 1.15768102751044E+0000	-5.23345462220814E-0004
 1.16371605951808E+0000	-9.17789062828035E-0005
 1.16984091700028E+0000	 3.69568821833064E-0004
 1.17606780324046E+0000	 8.42044401390441E-0004
 1.18240507597026E+0000	 1.30124159274139E-0003
 1.18885436709678E+0000	 1.71770858939383E-0003
 1.19540773823415E+0000	 2.05919144332511E-0003
 1.20204575033831E+0000	 2.29449056401294E-0003
 1.20873738136422E+0000	 2.39850290632532E-0003
 1.21544256863716E+0000	 2.35748101087862E-0003
 1.22211764237541E+0000	 2.17287995238333E-0003
 1.22872259335367E+0000	 1.86183311490597E-0003
 1.23522753875344E+0000	 1.45345430260035E-0003
 1.24161582372248E+0000	 9.82538435154043E-0004
 1.24788330402276E+0000	 4.83500257920211E-0004
 1.25403534202469E+0000	-1.35587480519034E-0005
 1.26008335892070E+0000	-4.84471518177426E-0004
 1.26604199548354E+0000	-9.11069237187433E-0004
 1.27192713745808E+0000	-1.28049878662813E-0003
 1.27775466971879E+0000	-1.58431101044466E-0003
 1.28353973848928E+0000	-1.81755913236957E-0003
 1.28929634615122E+0000	-1.97798259829407E-0003
 1.29503717500090E+0000	-2.06528206973225E-0003
 1.30077359447601E+0000	-2.08047887623621E-0003
 1.30651583912623E+0000	-2.02536888993464E-0003
 1.31227335047321E+0000	-1.90210687680423E-0003
 1.31805525930365E+0000	-1.71297795522158E-0003
 1.32387095562265E+0000	-1.46041847963855E-0003
 1.32973066273538E+0000	-1.14733880508149E-0003
 1.33564590464955E+0000	-7.77781857204058E-0004
 1.34162972521394E+0000	-3.57929316243763E-0004
 1.34769646887827E+0000	 1.02569214537192E-0004
 1.35386086396383E+0000	 5.89055797550385E-0004
 1.36013610174657E+0000	 1.08041693666841E-0003
 1.36653070236720E+0000	 1.54835797975477E-0003
 1.37304439409461E+0000	 1.95836398855897E-0003
 1.37966407820982E+0000	 2.27327893086633E-0003
 1.38636179560265E+0000	 2.45956355369055E-0003
 1.39309654767854E+0000	 2.49469794216162E-0003
 1.39982036679117E+0000	 2.37295450112378E-0003
 1.40648691927486E+0000	 2.10698887523671E-0003
 1.41305949047860E+0000	 1.72445615135604E-0003
 1.41951545830647E+0000	 1.26125158925133E-0003
 1.42584636220019E+0000	 7.54413177911895E-0004
 1.43205491816528E+0000	 2.37120237273946E-0004
 1.43815111802121E+0000	-2.63580288627491E-0004
 1.44414888955316E+0000	-7.27029816088127E-0004
 1.45006380247457E+0000	-1.13820944121046E-0003
 1.45591170139508E+0000	-1.48670877276708E-0003
 1.46170796604798E+0000	-1.76576248188493E-0003
 1.46746713487649E+0000	-1.97145742583401E-0003
 1.47320272354103E+0000	-2.10209573942244E-0003
 1.47892715728190E+0000	-2.15766421744806E-0003
 1.48465179740571E+0000	-2.13936854475322E-0003
 1.49038707625141E+0000	-2.04921981362948E-0003
 1.49614276349041E+0000	-1.88969691072189E-0003
 1.50192837211485E+0000	-1.66354120176355E-0003
 1.50775368065410E+0000	-1.37376071925853E-0003
 1.51362930747103E+0000	-1.02392607465472E-0003
 1.51956722852274E+0000	-6.18832854126123E-0004
 1.52558107525937E+0000	-1.65589050067268E-0004
 1.53168596580423E+0000	 3.24851617702941E-0004
 1.53789749849698E+0000	 8.35799314383531E-0004
 1.54422941913588E+0000	 1.34294722007879E-0003
 1.55068955679356E+0000	 1.81339806010687E-0003
 1.55727429645984E+0000	 2.20713485790186E-0003
 1.56396338488961E+0000	 2.48248440520919E-0003
 1.57071844393429E+0000	 2.60538106240353E-0003
 1.57748796470901E+0000	 2.55899677446946E-0003
 1.58421776366200E+0000	 2.34864408045556E-0003
 1.59086206070226E+0000	 1.99940984167472E-0003
 1.59739039098548E+0000	 1.54848359302953E-0003
 1.60378882314274E+0000	 1.03639697207108E-0003
 1.61005703070759E+0000	 5.00461830499854E-0004
 1.61620380029295E+0000	-2.85373626028455E-0005
 1.62224291817443E+0000	-5.27025485125754E-0004
 1.62819024342841E+0000	-9.77865968957737E-0004
 1.63406197000333E+0000	-1.36909309543977E-0003
 1.63987375565701E+0000	-1.69268232984625E-0003
 1.64564037196371E+0000	-1.94356423911321E-0003
 1.65137561838406E+0000	-2.11890313304787E-0003
 1.65709234629620E+0000	-2.21758285134537E-0003
 1.66280252284529E+0000	-2.23982412707612E-0003
 1.66851732377340E+0000	-2.18687234117015E-0003
 1.67424727996870E+0000	-2.06072615402845E-0003
 1.68000251495211E+0000	-1.86391728667461E-0003
 1.68579310023489E+0000	-1.59939135823514E-0003
 1.69162952501823E+0000	-1.27057087092741E-0003
 1.69752323159807E+0000	-8.81698880461535E-0004
 1.70348711145982E+0000	-4.38566266461605E-0004
 1.70953578083654E+0000	 5.02817491865260E-0005
 1.71568533349793E+0000	 5.71801071537057E-0004
 1.72195208163798E+0000	 1.10624530865176E-0003
 1.72834960256667E+0000	 1.62497217635531E-0003
 1.73488351289458E+0000	 2.08952660504985E-0003
 1.74154445996544E+0000	 2.45424677722305E-0003
 1.74830230065761E+0000	 2.67447418936708E-0003
 1.75510664125769E+0000	 2.71916304969704E-0003
 1.76189662831728E+0000	 2.58148420399947E-0003
 1.76861572774063E+0000	 2.28040744213785E-0003
 1.77522313110056E+0000	 1.85295197269702E-0003
 1.78169735310334E+0000	 1.34307192126383E-0003
 1.78803360194782E+0000	 7.92796744881406E-0004
 1.79423863946127E+0000	 2.37494968322418E-0004
 1.80032581744418E+0000	-2.95479029752828E-0004
 1.80631139921788E+0000	-7.86189680238830E-0004
 1.81221227113244E+0000	-1.22074092062851E-0003
 1.81804473874031E+0000	-1.58980169726403E-0003
 1.82382403468085E+0000	-1.88735002679928E-0003
 1.82956423286541E+0000	-2.10972655858676E-0003
 1.83527835794803E+0000	-2.25497828157236E-0003
 1.84097856232937E+0000	-2.32242772461271E-0003
 1.84667630886363E+0000	-2.31239296034603E-0003
 1.85238254754006E+0000	-2.22599515989253E-0003
 1.85810790872867E+0000	-2.06501729772861E-0003
 1.86386295154225E+0000	-1.83181518448497E-0003
 1.86965850031450E+0000	-1.52932385730197E-0003
 1.87550607416099E+0000	-1.16124026102986E-0003
 1.88141836619003E+0000	-7.32490145181550E-0004
 1.88740966074006E+0000	-2.50100610559121E-0004
 1.89349597746244E+0000	 2.75403405085655E-0004
 1.89969456962995E+0000	 8.28008104491675E-0004
 1.90602215651977E+0000	 1.38374749488582E-0003
 1.91249103298871E+0000	 1.90844278405973E-0003
 1.91910245056081E+0000	 2.35743677251108E-0003
 1.92583840714285E+0000	 2.68031853454603E-0003
 1.93265656172566E+0000	 2.83267761042606E-0003
 1.93949492582931E+0000	 2.79130751440550E-0003
 1.94628725685520E+0000	 2.56302494560188E-0003
 1.95298008619839E+0000	 2.18048233026773E-0003
 1.95954135072857E+0000	 1.68940728578693E-0003
 1.96595939436538E+0000	 1.13639763343289E-0003
 1.97223727552144E+0000	 5.61866557371446E-0004
 1.97838677049066E+0000	-2.34109605066514E-0006
 1.98442384649942E+0000	-5.32675111830528E-0004
 1.99036576998155E+0000	-1.01251741455340E-0003
 1.99622948608018E+0000	-1.43058712418606E-0003
 2.00203085631685E+0000	-1.77949625215292E-0003
 2.00778442792635E+0000	-2.05459037645619E-0003
 2.01350350555618E+0000	-2.25309253880295E-0003
 2.01920037210037E+0000	-2.37351841267353E-0003
 2.02488656125062E+0000	-2.41530997348116E-0003
 2.03057312831115E+0000	-2.37862866929078E-0003
 2.03627090319388E+0000	-2.26425481074505E-0003
 2.04199073956728E+0000	-2.07355882457187E-0003
 2.04774379168855E+0000	-1.80854188836859E-0003
 2.05354184890803E+0000	-1.47198421521336E-0003
 2.05939773206835E+0000	-1.06778131075904E-0003
 2.06532570329292E+0000	-6.01583190948298E-0004
 2.07134175682724E+0000	-8.18709885472629E-0005
 2.07746352888544E+0000	 4.78403714454125E-0004
 2.08370935921405E+0000	 1.05957590372660E-0003
 2.09009575067525E+0000	 1.63267673518131E-0003
 2.09663228955703E+0000	 2.15752526482636E-0003
 2.10331372101423E+0000	 2.58392219401755E-0003
 2.11011153496980E+0000	 2.85935760863575E-0003
 2.11697161910419E+0000	 2.94403014569386E-0003
 2.12382442462371E+0000	 2.82616772244348E-0003
 2.13060428565972E+0000	 2.52607014094813E-0003
 2.13726507458217E+0000	 2.08601014694178E-0003
 2.14378415626011E+0000	 1.55517912463226E-0003
 2.15015766021585E+0000	 9.78916786303872E-0004
 2.15639352390934E+0000	 3.94182830477881E-0004
 2.16250585052751E+0000	-1.70960575556419E-0004
 2.16851123678708E+0000	-6.96171783342770E-0004
 2.17442664525961E+0000	-1.16721848050725E-0003
 2.18026829538991E+0000	-1.57444377238217E-0003
 2.18605119086078E+0000	-1.91147540842006E-0003
 2.19178903621524E+0000	-2.17421187910629E-0003
 2.19749438364005E+0000	-2.36007363445787E-0003
 2.20317890295890E+0000	-2.46749189510740E-0003
 2.20885370091147E+0000	-2.49559942769652E-0003
 2.21452964253388E+0000	-2.44408230133242E-0003
 2.22021765393965E+0000	-2.31315235411392E-0003
 2.22592901084582E+0000	-2.10361208811210E-0003
 2.23167563434812E+0000	-1.81700962706595E-0003
 2.23747041599102E+0000	-1.45591932239444E-0003
 2.24332756946111E+0000	-1.02442717354668E-0003
 2.24926294826187E+0000	-5.28939375045160E-0004
 2.25529416760017E+0000	 2.05476311355179E-0005
 2.26144020799372E+0000	 6.08605065337633E-0004
 2.26771994128598E+0000	 1.21199583523547E-0003
 2.27414875331274E+0000	 1.79723915046420E-0003
 2.28073245590551E+0000	 2.31955580464332E-0003
 2.28745886598709E+0000	 2.72601817311754E-0003
 2.29429074225434E+0000	 2.96587920188842E-0003
 2.30116727266473E+0000	 3.00666543824434E-0003
 2.30801814209857E+0000	 2.84668501125653E-0003
 2.31478289299304E+0000	 2.51399002335543E-0003
 2.32142285206799E+0000	 2.05348367023330E-0003
 2.32792144953544E+0000	 1.51278828896813E-0003
 2.33427816795870E+0000	 9.33851522482653E-0004
 2.34050197200292E+0000	 3.50218621951238E-0004
 2.34660655968897E+0000	-2.12677597119024E-0004
 2.35260745462479E+0000	-7.36189301593243E-0004
 2.35852036401439E+0000	-1.20697975802652E-0003
 2.36436032453889E+0000	-1.61569701650279E-0003
 2.37014134006240E+0000	-1.95586793443169E-0003
 2.37587633377632E+0000	-2.22302124038964E-0003
 2.38157729984286E+0000	-2.41403222827348E-0003
 2.38725557142394E+0000	-2.52667533780962E-0003
 2.39292214144787E+0000	-2.55936372368044E-0003
 2.39858799057695E+0000	-2.51104734453496E-0003
 2.40426439781523E+0000	-2.38123845511343E-0003
 2.40996323080898E+0000	-2.17014149917108E-0003
 2.41569722828200E+0000	-1.87888626939239E-0003
 2.42148028709967E+0000	-1.50989754193944E-0003
 2.42732774121968E+0000	-1.06747542497902E-0003
 2.43325655840842E+0000	-5.58697223423185E-0004
 2.43928527048857E+0000	 5.23699310355679E-0006
 2.44543328207749E+0000	 6.07149101592858E-0004
 2.45171898112801E+0000	 1.22166409222557E-0003
 2.45815591362829E+0000	 1.81329501972154E-0003
 2.46474657597418E+0000	 2.33644550886576E-0003
 2.47147488745721E+0000	 2.73990041266369E-0003
 2.47830140347833E+0000	 2.97757717486206E-0003
 2.48516714062690E+0000	 3.02264262859176E-0003
 2.49200736902025E+0000	 2.87641178280227E-0003
 2.49876772143429E+0000	 2.56542099387062E-0003
 2.50541300000494E+0000	 2.12994099732165E-0003
 2.51192679579697E+0000	 1.61252006379361E-0003
 2.51830650110135E+0000	 1.05133057965134E-0003
 2.52455809033784E+0000	 4.77885959477767E-0004
 2.53069229820600E+0000	-8.29477125166103E-0005
 2.53672215754530E+0000	-6.12103294233118E-0004
 2.54266148194815E+0000	-1.09526256111234E-0003
 2.54852397729197E+0000	-1.52182570666007E-0003
 2.55432279172573E+0000	-1.88398599337147E-0003
 2.56007037800078E+0000	-2.17595589900267E-0003
 2.56577856970874E+0000	-2.39337094716462E-0003
 2.57145878863978E+0000	-2.53287893392011E-0003
 2.57712231536073E+0000	-2.59190487990483E-0003
 2.58278057339379E+0000	-2.56856888100083E-0003
 2.58844539876042E+0000	-2.46172932783181E-0003
 2.59412928706335E+0000	-2.27113099845800E-0003
 2.59984562321873E+0000	-1.99765693328205E-0003
 2.60560889689129E+0000	-1.64371225067763E-0003
 2.61143488137231E+0000	-1.21380112636258E-0003
 2.61734069582281E+0000	-7.15383452848597E-0004
 2.62334457163626E+0000	-1.60092687107509E-0004
 2.62946500301257E+0000	 4.34681986956112E-0004
 2.63571881535983E+0000	 1.04407079415402E-0003
 2.64211766729024E+0000	 1.63453279862255E-0003
 2.64866292504427E+0000	 2.16453049703349E-0003
 2.65534010479084E+0000	 2.58877914079242E-0003
 2.66211593507729E+0000	 2.86674293844928E-0003
 2.66894161050372E+0000	 2.97287010304682E-0003
 2.67576255188192E+0000	 2.90304495003648E-0003
 2.68252981545038E+0000	 2.67336016943620E-0003
 2.68920727526982E+0000	 2.31300930001600E-0003
 2.69577296731427E+0000	 1.85634015904033E-0003
 2.70221690040039E+0000	 1.33732673575236E-0003
 2.70853797637052E+0000	 7.86711198701903E-0004
 2.71474124319770E+0000	 2.30840761901215E-0004
 2.72083569659274E+0000	-3.08588051720684E-0004
 2.72683258479112E+0000	-8.14261907244811E-0004
 2.73274418818569E+0000	-1.27267173498708E-0003
 2.73858304583092E+0000	-1.67340006845798E-0003
 2.74436156172476E+0000	-2.00842419157408E-0003
 2.75009189268585E+0000	-2.27153424960334E-0003
 2.75578601517687E+0000	-2.45791180556910E-0003
 2.76145588437005E+0000	-2.56387318872219E-0003
 2.76711362426637E+0000	-2.58675811321900E-0003
 2.77277171425490E+0000	-2.52493673678837E-0003
 2.77844315882595E+0000	-2.37791488459669E-0003
 2.78414163832717E+0000	-2.14653382992471E-0003
 2.78988163550525E+0000	-1.83328319693939E-0003
 2.79567851084670E+0000	-1.44276703302301E-0003
 2.80154845510390E+0000	-9.82373660285832E-0004
 2.80750817854485E+0000	-4.63181398365855E-0004
 2.81357411426332E+0000	 9.89445510299962E-0005
 2.81976085892380E+0000	 6.82279104359220E-0004
 2.82607864446162E+0000	 1.25867785944635E-0003
 2.83252997254021E+0000	 1.79430903587754E-0003
 2.83910622247510E+0000	 2.25247032779305E-0003
 2.84578578489003E+0000	 2.59861987165397E-0003
 2.85253529458468E+0000	 2.80637511345932E-0003
 2.85931418658150E+0000	 2.86210836561864E-0003
 2.86608083012384E+0000	 2.76627677087161E-0003
 2.87279781962686E+0000	 2.53160729687664E-0003
 2.87943519630569E+0000	 2.17971969299077E-0003
 2.88597182450113E+0000	 1.73757126016848E-0003
 2.89239552172394E+0000	 1.23423812750716E-0003
 2.89870225350786E+0000	 6.98179732836260E-0004
 2.90489460113175E+0000	 1.55212016294898E-0004
 2.91097987868709E+0000	-3.72610836413929E-0004
 2.91696835484875E+0000	-8.67256123842780E-0004
 2.92287188606921E+0000	-1.31439182150723E-0003
 2.92870303903695E+0000	-1.70281075462743E-0003
 2.93447462364315E+0000	-2.02383868163461E-0003
 2.94019950464927E+0000	-2.27084941703704E-0003
 2.94589057248595E+0000	-2.43892409207606E-0003
 2.95156078938143E+0000	-2.52464599009034E-0003
 2.95722326227566E+0000	-2.52600742964813E-0003
 2.96289131895935E+0000	-2.44240853572348E-0003
 2.96857857602195E+0000	-2.27473988018384E-0003
 2.97429898639633E+0000	-2.02555525335120E-0003
 2.98006684065636E+0000	-1.69935165358636E-0003
 2.98589667030874E+0000	-1.30297386187172E-0003
 2.99180296718164E+0000	-8.46140409119500E-0004
 2.99779960396517E+0000	-3.42034516739746E-0004
 3.00389884530524E+0000	 1.92186725161010E-0004
 3.01010991672804E+0000	 7.35217264407660E-0004
 3.01643727401476E+0000	 1.26206701118496E-0003
 3.02287894003642E+0000	 1.74537824196488E-0003
 3.02942539909411E+0000	 2.15752860047696E-0003
 3.03605940549154E+0000	 2.47313602807893E-0003
 3.04275671700419E+0000	 2.67147843700141E-0003
 3.04948750953394E+0000	 2.73856506099219E-0003
 3.05621834818035E+0000	 2.66887240363905E-0003
 3.06291489859105E+0000	 2.46663312816846E-0003
 3.06954544393784E+0000	 2.14607354172024E-0003
 3.07608453064963E+0000	 1.72988394688928E-0003
 3.08251548209580E+0000	 1.24597878770213E-0003
 3.08883091348350E+0000	 7.23621775927617E-0004
 3.09503144399660E+0000	 1.90234265893922E-0004
 3.10112353989202E+0000	-3.30432385918308E-0004
 3.10711739577448E+0000	-8.18867978647782E-0004
 3.11302531557204E+0000	-1.25960210490428E-0003
 3.11886065557212E+0000	-1.64068680452423E-0003
 3.12463720555206E+0000	-1.95314058359302E-0003
 3.13036885506578E+0000	-2.19047382712304E-0003
 3.13606942677745E+0000	-2.34832602644134E-0003
 3.14175260175724E+0000	-2.42420855662770E-0003
 3.14743189306945E+0000	-2.41733870408540E-0003
 3.15312064126432E+0000	-2.32855435199161E-0003
 3.15883201112915E+0000	-2.16030500302555E-0003
 3.16457896621541E+0000	-1.91671853649251E-0003
 3.17037418930295E+0000	-1.60374014679721E-0003
 3.17622990826058E+0000	-1.22932642893767E-0003
 3.18215758698190E+0000	-8.03652450259877E-0004
 3.18816746228190E+0000	-3.39260152682475E-0004
 3.19426795579633E+0000	 1.48936584697360E-0004
 3.20046504778872E+0000	 6.43842540359157E-0004
 3.20676171602190E+0000	 1.12653379848580E-0003
 3.21315746033292E+0000	 1.57665368822523E-0003
 3.21964776754145E+0000	 1.97276385252344E-0003
 3.22622326581162E+0000	 2.29278722521103E-0003
 3.23286847920710E+0000	 2.51501061616133E-0003
 3.23956061772693E+0000	 2.62025720695950E-0003
 3.24626950173037E+0000	 2.59540453488991E-0003
 3.25295985096600E+0000	 2.43730882069120E-0003
 3.25959609627275E+0000	 2.15515272620576E-0003
 3.26614806798928E+0000	 1.76956505276618E-0003
 3.27259509817757E+0000	 1.30872656167247E-0003
 3.27892716880069E+0000	 8.03391266388723E-0004
 3.28514356494171E+0000	 2.82817394295210E-0004
 3.29125041314354E+0000	-2.27558577442115E-0004
 3.29725825062349E+0000	-7.06937318620553E-0004
 3.30318013460446E+0000	-1.13906806193596E-0003
 3.30903034628203E+0000	-1.51176353245208E-0003
 3.31482356541772E+0000	-1.81631261119032E-0003
 3.32057437088767E+0000	-2.04692570754798E-0003
 3.32629695361181E+0000	-2.20026205731592E-0003
 3.33200496314358E+0000	-2.27504988243353E-0003
 3.33771143486530E+0000	-2.27179563867717E-0003
 3.34342876092114E+0000	-2.19257376190892E-0003
 3.34916867727173E+0000	-2.04088647558382E-0003
 3.35494224467835E+0000	-1.82158062968705E-0003
 3.36075980698611E+0000	-1.54080368427593E-0003
 3.36663092040645E+0000	-1.20597568980576E-0003
 3.37256426514572E+0000	-8.25755347657749E-0004
 3.37856757043949E+0000	-4.09996663824219E-0004
 3.38464758741809E+0000	 3.02653278006400E-0005
 3.39081010334705E+0000	 4.82709172748936E-0004
 3.39705988983271E+0000	 9.33393360445874E-0004
 3.40340034491583E+0000	 1.36616357183557E-0003
 3.40983250958511E+0000	 1.76197880477125E-0003
 3.41635322993138E+0000	 2.09864150692122E-0003
 3.42295260773392E+0000	 2.35169464743111E-0003
 3.42961156735063E+0000	 2.49722800202806E-0003
 3.43630109278015E+0000	 2.51663338142089E-0003
 3.44298466637027E+0000	 2.40191704332968E-0003
 3.44962395819372E+0000	 2.15900692566090E-0003
 3.45618562472643E+0000	 1.80709517135288E-0003
 3.46264626125575E+0000	 1.37437958764507E-0003
 3.46899396929772E+0000	 8.92494421294914E-0004
 3.47522708349939E+0000	 3.91881169353701E-0004
 3.48135156859878E+0000	-1.00968883219714E-0004
 3.48737832987441E+0000	-5.64603686236608E-0004
 3.49332102731672E+0000	-9.82635729488114E-0004
 3.49919451451181E+0000	-1.34323828939231E-0003
 3.50501381603349E+0000	-1.63845385483574E-0003
 3.51079350590979E+0000	-1.86349606480535E-0003
 3.51654736182560E+0000	-2.01612643990358E-0003
 3.52228819888583E+0000	-2.09613248443004E-0003
 3.52802781525691E+0000	-2.10490678949891E-0003
 3.53377700483117E+0000	-2.04511505993310E-0003
 3.53954560944762E+0000	-1.92043694324637E-0003
 3.54534259738247E+0000	-1.73536366817420E-0003
 3.55117616785046E+0000	-1.49504099094522E-0003
 3.55705389254355E+0000	-1.20515773200202E-0003
 3.56298290927866E+0000	-8.71902114076984E-0004
 3.56897016927861E+0000	-5.02037939561288E-0004
 3.57502269800623E+0000	-1.03177946957473E-0004
 3.58114775861956E+0000	 3.15670592875203E-0004
 3.58735272371409E+0000	 7.43268497581594E-0004
 3.59364439969973E+0000	 1.16512046949341E-0003
 3.60002755580490E+0000	 1.56256237787680E-0003
 3.60650255216488E+0000	 1.91249994001666E-0003
 3.61306233511155E+0000	 2.18854276531650E-0003
 3.61968971972497E+0000	 2.36419732688196E-0003
 3.62635654011405E+0000	 2.41804734218239E-0003
 3.63302615382145E+0000	 2.33945003039125E-0003
 3.63965930932614E+0000	 2.13217762049983E-0003
 3.64622126132270E+0000	 1.81402155079152E-0003
 3.65268716578144E+0000	 1.41260756182640E-0003
 3.65904405943541E+0000	 9.59625336738072E-0004
 3.66528977840692E+0000	 4.85810746272384E-0004
 3.67143027769074E+0000	 1.78123197888821E-0005
 3.67747669833362E+0000	-4.23114165823074E-0004
 3.68344291416259E+0000	-8.21164675342998E-0004
 3.68934376841033E+0000	-1.16539202318937E-0003
 3.69519393792981E+0000	-1.44886895514548E-0003
 3.70100727408532E+0000	-1.66783845519967E-0003
 3.70679647201101E+0000	-1.82095460699997E-0003
 3.71257295356141E+0000	-1.90864621556359E-0003
 3.71834688576873E+0000	-1.93260140697030E-0003
 3.72412728667457E+0000	-1.89535881251097E-0003
 3.72992219301780E+0000	-1.79999013330555E-0003
 3.73573888030070E+0000	-1.64986568863942E-0003
 3.74158413462066E+0000	-1.44850756612126E-0003
 3.74746457455667E+0000	-1.19955242854349E-0003
 3.75338700691935E+0000	-9.06863352162999E-0004
 3.75935877102525E+0000	-5.74839565989006E-0004
 3.76538798544226E+0000	-2.08965492052422E-0004
 3.77148356663190E+0000	 1.83391774558590E-0004
 3.77765485113207E+0000	 5.91989717032861E-0004
 3.78391063467848E+0000	 1.00267351739343E-0003
 3.79025746724828E+0000	 1.39658952905927E-0003
 3.79669717043321E+0000	 1.75013158941159E-0003
 3.80322386917859E+0000	 2.03626448967828E-0003
 3.80982139679423E+0000	 2.22778311654387E-0003
 3.81646250605283E+0000	 2.30241641188380E-0003
 3.82311126415628E+0000	 2.24845070548215E-0003
 3.82972875056662E+0000	 2.06848982441153E-0003
 3.83628018927383E+0000	 1.77932519890950E-0003
 3.84274059509036E+0000	 1.40789682705472E-0003
 3.84909700968136E+0000	 9.85403587418525E-0004
 3.85534747241143E+0000	 5.42032511474557E-0004
 3.86149819721164E+0000	 1.03645555307356E-0004
 3.86756043918453E+0000	-3.09548881030856E-0004
 3.87354789173206E+0000	-6.82960691534487E-0004
 3.87947485680188E+0000	-1.00688362511746E-0003
 3.88535511141769E+0000	-1.27552249532681E-0003
 3.89120129492777E+0000	-1.48603090128602E-0003
 3.89702465052374E+0000	-1.63766584443949E-0003
 3.90283499676516E+0000	-1.73108933209166E-0003
 3.90864084711920E+0000	-1.76781369332270E-0003
 3.91444962821986E+0000	-1.74977784739196E-0003
 3.92026796943711E+0000	-1.67904518148510E-0003
 3.92610204741319E+0000	-1.55762391223126E-0003
 3.93195796928773E+0000	-1.38742287467588E-0003
 3.93784216842381E+0000	-1.17036446076246E-0003
 3.94376176972033E+0000	-9.08677742534186E-0004
 3.94972486212741E+0000	-6.05386873575491E-0004
 3.95574059658897E+0000	-2.64992725874543E-0004
 3.96181900891151E+0000	 1.05681228767914E-0004
 3.96797044883526E+0000	 4.96549287476355E-0004
 3.97420448350843E+0000	 8.93368928789041E-0004
 3.98052815808681E+0000	 1.27714345164504E-0003
 3.98694359628488E+0000	 1.62423719167513E-0003
 3.99344520079958E+0000	 1.90777089337171E-0003
 4.00001721843833E+0000	 2.10081521232028E-0003
 4.00663299622826E+0000	 2.18135222185058E-0003
 4.01325731121855E+0000	 2.13781772612048E-0003
 4.01985203489126E+0000	 1.97288363207098E-0003
 4.02638333717805E+0000	 1.70331491335421E-0003
 4.03282737593838E+0000	 1.35577710189802E-0003
 4.03917240386925E+0000	 9.60761915928168E-0004
 4.04541748694482E+0000	 5.47270983957327E-0004
 4.05156945966039E+0000	 1.39627615086434E-0004
 4.05763969029181E+0000	-2.43645093253163E-0004
 4.06364148822304E+0000	-5.89593050103999E-0004
 4.06958834735663E+0000	-8.89951455024080E-0004
 4.07549290898216E+0000	-1.14007704023896E-0003
 4.08136644969611E+0000	-1.33792748876530E-0003
 4.08721872335445E+0000	-1.48318317349991E-0003
 4.09305803377865E+0000	-1.57653655124327E-0003
 4.09889145733165E+0000	-1.61914681593262E-0003
 4.10472516413871E+0000	-1.61225171749092E-0003
 4.11056480313864E+0000	-1.55693297743988E-0003
 4.11641592071549E+0000	-1.45403854461749E-0003
 4.12228437883857E+0000	-1.30426817636815E-0003
 4.12817673172361E+0000	-1.10842597080790E-0003
 4.13410051435592E+0000	-8.67836131013948E-0004
 4.14006439220491E+0000	-5.84909851658147E-0004
 4.14607811564918E+0000	-2.63842992962822E-0004
 4.15215221049335E+0000	 8.85875704922116E-0005
 4.15829731538023E+0000	 4.62186101649567E-0004
 4.16452305340122E+0000	 8.42570886467778E-0004
 4.17083632298023E+0000	 1.21069656607803E-0003
 4.17723897158436E+0000	 1.54305171451404E-0003
 4.18372507456578E+0000	 1.81309400254683E-0003
 4.19027856118175E+0000	 1.99447977059621E-0003
 4.19687256706651E+0000	 2.06610470011893E-0003
 4.20347200525621E+0000	 2.01770061028354E-0003
 4.21003958245581E+0000	 1.85343491456670E-0003
 4.21654316638929E+0000	 1.59126273359764E-0003
 4.22296119363135E+0000	 1.25819330568031E-0003
 4.22928419194105E+0000	 8.84021037280903E-0004
 4.23551298364639E+0000	 4.96226020962355E-0004
 4.24165540915735E+0000	 1.17189739824886E-0004
 4.24772311076450E+0000	-2.36562467790968E-0004
 4.25372908021442E+0000	-5.53893867243872E-0004
 4.25968606534363E+0000	-8.28054639592087E-0004
 4.26560567707451E+0000	-1.05556312081413E-0003
 4.27149799654735E+0000	-1.23517080380631E-0003
 4.27737151883797E+0000	-1.36698895862294E-0003
 4.28323331783842E+0000	-1.45179783676029E-0003
 4.28908935440012E+0000	-1.49053868986038E-0003
 4.29494487291348E+0000	-1.48398491288058E-0003
 4.30080484188859E+0000	-1.43258990957413E-0003
 4.30667439623126E+0000	-1.33650861572309E-0003
 4.31255923890862E+0000	-1.19578444209015E-0003
 4.31846596227782E+0000	-1.01068621829042E-0003
 4.32440225437286E+0000	-7.82175281581735E-0004
 4.33037695810952E+0000	-5.12483354388406E-0004
 4.33639994580933E+0000	-2.05784388676904E-0004
 4.34248175378872E+0000	 1.31059307803421E-0004
 4.34863289141796E+0000	 4.87716492391541E-0004
 4.35486270258007E+0000	 8.49668104406830E-0004
 4.36117764141465E+0000	 1.19776487438622E-0003
 4.36757889864142E+0000	 1.50847333959978E-0003
 4.37405960755700E+0000	 1.75544146502597E-0003
 4.38060247912427E+0000	 1.91301003028729E-0003
 4.38717945428211E+0000	 1.96160850408369E-0003
 4.39375494822907E+0000	 1.89343483354764E-0003
 4.40029255297000E+0000	 1.71550889481649E-0003
 4.40676248937272E+0000	 1.44802479820618E-0003
 4.41314634200967E+0000	 1.11885186866004E-0003
 4.41943765619630E+0000	 7.57192974929851E-0004
 4.42563952215030E+0000	 3.88942780518077E-0004
 4.43176112841410E+0000	 3.44725200068536E-0005
 4.43781466338412E+0000	-2.91708590831049E-0004
 4.44381307497993E+0000	-5.80260880344699E-0004
 4.44976867598295E+0000	-8.25925028122087E-0004
 4.45569240414723E+0000	-1.02638873057074E-0003
 4.46159354064990E+0000	-1.18126870505899E-0003
 4.46747973629921E+0000	-1.29126683953155E-0003
 4.47335724044014E+0000	-1.35751608936699E-0003
 4.47923125889968E+0000	-1.38111685975499E-0003
 4.48510638468826E+0000	-1.36286067449154E-0003
 4.49098705291234E+0000	-1.30313532929961E-0003
 4.49687797547939E+0000	-1.20200046773248E-0003
 4.50278451681473E+0000	-1.05941587058445E-0003
 4.50871297988358E+0000	-8.75601057695201E-0004
 4.51467077844163E+0000	-6.51506947610328E-0004
 4.52066647112351E+0000	-3.89386780515204E-0004
 4.52670962176336E+0000	-9.34591799539629E-0005
 4.53281042580460E+0000	 2.29346282012727E-0004
 4.53897900352848E+0000	 5.68593744335072E-0004
 4.54522421331233E+0000	 9.09595826879437E-0004
 4.55155181590461E+0000	 1.23296475349579E-0003
 4.55796191876608E+0000	 1.51495097573986E-0003
 4.56444601576471E+0000	 1.72931286453324E-0003
 4.57098471254949E+0000	 1.85136778240380E-0003
 4.57754799896165E+0000	 1.86388716225613E-0003
 4.58409954121197E+0000	 1.76267207506728E-0003
 4.59060415467188E+0000	 1.55862035902136E-0003
 4.59703505231815E+0000	 1.27476743260863E-0003
 4.60337755373149E+0000	 9.40059380266299E-0004
 4.60962861675224E+0000	 5.83162490910401E-0004
 4.61579385644271E+0000	 2.28450237344115E-0004
 4.62188403231405E+0000	-1.05592121063354E-0004
 4.62791213971268E+0000	-4.06308025240280E-0004
 4.63389141381189E+0000	-6.65993720709739E-0004
 4.63983414029077E+0000	-8.80762962040108E-0004
 4.64575105933949E+0000	-1.04943676133617E-0003
 4.65165117289200E+0000	-1.17257571380602E-0003
 4.65754181725718E+0000	-1.25169168112573E-0003
 4.66342890738311E+0000	-1.28864332159055E-0003
 4.66931728790598E+0000	-1.28520975608352E-0003
 4.67521114270925E+0000	-1.24283436021123E-0003
 4.68111442378168E+0000	-1.16252972162792E-0003
 4.68703126606615E+0000	-1.04493349668083E-0003
 4.69296635978238E+0000	-8.90504479427441E-0004
 4.69892525440457E+0000	-6.99850005748675E-0004
 4.70491456680391E+0000	-4.74179108152065E-0004
 4.71094205853626E+0000	-2.15878421244709E-0004
 4.71701653221935E+0000	 7.07924595084240E-0005
 4.72314746995490E+0000	 3.78897322786920E-0004
 4.72934429256365E+0000	 6.97952862960738E-0004
 4.73561506450431E+0000	 1.01311830762083E-0003
 4.74196445572372E+0000	 1.30475741054122E-0003
 4.74839092976903E+0000	 1.54897805671266E-0003
 4.75488365428633E+0000	 1.71999353474710E-0003
 4.76142054679234E+0000	 1.79485452943446E-0003
 4.76796950600891E+0000	 1.75973275280264E-0003
 4.77449389750912E+0000	 1.61498976068325E-0003
 4.78096054055155E+0000	 1.37587666379531E-0003
 4.78734631659990E+0000	 1.06825049091912E-0003
 4.79364062436450E+0000	 7.21909269552586E-0004
 4.79984390854648E+0000	 3.64827173817653E-0004
 4.80596428549970E+0000	 1.98704152527145E-0005
 4.81201409677174E+0000	-2.96204061429946E-0004
 4.81800725541987E+0000	-5.72355746320185E-0004
 4.82395751657060E+0000	-8.02263732204114E-0004
 4.82987749446439E+0000	-9.83199558617293E-0004
 4.83577819725451E+0000	-1.11498980973102E-0003
 4.84166889444419E+0000	-1.19914487493479E-0003
 4.84755718920345E+0000	-1.23816380025946E-0003
 4.85344921392661E+0000	-1.23499956042466E-0003
 4.85934990017101E+0000	-1.19266275303054E-0003
 4.86526329658161E+0000	-1.11394508508916E-0003
 4.87119292227162E+0000	-1.00125345533937E-0003
 4.87714214781085E+0000	-8.56558548706643E-0004
 4.88311459017282E+0000	-6.81474670632731E-0004
 4.88911449277657E+0000	-4.77494250158654E-0004
 4.89514704238809E+0000	-2.46396772283411E-0004
 4.90121855729511E+0000	 9.16066298030718E-0006
 4.90733646557821E+0000	 2.84879855566258E-0004
 4.91350896859683E+0000	 5.73913736485375E-0004
 4.91974424281131E+0000	 8.65886775479490E-0004
 4.92604898637187E+0000	 1.14602675606369E-0003
 4.93242613956429E+0000	 1.39481452432684E-0003
 4.93887186401030E+0000	 1.58886653286312E-0003
 4.94537253685808E+0000	 1.70390223943268E-0003
 4.95190346058752E+0000	 1.72005553550102E-0003
 4.95843126644873E+0000	 1.62811466887914E-0003
 4.96492036255473E+0000	 1.43355128864307E-0003
 4.97134083615973E+0000	 1.15568697584151E-0003
 4.97767394425576E+0000	 8.22426472467340E-0004
 4.98391326940252E+0000	 4.63647225837690E-0004
 4.99006249051448E+0000	 1.06146842694020E-0004
 4.99613187936765E+0000	-2.28871953182025E-0004
 5.00213508360471E+0000	-5.26288603640780E-0004
 5.00808680038114E+0000	-7.76438499465886E-0004
 5.01400133621462E+0000	-9.74079931518798E-0004
 5.01989183025422E+0000	-1.11734385175192E-0003
 5.02576990638469E+0000	-1.20682917231137E-0003
 5.03164557384763E+0000	-1.24488283417129E-0003
 5.03752725542330E+0000	-1.23504607251128E-0003
 5.04342187185180E+0000	-1.18162436405361E-0003
 5.04933495245888E+0000	-1.08933313726888E-0003
 5.05527077677144E+0000	-9.62980875339878E-0004
 5.06123257667227E+0000	-8.07176057067140E-0004
 5.06722283473506E+0000	-6.26081064686952E-0004
 5.07324369425583E+0000	-4.23272851577411E-0004
 5.07929745269019E+0000	-2.01789015977857E-0004
 5.08538705879964E+0000	 3.55734245672465E-0005
 5.09151649466445E+0000	 2.85676969664272E-0004
 5.09769090340284E+0000	 5.44198648581583E-0004
 5.10391630965298E+0000	 8.04589593691210E-0004
 5.11019875930488E+0000	 1.05697911713939E-0003
 5.11654269845578E+0000	 1.28730016444445E-0003
 5.12294851095756E+0000	 1.47714483360321E-0003
 5.12940950341953E+0000	 1.60510244179968E-0003
 5.13590936288676E+0000	 1.65025996330701E-0003
 5.14242186626329E+0000	 1.59765150273879E-0003
 5.14891435920437E+0000	 1.44374527856865E-0003
 5.15535448952526E+0000	 1.19896039588872E-0003
 5.16171720236949E+0000	 8.85496430924071E-0004
 5.16798874104301E+0000	 5.31757094125410E-0004
 5.17416668162039E+0000	 1.66396698954713E-0004
 5.18025734394563E+0000	-1.85771653348100E-0004
 5.18627248704729E+0000	-5.05549597992302E-0004
 5.19222650166203E+0000	-7.79458413246880E-0004
 5.19813448178020E+0000	-9.99011696580639E-0004
 5.20401108826268E+0000	-1.15974768474718E-0003
 5.20986997070704E+0000	-1.26032934775031E-0003
 5.21572352217756E+0000	-1.30182889278160E-0003
 5.22158279455331E+0000	-1.28720895039531E-0003
 5.22745745691133E+0000	-1.22095972567616E-0003
 5.23335572860261E+0000	-1.10882389223228E-0003
 5.23928426727150E+0000	-9.57529450688055E-0004
 5.24524804290464E+0000	-7.74457999384308E-0004
 5.25125027559707E+0000	-5.67209831268344E-0004
 5.25729253896384E+0000	-3.43090508653567E-0004
 5.26337511033654E+0000	-1.08621552573562E-0004
 5.26949757378188E+0000	 1.30763653188340E-0004
 5.27565957321500E+0000	 3.70676037579859E-0004
 5.28186151522718E+0000	 6.07283960970828E-0004
 5.28810497277000E+0000	 8.36401456806566E-0004
 5.29439254702874E+0000	 1.05229357870219E-0003
 5.30072698995061E+0000	 1.24646446458772E-0003
 5.30710948220744E+0000	 1.40683766933496E-0003
 5.31353717318266E+0000	 1.51790366821190E-0003
 5.32000052746070E+0000	 1.56247574426210E-0003
 5.32648164514975E+0000	 1.52535536395536E-0003
 5.33295505643538E+0000	 1.39818616586034E-0003
 5.33939173161780E+0000	 1.18346818052842E-0003
 5.34576512203594E+0000	 8.95437747089720E-0004
 5.35205650051613E+0000	 5.57161352241311E-0004
 5.35825738043358E+0000	 1.95480125412749E-0004
 5.36436881538869E+0000	-1.63752068285044E-0004
 5.37039891411229E+0000	-4.98668112163776E-0004
 5.37636005244098E+0000	-7.92522573707646E-0004
 5.38226662812071E+0000	-1.03357842053697E-0003
 5.38813357723816E+0000	-1.21441937366406E-0003
 5.39397553946378E+0000	-1.33114517729038E-0003
 5.39980646183084E+0000	-1.38268381819773E-0003
 5.40563944162977E+0000	-1.37030567824762E-0003
 5.41148664968792E+0000	-1.29733969809750E-0003
 5.41735921676090E+0000	-1.16904209921486E-0003
 5.42326700597415E+0000	-9.92533466755737E-0004
 5.42921824189928E+0000	-7.76692995918143E-0004
 5.43521903123998E+0000	-5.31886343833965E-0004
 5.44127289094892E+0000	-2.69425325802830E-0004
 5.44738047458967E+0000	-7.36778885691500E-0007
 5.45353970770386E+0000	 2.63642445983317E-0004
 5.45974645386737E+0000	 5.14972840045087E-0004
 5.46599562911272E+0000	 7.46775267366145E-0004
 5.47228244560923E+0000	 9.54590799078733E-0004
 5.47860332884244E+0000	 1.13502005738812E-0003
 5.48495609632875E+0000	 1.28430959050577E-0003
 5.49133918086355E+0000	 1.39696230935683E-0003
 5.49774995118489E+0000	 1.46494339658466E-0003
 5.50418250232441E+0000	 1.47803706011436E-0003
 5.51062566524155E+0000	 1.42571685854893E-0003
 5.51706229534917E+0000	 1.30036962706192E-0003
 5.52347076000968E+0000	 1.10086740319649E-0003
 5.52982861319907E+0000	 8.34832262359212E-0004
 5.53611710634931E+0000	 5.18293950934734E-0004
 5.54232458483905E+0000	 1.72855181657350E-0004
 5.54844759664868E+0000	-1.78190000332931E-0004
 5.55448992591890E+0000	-5.13174703659151E-0004
 5.56046058244501E+0000	-8.14010986351046E-0004
 5.56637172888254E+0000	-1.06683830685844E-0003
 5.57223707064579E+0000	-1.26183847677950E-0003
 5.57807082526721E+0000	-1.39269281503919E-0003
 5.58388717332773E+0000	-1.45600516624485E-0003
 5.58970002605399E+0000	-1.45086216100674E-0003
 5.59552294679991E+0000	-1.37859694654448E-0003
 5.60136908511028E+0000	-1.24275756877280E-0003
 5.60725100354938E+0000	-1.04923593168274E-0003
 5.61318029898589E+0000	-8.06470134523297E-0004
 5.61916695436347E+0000	-5.25582308992311E-0004
 5.62521842624121E+0000	-2.20260971703790E-0004
 5.63133859837298E+0000	 9.38271119714101E-0005
 5.63752690249098E+0000	 4.00242767566517E-0004
 5.64377804168305E+0000	 6.83523988520494E-0004
 5.65008269354222E+0000	 9.31060445321882E-0004
 5.65642921081004E+0000	 1.13440659029296E-0003
 5.66280580606257E+0000	 1.28943243426920E-0003
 5.66920237041447E+0000	 1.39520804268038E-0003
 5.67561120837450E+0000	 1.45212331304311E-0003
 5.68202646783534E+0000	 1.46006983605823E-0003
 5.68844257583800E+0000	 1.41744347600697E-0003
 5.69485234679780E+0000	 1.32140959190277E-0003
 5.70124558778234E+0000	 1.16944318915202E-0003
 5.70760895681589E+0000	 9.61650834445662E-0004
 5.71392741501745E+0000	 7.02918545823734E-0004
 5.72018686736513E+0000	 4.03837826339813E-0004
 5.72637691999751E+0000	 7.98996186948870E-0005
 5.73249264429438E+0000	-2.50653669569326E-0004
 5.73853487838078E+0000	-5.69340685909507E-0004
 5.74450935875246E+0000	-8.59435297789003E-0004
 5.75042533237947E+0000	-1.10707274179431E-0003
 5.75629421220153E+0000	-1.30156457249814E-0003
 5.76212856859531E+0000	-1.43522524682813E-0003
 5.76794151612487E+0000	-1.50301044873102E-0003
 5.77374642567360E+0000	-1.50218026930943E-0003
 5.77955684345611E+0000	-1.43211007772329E-0003
 5.78538648930573E+0000	-1.29430507134194E-0003
 5.79124920804023E+0000	-1.09262812700233E-0003
 5.79715874596915E+0000	-8.33710445006344E-0004
 5.80312821989464E+0000	-5.27462145446810E-0004
 5.80916915580912E+0000	-1.87517282708406E-0004
 5.81529004101595E+0000	 1.68669504201573E-0004
 5.82149451822987E+0000	 5.20466728660101E-0004
 5.82777968171518E+0000	 8.45814755297952E-0004
 5.83413528715955E+0000	 1.12409502887912E-0003
 5.84054469910987E+0000	 1.33943629325592E-0003
 5.84698772930467E+0000	 1.48314282061595E-0003
 5.85344441036298E+0000	 1.55406626663602E-0003
 5.85989810882465E+0000	 1.55680014387971E-0003
 5.86633682118142E+0000	 1.49873771639310E-0003
 5.87275257252194E+0000	 1.38739733926913E-0003
 5.87913967131722E+0000	 1.22895680196752E-0003
 5.88549280816771E+0000	 1.02822383228741E-0003
 5.89180580541469E+0000	 7.89713802597181E-0004
 5.89807145988279E+0000	 5.19177577813282E-0004
 5.90428246057498E+0000	 2.24820796627163E-0004
 5.91043290925920E+0000	-8.23568868228292E-0005
 5.91651974170900E+0000	-3.89221956742435E-0004
 5.92254349516951E+0000	-6.81811116283950E-0004
 5.92850827432893E+0000	-9.46718240525662E-0004
 5.93442113673411E+0000	-1.17213047072022E-0003
 5.94029125813179E+0000	-1.34836052223110E-0003
 5.94612917364281E+0000	-1.46795256449257E-0003
 5.95194624818795E+0000	-1.52554102087257E-0003
 5.95775440465163E+0000	-1.51764387564910E-0003
 5.96356606109056E+0000	-1.44253027879555E-0003
 5.96939418990646E+0000	-1.30025436443808E-0003
 5.97525239277270E+0000	-1.09290782056505E-0003
 5.98115486791354E+0000	-8.25111458315076E-0004
 5.98711611977409E+0000	-5.04727946710122E-0004
 5.99315022536823E+0000	-1.43709556900058E-0004
 5.99926945299799E+0000	 2.41137035856260E-0004
 6.00548210377897E+0000	 6.27900773264781E-0004
 6.01178974517827E+0000	 9.90493052027771E-0004
 6.01818461339797E+0000	 1.30140509283271E-0003
 6.02464863239259E+0000	 1.53629932513911E-0003
 6.03115545201650E+0000	 1.67909279445720E-0003
 6.03767547216893E+0000	 1.72512987417497E-0003
 6.04418177896658E+0000	 1.68070091413409E-0003
 6.05065427127096E+0000	 1.55938224919716E-0003
 6.05708067323993E+0000	 1.37738929815576E-0003
 6.06345504581965E+0000	 1.15000569396253E-0003
 6.06977527096714E+0000	 8.89919473399230E-0004
 6.07604076392057E+0000	 6.07233913004239E-0004
 6.08225107898962E+0000	 3.10458579858640E-0004
 6.08840555064315E+0000	 7.74148175269125E-0006
 6.09450373869119E+0000	-2.92234513774566E-0004
 6.10054623385866E+0000	-5.79984617375721E-0004
 6.10653536648803E+0000	-8.45554683425694E-0004
 6.11247553358217E+0000	-1.07918908714375E-0003
 6.11837310432513E+0000	-1.27201459335053E-0003
 6.12423604513727E+0000	-1.41652059938373E-0003
 6.13007346281960E+0000	-1.50676895439140E-0003
 6.13589522641357E+0000	-1.53838602181779E-0003
 6.14171175342066E+0000	-1.50844749282295E-0003
 6.14753397523248E+0000	-1.41537592342763E-0003
 6.15337344419181E+0000	-1.25895565488164E-0003
 6.15924250777363E+0000	-1.04054678060977E-0003
 6.16515444397488E+0000	-7.63556306555552E-0004
 6.17112341377566E+0000	-4.34197373499307E-0004
 6.17716403111213E+0000	-6.25189350923557E-0005
 6.18329028257610E+0000	 3.36419151404865E-0004
 6.18951349821936E+0000	 7.41571535822697E-0004
 6.19583922468347E+0000	 1.12583624559471E-0003
 6.20226341660871E+0000	 1.45792781309053E-0003
 6.20876942074600E+0000	 1.70703135656691E-0003
 6.21532811252383E+0000	 1.84966011545049E-0003
 6.22190274040829E+0000	 1.87589111359529E-0003
 6.22845704098172E+0000	 1.79136299574865E-0003
 6.23496257840850E+0000	 1.61387054659466E-0003
 6.24140203435298E+0000	 1.36696892545245E-0003
 6.24776829244770E+0000	 1.07410453401777E-0003
 6.25406129663547E+0000	 7.55206171478508E-0004
 6.26028470223832E+0000	 4.25742934498236E-0004
 6.26644341228804E+0000	 9.73591636911896E-0005
 6.27254227358058E+0000	-2.20850354208160E-0004
 6.27858575788883E+0000	-5.21099876255565E-0004
