 2.05613073109814E-0003	 4.31614786309810E-0004
 8.22443657592915E-0003	-1.77866377165464E-0005
 1.42909807925128E-0002	-4.55104127464907E-0004
 2.02658886926531E-0002	-8.58167269980321E-0004
 2.61629366453737E-0002	-1.20995519842650E-0003
 3.19975737950861E-0002	-1.49827246991564E-0003
 3.77856601053907E-0002	-1.71501480698015E-0003
 4.35427705866671E-0002	-1.85538123797579E-0003
 4.92838821991564E-0002	-1.91719358685065E-0003
 5.50233006980543E-0002	-1.90037790049631E-0003
 6.07747315795336E-0002	-1.80662242451165E-0003
 6.65514266039417E-0002	-1.63922206454601E-0003
 7.23663389595008E-0002	-1.40312551496814E-0003
 7.82321978838364E-0002	-1.10519902113030E-0003
 8.41613758852533E-0002	-7.54691539214437E-0004
 9.01653888656982E-0002	-3.63811195780990E-0004
 9.62538839616450E-0002	 5.18081442175944E-0005
 1.02433102380037E-0001	 4.73132201823462E-0004
 1.08704119525405E-0001	 8.78699817253959E-0004
 1.15061595039334E-0001	 1.24676749751608E-0003
 1.21493952468149E-0001	 1.55816300003654E-0003
 1.27985352262774E-0001	 1.79859026297091E-0003
 1.34518586793752E-0001	 1.95909074447052E-0003
 1.41077160406524E-0001	 2.03453400851741E-0003
 1.47645331750096E-0001	 2.02150834684868E-0003
 1.54206446954927E-0001	 1.91745290270937E-0003
 1.60741213091515E-0001	 1.72195733281369E-0003
 1.67227733870866E-0001	 1.43955725129263E-0003
 1.73644008837827E-0001	 1.08212744472946E-0003
 1.79971855296924E-0001	 6.69059889961650E-0004
 1.86200205533589E-0001	 2.24885008889514E-0004
 1.92326318435296E-0001	-2.24396792715908E-0004
 1.98354905609857E-0001	-6.54603153415821E-0004
 2.04296143985117E-0001	-1.04536064187560E-0003
 2.10163572401519E-0001	-1.38080005405042E-0003
 2.15972414103417E-0001	-1.64940529289244E-0003
 2.21738447820964E-0001	-1.84347586925585E-0003
 2.27477340147071E-0001	-1.95850323150669E-0003
 2.33204302419898E-0001	-1.99260791848245E-0003
 2.38933958327936E-0001	-1.94609185467292E-0003
 2.44680346769295E-0001	-1.82112206142892E-0003
 2.50457011469447E-0001	-1.62155902709491E-0003
 2.56277133128979E-0001	-1.35295672894870E-0003
 2.62153636106134E-0001	-1.02277431960655E-0003
 2.68099149927707E-0001	-6.40830344186093E-0004
 2.74125638637443E-0001	-2.19970910778299E-0004
 2.80243467212121E-0001	 2.23216606642053E-0004
 2.86459738738297E-0001	 6.68039256748375E-0004
 2.92776033786398E-0001	 1.09030577305351E-0003
 2.99186265927076E-0001	 1.46448938246707E-0003
 3.05675935467357E-0001	 1.76736391459280E-0003
 3.12223852024966E-0001	 1.98181091439590E-0003
 3.18805940339702E-0001	 2.09878378019519E-0003
 3.25399079645257E-0001	 2.11640846482835E-0003
 3.31982894449557E-0001	 2.03730649296960E-0003
 3.38539174615570E-0001	 1.86635837907037E-0003
 3.45050376315168E-0001	 1.61034630401114E-0003
 3.51499028549683E-0001	 1.27922742978220E-0003
 3.57868897776421E-0001	 8.87586269895479E-0004
 3.64147343846439E-0001	 4.54805412411378E-0004
 3.70327476815051E-0001	 3.52168808660021E-0006
 3.76409017523477E-0001	-4.42906347406043E-0004
 3.82397717538358E-0001	-8.62797902504721E-0004
 3.88303919390194E-0001	-1.23770761242720E-0003
 3.94140951908048E-0001	-1.55305356914281E-0003
 3.99923789204350E-0001	-1.79808947559537E-0003
 4.05668103661752E-0001	-1.96555086538688E-0003
 4.11389669515555E-0001	-2.05121177977891E-0003
 4.17104017890334E-0001	-2.05347642427232E-0003
 4.22826252191711E-0001	-1.97305300956988E-0003
 4.28570962019838E-0001	-1.81271962963461E-0003
 4.34352201268755E-0001	-1.57718564948969E-0003
 4.40183508823591E-0001	-1.27306688159294E-0003
 4.46077936987608E-0001	-9.09017673973982E-0004
 4.52048003051024E-0001	-4.96078481346671E-0004
 4.58105392679798E-0001	-4.82689657578587E-0005
 4.64260149537474E-0001	 4.16664401403889E-0004
 4.70519072823689E-0001	 8.76689320021986E-0004
 4.76883277816814E-0001	 1.30579677391140E-0003
 4.83345507522818E-0001	 1.67601424187234E-0003
 4.89888634919221E-0001	 1.96142889077449E-0003
 4.96486992105662E-0001	 2.14308187374357E-0003
 5.03110736440404E-0001	 2.21225018208629E-0003
 5.09731144434570E-0001	 2.17022398247337E-0003
 5.16323992223150E-0001	 2.02521046995231E-0003
 5.22869972297852E-0001	 1.78886593174005E-0003
 5.29353358306312E-0001	 1.47445260664566E-0003
 5.35760819397052E-0001	 1.09681377482091E-0003
 5.42081446849248E-0001	 6.73052958141521E-0004
 5.48307807588719E-0001	 2.22675742594128E-0004
 5.54437111167889E-0001	-2.33313076862962E-0004
 5.60471682032567E-0001	-6.74012345024596E-0004
 5.66418531881398E-0001	-1.08022550775936E-0003
 5.72288342193930E-0001	-1.43555631232326E-0003
 5.78094303295628E-0001	-1.72688916420081E-0003
 5.83851116570374E-0001	-1.94440962601445E-0003
 5.89574269682857E-0001	-2.08138837069209E-0003
 5.95279563175917E-0001	-2.13390348743198E-0003
 6.00982814253479E-0001	-2.10059967736970E-0003
 6.06699660615234E-0001	-1.98252183124024E-0003
 6.12445405872504E-0001	-1.78302414013096E-0003
 6.18234872485398E-0001	-1.50774163548480E-0003
 6.24082249118690E-0001	-1.16461640026164E-0003
 6.30000925529793E-0001	-7.63994145320775E-0004
 6.36003281372694E-0001	-3.18839414914394E-0004
 6.42100317100093E-0001	 1.54871578483285E-0004
 6.48300893099965E-0001	 6.37595107738355E-0004
 6.54610257936202E-0001	 1.10574800133713E-0003
 6.61027690243930E-0001	 1.53195745707649E-0003
 6.67543686558437E-0001	 1.88697605194789E-0003
 6.74138130950166E-0001	 2.14383815088261E-0003
 6.80781398379135E-0001	 2.28333407602970E-0003
 6.87439068072993E-0001	 2.29811524126185E-0003
 6.94078223894328E-0001	 2.19293081207634E-0003
 7.00672004390172E-0001	 1.98120143855057E-0003
 7.07200761736456E-0001	 1.68057717262502E-0003
 7.13650809370760E-0001	 1.30991643258382E-0003
 7.20012727556393E-0001	 8.88252019622373E-0004
 7.26280480124384E-0001	 4.34880677778812E-0004
 7.32451443185887E-0001	-3.05270960629991E-0005
 7.38526764910907E-0001	-4.88358990057598E-0004
 7.44511462691373E-0001	-9.19945164185026E-0004
 7.50414039430548E-0001	-1.30849225468671E-0003
 7.56245757019170E-0001	-1.63973793500647E-0003
 7.62019830342769E-0001	-1.90223240354617E-0003
 7.67750740112880E-0001	-2.08733420042073E-0003
 7.73453740307022E-0001	-2.18906786180803E-0003
 7.79144543109595E-0001	-2.20396853652786E-0003
 7.84839119970989E-0001	-2.13098899367334E-0003
 7.90553547462325E-0001	-1.97149863384254E-0003
 7.96303833880269E-0001	-1.72937036621046E-0003
 8.02105678209430E-0001	-1.41112814759823E-0003
 8.07974134891143E-0001	-1.02611554657538E-0003
 8.13923182356170E-0001	-5.86649791026117E-0004
 8.19965204909498E-0001	-1.08153451482532E-0004
 8.26110364068248E-0001	 3.90703648221513E-0004
 8.32365729539275E-0001	 8.87824175648119E-0004
 8.38733906021878E-0001	 1.35759366230525E-0003
 8.45210927787059E-0001	 1.77138637245062E-0003
 8.51783708596104E-0001	 2.09956871926539E-0003
 8.58428370355208E-0001	 2.31568717899865E-0003
 8.65111472771141E-0001	 2.40208035594195E-0003
 8.71795042046653E-0001	 2.35421133307754E-0003
 8.78443464285800E-0001	 2.18095348595502E-0003
 8.85028681695439E-0001	 1.90079912844648E-0003
 8.91531725564134E-0001	 1.53669374472151E-0003
 8.97941411777362E-0001	 1.11218302886941E-0003
 9.04252198315499E-0001	 6.49681917976762E-0004
 9.10462588230858E-0001	 1.70176920780063E-0004
 9.16574380666985E-0001	-3.06651507009253E-0004
 9.22592415971015E-0001	-7.62491779313603E-0004
 9.28524368076832E-0001	-1.18073406178049E-0003
 9.34380363793009E-0001	-1.54687678303983E-0003
 9.40172455106635E-0001	-1.84880658692304E-0003
 9.45914079791993E-0001	-2.07688145894679E-0003
 9.51619625936606E-0001	-2.22386450179918E-0003
 9.57304145065909E-0001	-2.28480469670019E-0003
 9.62983195575714E-0001	-2.25695448458065E-0003
 9.68672761789822E-0001	-2.13978403527089E-0003
 9.74389178641061E-0001	-1.93511937893061E-0003
 9.80148987678951E-0001	-1.64740164403760E-0003
 9.85968652633690E-0001	-1.28403456904020E-0003
 9.91864076248103E-0001	-8.55754843997847E-0004
 9.97849892866188E-0001	-3.76931598368277E-0004
 1.00393856254272E+0000	 1.34301753955836E-0004
 1.01013933144911E+0000	 6.56136570968580E-0004
 1.01645708681382E+0000	 1.16338563154051E-0003
 1.02289099644641E+0000	 1.62800412683881E-0003
 1.02943274178974E+0000	 2.02013267279580E-0003
 1.03606450933693E+0000	 2.31039299351183E-0003
 1.04275787897381E+0000	 2.47410121591552E-0003
 1.04947553262414E+0000	 2.49673167723948E-0003
 1.05617669289945E+0000	 2.37799301778598E-0003
 1.06282436101005E+0000	 2.13172963133349E-0003
 1.06939071717916E+0000	 1.78160644861620E-0003
 1.07585863547137E+0000	 1.35535092367106E-0003
 1.08222011943591E+0000	 8.80352472961210E-0004
 1.08847369528037E+0000	 3.81534017230933E-0004
 1.09462222884957E+0000	-1.19107713206145E-0004
 1.10067159853437E+0000	-6.02267096292170E-0004
 1.10663001193318E+0000	-1.05105092843907E-0003
 1.11250760365448E+0000	-1.45086658184494E-0003
 1.11831608027767E+0000	-1.78941994538999E-0003
 1.12406835505959E+0000	-2.05670732635602E-0003
 1.12977821580511E+0000	-2.24494308905287E-0003
 1.13546008273565E+0000	-2.34843868836230E-0003
 1.14112888039053E+0000	-2.36349017713246E-0003
 1.14680000747788E+0000	-2.28833782919870E-0003
 1.15248935805436E+0000	-2.12324841926396E-0003
 1.15821332671161E+0000	-1.87075020077218E-0003
 1.16398871458416E+0000	-1.53602560669443E-0003
 1.16983244063844E+0000	-1.12743238402105E-0003
 1.17576096204719E+0000	-6.57073821228632E-0004
 1.18178933774962E+0000	-1.41275925691024E-0004
 1.18792994986073E+0000	 3.99218575608667E-0004
 1.19419101368402E+0000	 9.39508505844162E-0004
 1.20057507110822E+0000	 1.45129381100231E-0003
 1.20707756044758E+0000	 1.90407009430781E-0003
 1.21368536612743E+0000	 2.26682997066647E-0003
 1.22037541792232E+0000	 2.51078227658431E-0003
 1.22711429915100E+0000	 2.61368144091014E-0003
 1.23386067387626E+0000	 2.56511919731804E-0003
 1.24057135314121E+0000	 2.37012646093007E-0003
 1.24720889329239E+0000	 2.04832665070379E-0003
 1.25374694565803E+0000	 1.62880106946982E-0003
 1.26017137354054E+0000	 1.14369181438754E-0003
 1.26647813379430E+0000	 6.23444374512919E-0004
 1.27267010356200E+0000	 9.45722864661421E-0005
 1.27875438663710E+0000	-4.20711933872310E-0004
 1.28474058127343E+0000	-9.04011937842276E-0004
 1.29063984795524E+0000	-1.34011468141398E-0003
 1.29646443675997E+0000	-1.71650395857442E-0003
 1.30222741058844E+0000	-2.02304658777752E-0003
 1.30794244023462E+0000	-2.25178067129237E-0003
 1.31362364784209E+0000	-2.39674558343809E-0003
 1.31928551442540E+0000	-2.45383844010604E-0003
 1.32494286354280E+0000	-2.42071920450135E-0003
 1.33061091164663E+0000	-2.29680437944233E-0003
 1.33630535069048E+0000	-2.08339109982941E-0003
 1.34204240403878E+0000	-1.78394487029924E-0003
 1.34783877144256E+0000	-1.40456561238810E-0003
 1.35371135374808E+0000	-9.54612006753193E-0004
 1.35967663356540E+0000	-4.47404071887600E-0004
 1.36574961015594E+0000	 9.91626450623986E-0005
 1.37194227944708E+0000	 6.62342176975112E-0004
 1.37826181537324E+0000	 1.21486099941042E-0003
 1.38470874941533E+0000	 1.72595550281286E-0003
 1.39127538395516E+0000	 2.16303302819407E-0003
 1.39794442522732E+0000	 2.49391102066878E-0003
 1.40468789453713E+0000	 2.69004569228312E-0003
 1.41146729829282E+0000	 2.73130212333755E-0003
 1.41823695764009E+0000	 2.61144831788848E-0003
 1.42495116307473E+0000	 2.34135347383599E-0003
 1.43157246782329E+0000	 1.94702902039217E-0003
 1.43807688134312E+0000	 1.46319433153590E-0003
 1.44445417630797E+0000	 9.26043392847582E-0004
 1.45070484647497E+0000	 3.68283985092295E-0004
 1.45683623299110E+0000	-1.82896848288462E-0004
 1.46285939857746E+0000	-7.05849249150306E-0004
 1.46878716680742E+0000	-1.18359737150703E-0003
 1.47463311202485E+0000	-1.60284941027004E-0003
 1.48041112721354E+0000	-1.95320637843193E-0003
 1.48613526967006E+0000	-2.22662459654803E-0003
 1.49181971378797E+0000	-2.41707375553745E-0003
 1.49747874386147E+0000	-2.52031877668648E-0003
 1.50312677567820E+0000	-2.53378242031009E-0003
 1.50877841212256E+0000	-2.45648023962340E-0003
 1.51444853114530E+0000	-2.28904459672394E-0003
 1.52015238632066E+0000	-2.03386736582974E-0003
 1.52590567616933E+0000	-1.69539270914196E-0003
 1.53172450979487E+0000	-1.28058072913296E-0003
 1.53762516560540E+0000	-7.99533925366575E-0004
 1.54362351736706E+0000	-2.66222265295204E-0004
 1.54973401215894E+0000	 3.00843008453951E-0004
 1.55596816166922E+0000	 8.78227157138490E-0004
 1.56233265739054E+0000	 1.43774855355902E-0003
 1.56882735439418E+0000	 1.94737689504253E-0003
 1.57544332571316E+0000	 2.37286251179660E-0003
 1.58216101108043E+0000	 2.68021655632827E-0003
 1.58894873333093E+0000	 2.83964008553646E-0003
 1.59576303868544E+0000	 2.83143539039360E-0003
 1.60255321525364E+0000	 2.65248753874036E-0003
 1.60927031519226E+0000	 2.31929697383359E-0003
 1.61587671503223E+0000	 1.86444501589355E-0003
 1.62235108336615E+0000	 1.32824468813763E-0003
 1.62868743614597E+0000	 7.50448220905800E-0004
 1.63489082782167E+0000	 1.65257763098045E-0004
 1.64097270626285E+0000	-4.00219332573197E-0004
 1.64694747115589E+0000	-9.25435236877023E-0004
 1.65283045336321E+0000	-1.39509871750708E-0003
 1.65863696082063E+0000	-1.79786734240289E-0003
 1.66438195529450E+0000	-2.12533434902020E-0003
 1.67008003053679E+0000	-2.37134844727190E-0003
 1.67574549770331E+0000	-2.53159792257708E-0003
 1.68139248947161E+0000	-2.60337231499769E-0003
 1.68703505770435E+0000	-2.58543690670339E-0003
 1.69268726727908E+0000	-2.47798756283148E-0003
 1.69836329258852E+0000	-2.28268169718371E-0003
 1.70407751307369E+0000	-2.00276058646833E-0003
 1.70984458556496E+0000	-1.64328829881448E-0003
 1.71567944643496E+0000	-1.21153209839074E-0003
 1.72159716767973E+0000	-7.17494541256091E-0004
 1.72761256432309E+0000	-1.74572641028109E-0004
 1.73373944016171E+0000	 3.99738080142533E-0004
 1.73998938305345E+0000	 9.83245111429143E-0004
 1.74637007969983E+0000	 1.54876366926927E-0003
 1.75288316370752E+0000	 2.06433228943299E-0003
 1.75952158107530E+0000	 2.49421424166795E-0003
 1.76626651257258E+0000	 2.80129388220876E-0003
 1.77308461276889E+0000	 2.95195787187653E-0003
 1.77992800066679E+0000	 2.92398534164605E-0003
 1.78674020383313E+0000	 2.71497424871811E-0003
 1.79346784387355E+0000	 2.34560652494198E-0003
 1.80007209064375E+0000	 1.85422617260172E-0003
 1.80653346239830E+0000	 1.28610853931320E-0003
 1.81284940661877E+0000	 6.83950241668316E-0004
 1.81902859563500E+0000	 8.29431095509927E-0005
 1.82508554478986E+0000	-4.90166082968185E-0004
 1.83103695899560E+0000	-1.01595415311353E-0003
 1.83689974460075E+0000	-1.48061749312546E-0003
 1.84269015996155E+0000	-1.87442068006647E-0003
 1.84842360402549E+0000	-2.19053799603448E-0003
 1.85411469646036E+0000	-2.42428777324507E-0003
 1.85977744911884E+0000	-2.57267096110264E-0003
 1.86542543460111E+0000	-2.63411282562764E-0003
 1.87107192341362E+0000	-2.60832754031045E-0003
 1.87672999501506E+0000	-2.49625659943502E-0003
 1.88241263953095E+0000	-2.30006196740739E-0003
 1.88813286411072E+0000	-2.02317928167142E-0003
 1.89390380566173E+0000	-1.67045447851223E-0003
 1.89973883185710E+0000	-1.24839869684010E-0003
 1.90565158512618E+0000	-7.65599540137180E-0004
 1.91165589053979E+0000	-2.33318056474368E-0004
 1.91776541070804E+0000	 3.33724204014254E-0004
 1.92399289145201E+0000	 9.16408118957088E-0004
 1.93034879624938E+0000	 1.49024087497823E-0003
 1.93683906433954E+0000	 2.02458713820437E-0003
 1.94346169173683E+0000	 2.48266538065333E-0003
 1.95020211018840E+0000	 2.82347588013834E-0003
 1.95702855983913E+0000	 3.00739935591795E-0003
 1.96389096414696E+0000	 3.00621951465046E-0003
 1.97072770617786E+0000	 2.81416831688173E-0003
 1.97747995688774E+0000	 2.45235153125239E-0003
 1.98410555552968E+0000	 1.96209724067569E-0003
 1.99058431147351E+0000	 1.39200467834322E-0003
 1.99691460067482E+0000	 7.87045018900907E-0004
 2.00310652204813E+0000	 1.83418867726467E-0004
 2.00917586272722E+0000	-3.92040360092669E-0004
 2.01514021955897E+0000	-9.20354799347802E-0004
 2.02101698911282E+0000	-1.38842765258880E-0003
 2.02682255709632E+0000	-1.78732948007913E-0003
 2.03257213272935E+0000	-2.11104085008644E-0003
 2.03827986887337E+0000	-2.35562083193108E-0003
 2.04395906580360E+0000	-2.51869672568888E-0003
 2.04962236420723E+0000	-2.59916355395904E-0003
 2.05528190098610E+0000	-2.59700373034430E-0003
 2.06094943936230E+0000	-2.51316976485554E-0003
 2.06663650052317E+0000	-2.34950631139401E-0003
 2.07235452397030E+0000	-2.10871761605233E-0003
 2.07811507225720E+0000	-1.79441068865299E-0003
 2.08393007521475E+0000	-1.41126259937490E-0003
 2.08981207973653E+0000	-9.65371333476070E-0004
 2.09577443312872E+0000	-4.64852003768841E-0004
 2.10183127841768E+0000	 7.92690430567926E-0005
 2.10799717218674E+0000	 6.51837886314164E-0004
 2.11428603726761E+0000	 1.23207989694801E-0003
 2.12070903038279E+0000	 1.79205071258972E-0003
 2.12727081499345E+0000	 2.29566631533982E-0003
 2.13396401322337E+0000	 2.69972252649696E-0003
 2.14076297108458E+0000	 2.95910514882843E-0003
 2.14762070483376E+0000	 3.03756904097205E-0003
 2.15447449523561E+0000	 2.92095135253076E-0003
 2.16126094923938E+0000	 2.62418077450446E-0003
 2.16793217822815E+0000	 2.18579854928354E-0003
 2.17446312306479E+0000	 1.65425888093999E-0003
 2.18084880931944E+0000	 1.07559501248326E-0003
 2.18709722025323E+0000	 4.87283170135687E-0004
 2.19322277951995E+0000	-8.27526106591077E-0005
 2.19924211291170E+0000	-6.14705116230833E-0004
 2.20517181893765E+0000	-1.09487467159120E-0003
 2.21102752708898E+0000	-1.51389254886412E-0003
 2.21682365283962E+0000	-1.86539499442927E-0003
 2.22257347171362E+0000	-2.14512322501075E-0003
 2.22828930006568E+0000	-2.35034642907657E-0003
 2.23398268262844E+0000	-2.47949541239235E-0003
 2.23966455944916E+0000	-2.53191579886507E-0003
 2.24534542612926E+0000	-2.50768440179466E-0003
 2.25103551728598E+0000	-2.40746958660988E-0003
 2.25674504008793E+0000	-2.23244868391413E-0003
 2.26248446906133E+0000	-1.98431877297800E-0003
 2.26826489077729E+0000	-1.66545067354205E-0003
 2.27409836098595E+0000	-1.27924149317786E-0003
 2.27999820707453E+0000	-8.30721414952427E-0004
 2.28597916999486E+0000	-3.27466910423739E-0004
 2.29205722007303E+0000	 2.19140073612238E-0004
 2.29824878295611E+0000	 7.92312214097346E-0004
 2.30456896684896E+0000	 1.36806081991213E-0003
 2.31102824870590E+0000	 1.91370676367108E-0003
 2.31762722318798E+0000	 2.38791331022884E-0003
 2.32435005846589E+0000	 2.74432640075261E-0003
 2.33115972587741E+0000	 2.94068848915971E-0003
 2.33800030336797E+0000	 2.95187596359253E-0003
 2.34480907934028E+0000	 2.77965171629741E-0003
 2.35153283154487E+0000	 2.45146850270675E-0003
 2.35813814578195E+0000	 2.00929270971809E-0003
 2.36461176421290E+0000	 1.49695074284489E-0003
 2.37095494947149E+0000	 9.52375535972876E-0004
 2.37717714764525E+0000	 4.05184405264282E-0004
 2.38329140984049E+0000	-1.22726463241744E-0004
 2.38931175057742E+0000	-6.15571544840336E-0004
 2.39525186570395E+0000	-1.06204808428989E-0003
 2.40112464181102E+0000	-1.45403068977947E-0003
 2.40694206866147E+0000	-1.78563228878120E-0003
 2.41271532373434E+0000	-2.05256597156756E-0003
 2.41845491171718E+0000	-2.25171434303662E-0003
 2.42417081914775E+0000	-2.38082500326036E-0003
 2.42987268899038E+0000	-2.43828287812764E-0003
 2.43557003510279E+0000	-2.42294659033715E-0003
 2.44127251010071E+0000	-2.33406476738844E-0003
 2.44699022283496E+0000	-2.17130361164174E-0003
 2.45273408300912E+0000	-1.93492075994509E-0003
 2.45851613475611E+0000	-1.62611844834466E-0003
 2.46434982604754E+0000	-1.24760751268565E-0003
 2.47025013858493E+0000	-8.04415075600989E-0004
 2.47623346117553E+0000	-3.04967372505600E-0004
 2.48231701486753E+0000	 2.37544197879180E-0004
 2.48851752446932E+0000	 8.03595955822785E-0004
 2.49484871477804E+0000	 1.36588726821323E-0003
 2.50131725365424E+0000	 1.88883230553867E-0003
 2.50791735421588E+0000	 2.33047085867097E-0003
 2.51462580280332E+0000	 2.64845450334059E-0003
 2.52140111552259E+0000	 2.81003429656776E-0003
 2.52819013952163E+0000	 2.80201836765051E-0003
 2.53494048382728E+0000	 2.63428222865935E-0003
 2.54161180798439E+0000	 2.33434860500820E-0003
 2.54818024419607E+0000	 1.93744462927536E-0003
 2.55463636503604E+0000	 1.47817386239288E-0003
 2.56098057659834E+0000	 9.86292673488477E-0004
 2.56721890562551E+0000	 4.85713902410576E-0004
 2.57336013185124E+0000	-4.91576104670773E-0006
 2.57941412278198E+0000	-4.71166382201588E-0004
 2.58539098043020E+0000	-9.01802681842501E-0004
 2.59130067092109E+0000	-1.28795759473597E-0003
 2.59715291228304E+0000	-1.62252191312602E-0003
 2.60295718648996E+0000	-1.89970903003404E-0003
 2.60872281407924E+0000	-2.11474094667253E-0003
 2.61445907634031E+0000	-2.26361929273666E-0003
 2.62017538721288E+0000	-2.34297314617198E-0003
 2.62588151190616E+0000	-2.34999635545119E-0003
 2.63158781579449E+0000	-2.28249392125351E-0003
 2.63730551655358E+0000	-2.13905377438354E-0003
 2.64304690762723E+0000	-1.91935557311333E-0003
 2.64882551711876E+0000	-1.62462804115691E-0003
 2.65465615472074E+0000	-1.25827079206925E-0003
 2.66055477220273E+0000	-8.26658758809145E-0004
 2.66653801443493E+0000	-3.40133109636331E-0004
 2.67262226853913E+0000	 1.85873855906114E-0004
 2.67882195122281E+0000	 7.29773557367362E-0004
 2.68514679112926E+0000	 1.26328257624124E-0003
 2.69159814918207E+0000	 1.75225492577736E-0003
 2.69816519486612E+0000	 2.15992432134180E-0003
 2.70482287585141E+0000	 2.45295499305210E-0003
 2.71153400131653E+0000	 2.60878641820163E-0003
 2.71825594417947E+0000	 2.62074477244441E-0003
 2.72494911557874E+0000	 2.49792535644602E-0003
 2.73158297516681E+0000	 2.26036107465639E-0003
 2.73813766189626E+0000	 1.93287263177669E-0003
 2.74460247429457E+0000	 1.54050205118590E-0003
 2.75097336402557E+0000	 1.10620709741812E-0003
 2.75725073700659E+0000	 6.50124643986997E-0004
 2.76343788799333E+0000	 1.89598722147179E-0004
 2.76953998365089E+0000	-2.60502925562621E-0004
 2.77556344278114E+0000	-6.87411099450944E-0004
 2.78151557939606E+0000	-1.08011922086359E-0003
 2.78740440258326E+0000	-1.42912061450238E-0003
 2.79323850734286E+0000	-1.72621005759554E-0003
 2.79902702979408E+0000	-1.96433428324747E-0003
 2.80477965950772E+0000	-2.13749075831584E-0003
 2.81050669984810E+0000	-2.24068789186436E-0003
 2.81621915738792E+0000	-2.26998184868702E-0003
 2.82192883567225E+0000	-2.22259902410141E-0003
 2.82764840876842E+0000	-2.09714790522139E-0003
 2.83339145038230E+0000	-1.89392424141632E-0003
 2.83917238796282E+0000	-1.61531709723241E-0003
 2.84500633429854E+0000	-1.26632379449252E-0003
 2.85090872152371E+0000	-8.55169902696425E-0004
 2.85689462844766E+0000	-3.93994345919144E-0004
 2.86297766571766E+0000	 1.00516940999875E-0004
 2.86916830165660E+0000	 6.06797202486234E-0004
 2.87547164788487E+0000	 1.09878334215674E-0003
 2.88188506025329E+0000	 1.54753397083908E-0003
 2.88839640693305E+0000	 1.92437816441469E-0003
 2.89498415564980E+0000	 2.20515501734910E-0003
 2.90161995617847E+0000	 2.37412243353183E-0003
 2.90827304969325E+0000	 2.42580844476015E-0003
 2.91491464130099E+0000	 2.36412580107016E-0003
 2.92152057893645E+0000	 2.19971364155969E-0003
 2.92807207693377E+0000	 1.94714268633524E-0003
 2.93455532313480E+0000	 1.62294091868635E-0003
 2.94096082910240E+0000	 1.24443703716389E-0003
 2.94728286920244E+0000	 8.29058067526401E-0004
 2.95351902038851E+0000	 3.93836380886632E-0004
 2.95966976251472E+0000	-4.49637147452286E-0005
 2.96573811919841E+0000	-4.72141313812752E-0004
 2.97172931728989E+0000	-8.73799731956919E-0004
 2.97765044888896E+0000	-1.23752973643492E-0003
 2.98351014547640E+0000	-1.55252281567751E-0003
 2.98931829108486E+0000	-1.80961979473954E-0003
 2.99508579444844E+0000	-2.00132214659697E-0003
 3.00082442039866E+0000	-2.12180025735235E-0003
 3.00654666544992E+0000	-2.16692584136546E-0003
 3.01226565659048E+0000	-2.13434579412942E-0003
 3.01799505051079E+0000	-2.02360893367427E-0003
 3.02374890633145E+0000	-1.83635438316992E-0003
 3.02954149575371E+0000	-1.57656570072404E-0003
 3.03538700192743E+0000	-1.25088288289305E-0003
 3.04129904647082E+0000	-8.68940449418628E-0004
 3.04728998073957E+0000	-4.43659783782915E-0004
 3.05336989754965E+0000	 8.63382449232504E-0006
 3.05954538801152E+0000	 4.68463309696727E-0004
 3.06581820860171E+0000	 9.14043091907505E-0004
 3.07218421610706E+0000	 1.32284553739619E-0003
 3.07863305308814E+0000	 1.67374869741592E-0003
 3.08514893208335E+0000	 1.94924362041261E-0003
 3.09171240363609E+0000	 2.13697827215778E-0003
 3.09830246203076E+0000	 2.23017530096385E-0003
 3.10489820860312E+0000	 2.22709390962951E-0003
 3.11147973702852E+0000	 2.13019392264909E-0003
 3.11802852304329E+0000	 1.94556276658267E-0003
 3.12452781028655E+0000	 1.68265768697948E-0003
 3.13096321008183E+0000	 1.35406167621093E-0003
 3.13732339926447E+0000	 9.74998460162287E-0004
 3.14360070511740E+0000	 5.62564531430385E-0004
 3.14979143123859E+0000	 1.34766460548456E-0004
 3.15589585338012E+0000	-2.90503264391289E-0004
 3.16191788734489E+0000	-6.96399001459514E-0004
 3.16786451595986E+0000	-1.06783221156915E-0003
 3.17374511592328E+0000	-1.39190459150057E-0003
 3.17957081362654E+0000	-1.65809609379695E-0003
 3.18535394376246E+0000	-1.85828774096929E-0003
 3.19110762866223E+0000	-1.98670179438819E-0003
 3.19684546210846E+0000	-2.03982157436600E-0003
 3.20258126672344E+0000	-2.01633070288893E-0003
 3.20832888868216E+0000	-1.91709397338428E-0003
 3.21410199064083E+0000	-1.74518768830236E-0003
 3.21991380200079E+0000	-1.50597240956844E-0003
 3.22577678677972E+0000	-1.20718321503488E-0003
 3.23170219687533E+0000	-8.58991023299571E-0004
 3.23769949756762E+0000	-4.73964642962536E-0004
 3.24377568993234E+0000	-6.68430972149428E-0005
 3.24993461627494E+0000	 3.45971913204796E-0004
 3.25617640777317E+0000	 7.47245032150324E-0004
 3.26249727227982E+0000	 1.11998400428233E-0003
 3.26888975688944E+0000	 1.44854171493209E-0003
 3.27534343103178E+0000	 1.71944339576663E-0003
 3.28184571153193E+0000	 1.92174033218967E-0003
 3.28838246568813E+0000	 2.04696463876616E-0003
 3.29493820254076E+0000	 2.08903323312166E-0003
 3.30149601866148E+0000	 2.04448733387553E-0003
 3.30803772741505E+0000	 1.91317718481401E-0003
 3.31454453935324E+0000	 1.69912204679228E-0003
 3.32099834847415E+0000	 1.41109457903999E-0003
 3.32738337405264E+0000	 1.06256611786973E-0003
 3.33368774724570E+0000	 6.70872165906662E-0004
 3.33990461637943E+0000	 2.55719258539095E-0004
 3.34603249177329E+0000	-1.62608493866396E-0004
 3.35207483103486E+0000	-5.64897887917824E-0004
 3.35803911886425E+0000	-9.34192992898131E-0004
 3.36393577531288E+0000	-1.25643824976633E-0003
 3.36977714444528E+0000	-1.52067973707453E-0003
 3.37557668102377E+0000	-1.71899074761279E-0003
 3.38134834994874E+0000	-1.84626849604566E-0003
 3.38710620102385E+0000	-1.90000111967365E-0003
 3.39286406457990E+0000	-1.88006018682335E-0003
 3.39863531315209E+0000	-1.78854150506785E-0003
 3.40443264073807E+0000	-1.62965357307290E-0003
 3.41026782106398E+0000	-1.40963495187116E-0003
 3.41615141983085E+0000	-1.13666737266811E-0003
 3.42209245432564E+0000	-8.20740708539837E-0004
 3.42809801870779E+0000	-4.73421509532727E-0004
 3.43417292492715E+0000	-1.07485045667177E-0004
 3.44031944074784E+0000	 2.63598070441054E-0004
 3.44653721718173E+0000	 6.26269990274054E-0004
 3.45282345848613E+0000	 9.67466344088017E-0004
 3.45917328797319E+0000	 1.27501185539142E-0003
 3.46558014053003E+0000	 1.53772608128085E-0003
 3.47203594822617E+0000	 1.74528399896639E-0003
 3.47853095122511E+0000	 1.88806025674885E-0003
 3.48505317242379E+0000	 1.95729247679068E-0003
 3.49158785376705E+0000	 1.94582515319714E-0003
 3.49811730908581E+0000	 1.84943785816893E-0003
 3.50462159591468E+0000	 1.66844162318019E-0003
 3.51108015826166E+0000	 1.40898727503361E-0003
 3.51747420284072E+0000	 1.08346997031499E-0003
 3.52378916114609E+0000	 7.09647741559834E-0004
 3.53001643104106E+0000	 3.08621112622013E-0004
 3.53615389568987E+0000	-9.76655629425466E-0005
 3.54220529105819E+0000	-4.88632735924308E-0004
 3.54817890156196E+0000	-8.46531104930376E-0004
 3.55408610606458E+0000	-1.15712454209401E-0003
 3.55994010677650E+0000	-1.40979646561823E-0003
 3.56575496172436E+0000	-1.59733200279304E-0003
 3.57154490833360E+0000	-1.71557071260920E-0003
 3.57732391070707E+0000	-1.76304749000989E-0003
 3.58310535345153E+0000	-1.74067798133560E-0003
 3.58890181449070E+0000	-1.65150381240408E-0003
 3.59472486565186E+0000	-1.50048705150993E-0003
 3.60058486848942E+0000	-1.29432773502339E-0003
 3.60649075270540E+0000	-1.04127035596336E-0003
 3.61244978565195E+0000	-7.50864436397466E-0004
 3.61846736349223E+0000	-4.33652550513239E-0004
 3.62454687427486E+0000	-1.00780697165670E-0004
 3.63068969013151E+0000	 2.36436417462207E-0004
 3.63689532393690E+0000	 5.66916485585839E-0004
 3.64316172569735E+0000	 8.80068479930518E-0004
 3.64948561028870E+0000	 1.16581935713782E-0003
 3.65586264165436E+0000	 1.41440151329015E-0003
 3.66228729595258E+0000	 1.61602317083141E-0003
 3.66875231651843E+0000	 1.76067131787119E-0003
 3.67524785158555E+0000	 1.83835748447972E-0003
 3.68176058163567E+0000	 1.84005387358694E-0003
 3.68827331844056E+0000	 1.75936106684730E-0003
 3.69476560275691E+0000	 1.59461000381762E-0003
 3.70121561140121E+0000	 1.35069979253311E-0003
 3.70760311318569E+0000	 1.03976519658187E-0003
 3.71391253431644E+0000	 6.80112440821096E-0004
 3.72013500013820E+0000	 2.93707229144264E-0004
 3.72626877430712E+0000	-9.68069763482095E-0005
 3.73231833505582E+0000	-4.70580251386284E-0004
 3.73829277196754E+0000	-8.10056561084813E-0004
 3.74420412778987E+0000	-1.10156195867700E-0003
 3.75006602542902E+0000	-1.33527888310100E-0003
 3.75589266992299E+0000	-1.50490828720584E-0003
 3.76169818020699E+0000	-1.60723021242082E-0003
 3.76749616003878E+0000	-1.64167912361645E-0003
 3.77329941775931E+0000	-1.60998211712481E-0003
 3.77911976247687E+0000	-1.51586551856138E-0003
 3.78496782700786E+0000	-1.36481113882657E-0003
 3.79085289079619E+0000	-1.16383155503628E-0003
 3.79678269783450E+0000	-9.21230611919648E-0004
 3.80276328547639E+0000	-6.46319754651857E-0004
 3.80879885935574E+0000	-3.49074525456367E-0004
 3.81489176262903E+0000	-3.97417705337822E-0005
 3.82104258362254E+0000	 2.71554149878700E-0004
 3.82725041303697E+0000	 5.75120764924223E-0004
 3.83351319953554E+0000	 8.61823865969003E-0004
 3.83982807951617E+0000	 1.12296493987180E-0003
 3.84619150645527E+0000	 1.34992874149636E-0003
 3.85259901235737E+0000	 1.53374105510633E-0003
 3.85904452214758E+0000	 1.66479613462210E-0003
 3.86551931209547E+0000	 1.73308041142814E-0003
 3.87201093179686E+0000	 1.72918157327806E-0003
 3.87850264464365E+0000	 1.64616972966174E-0003
 3.88497404646367E+0000	 1.48201226675177E-0003
 3.89140323726219E+0000	 1.24164067211181E-0003
 3.89777014174414E+0000	 9.37571094656851E-0004
 3.90405977536755E+0000	 5.88537630212217E-0004
 3.91026420135987E+0000	 2.16654114326449E-0004
 3.91638271467155E+0000	-1.55714559728705E-0004
 3.92242068010405E+0000	-5.08374057200659E-0004
 3.92838780336060E+0000	-8.24656170624476E-0004
 3.93429645161022E+0000	-1.09186235961386E-0003
 3.94016031791672E+0000	-1.30113523550315E-0003
 3.94599348061167E+0000	-1.44706330053083E-0003
 3.95180979037356E+0000	-1.52721899578183E-0003
 3.95762248429404E+0000	-1.54173391868425E-0003
 3.96344393331977E+0000	-1.49294860148413E-0003
 3.96928545112072E+0000	-1.38513411753047E-0003
 3.97515711690639E+0000	-1.22426096060715E-0003
 3.98106758789176E+0000	-1.01778030496504E-0003
 3.98702389905144E+0000	-7.74379600587070E-0004
 3.99303127047516E+0000	-5.03677964109046E-0004
 3.99909296627830E+0000	-2.15841100733517E-0004
 4.00521026709235E+0000	 7.88735011555020E-0005
 4.01138261578289E+0000	 3.70582859021309E-0004
 4.01760795720952E+0000	 6.50148984640807E-0004
 4.02388321479951E+0000	 9.09325272177342E-0004
 4.03020475171366E+0000	 1.14058843890778E-0003
 4.03656859818534E+0000	 1.33667368142986E-0003
 4.04297023892535E+0000	 1.48998356500692E-0003
 4.04940386989841E+0000	 1.59218228666902E-0003
 4.05586124059682E+0000	 1.63435560844261E-0003
 4.06233046570198E+0000	 1.60805794163772E-0003
 4.06879545212310E+0000	 1.50730482991380E-0003
 4.07523664808789E+0000	 1.33105298334323E-0003
 4.08163339415923E+0000	 1.08514964128937E-0003
 4.08796727053850E+0000	 7.82666995019213E-0004
 4.09422513853242E+0000	 4.42283110781310E-0004
 4.10040074758960E+0000	 8.54163496471771E-0005
 4.10649465470968E+0000	-2.66709237895708E-0004
 4.11251298290598E+0000	-5.95215498662252E-0004
 4.11846575922806E+0000	-8.84708906735486E-0004
 4.12436536431215E+0000	-1.12360413420672E-0003
 4.13022532637770E+0000	-1.30395759764388E-0003
 4.13605948426442E+0000	-1.42108629340252E-0003
 4.14188144683129E+0000	-1.47314800386322E-0003
 4.14770425040752E+0000	-1.46077214547475E-0003
 4.15354012413747E+0000	-1.38677092787101E-0003
 4.15940029266514E+0000	-1.25592414196327E-0003
 4.16529476652839E+0000	-1.07480942468077E-0003
 4.17123209080691E+0000	-8.51635522943207E-0004
 4.17721904569487E+0000	-5.96024741042152E-0004
 4.18326032499290E+0000	-3.18685367372811E-0004
 4.18935826172560E+0000	-3.09274268654647E-0005
 4.19551271166690E+0000	 2.55978556285239E-0004
 4.20172121459041E+0000	 5.31515826844084E-0004
 4.20797949321637E+0000	 7.86529532314338E-0004
 4.21428221242144E+0000	 1.01350518746057E-0003
 4.22062375735976E+0000	 1.20636380538275E-0003
 4.22699869813158E+0000	 1.35980933087710E-0003
 4.23340166847610E+0000	 1.46849225500224E-0003
 4.23982658861387E+0000	 1.52640807127939E-0003
 4.24626543677713E+0000	 1.52696542119085E-0003
 4.25270705442380E+0000	 1.46401323063037E-0003
 4.25913667180153E+0000	 1.33377029016118E-0003
 4.26553676908002E+0000	 1.13707605119134E-0003
 4.27188935556367E+0000	 8.80958666115806E-0004
 4.27817894656938E+0000	 5.78650827915022E-0004
 4.28439506941026E+0000	 2.47955632088630E-0004
 4.29053344984290E+0000	-9.13052239471441E-0005
 4.29659579676206E+0000	-4.19777085034351E-0004
 4.30258867676763E+0000	-7.20351794930126E-0004
 4.30852208263098E+0000	-9.79101199342438E-0004
 4.31440811384216E+0000	-1.18554328589357E-0003
 4.32025995083693E+0000	-1.33250930462591E-0003
 4.32609114049879E+0000	-1.41583942819146E-0003
 4.33191513082466E+0000	-1.43405614032481E-0003
 4.33774496836312E+0000	-1.38809438404715E-0003
 4.34359307433384E+0000	-1.28111751811710E-0003
 4.34947102600993E+0000	-1.11841470187998E-0003
 4.35538928137773E+0000	-9.07349404300933E-0004
 4.36135679933591E+0000	-6.57301357282029E-0004
 4.36738053549139E+0000	-3.79512408542128E-0004
 4.37346484949976E+0000	-8.67209029617843E-0005
 4.37961094864076E+0000	 2.07521264195903E-0004
 4.38581658701879E+0000	 4.89870763359842E-0004
 4.39207626869173E+0000	 7.48404255229404E-0004
 4.39838208099950E+0000	 9.73674275564367E-0004
 4.40472500431964E+0000	 1.15919374208687E-0003
 4.41109625135101E+0000	 1.30110875614652E-0003
 4.41748810058602E+0000	 1.39718656790333E-0003
 4.42389388959968E+0000	 1.44557906997872E-0003
 4.43030719443861E+0000	 1.44393280633730E-0003
 4.43672055484263E+0000	 1.38929538898624E-0003
 4.44312432247846E+0000	 1.27899520825548E-0003
 4.44950626476114E+0000	 1.11228932377334E-0003
 4.45585234736811E+0000	 8.92160879803297E-0004
 4.46214860478182E+0000	 6.26440437030735E-0004
 4.46838343563247E+0000	 3.27675536508030E-0004
 4.47454945249098E+0000	 1.17906479379689E-0005
 4.48064432902509E+0000	-3.03879987151095E-0004
 4.48667062638452E+0000	-6.02490910334029E-0004
 4.49263495145948E+0000	-8.69073878104417E-0004
 4.49854687077263E+0000	-1.09131074338040E-0003
 4.50441788542556E+0000	-1.25980495391783E-0003
 4.51026061411444E+0000	-1.36804027327562E-0003
 4.51608821165159E+0000	-1.41219981576720E-0003
 4.52191398341419E+0000	-1.39097019313304E-0003
 4.52775112697456E+0000	-1.30540676446790E-0003
 4.53361252178220E+0000	-1.15889696689919E-0003
 4.53951048253991E+0000	-9.57226214328384E-0004
 4.54545638754742E+0000	-7.08714554546905E-0004
 4.55146009777374E+0000	-4.24340853167807E-0004
 4.55752911799848E+0000	-1.17701987559416E-0004
 4.56366754927603E+0000	 1.95410895157801E-0004
 4.56987505730673E+0000	 4.98036288609050E-0004
 4.57614628080747E+0000	 7.73726101867579E-0004
 4.58247116566436E+0000	 1.00860007810122E-0003
 4.58883644351693E+0000	 1.19309725828906E-0003
 4.59522790076638E+0000	 1.32267167665662E-0003
 4.60163258641571E+0000	 1.39711311403101E-0003
 4.60804011341220E+0000	 1.41886518891168E-0003
 4.61444270946626E+0000	 1.39114748143428E-0003
 4.62083425693718E+0000	 1.31663647205988E-0003
 4.62720889682964E+0000	 1.19710761222394E-0003
 4.63355983329932E+0000	 1.03404433705268E-0003
 4.63987884796021E+0000	 8.29882998142349E-0004
 4.64615674944468E+0000	 5.89333162420475E-0004
 4.65238459495259E+0000	 3.20190754496150E-0004
 4.65855519850302E+0000	 3.33070049070058E-0005
 4.66466437596645E+0000	-2.58232104019553E-0004
 4.67071158475145E+0000	-5.40362888125133E-0004
 4.67669992122559E+0000	-7.99322694470916E-0004
 4.68263565555783E+0000	-1.02266344569355E-0003
 4.68852754983083E+0000	-1.19989572447987E-0003
 4.69438616368938E+0000	-1.32279861589841E-0003
 4.70022326959863E+0000	-1.38549981452586E-0003
 4.70605142190891E+0000	-1.38444479901999E-0003
 4.71188366710554E+0000	-1.31835871920427E-0003
 4.71773334514892E+0000	-1.18827938621966E-0003
 4.72361390422657E+0000	-9.97712371907203E-0004
 4.72953862471630E+0000	-7.52926245839458E-0004
 4.73552012164664E+0000	-4.63354682203231E-0004
 4.74156948334355E+0000	-1.41985699151713E-0004
 4.74769494731871E+0000	 1.94510384116764E-0004
 4.75390017693609E+0000	 5.26298653467380E-0004
 4.76018252762703E+0000	 8.31949218009651E-0004
 4.76653208182772E+0000	 1.09117500743044E-0003
 4.77293233830397E+0000	 1.28817143511705E-0003
 4.77936286134371E+0000	 1.41428069875018E-0003
 4.78580307372282E+0000	 1.46870463960149E-0003
 4.79223562011404E+0000	 1.45698015180857E-0003
 4.79864806284041E+0000	 1.38813649642403E-0003
 4.80503271911721E+0000	 1.27188773124247E-0003
 4.81138528087982E+0000	 1.11679104410687E-0003
 4.81770307545115E+0000	 9.29627052654877E-0004
 4.82398363679714E+0000	 7.15780975661695E-0004
 4.83022395240408E+0000	 4.80184631760609E-0004
 4.83642045578656E+0000	 2.28340954768932E-0004
 4.84256959382819E+0000	-3.29524884013876E-0005
 4.84866866030663E+0000	-2.95376297844356E-0004
 4.85471658283250E+0000	-5.49347009443960E-0004
 4.86071445161963E+0000	-7.84603893430286E-0004
 4.86666571589859E+0000	-9.90920574823658E-0004
 4.87257608778634E+0000	-1.15876772876737E-0003
 4.87845325763184E+0000	-1.27982399605982E-0003
 4.88430653903239E+0000	-1.34730941235769E-0003
 4.89014653913518E+0000	-1.35617686305658E-0003
 4.89598490819413E+0000	-1.30323329088981E-0003
 4.90183417601711E+0000	-1.18727548104599E-0003
 4.90770763802146E+0000	-1.00932186235853E-0003
 4.91361920831008E+0000	-7.73005572061416E-0004
 4.91958310682209E+0000	-4.85159779660882E-0004
 4.92561319366314E+0000	-1.56556448831972E-0004
 4.93172172916276E+0000	 1.97373565922225E-0004
 4.93791739079995E+0000	 5.56226781657046E-0004
 4.94420264085474E+0000	 8.95353034194058E-0004
 4.95057111001504E+0000	 1.18830352278849E-0003
 4.95700635474163E+0000	 1.41114004983646E-0003
 4.96348344232056E+0000	 1.54747582262011E-0003
 4.96997357509152E+0000	 1.59196317155168E-0003
 4.97644995516604E+0000	 1.55034808351420E-0003
 4.98289223281883E+0000	 1.43625953318087E-0003
 4.98928805887533E+0000	 1.26669292027101E-0003
 4.99563210831620E+0000	 1.05821123314584E-0003
 5.00192386779502E+0000	 8.24788712924487E-0004
 5.00816534303993E+0000	 5.77206757244907E-0004
 5.01435931425494E+0000	 3.23473541670487E-0004
 5.02050832235827E+0000	 6.97171545381815E-0005
 5.02661431331503E+0000	-1.78857983747347E-0004
 5.03267875820877E+0000	-4.17197908308322E-0004
 5.03870304604769E+0000	-6.39918842684919E-0004
 5.04468897179384E+0000	-8.41133318333730E-0004
 5.05063918551427E+0000	-1.01453567388246E-0003
 5.05655751797103E+0000	-1.15366503478377E-0003
 5.06244915103811E+0000	-1.25225090954480E-0003
 5.06832065210358E+0000	-1.30455849071830E-0003
 5.07417992711468E+0000	-1.30568612501507E-0003
 5.08003615628976E+0000	-1.25181452636752E-0003
 5.08589975895689E+0000	-1.14045054771872E-0003
 5.09178239659538E+0000	-9.70737091486633E-0004
 5.09769697315899E+0000	-7.43911330703874E-0004
 5.10365753112189E+0000	-4.63983606908528E-0004
 5.10967886821921E+0000	-1.38669498892997E-0004
 5.11577561738975E+0000	 2.19488827117914E-0004
 5.12196047696420E+0000	 5.92074581186264E-0004
 5.12824136370360E+0000	 9.54419565563801E-0004
 5.13461770346516E+0000	 1.27687400060415E-0003
 5.14107702772906E+0000	 1.52869620030244E-0003
 5.14759407859436E+0000	 1.68446311417048E-0003
 5.15413436956492E+0000	 1.73075311145011E-0003
 5.16066163485938E+0000	 1.66948744901933E-0003
 5.16714564332373E+0000	 1.51595673299422E-0003
 5.17356671850670E+0000	 1.29309077678926E-0003
 5.17991601966032E+0000	 1.02533847048792E-0003
 5.18619309594895E+0000	 7.34484795369236E-0004
 5.19240269365787E+0000	 4.37825394539961E-0004
 5.19855203441424E+0000	 1.48035306793826E-0004
 5.20464895816032E+0000	-1.26092975736253E-0004
 5.21070086999876E+0000	-3.78629558681632E-0004
 5.21671428334325E+0000	-6.05522384162368E-0004
 5.22269475658726E+0000	-8.03782280370069E-0004
 5.22864706993205E+0000	-9.70878790709304E-0004
 5.23457553277590E+0000	-1.10434895291627E-0003
 5.24048433839397E+0000	-1.20160299149982E-0003
 5.24637790149564E+0000	-1.25989392411476E-0003
 5.25226113923106E+0000	-1.27640259596481E-0003
 5.25813968969069E+0000	-1.24838737631752E-0003
 5.26402009258346E+0000	-1.17336698544326E-0003
 5.26990996926151E+0000	-1.04934155903248E-0003
 5.27581822512710E+0000	-8.75097365711106E-0004
 5.28175525799801E+0000	-6.50670015652618E-0004
 5.28773309712776E+0000	-3.78049834413663E-0004
 5.29376532261404E+0000	-6.21941017404030E-0005
 5.29986652299382E+0000	 2.87651696514319E-0004
 5.30605094915546E+0000	 6.56467785341593E-0004
 5.31232997979763E+0000	 1.02225092118521E-0003
 5.31870822196094E+0000	 1.35600224936046E-0003
 5.32517885540379E+0000	 1.62426474714039E-0003
 5.33172026611169E+0000	 1.79518747274734E-0003
 5.33829703856002E+0000	 1.84702255341366E-0003
 5.34486684833714E+0000	 1.77504028256398E-0003
 5.35139059303460E+0000	 1.59250558190261E-0003
 5.35784039477277E+0000	 1.32528443657688E-0003
 5.36420219495849E+0000	 1.00388562888002E-0003
 5.37047375811076E+0000	 6.57027954105512E-0004
 5.37666079559983E+0000	 3.08290549670996E-0004
 5.38277329891636E+0000	-2.47015567066799E-0005
 5.38882290056665E+0000	-3.29703331110761E-0004
 5.39482127049175E+0000	-5.98772809472620E-0004
 5.40077927522900E+0000	-8.27164394599041E-0004
 5.40670662290158E+0000	-1.01237728567226E-0003
 5.41261179647693E+0000	-1.15339975916388E-0003
 5.41850215316658E+0000	-1.25013746603797E-0003
 5.42438411526528E+0000	-1.30300264549520E-0003
 5.43026340222270E+0000	-1.31263928168731E-0003
 5.43614527041738E+0000	-1.27975440403124E-0003
 5.44203474823107E+0000	-1.20502170450245E-0003
 5.44793688050407E+0000	-1.08903189268543E-0003
 5.45385701678806E+0000	-9.32292500459524E-0004
 5.45980117539586E+0000	-7.35323758392361E-0004
 5.46577647935910E+0000	-4.98939849301965E-0004
 5.47179159328108E+0000	-2.24825178380487E-0004
 5.47785700415224E+0000	 8.35019724603771E-0005
 5.48398489603549E+0000	 4.19309287193302E-0004
 5.49018827368523E+0000	 7.70951802159138E-0004
 5.49647891981351E+0000	 1.12019584625283E-0003
 5.50286384938513E+0000	 1.44133579504529E-0003
 5.50934045653487E+0000	 1.70242446490078E-0003
 5.51589185520885E+0000	 1.87006509750170E-0003
 5.52248552090773E+0000	 1.91781248762033E-0003
 5.52907815773567E+0000	 1.83503605796614E-0003
 5.53562595688849E+0000	 1.63093027628267E-0003
 5.54209489656343E+0000	 1.33096009909268E-0003
 5.54846586995716E+0000	 9.68514472373932E-0004
 5.55473391267375E+0000	 5.76854886998786E-0004
 5.56090425655393E+0000	 1.84280160839403E-0004
 5.56698803876912E+0000	-1.87506927551303E-0004
 5.57299903432162E+0000	-5.23099867323304E-0004
 5.57895160760328E+0000	-8.12313507697388E-0004
 5.58485959986050E+0000	-1.04899613160726E-0003
 5.59073581098819E+0000	-1.23000072608644E-0003
 5.59659181908759E+0000	-1.35438116626081E-0003
 5.60243797623610E+0000	-1.42279688461764E-0003
 5.60828348475994E+0000	-1.43708735820935E-0003
 5.61413649587156E+0000	-1.39997467145746E-0003
 5.62000419573623E+0000	-1.31484948630944E-0003
 5.62589286787788E+0000	-1.18559052255687E-0003
 5.63180795387646E+0000	-1.01636978017943E-0003
 5.63775417225706E+0000	-8.11420342957155E-0004
 5.64373577856995E+0000	-5.74800195704865E-0004
 5.64975702911479E+0000	-3.10264700534534E-0004
 5.65582282691122E+0000	-2.14276507983066E-0005
 5.66193939174316E+0000	 2.87601157671742E-0004
 5.66811464867034E+0000	 6.10996622350196E-0004
 5.67435791857723E+0000	 9.39486356243703E-0004
 5.68067845195791E+0000	 1.25843836737017E-0003
 5.68708243626564E+0000	 1.54648246730532E-0003
 5.69356852940441E+0000	 1.77586694327200E-0003
 5.70012303612802E+0000	 1.91600257545046E-0003
 5.70671739724378E+0000	 1.94074474016856E-0003
 5.71331114589421E+0000	 1.83725151592416E-0003
 5.71986077390633E+0000	 1.61152357540115E-0003
 5.72633028727249E+0000	 1.28684642594311E-0003
 5.73269780338186E+0000	 8.96415239620488E-0004
 5.73895613852235E+0000	 4.74957968532916E-0004
 5.74510942683331E+0000	 5.30451746232331E-0005
 5.75116877041929E+0000	-3.45247775220946E-0004
 5.75714868580305E+0000	-7.02409944628923E-0004
 5.76306478435985E+0000	-1.00654355042486E-0003
 5.76893247721496E+0000	-1.25018276663695E-0003
 5.77476635619742E+0000	-1.42923977627446E-0003
 5.78057996581288E+0000	-1.54218592040602E-0003
 5.78638577684733E+0000	-1.58946844897195E-0003
 5.79219524299293E+0000	-1.57312911585823E-0003
 5.79801886208684E+0000	-1.49658243863807E-0003
 5.80386618494525E+0000	-1.36450394401523E-0003
 5.80974573385929E+0000	-1.18276327842453E-0003
 5.81566482565628E+0000	-9.58318133745607E-0004
 5.82162935033167E+0000	-6.98980207738847E-0004
 5.82764362780589E+0000	-4.13001651968654E-0004
 5.83371051526453E+0000	-1.08532252870832E-0004
 5.83983190293214E+0000	 2.06849937314148E-0004
 5.84600956867315E+0000	 5.26205738113752E-0004
 5.85224609202794E+0000	 8.42587011931747E-0004
 5.85854528216953E+0000	 1.14758643900081E-0003
 5.86491149434189E+0000	 1.42938880845244E-0003
 5.87134737550700E+0000	 1.67108386086193E-0003
 5.87785006605049E+0000	 1.85042500869970E-0003
 5.88440683059719E+0000	 1.94237137168919E-0003
 5.89099238033084E+0000	 1.92500817885629E-0003
 5.89757067635307E+0000	 1.78726389220142E-0003
 5.90410204791673E+0000	 1.53440633376964E-0003
 5.91055254625452E+0000	 1.18767077408787E-0003
 5.91690057598219E+0000	 7.78339394105252E-0004
 5.92313830608366E+0000	 3.40137237506013E-0004
 5.92926909242541E+0000	-9.64504384622784E-0005
 5.93530354924409E+0000	-5.06847385676717E-0004
 5.94125609930085E+0000	-8.72781913035830E-0004
 5.94714261105257E+0000	-1.18154319037297E-0003
 5.95297902860629E+0000	-1.42490230454982E-0003
 5.95878069516954E+0000	-1.59809870551110E-0003
 5.96456209757439E+0000	-1.69903624247842E-0003
 5.97033684080423E+0000	-1.72771400660135E-0003
 5.97611772736017E+0000	-1.68587621572039E-0003
 5.98191685255303E+0000	-1.57685530207595E-0003
 5.98774563993682E+0000	-1.40557499210789E-0003
 5.99361474497292E+0000	-1.17866041647132E-0003
 5.99953376806161E+0000	-9.04565113463904E-0004
 6.00551076246571E+0000	-5.93578290025343E-0004
 6.01155161688107E+0000	-2.57549488203023E-0004
 6.01765952817667E+0000	 9.07831526456590E-0005
 6.02383488657463E+0000	 4.38796128026169E-0004
 6.03007583679440E+0000	 7.74964702634676E-0004
 6.03637945147981E+0000	 1.08925969200330E-0003
 6.04274296012522E+0000	 1.37249539630175E-0003
 6.04916414796167E+0000	 1.61468692161513E-0003
 6.05564017702359E+0000	 1.80318045346501E-0003
 6.06216472827646E+0000	 1.92184518145630E-0003
 6.06872437765340E+0000	 1.95265138766854E-0003
 6.07529619931823E+0000	 1.88016769281852E-0003
 6.08184891939339E+0000	 1.69770209672196E-0003
 6.08834839888106E+0000	 1.41190889858551E-0003
 6.09476520399918E+0000	 1.04285318192600E-0003
 6.10108035538261E+0000	 6.19452288038829E-0004
 6.10728695236756E+0000	 1.73145741757965E-0004
 6.11338831057438E+0000	-2.67177390624216E-0004
 6.11939467026012E+0000	-6.77804520222193E-0004
 6.12532010913218E+0000	-1.04079397873443E-0003
 6.13118032015368E+0000	-1.34345049061648E-0003
 6.13699126384974E+0000	-1.57740532241440E-0003
 6.14276847024467E+0000	-1.73769630169787E-0003
 6.14852675780911E+0000	-1.82200942772074E-0003
 6.15428019766930E+0000	-1.83012702241608E-0003
 6.16004220783604E+0000	-1.76358533078113E-0003
 6.16582569306642E+0000	-1.62553634299826E-0003
 6.17164315129904E+0000	-1.42080665211042E-0003
 6.17750665576846E+0000	-1.15613188736802E-0003
 6.18342760765197E+0000	-8.40505393296278E-0004
 6.18941616222405E+0000	-4.85507775170778E-0004
 6.19548029977530E+0000	-1.05391539299816E-0004
 6.20162467909374E+0000	 2.83363641095829E-0004
 6.20784966207529E+0000	 6.63223257141746E-0004
 6.21415108205906E+0000	 1.01735636069326E-0003
 6.22052116282570E+0000	 1.33132468067512E-0003
 6.22695033668168E+0000	 1.59376882960478E-0003
 6.23342892441732E+0000	 1.79557626008560E-0003
 6.23994744448174E+0000	 1.92803777951570E-0003
 6.24649504304445E+0000	 1.98139943445826E-0003
 6.25305678717759E+0000	 1.94531204511465E-0003
 6.25961163357620E+0000	 1.81178786420411E-0003
 6.26613305132865E+0000	 1.57965259625571E-0003
 6.27259297717339E+0000	 1.25802172170324E-0003
 6.27896750851151E+0000	 8.66464139326062E-0004
