 1.60674813904642E-0003	 1.74443889407047E-0003
 8.05745177800794E-0003	 1.31823286217055E-0003
 1.43894645094530E-0002	 8.55133459206428E-0004
 2.06106340475783E-0002	 3.85564030669311E-0004
 2.67334035862269E-0002	-6.86523643124820E-0005
 3.27711334029990E-0002	-4.92464084572534E-0004
 3.87364626104228E-0002	-8.75421279436303E-0004
 4.46409071754932E-0002	-1.20995032224701E-0003
 5.04950384756189E-0002	-1.49023025270402E-0003
 5.63088438315161E-0002	-1.71157088086569E-0003
 6.20920750962229E-0002	-1.87013025602482E-0003
 6.78545189800922E-0002	-1.96283164657201E-0003
 7.36061870418664E-0002	-1.98738771673786E-0003
 7.93574457044966E-0002	-1.94238382728737E-0003
 8.51191068726894E-0002	-1.82740342878577E-0003
 9.09024912536672E-0002	-1.64319678361793E-0003
 9.67194660241974E-0002	-1.39190417351271E-0003
 1.02582447515047E-0001	-1.07735070762007E-0003
 1.08504346373538E-0001	-7.05434420334758E-0004
 1.14498413555375E-0001	-2.84632826090921E-0004
 1.20577914919898E-0001	 1.73347100611775E-0004
 1.26755511506801E-0001	 6.52762521176572E-0004
 1.33042139603388E-0001	 1.13290546046372E-0003
 1.39445066736076E-0001	 1.58722580804083E-0003
 1.45964720279426E-0001	 1.98304169125556E-0003
 1.52590162016792E-0001	 2.28305488565131E-0003
 1.59294361527140E-0001	 2.45051847032968E-0003
 1.66032823642534E-0001	 2.45890604310428E-0003
 1.72750044197541E-0001	 2.30268424830569E-0003
 1.79393422280797E-0001	 2.00150541250551E-0003
 1.85926552593051E-0001	 1.59344732270337E-0003
 1.92333845351110E-0001	 1.12225432026647E-0003
 1.98616581382344E-0001	 6.26970947620693E-0004
 2.04785849455647E-0001	 1.37514989672593E-0004
 2.10856628811617E-0001	-3.25235996595237E-0004
 2.16844257497520E-0001	-7.47424285530067E-0004
 2.22762866570678E-0001	-1.11994252006720E-0003
 2.28625012587606E-0001	-1.43661029322507E-0003
 2.34441902662046E-0001	-1.69293979765781E-0003
 2.40223838072567E-0001	-1.88541192228058E-0003
 2.45980678925678E-0001	-2.01112658144826E-0003
 2.51722244585839E-0001	-2.06770140278559E-0003
 2.57458627380440E-0001	-2.05332643255243E-0003
 2.63200425812035E-0001	-1.96691890832206E-0003
 2.68958910574382E-0001	-1.80835265393686E-0003
 2.74746130991166E-0001	-1.57875880810284E-0003
 2.80574956122680E-0001	-1.28090886678033E-0003
 2.86459025304697E-0001	-9.19697930694406E-0004
 2.92412556862907E-0001	-5.02743919356520E-0004
 2.98449931256824E-0001	-4.11019458508839E-0005
 3.04584930363700E-0001	 4.49946983290625E-0004
 3.10829490785390E-0001	 9.50146285289867E-0004
 3.17191835983939E-0001	 1.43377345232387E-0003
 3.23673907392835E-0001	 1.86976804385456E-0003
 3.30268147700278E-0001	 2.22303027936516E-0003
 3.36954059254687E-0001	 2.45772275606812E-0003
 3.43695943940767E-0001	 2.54347598420496E-0003
 3.50444681881372E-0001	 2.46410916861601E-0003
 3.57146069643838E-0001	 2.22511811113405E-0003
 3.63753592608369E-0001	 1.85408565115181E-0003
 3.70238409930150E-0001	 1.39237148307447E-0003
 3.76591230617622E-0001	 8.83487007151957E-0004
 3.82817549130938E-0001	 3.64703504952212E-0004
 3.88931023142546E-0001	-1.36056527198393E-0004
 3.94948237286295E-0001	-5.99652872295274E-0004
 4.00885636556946E-0001	-1.01367927367292E-0003
 4.06758179227401E-0001	-1.37029059975792E-0003
 4.12579042574825E-0001	-1.66445291792879E-0003
 4.18359869666805E-0001	-1.89272707425660E-0003
 4.24111238409985E-0001	-2.05252413352898E-0003
 4.29843176123566E-0001	-2.14172558219264E-0003
 4.35565633193426E-0001	-2.15856638933520E-0003
 4.41288882519946E-0001	-2.10170221782787E-0003
 4.47023839067828E-0001	-1.97041006691029E-0003
 4.52782303199034E-0001	-1.76489867275544E-0003
 4.58577126871605E-0001	-1.48672843511611E-0003
 4.64422284671716E-0001	-1.13935873675541E-0003
 4.70332800747126E-0001	-7.28850003227860E-0004
 4.76324435417638E-0001	-2.64740279317160E-0004
 4.82412972885553E-0001	 2.38926615925584E-0004
 4.88612892779689E-0001	 7.62551324818528E-0004
 4.94935212015230E-0001	 1.28023400673205E-0003
 5.01384458334625E-0001	 1.75991387710857E-0003
 5.07955170724109E-0001	 2.16511424646789E-0003
 5.14628894739319E-0001	 2.45877966062960E-0003
 5.21372977527128E-0001	 2.60903541595008E-0003
 5.28142386692346E-0001	 2.59593924252403E-0003
 5.34885430434329E-0001	 2.41745235182532E-0003
 5.41553018393746E-0001	 2.09178454065833E-0003
 5.48108334966345E-0001	 1.65364044413504E-0003
 5.54532211897162E-0001	 1.14543921537243E-0003
 5.60822197208837E-0001	 6.08105293217470E-0004
 5.66987539380695E-0001	 7.53342035627489E-0005
 5.73043570558269E-0001	-4.28058399690756E-0004
 5.79007512331177E-0001	-8.85194574054381E-0004
 5.84896063189166E-0001	-1.28521830222450E-0003
 5.90724356033699E-0001	-1.62136907567612E-0003
 5.96505764299949E-0001	-1.88943144531241E-0003
 6.02252160718450E-0001	-2.08663816314351E-0003
 6.07974377540493E-0001	-2.21098119955849E-0003
 6.13682723239051E-0001	-2.26085142615409E-0003
 6.19387478973323E-0001	-2.23493064363269E-0003
 6.25099339547996E-0001	-2.13227629190846E-0003
 6.30829786196846E-0001	-1.95256114781149E-0003
 6.36591386116824E-0001	-1.69645418873693E-0003
 6.42398006947752E-0001	-1.36615253550295E-0003
 6.48264910997230E-0001	-9.66095271757798E-0004
 6.54208648256185E-0001	-5.03901452533685E-0004
 6.60246591552948E-0001	 8.43992353222916E-0006
 6.66395851532021E-0001	 5.53178042052669E-0004
 6.72671211488487E-0001	 1.10546234602885E-0003
 6.79081770245197E-0001	 1.63270707603678E-0003
 6.85626452545831E-0001	 2.09578811719584E-0003
 6.92289642246753E-0001	 2.45325431261140E-0003
 6.99039356242507E-0001	 2.66855016494452E-0003
 7.05830037610067E-0001	 2.71801047457690E-0003
 7.12609611400005E-0001	 2.59626390405065E-0003
 7.19328218252032E-0001	 2.31713850935902E-0003
 7.25945967376889E-0001	 1.91026165091753E-0003
 7.32437809783011E-0001	 1.41458110149187E-0003
 7.38794384902286E-0001	 8.70858164470088E-0004
 7.45019231376213E-0001	 3.15616053879529E-0004
 7.51124257071043E-0001	-2.22007839041303E-0004
 7.57125441368558E-0001	-7.20729808472110E-0004
 7.63039770704584E-0001	-1.16600851986143E-0003
 7.68883498980196E-0001	-1.54838472980346E-0003
 7.74671415735186E-0001	-1.86188092059034E-0003
 7.80416754782950E-0001	-2.10271369442198E-0003
 7.86131459519954E-0001	-2.26837369603409E-0003
 7.91826617902599E-0001	-2.35704358110161E-0003
 7.97512954117013E-0001	-2.36729932369574E-0003
 8.03201313722566E-0001	-2.29804135089406E-0003
 8.08903110182399E-0001	-2.14861499643562E-0003
 8.14630717180041E-0001	-1.91909885631371E-0003
 8.20397793887876E-0001	-1.61076230001198E-0003
 8.26219517320919E-0001	-1.22671754772375E-0003
 8.32112661428040E-0001	-7.72813311307542E-0004
 8.38095396635864E-0001	-2.58825321752227E-0004
 8.44186574175022E-0001	 3.00033459258771E-0004
 8.50404109236063E-0001	 8.81395727733753E-0004
 8.56761959192039E-0001	 1.45427511464396E-0003
 8.63265369367371E-0001	 1.97895294961879E-0003
 8.69905031578726E-0001	 2.40998435341974E-0003
 8.76652761073171E-0001	 2.70367748459400E-0003
 8.83462648783063E-0001	 2.82855883263203E-0003
 8.90279255254289E-0001	 2.77360766098002E-0003
 8.97048986983026E-0001	 2.54951173853354E-0003
 9.03728820199910E-0001	 2.18356318318626E-0003
 9.10290125316281E-0001	 1.71235175499738E-0003
 9.16718778303294E-0001	 1.17517438366976E-0003
 9.23013084242867E-0001	 6.09027717494806E-0004
 9.29180505783440E-0001	 4.54374097664103E-0005
 9.35234114733101E-0001	-4.90838143605765E-0004
 9.41189564312846E-0001	-9.81606033619416E-0004
 9.47062977839773E-0001	-1.41417583002468E-0003
 9.52869751689533E-0001	-1.78001210192711E-0003
 9.58624068182555E-0001	-2.07346555574542E-0003
 9.64338880030571E-0001	-2.29074981861140E-0003
 9.70026170723579E-0001	-2.42920877682884E-0003
 9.75697353606781E-0001	-2.48686003733917E-0003
 9.81363722436198E-0001	-2.46217905488321E-0003
 9.87036902793893E-0001	-2.35408839282745E-0003
 9.92729277168037E-0001	-2.16212829535771E-0003
 9.98454366881067E-0001	-1.88680369775536E-0003
 1.00422714965790E+0000	-1.53012611068785E-0003
 1.01006426799955E+0000	-1.09639302680347E-0003
 1.01598403240521E+0000	-5.93265299264185E-0004
 1.02200603281959E+0000	-3.31962636185756E-0005
 1.02815003213078E+0000	 5.64807338632792E-0004
 1.03443364964781E+0000	 1.17334027757590E-0003
 1.04086828992655E+0000	 1.75542735729949E-0003
 1.04745323732499E+0000	 2.26559702340398E-0003
 1.05416943105188E+0000	 2.65529714215129E-0003
 1.06097689646095E+0000	 2.88329846422476E-0003
 1.06782013654988E+0000	 2.92727718440866E-0003
 1.07464060436180E+0000	 2.78934118971562E-0003
 1.08138895960411E+0000	 2.49216120012183E-0003
 1.08803092108608E+0000	 2.07004396675296E-0003
 1.09454711271326E+0000	 1.56097943418871E-0003
 1.10093043381542E+0000	 1.00172362675039E-0003
 1.10718311050368E+0000	 4.25101183830297E-0004
 1.11331390360486E+0000	-1.41387842553167E-0004
 1.11933556020482E+0000	-6.75987906560262E-0004
 1.12526270468077E+0000	-1.16232315544111E-0003
 1.13111033807116E+0000	-1.58853494365027E-0003
 1.13689296202560E+0000	-1.94623646551007E-0003
 1.14262421976084E+0000	-2.22952139526250E-0003
 1.14831690200470E+0000	-2.43415676165348E-0003
 1.15398317719459E+0000	-2.55700685292771E-0003
 1.15963493892145E+0000	-2.59568623804980E-0003
 1.16528419953879E+0000	-2.54841960369649E-0003
 1.17094348791068E+0000	-2.41408517863597E-0003
 1.17662622750646E+0000	-2.19243028234468E-0003
 1.18234707576972E+0000	-1.88446719536030E-0003
 1.18812219331342E+0000	-1.49308088116693E-0003
 1.19396937607593E+0000	-1.02390102655002E-0003
 1.19990791639147E+0000	-4.86496818626985E-0004
 1.20595795193873E+0000	 1.04083757843204E-0004
 1.21213892223622E+0000	 7.25542215505145E-0004
 1.21846664546054E+0000	 1.34675593368102E-0003
 1.22494866018882E+0000	 1.92740934218395E-0003
 1.23157826755896E+0000	 2.42051528330306E-0003
 1.23832951063594E+0000	 2.77945298504787E-0003
 1.24515719927661E+0000	 2.96884649098333E-0003
 1.25200483557088E+0000	 2.97429110374263E-0003
 1.25881738571041E+0000	 2.80454511650392E-0003
 1.26555135629570E+0000	 2.48536148710608E-0003
 1.27217795536634E+0000	 2.05055269068324E-0003
 1.27868137237343E+0000	 1.53545758880172E-0003
 1.28505587573792E+0000	 9.73600220486339E-0004
 1.29130336895715E+0000	 3.95083234428835E-0004
 1.29743135901372E+0000	-1.74320861465296E-0004
 1.30345107630530E+0000	-7.13573740974933E-0004
 1.30937579673523E+0000	-1.20623379806101E-0003
 1.31521954584567E+0000	-1.63987871463859E-0003
 1.32099627711943E+0000	-2.00530732321298E-0003
 1.32671948854682E+0000	-2.29573284727922E-0003
 1.33240216973823E+0000	-2.50610527629949E-0003
 1.33805696021339E+0000	-2.63262383119733E-0003
 1.34369642092892E+0000	-2.67244889727010E-0003
 1.34933335193090E+0000	-2.62359892791938E-0003
 1.35498111558410E+0000	-2.48501513816120E-0003
 1.36065394041595E+0000	-2.25678775396684E-0003
 1.36636718153088E+0000	-1.94055569175066E-0003
 1.37213749629282E+0000	-1.54011064233230E-0003
 1.37798285383086E+0000	-1.06224785555981E-0003
 1.38392222949376E+0000	-5.17893015720367E-0004
 1.38997474448526E+0000	 7.65327839446458E-0005
 1.39615792809035E+0000	 6.97714913469508E-0004
 1.40248479658452E+0000	 1.31452441467545E-0003
 1.40895973433285E+0000	 1.88849040553264E-0003
 1.41557392944471E+0000	 2.37683167882858E-0003
 1.42230230047087E+0000	 2.73872257075610E-0003
 1.42910458037728E+0000	 2.94363663500297E-0003
 1.43593181225505E+0000	 2.97812972788932E-0003
 1.44273574776356E+0000	 2.84717474529198E-0003
 1.44947622213022E+0000	 2.56986655389849E-0003
 1.45612386133434E+0000	 2.17323719921652E-0003
 1.46265950912318E+0000	 1.68758947490619E-0003
 1.46907286700605E+0000	 1.14380712612086E-0003
 1.47536132795187E+0000	 5.71551015583980E-0004
 1.48152873229895E+0000	-2.28213346630175E-0006
 1.48758378128110E+0000	-5.54687774582390E-0004
 1.49353830045441E+0000	-1.06700154696368E-0003
 1.49940572085740E+0000	-1.52469014748844E-0003
 1.50520000943159E+0000	-1.91673717672803E-0003
 1.51093507627845E+0000	-2.23490581992085E-0003
 1.51662456133704E+0000	-2.47307406216453E-0003
 1.52228186921391E+0000	-2.62673644471131E-0003
 1.52792033915093E+0000	-2.69269545159923E-0003
 1.53355347138852E+0000	-2.66893123611620E-0003
 1.53919516119695E+0000	-2.55463078696414E-0003
 1.54485990922452E+0000	-2.35036514139057E-0003
 1.55056297896037E+0000	-2.05841646397510E-0003
 1.55632045817108E+0000	-1.68326788492437E-0003
 1.56214915085465E+0000	-1.23226879085252E-0003
 1.56806618260416E+0000	-7.16463053429591E-0004
 1.57408815955571E+0000	-1.51498867450835E-0004
 1.58022971595731E+0000	 4.41587261235258E-0004
 1.58650137878786E+0000	 1.03608527356440E-0003
 1.59290692284118E+0000	 1.60032009702401E-0003
 1.59944076071336E+0000	 2.09978949813433E-0003
 1.60608626224748E+0000	 2.50081455973566E-0003
 1.61281599409526E+0000	 2.77513832001713E-0003
 1.61959441316575E+0000	 2.90414798389416E-0003
 1.62638238467809E+0000	 2.88113092741311E-0003
 1.63314176930484E+0000	 2.71094852263447E-0003
 1.63983863625231E+0000	 2.40812862095583E-0003
 1.64644520356116E+0000	 1.99474901619621E-0003
 1.65294132705211E+0000	 1.49833938400277E-0003
 1.65931557845299E+0000	 9.49282087019027E-0004
 1.66556524562628E+0000	 3.77774191605433E-0004
 1.67169499197608E+0000	-1.88830574641172E-0004
 1.67771470519053E+0000	-7.27579342661680E-0004
 1.68363733124875E+0000	-1.22029221164257E-0003
 1.68947721292343E+0000	-1.65313183810810E-0003
 1.69524906347683E+0000	-2.01583651194194E-0003
 1.70096746838398E+0000	-2.30094601172285E-0003
 1.70664673698081E+0000	-2.50318177952778E-0003
 1.71230094673956E+0000	-2.61902706207907E-0003
 1.71794407077055E+0000	-2.64649560726191E-0003
 1.72359012153558E+0000	-2.58506008091216E-0003
 1.72925327033026E+0000	-2.43571369854720E-0003
 1.73494791280254E+0000	-2.20114693261894E-0003
 1.74068864875999E+0000	-1.88602698363647E-0003
 1.74649013390616E+0000	-1.49736459794474E-0003
 1.75236674861457E+0000	-1.04493475340743E-0003
 1.75833202709533E+0000	-5.41681281411350E-0004
 1.76439781831731E+0000	-3.98834628301530E-0006
 1.77057322041219E+0000	 5.48326757433163E-0004
 1.77686342010798E+0000	 1.09241169328352E-0003
 1.78326860615742E+0000	 1.60317943445185E-0003
 1.78978305830105E+0000	 2.05444221394910E-0003
 1.79639443001588E+0000	 2.42036115881108E-0003
 1.80308331695367E+0000	 2.67730052302055E-0003
 1.80982338648453E+0000	 2.80610653573739E-0003
 1.81658236981772E+0000	 2.79460545088115E-0003
 1.82332412069401E+0000	 2.63999428348272E-0003
 1.83001195333720E+0000	 2.35062227492456E-0003
 1.83661315247615E+0000	 1.94618151846040E-0003
 1.84310347672812E+0000	 1.45535046608342E-0003
 1.84946977100758E+0000	 9.11254187208906E-0004
 1.85570972002071E+0000	 3.46555515170022E-0004
 1.86182945259371E+0000	-2.10041318572965E-0004
 1.86784048544798E+0000	-7.35301124505960E-0004
 1.87375712514195E+0000	-1.21144861445064E-0003
 1.87959472819892E+0000	-1.62540210964992E-0003
 1.88536873935799E+0000	-1.96782877886358E-0003
 1.89109426298385E+0000	-2.23231883687963E-0003
 1.89678593654386E+0000	-2.41477493253433E-0003
 1.90245794453688E+0000	-2.51301143478675E-0003
 1.90812407651613E+0000	-2.52652269093049E-0003
 1.91379777721023E+0000	-2.45637554677550E-0003
 1.91949216203121E+0000	-2.30518850647017E-0003
 1.92521998388831E+0000	-2.07716791474513E-0003
 1.93099354305916E+0000	-1.77817659685506E-0003
 1.93682453590839E+0000	-1.41581138514213E-0003
 1.94272384575155E+0000	-9.99464514606946E-0004
 1.94870129413639E+0000	-5.40347198445325E-0004
 1.95476538802388E+0000	-5.14753661109416E-0005
 1.96092309270679E+0000	 4.52334332081420E-0004
 1.96717959337608E+0000	 9.54361024875020E-0004
 1.97353787418690E+0000	 1.43569682231922E-0003
 1.97999782891054E+0000	 1.87489006376209E-0003
 1.98655468182560E+0000	 2.24791733086455E-0003
 1.99319683436700E+0000	 2.52911804616513E-0003
 1.99990376871846E+0000	 2.69367510135368E-0003
 2.00664513334904E+0000	 2.72179490627257E-0003
 2.01338237351303E+0000	 2.60387138245916E-0003
 2.02007372387704E+0000	 2.34468822298924E-0003
 2.02668152194260E+0000	 1.96410305491383E-0003
 2.03317873483859E+0000	 1.49316178272556E-0003
 2.03955177917245E+0000	 9.67504446815154E-0004
 2.04579928080417E+0000	 4.21278800397548E-0004
 2.05192862252856E+0000	-1.16472222993764E-0004
 2.05795232127101E+0000	-6.22936993115894E-0004
 2.06388529506761E+0000	-1.08113649505398E-0003
 2.06974317748111E+0000	-1.47893646270991E-0003
 2.07554142782266E+0000	-1.80802324485659E-0003
 2.08129492684609E+0000	-2.06306398499291E-0003
 2.08701782446823E+0000	-2.24108695488562E-0003
 2.09272349846267E+0000	-2.34104402496951E-0003
 2.09842455179572E+0000	-2.36350091502192E-0003
 2.10413281929408E+0000	-2.31040759028425E-0003
 2.10985937924255E+0000	-2.18491523089511E-0003
 2.11561457852949E+0000	-1.99122212871167E-0003
 2.12140808436328E+0000	-1.73444650747708E-0003
 2.12724897375313E+0000	-1.42053818510998E-0003
 2.13314586633189E+0000	-1.05625374287372E-0003
 2.13910709594920E+0000	-6.49235262505227E-0004
 2.14514089247765E+0000	-2.08253055381033E-0004
 2.15125549156169E+0000	 2.56313343256372E-0004
 2.15745900168850E+0000	 7.31707952393268E-0004
 2.16375876538654E+0000	 1.20180597932700E-0003
 2.17015992603442E+0000	 1.64616570522644E-0003
 2.17666304120644E+0000	 2.03966168825198E-0003
 2.18326093733833E+0000	 2.35346054437110E-0003
 2.18993560709278E+0000	 2.55810534432291E-0003
 2.19665671075965E+0000	 2.62895931652808E-0003
 2.20338362389984E+0000	 2.55289554186277E-0003
 2.21007187521553E+0000	 2.33332307773917E-0003
 2.21668196302209E+0000	 1.99035718041022E-0003
 2.22318636190409E+0000	 1.55565355851803E-0003
 2.22957180253957E+0000	 1.06489711077232E-0003
 2.23583728284565E+0000	 5.51591192666609E-0004
 2.24199022194762E+0000	 4.37586963981897E-0005
 2.24804280296981E+0000	-4.36872962154565E-0004
 2.25400934668950E+0000	-8.74327227234871E-0004
 2.25990471436350E+0000	-1.25737213261547E-0003
 2.26574343925097E+0000	-1.57851901241250E-0003
 2.27153929217752E+0000	-1.83318596090971E-0003
 2.27730508277707E+0000	-2.01903691714301E-0003
 2.28305258805760E+0000	-2.13545802227850E-0003
 2.28879256048289E+0000	-2.18313021567959E-0003
 2.29453480214329E+0000	-2.16367204672340E-0003
 2.30028830647154E+0000	-2.07934672218064E-0003
 2.30606146902098E+0000	-1.93284575530498E-0003
 2.31186235899588E+0000	-1.72717314414748E-0003
 2.31769903033801E+0000	-1.46565699409590E-0003
 2.32357984062211E+0000	-1.15211397503712E-0003
 2.32951373567200E+0000	-7.91192998354750E-0004
 2.33551043684234E+0000	-3.88928770271933E-0004
 2.34158042557429E+0000	 4.64700940028391E-0005
 2.34773455930224E+0000	 5.03615304886858E-0004
 2.35398309917143E+0000	 9.66834410555432E-0004
 2.36033392973416E+0000	 1.41526025020824E-0003
 2.36678987191723E+0000	 1.82263881157329E-0003
 2.37334532726607E+0000	 2.15860144193600E-0003
 2.37998312990469E+0000	 2.39215733264963E-0003
 2.38667329948040E+0000	 2.49755140381073E-0003
 2.39337564524040E+0000	 2.46107075968411E-0003
 2.40004668414367E+0000	 2.28563773681362E-0003
 2.40664834436227E+0000	 1.99028466023559E-0003
 2.41315431234493E+0000	 1.60469327360282E-0003
 2.41955171736620E+0000	 1.16201982577016E-0003
 2.42583902520289E+0000	 6.93264218635878E-0004
 2.43202244619912E+0000	 2.24365530705803E-0004
 2.43811260504826E+0000	-2.24510104201677E-0004
 2.44412213199955E+0000	-6.38498876664208E-0004
 2.45006414683613E+0000	-1.00714320770834E-0003
 2.45595138612782E+0000	-1.32345516657439E-0003
 2.46179574275302E+0000	-1.58307769423038E-0003
 2.46760806683508E+0000	-1.78356971712428E-0003
 2.47339814483820E+0000	-1.92380824408143E-0003
 2.47917481344637E+0000	-2.00350177875524E-0003
 2.48494618119709E+0000	-2.02282061520830E-0003
 2.49071993097017E+0000	-1.98215866698206E-0003
 2.49650366867079E+0000	-1.88204210216497E-0003
 2.50230527709664E+0000	-1.72319182112231E-0003
 2.50813323526914E+0000	-1.50673626157877E-0003
 2.51399687011577E+0000	-1.23456755769461E-0003
 2.51990650827423E+0000	-9.09841374846361E-0004
 2.52587347878378E+0000	-5.37630584532121E-0004
 2.53190987912120E+0000	-1.25737307159699E-0004
 2.53802796754434E+0000	 3.14373241458781E-0004
 2.54423900691715E+0000	 7.66645817135972E-0004
 2.55055139646850E+0000	 1.20979559509200E-0003
 2.55696805097907E+0000	 1.61743863411448E-0003
 2.56348331716099E+0000	 1.95965799864791E-0003
 2.57008032496249E+0000	 2.20661696487279E-0003
 2.57673036274913E+0000	 2.33414578184519E-0003
 2.58339586042679E+0000	 2.32974978826419E-0003
 2.59003695748466E+0000	 2.19617656076262E-0003
 2.59661910874241E+0000	 1.95037303331776E-0003
 2.60311828721746E+0000	 1.61845476928734E-0003
 2.60952219614454E+0000	 1.22953151095079E-0003
 2.61582841075940E+0000	 8.10949935258425E-0004
 2.62204133372561E+0000	 3.85799321390262E-0004
 2.62816934009496E+0000	-2.77683142015090E-0005
 2.63422264663502E+0000	-4.16192126639648E-0004
 2.64021191843343E+0000	-7.69728723849188E-0004
 2.64614745205725E+0000	-1.08157726383148E-0003
 2.65203877469656E+0000	-1.34705162321290E-0003
 2.65789454115321E+0000	-1.56286509995137E-0003
 2.66372264326540E+0000	-1.72656193391345E-0003
 2.66953046216739E+0000	-1.83611676033016E-0003
 2.67532519957601E+0000	-1.88971190751310E-0003
 2.68111422844052E+0000	-1.88568832804655E-0003
 2.68690541229564E+0000	-1.82265071001555E-0003
 2.69270735863321E+0000	-1.69969719853266E-0003
 2.69852958982876E+0000	-1.51674571513197E-0003
 2.70438262548764E+0000	-1.27494300498231E-0003
 2.71027796302406E+0000	-9.77161454092400E-0004
 2.71622791637656E+0000	-6.28598543894439E-0004
 2.72224523241462E+0000	-2.37480517031936E-0004
 2.72834236380468E+0000	 1.84175189665180E-0004
 2.73453025463503E+0000	 6.19873064825868E-0004
 2.74081652263946E+0000	 1.04829878415372E-0003
 2.74720305811975E+0000	 1.44376600026453E-0003
 2.75368338857987E+0000	 1.77801604065182E-0003
 2.76024070425481E+0000	 2.02378942934181E-0003
 2.76684793182176E+0000	 2.15985459460654E-0003
 2.77347096082152E+0000	 2.17591048518175E-0003
 2.78007455795407E+0000	 2.07499584756425E-0003
 2.78662861620058E+0000	 1.87202330744698E-0003
 2.79311212058096E+0000	 1.58934098253135E-0003
 2.79951388319395E+0000	 1.25165848204559E-0003
 2.80583092149569E+0000	 8.82219777198333E-0004
 2.81206593874667E+0000	 5.00789561967838E-0004
 2.81822494846354E+0000	 1.23101429142160E-0004
 2.82431547567179E+0000	-2.38823975824186E-0004
 2.83034538768969E+0000	-5.75962193494060E-0004
 2.83632226199496E+0000	-8.81462754663036E-0004
 2.84225316838047E+0000	-1.14989090617162E-0003
 2.84814474356454E+0000	-1.37662983985732E-0003
 2.85400344219556E+0000	-1.55749023300189E-0003
 2.85983585996179E+0000	-1.68853265528230E-0003
 2.86564904609188E+0000	-1.76607571292164E-0003
 2.87145075194507E+0000	-1.78684336365596E-0003
 2.87724959332518E+0000	-1.74820142497250E-0003
 2.88305512888312E+0000	-1.64844497321621E-0003
 2.88887786846475E+0000	-1.48712017912766E-0003
 2.89472921936619E+0000	-1.26538766665164E-0003
 2.90062135584659E+0000	-9.86449597412222E-0004
 2.90656696347294E+0000	-6.56060529200330E-0004
 2.91257877332648E+0000	-2.83116638051658E-0004
 2.91866877164599E+0000	 1.19735768717738E-0004
 2.92484696335092E+0000	 5.35620012863265E-0004
 2.93111961516349E+0000	 9.43352143409973E-0004
 2.93748706572778E+0000	 1.31818572020386E-0003
 2.94394153266437E+0000	 1.63385075410284E-0003
 2.95046582722327E+0000	 1.86609684791018E-0003
 2.95703415229822E+0000	 1.99716554474944E-0003
 2.96361559726389E+0000	 2.01959019593499E-0003
 2.97017945551755E+0000	 1.93745475735324E-0003
 2.97670021590909E+0000	 1.76445073993860E-0003
 2.98316033802104E+0000	 1.51987448229577E-0003
 2.98955041595446E+0000	 1.22448529361859E-0003
 2.99586760297668E+0000	 8.97552946741279E-0004
 3.00211344974457E+0000	 5.55406768337371E-0004
 3.00829194209102E+0000	 2.11165754700148E-0004
 3.01440807632003E+0000	-1.24828265724500E-0004
 3.02046702572251E+0000	-4.44275753846111E-0004
 3.02647381745426E+0000	-7.40163202402847E-0004
 3.03243338098974E+0000	-1.00616123399782E-0003
 3.03835080925246E+0000	-1.23626298894836E-0003
 3.04423168461660E+0000	-1.42467029737105E-0003
 3.05008236107750E+0000	-1.56587787866240E-0003
 3.05591014697983E+0000	-1.65488028119323E-0003
 3.06172338082085E+0000	-1.68743163611429E-0003
 3.06753142284085E+0000	-1.66031335398255E-0003
 3.07334459395592E+0000	-1.57159610504874E-0003
 3.07917408397387E+0000	-1.42090939325125E-0003
 3.08503182819855E+0000	-1.20974820028489E-0003
 3.09093032116528E+0000	-9.41847641462443E-0004
 3.09688230380629E+0000	-6.23640964550338E-0004
 3.10290023089329E+0000	-2.64780958137664E-0004
 3.10899540630988E+0000	 1.21355596834460E-0004
 3.11517668203108E+0000	 5.17354903854946E-0004
 3.12144869277496E+0000	 9.01946078371580E-0004
 3.12780980553354E+0000	 1.25108983240555E-0003
 3.13425033628003E+0000	 1.54035185871330E-0003
 3.14075198733169E+0000	 1.74852279143801E-0003
 3.14728945405859E+0000	 1.86160719367008E-0003
 3.15383429697585E+0000	 1.87555688636846E-0003
 3.16035980245233E+0000	 1.79637300445985E-0003
 3.16684486818087E+0000	 1.63758628305846E-0003
 3.17327565553021E+0000	 1.41648805365114E-0003
 3.17964509822999E+0000	 1.15071794202888E-0003
 3.18595119307838E+0000	 8.56096839312117E-0004
 3.19219503341089E+0000	 5.45780841250827E-0004
 3.19837918770082E+0000	 2.30380611577131E-0004
 3.20450666630640E+0000	-8.13985838836617E-0005
 3.21058048341135E+0000	-3.81974867957582E-0004
 3.21660368686285E+0000	-6.64233952910013E-0004
 3.22257966354843E+0000	-9.21145582075159E-0004
 3.22851252352612E+0000	-1.14567937144763E-0003
 3.23440741490846E+0000	-1.33095605737749E-0003
 3.24027069848017E+0000	-1.47052859559384E-0003
 3.24610998187892E+0000	-1.55869613766832E-0003
 3.25193405464310E+0000	-1.59079240313510E-0003
 3.25775277422431E+0000	-1.56343366220066E-0003
 3.26357693880429E+0000	-1.47474471524869E-0003
 3.26941815692439E+0000	-1.32459891261489E-0003
 3.27528869418347E+0000	-1.11491105759123E-0003
 3.28120124731680E+0000	-8.50011373206761E-0004
 3.28716856753747E+0000	-5.37104011678829E-0004
 3.29320283053215E+0000	-1.86770312156074E-0004
 3.29931463904768E+0000	 1.86594432610028E-0004
 3.30551157239798E+0000	 5.64630746470553E-0004
 3.31179631937912E+0000	 9.25503119562908E-0004
 3.31816470897228E+0000	 1.24544904836866E-0003
 3.32460436365740E+0000	 1.50163458203427E-0003
 3.33109497748630E+0000	 1.67595517749390E-0003
 3.33761087485905E+0000	 1.75855209467965E-0003
 3.34412536081868E+0000	 1.74943111812960E-0003
 3.35061519484236E+0000	 1.65735566505845E-0003
 3.35706344214297E+0000	 1.49667976858703E-0003
 3.36346004486436E+0000	 1.28369533871895E-0003
 3.36980064320186E+0000	 1.03382321807065E-0003
 3.37608464563355E+0000	 7.60157318923830E-0004
 3.38231337557871E+0000	 4.73211248607856E-0004
 3.38848874619903E+0000	 1.81438828154868E-0004
 3.39461259856375E+0000	-1.07922536853234E-0004
 3.40068662840696E+0000	-3.88049165455753E-0004
 3.40671270455191E+0000	-6.51999894874482E-0004
 3.41269334122972E+0000	-8.92538282923839E-0004
 3.41863212327426E+0000	-1.10226077640799E-0003
 3.42453397124581E+0000	-1.27390993493819E-0003
 3.43040522772987E+0000	-1.40074579009767E-0003
 3.43625360872646E+0000	-1.47688966532092E-0003
 3.44208808375928E+0000	-1.49760962809949E-0003
 3.44791873590561E+0000	-1.45956024730373E-0003
 3.45375662555520E+0000	-1.36101303545354E-0003
 3.45961365130326E+0000	-1.20212035288923E-0003
 3.46550237236943E+0000	-9.85249508120975E-0004
 3.47143572902927E+0000	-7.15407270923039E-0004
 3.47742656969628E+0000	-4.00744765471795E-0004
 3.48348686877442E+0000	-5.30790107009138E-0005
 3.48962651506069E+0000	 3.11724212098501E-0004
 3.49585160979217E+0000	 6.73796517811015E-0004
 3.50216240822306E+0000	 1.01016972886146E-0003
 3.50855141731343E+0000	 1.29695931188980E-0003
 3.51500260209187E+0000	 1.51287246768514E-0003
 3.52149272119625E+0000	 1.64324171601273E-0003
 3.52799501956494E+0000	 1.68295834653020E-0003
 3.53448409414339E+0000	 1.63680839230756E-0003
 3.54093991787872E+0000	 1.51706587130813E-0003
 3.54734961059798E+0000	 1.33967477767960E-0003
 3.55370693848901E+0000	 1.12072043668209E-0003
 3.56001047834072E+0000	 8.74200419483822E-0004
 3.56626148906830E+0000	 6.11229624811341E-0004
 3.57246217539759E+0000	 3.40311665541816E-0004
 3.57861463387458E+0000	 6.81784843894922E-0005
 3.58472049223668E+0000	-1.99243294464942E-0004
 3.59078108346953E+0000	-4.56054291468116E-0004
 3.59679791507098E+0000	-6.95954338834551E-0004
 3.60277319697035E+0000	-9.12177687685242E-0004
 3.60871026154842E+0000	-1.09769894582233E-0003
 3.61461380666737E+0000	-1.24557832000194E-0003
 3.62048997382262E+0000	-1.34933533969023E-0003
 3.62634631461929E+0000	-1.40329037678424E-0003
 3.63219170167913E+0000	-1.40286253006716E-0003
 3.63803622065189E+0000	-1.34484497521368E-0003
 3.64389105324861E+0000	-1.22769348770027E-0003
 3.64976833429259E+0000	-1.05186573619132E-0003
 3.65568093880240E+0000	-8.20242058707341E-0004
 3.66164212514722E+0000	-5.38641361278608E-0004
 3.66766492623252E+0000	-2.16409797740087E-0004
 3.67376115074270E+0000	 1.33011656703147E-0004
 3.67993986179994E+0000	 4.91760607895671E-0004
 3.68620531000854E+0000	 8.37863183915697E-0004
 3.69255460563312E+0000	 1.14671346575061E-0003
 3.69897593234031E+0000	 1.39412186070539E-0003
 3.70544854112800E+0000	 1.56064755885848E-0003
 3.71194546901388E+0000	 1.63581226914617E-0003
 3.71843854646080E+0000	 1.62016525184112E-0003
 3.72490367980876E+0000	 1.52404384238591E-0003
 3.73132418541012E+0000	 1.36378836832334E-0003
 3.73769132984960E+0000	 1.15739026737261E-0003
 3.74400277519404E+0000	 9.21230895991748E-0004
 3.75026019878158E+0000	 6.68484582808458E-0004
 3.75646707704827E+0000	 4.08931487685202E-0004
 3.76262711641527E+0000	 1.49632209445829E-0004
 3.76874343518211E+0000	-1.04052023523495E-0004
 3.77481838885826E+0000	-3.47471227633573E-0004
 3.78085383356755E+0000	-5.75954844217510E-0004
 3.78685160230340E+0000	-7.84419206912240E-0004
 3.79281400736693E+0000	-9.67287718752361E-0004
 3.79874425372488E+0000	-1.11863630492483E-0003
 3.80464672085827E+0000	-1.23246590566400E-0003
 3.81052712151975E+0000	-1.30302703482597E-0003
 3.81639256779074E+0000	-1.32515650407481E-0003
 3.82225157448306E+0000	-1.29461693764309E-0003
 3.82811401787802E+0000	-1.20844987279518E-0003
 3.83399105093375E+0000	-1.06536463518125E-0003
 3.83989495530807E+0000	-8.66190591347648E-0004
 3.84583888269525E+0000	-6.14418977991813E-0004
 3.85183639952582E+0000	-3.16844953311162E-0004
 3.85790070153902E+0000	 1.57252768283541E-0005
 3.86404332563882E+0000	 3.67838619931538E-0004
 3.87027220932983E+0000	 7.19146319590254E-0004
 3.87658914008038E+0000	 1.04509033491211E-0003
 3.88298711754906E+0000	 1.31919054989641E-0003
 3.88944884811433E+0000	 1.51723479984470E-0003
 3.89594792663698E+0000	 1.62253951500528E-0003
 3.90245334405837E+0000	 1.63007413213836E-0003
 3.90893586106785E+0000	 1.54714119869218E-0003
 3.91537334538148E+0000	 1.39021915513717E-0003
 3.92175298813674E+0000	 1.17987029091783E-0003
 3.92807044938271E+0000	 9.36165005780412E-0004
 3.93432735960703E+0000	 6.75938673918874E-0004
 3.94052860330256E+0000	 4.11888104512690E-0004
 3.94668017195044E+0000	 1.52900359571295E-0004
 3.95278780891489E+0000	-9.50248292532581E-0005
 3.95885636916871E+0000	-3.27714251467440E-0004
 3.96488970754065E+0000	-5.41885199282927E-0004
 3.97089089712430E+0000	-7.34451942433990E-0004
 3.97686261291871E+0000	-9.02096404813232E-0004
 3.98280756586483E+0000	-1.04107301336063E-0003
 3.98872891928595E+0000	-1.14720045078452E-0003
 3.99463065265443E+0000	-1.21599604778897E-0003
 4.00051785582750E+0000	-1.24291851232842E-0003
 4.00639694550230E+0000	-1.22369412228463E-0003
 4.01227580001301E+0000	-1.15470931211128E-0003
 4.01816381049146E+0000	-1.03346132867112E-0003
 4.02407184295838E+0000	-8.59070417909137E-0004
 4.03001209124182E+0000	-6.32869994401455E-0004
 4.03599776871652E+0000	-3.59097713867679E-0004
 4.04204253477527E+0000	-4.56950329921584E-0005
 4.04815948615396E+0000	 2.94839908608667E-0004
 4.05435949578053E+0000	 6.44747256603654E-0004
 4.06064874035950E+0000	 9.80903556437751E-0004
 4.06702558430538E+0000	 1.27607498900875E-0003
 4.07347771748577E+0000	 1.50231534712462E-0003
 4.07998131711028E+0000	 1.63653213995487E-0003
 4.08650399500043E+0000	 1.66651447645311E-0003
 4.09301139413612E+0000	 1.59431275033165E-0003
 4.09947457488377E+0000	 1.43484317126522E-0003
 4.10587467359425E+0000	 1.21067514418886E-0003
 4.11220351208576E+0000	 9.46055273042035E-0004
 4.11846135275781E+0000	 6.62621952796277E-0004
 4.12465374098269E+0000	 3.77440213722179E-0004
 4.13078873344192E+0000	 1.02781965257921E-0004
 4.13687496882996E+0000	-1.53171494248097E-0004
 4.14292054480226E+0000	-3.85312032537424E-0004
 4.14893249577386E+0000	-5.90604810351828E-0004
 4.15491666151703E+0000	-7.67243127378285E-0004
 4.16087779071014E+0000	-9.13986789438078E-0004
 4.16681978555190E+0000	-1.02966936881347E-0003
 4.17274603880973E+0000	-1.11285693418099E-0003
 4.17865983448725E+0000	-1.16165476975030E-0003
 4.18456478216335E+0000	-1.17366980745170E-0003
 4.19046524552815E+0000	-1.14613534401315E-0003
 4.19636672040453E+0000	-1.07619273792577E-0003
 4.20227612271984E+0000	-9.61311451597802E-0004
 4.20820195914646E+0000	-7.99824349189512E-0004
 4.21415436146819E+0000	-5.91564261383142E-0004
 4.22014495672497E+0000	-3.38605579096913E-0004
 4.22618650856831E+0000	-4.61259627088646E-0005
 4.23229219864903E+0000	 2.76617243158914E-0004
 4.23847433460924E+0000	 6.15291623724933E-0004
 4.24474222843456E+0000	 9.49778849308326E-0004
 4.25109912366772E+0000	 1.25439385315102E-0003
 4.25753858796232E+0000	 1.50000694953064E-0003
 4.26404181665887E+0000	 1.65884666977632E-0003
 4.27057816949446E+0000	 1.71136096742187E-0003
 4.27711043859278E+0000	 1.65225130844415E-0003
 4.28360326480582E+0000	 1.49202799316424E-0003
 4.29003047917635E+0000	 1.25305503809630E-0003
 4.29637811981780E+0000	 9.62762214329327E-0004
 4.30264321605005E+0000	 6.47648638950333E-0004
 4.30883051089392E+0000	 3.29856127207142E-0004
 4.31494909994632E+0000	 2.61041449570367E-0005
 4.32100989200406E+0000	-2.51974956379480E-0004
 4.32702399917766E+0000	-4.96934773958808E-0004
 4.33300184126523E+0000	-7.04526555683599E-0004
 4.33895270747730E+0000	-8.72821726788155E-0004
 4.34488458255709E+0000	-1.00148438858815E-0003
 4.35080412776755E+0000	-1.09116630681124E-0003
 4.35671677539940E+0000	-1.14298863458627E-0003
 4.36262693477011E+0000	-1.15809768536117E-0003
 4.36853831565025E+0000	-1.13731385185018E-0003
 4.37445435826065E+0000	-1.08091524797906E-0003
 4.38037873099178E+0000	-9.88600352613252E-0004
 4.38631583377960E+0000	-8.59656850305635E-0004
 4.39227123792537E+0000	-6.93337550658517E-0004
 4.39825200183023E+0000	-4.89424384918663E-0004
 4.40426681339615E+0000	-2.48958705076066E-0004
 4.41032590385959E+0000	 2.48728622745890E-0005
 4.41644063855722E+0000	 3.25703366217901E-0004
 4.42262261581487E+0000	 6.42846643068370E-0004
 4.42888202374950E+0000	 9.60234165444386E-0004
 4.43522500850963E+0000	 1.25588877212211E-0003
 4.44165009796129E+0000	 1.50279780404115E-0003
 4.44814454830102E+0000	 1.67226028614720E-0003
 4.45468268586112E+0000	 1.74007566457983E-0003
 4.46122867199118E+0000	 1.69382688609744E-0003
 4.46774399271220E+0000	 1.53739082660255E-0003
 4.47419631760264E+0000	 1.28966756627795E-0003
 4.48056518732152E+0000	 9.78489566445600E-0004
 4.48684276666868E+0000	 6.33553100253270E-0004
 4.49303120458171E+0000	 2.81436401508927E-0004
 4.49913902902793E+0000	-5.66278442924104E-0005
 4.50517808352029E+0000	-3.65032171913098E-0004
 4.51116143696632E+0000	-6.33137136394712E-0004
 4.51710213657533E+0000	-8.54351131761187E-0004
 4.52301252513690E+0000	-1.02526660891741E-0003
 4.52890387929698E+0000	-1.14494769185492E-0003
 4.53478620968418E+0000	-1.21435388499024E-0003
 4.54066814445407E+0000	-1.23584625977661E-0003
 4.54655687916587E+0000	-1.21272575036990E-0003
 4.55245821370743E+0000	-1.14877924214392E-0003
 4.55837671013022E+0000	-1.04784505297973E-0003
 4.56431599451530E+0000	-9.13443633132470E-0004
 4.57027919621810E+0000	-7.48540496774775E-0004
 4.57626948001361E+0000	-5.55508585754105E-0004
 4.58229059504595E+0000	-3.36337506553253E-0004
 4.58834734770047E+0000	-9.31088409283664E-0005
 4.59444589822484E+0000	 1.71266381835231E-0004
 4.60059376552932E+0000	 4.52068346518935E-0004
 4.60679938448512E+0000	 7.41597514918604E-0004
 4.61307099915772E+0000	 1.02794883435515E-0003
 4.61941464570669E+0000	 1.29406605080848E-0003
 4.62583112054015E+0000	 1.51774318390826E-0003
 4.63231237304949E+0000	 1.67355708363028E-0003
 4.63883879300553E+0000	 1.73750056870108E-0003
 4.64537971452973E+0000	 1.69366190014005E-0003
 4.65189858059538E+0000	 1.54005399706312E-0003
 4.65836113291652E+0000	 1.29002226955209E-0003
 4.66474247546242E+0000	 9.68319314545206E-0004
 4.67102993026681E+0000	 6.04517712265901E-0004
 4.67722186069870E+0000	 2.27235087085077E-0004
 4.68332456654677E+0000	-1.39186096963251E-0004
 4.68934911444964E+0000	-4.75779582835497E-0004
 4.69530893800616E+0000	-7.68755851612538E-0004
 4.70121829614342E+0000	-1.00878637907629E-0003
 4.70709138058990E+0000	-1.19021946011531E-0003
 4.71294182436282E+0000	-1.31041399726688E-0003
 4.71878241730039E+0000	-1.36922900302269E-0003
 4.72462490408458E+0000	-1.36863678266509E-0003
 4.73047980017459E+0000	-1.31240241076355E-0003
 4.73635620815395E+0000	-1.20577040078154E-0003
 4.74226165334755E+0000	-1.05511204081027E-0003
 4.74820198399695E+0000	-8.67511172456382E-0004
 4.75418139448794E+0000	-6.50301315797451E-0004
 4.76020262379343E+0000	-4.10608673228406E-0004
 4.76626735085174E+0000	-1.54993573600027E-0004
 4.77237675618053E+0000	 1.10695707005511E-0004
 4.77853215349203E+0000	 3.81148159409487E-0004
 4.78473552676236E+0000	 6.51022642146240E-0004
 4.79098974550594E+0000	 9.13989366269323E-0004
 4.79729818573421E+0000	 1.16150259371318E-0003
 4.80366348782730E+0000	 1.38161466176568E-0003
 4.81008531467201E+0000	 1.55840237645606E-0003
 4.81655737445807E+0000	 1.67282499178944E-0003
 4.82306472630737E+0000	 1.70575478883603E-0003
 4.82958314576484E+0000	 1.64302790939112E-0003
 4.83608206926269E+0000	 1.48068702638149E-0003
 4.84253065372031E+0000	 1.22754153251858E-0003
 4.84890415361156E+0000	 9.03448733918165E-0004
 4.85518766134705E+0000	 5.34518708558830E-0004
 4.86137639451906E+0000	 1.47947451477445E-0004
 4.86747372526235E+0000	-2.31607838436993E-0004
 4.87348856190941E+0000	-5.83748661492673E-0004
 4.87943307664700E+0000	-8.92686809686911E-0004
 4.88532109391687E+0000	-1.14689757995159E-0003
 4.89116708258499E+0000	-1.33854705467982E-0003
 4.89698557589906E+0000	-1.46294435963101E-0003
 4.90279084464720E+0000	-1.51811912739180E-0003
 4.90859668725153E+0000	-1.50454076136662E-0003
 4.91441624068813E+0000	-1.42495420387247E-0003
 4.92026174881997E+0000	-1.28428553413576E-0003
 4.92614425212705E+0000	-1.08955694689321E-0003
 4.93207319172561E+0000	-8.49739693414835E-0004
 4.93805595814871E+0000	-5.75468736004911E-0004
 4.94409746407556E+0000	-2.78555435803329E-0004
 4.95019987092807E+0000	 2.87194895026207E-0005
 4.95636262529168E+0000	 3.34460807650441E-0004
 4.96258292129845E+0000	 6.27969341357699E-0004
 4.96885656686163E+0000	 9.00219385349207E-0004
 4.97517901227003E+0000	 1.14372612682244E-0003
 4.98154609304458E+0000	 1.35171213945556E-0003
 4.98795398294889E+0000	 1.51682001351447E-0003
 4.99439805026668E+0000	 1.62998666933574E-0003
 5.00087078005428E+0000	 1.68031613584256E-0003
 5.00735958147795E+0000	 1.65664577065560E-0003
 5.01384583868082E+0000	 1.55078614464779E-0003
 5.02030638889273E+0000	 1.36124574248522E-0003
 5.02671734763056E+0000	 1.09547934183093E-0003
 5.03305861640711E+0000	 7.69340271464476E-0004
 5.03931701983097E+0000	 4.04158595119210E-0004
 5.04548716365689E+0000	 2.30864471408565E-0005
 5.05157049900354E+0000	-3.51840119986273E-0004
 5.05757361355257E+0000	-7.01400155647089E-0004
 5.06350653453366E+0000	-1.00983353396331E-0003
 5.06938139757041E+0000	-1.26484554438827E-0003
 5.07521153835390E+0000	-1.45732503071692E-0003
 5.08101093234621E+0000	-1.58100268798000E-0003
 5.08679387345631E+0000	-1.63217044385551E-0003
 5.09257478798044E+0000	-1.60951544979462E-0003
 5.09836809466272E+0000	-1.51408346713606E-0003
 5.10418803293619E+0000	-1.34936294914192E-0003
 5.11004838636227E+0000	-1.12146065356872E-0003
 5.11596203103361E+0000	-8.39311635446753E-0004
 5.12194025090710E+0000	-5.14823672250723E-0004
 5.12799180435588E+0000	-1.62800263256888E-0004
 5.13412182427043E+0000	 1.99559874067135E-0004
 5.14033079709572E+0000	 5.53768143086200E-0004
 5.14661404118501E+0000	 8.81768583221700E-0004
 5.15296213737150E+0000	 1.16794345053355E-0003
 5.15936246723474E+0000	 1.40069669395744E-0003
 5.16580140199415E+0000	 1.57286276121704E-0003
 5.17226615182475E+0000	 1.68070875678403E-0003
 5.17874534189072E+0000	 1.72214412041802E-0003
 5.18522811027398E+0000	 1.69530342659733E-0003
 5.19170245948755E+0000	 1.59849195315773E-0003
 5.19815413008389E+0000	 1.43165251674166E-0003
 5.20456701648137E+0000	 1.19849962781850E-0003
 5.21092516845940E+0000	 9.07954524298525E-0004
 5.21721537964724E+0000	 5.73965534132051E-0004
 5.22342910541103E+0000	 2.13870395583137E-0004
 5.22956309175455E+0000	-1.53784602688288E-0004
 5.23561891451714E+0000	-5.11098388184561E-0004
 5.24160199268483E+0000	-8.41974829326288E-0004
 5.24752054967032E+0000	-1.13264854930253E-0003
 5.25338475989503E+0000	-1.37179895288798E-0003
 5.25920614012970E+0000	-1.55046108927698E-0003
 5.26499716022208E+0000	-1.66187730334286E-0003
 5.27077102024368E+0000	-1.70137789914393E-0003
 5.27654153618195E+0000	-1.66634371621403E-0003
 5.28232307587487E+0000	-1.55628350130509E-0003
 5.28813048257897E+0000	-1.37304703216715E-0003
 5.29397891087779E+0000	-1.12118343853611E-0003
 5.29988347686760E+0000	-8.08432593778233E-0004
 5.30585859638727E+0000	-4.46290343466066E-0004
 5.31191687159177E+0000	-5.04966123973808E-0005
 5.31806743664476E+0000	 3.58849924293191E-0004
 5.32431386967769E+0000	 7.58004357182851E-0004
 5.33065218074785E+0000	 1.12158250538725E-0003
 5.33706986514246E+0000	 1.42593316711880E-0003
 5.34354708150916E+0000	 1.65303706803935E-0003
 5.35006012291292E+0000	 1.79322201193179E-0003
 5.35658580158589E+0000	 1.84522538424568E-0003
 5.36310458927506E+0000	 1.81374682742363E-0003
 5.36960129353738E+0000	 1.70623804178173E-0003
 5.37606381285898E+0000	 1.53080247312972E-0003
 5.38248152403277E+0000	 1.29587767001794E-0003
 5.38884457968469E+0000	 1.01106283537929E-0003
 5.39514439172423E+0000	 6.87932747259235E-0004
 5.40137470110875E+0000	 3.40053836408816E-0004
 5.40753242592976E+0000	-1.78162239508598E-0005
 5.41361786773229E+0000	-3.70852933892994E-0004
 5.41963435275617E+0000	-7.05116633491944E-0004
 5.42558761747697E+0000	-1.00811720763822E-0003
 5.43148520699729E+0000	-1.26903076862256E-0003
 5.43733601558308E+0000	-1.47870646268498E-0003
 5.44314999082245E+0000	-1.62959031975312E-0003
 5.44893797525738E+0000	-1.71564908817467E-0003
 5.45471164945851E+0000	-1.73234275617371E-0003
 5.46048354258086E+0000	-1.67667809216144E-0003
 5.46626707647901E+0000	-1.54737147705474E-0003
 5.47207660177786E+0000	-1.34515097728614E-0003
 5.47792736509655E+0000	-1.07322945902154E-0003
 5.48383531114958E+0000	-7.37974464181369E-0004
 5.48981656801564E+0000	-3.49770034084177E-0004
 5.49588639575327E+0000	 7.60205464080599E-0005
 5.50205734072984E+0000	 5.18268779473598E-0004
 5.50833644990133E+0000	 9.50058879368045E-0004
 5.51472186495676E+0000	 1.34032910749757E-0003
 5.52120003525483E+0000	 1.65795202775308E-0003
 5.52774563374331E+0000	 1.87784247161329E-0003
 5.53432566222606E+0000	 1.98664239531484E-0003
 5.54090654808232E+0000	 1.98467288279621E-0003
 5.54746051528321E+0000	 1.88304031951449E-0003
 5.55396820501024E+0000	 1.69823005917005E-0003
 5.56041763160202E+0000	 1.44756161628832E-0003
 5.56680166193493E+0000	 1.14711411283247E-0003
 5.57311599390207E+0000	 8.11634827802891E-0004
 5.57935830808744E+0000	 4.55143421538709E-0004
 5.58552824314992E+0000	 9.12879345498337E-0005
 5.59162755761726E+0000	-2.66791787281306E-0004
 5.59766007925546E+0000	-6.06868847315390E-0004
 5.60363139481504E+0000	-9.17996457920031E-0004
 5.60954842760915E+0000	-1.19067942851556E-0003
 5.61541906018141E+0000	-1.41685547400808E-0003
 5.62125188379970E+0000	-1.58977052626519E-0003
 5.62705608505976E+0000	-1.70383492406612E-0003
 5.63284144430332E+0000	-1.75451953793210E-0003
 5.63861841356173E+0000	-1.73832562111024E-0003
 5.64439824591793E+0000	-1.65285066804851E-0003
 5.65019315077275E+0000	-1.49697314981975E-0003
 5.65601644384995E+0000	-1.27118667853497E-0003
 5.66188264226653E+0000	-9.78124255560160E-0004
 5.66780741709706E+0000	-6.23319444595221E-0004
 5.67380724926402E+0000	-2.16238983860535E-0004
 5.67989853377084E+0000	 2.28443575205474E-0004
 5.68609576606277E+0000	 6.89546840367413E-0004
 5.69240843872486E+0000	 1.13865184141145E-0003
 5.69883666883493E+0000	 1.54110694909926E-0003
 5.70536673908196E+0000	 1.86021877456545E-0003
 5.71196939804713E+0000	 2.06498705259129E-0003
 5.71860396601579E+0000	 2.13868179627437E-0003
 5.72522783570880E+0000	 2.08304979687651E-0003
 5.73180619153147E+0000	 1.91519250424856E-0003
 5.73831662743821E+0000	 1.65984257618609E-0003
 5.74474805799021E+0000	 1.34228338630270E-0003
 5.75109698739452E+0000	 9.84718800768152E-0004
 5.75736408609236E+0000	 6.05660078167074E-0004
 5.76355220385702E+0000	 2.20678446815018E-0004
 5.76966559683769E+0000	-1.56742415371980E-0004
 5.77570973269690E+0000	-5.14739606156865E-0004
 5.78169119317851E+0000	-8.42946262273032E-0004
 5.78761749080061E+0000	-1.13249526157396E-0003
 5.79349681973326E+0000	-1.37599127482488E-0003
 5.79933782482879E+0000	-1.56740195889788E-0003
 5.80514945164357E+0000	-1.70189431608144E-0003
 5.81094089829049E+0000	-1.77566615378072E-0003
 5.81672166087576E+0000	-1.78581630127806E-0003
 5.82250165335757E+0000	-1.73028426904619E-0003
 5.82829138202451E+0000	-1.60788310321156E-0003
 5.83410215491882E+0000	-1.41845122544354E-0003
 5.83994630033995E+0000	-1.16315822540333E-0003
 5.84583735025533E+0000	-8.45012695680718E-0004
 5.85179010627653E+0000	-4.69632272856166E-0004
 5.85782043561556E+0000	-4.63346917894595E-0005
 5.86394452835160E+0000	 4.10438851359814E-0004
 5.87017719207563E+0000	 8.79524164236276E-0004
 5.87652866332558E+0000	 1.33182412711946E-0003
 5.88299970225766E+0000	 1.73077454711193E-0003
 5.88957598314866E+0000	 2.03641278907830E-0003
 5.89622506481020E+0000	 2.21413907930432E-0003
 5.90290030374492E+0000	 2.24553106268588E-0003
 5.90955225262641E+0000	 2.13446018506521E-0003
 5.91614121990608E+0000	 1.90372021539671E-0003
 5.92264346978160E+0000	 1.58515944826576E-0003
 5.92904980341541E+0000	 1.21039387932584E-0003
 5.93536054164001E+0000	 8.06029504898213E-0004
 5.94158083150795E+0000	 3.92878122338907E-0004
 5.94771777130713E+0000	-1.29382504910883E-0005
 5.95377915271776E+0000	-3.98591201026258E-0004
 5.95977311389122E+0000	-7.53537158500793E-0004
 5.96570812154578E+0000	-1.06896966756777E-0003
 5.97159298078350E+0000	-1.33756877263957E-0003
 5.97743679000753E+0000	-1.55337273931897E-0003
 5.98324886444173E+0000	-1.71167080014316E-0003
 5.98903867409984E+0000	-1.80888705112761E-0003
 5.99481582695788E+0000	-1.84246559954611E-0003
 6.00059010796318E+0000	-1.81077994405847E-0003
 6.00637157210141E+0000	-1.71308993629295E-0003
 6.01217068474134E+0000	-1.54956931319574E-0003
 6.01799849934558E+0000	-1.32143143414769E-0003
 6.02386685493033E+0000	-1.03119161179253E-0003
 6.02978855668361E+0000	-6.83119723932183E-0004
 6.03577746416125E+0000	-2.83952330722624E-0004
 6.04184833907018E+0000	 1.56062194509819E-0004
 6.04801618161973E+0000	 6.21750360678695E-0004
 6.05429460827088E+0000	 1.09135366348334E-0003
 6.06069267855547E+0000	 1.53515940253912E-0003
 6.06720979893870E+0000	 1.91575614201700E-0003
 6.07382960445704E+0000	 2.19209129696677E-0003
 6.08051633917077E+0000	 2.32884848872555E-0003
 6.08721889716924E+0000	 2.30853755744361E-0003
 6.09388362973193E+0000	 2.13853212618318E-0003
 6.10046871707714E+0000	 1.84710662063864E-0003
 6.10695108192112E+0000	 1.47184496108726E-0003
 6.11332434235271E+0000	 1.04887642194976E-0003
 6.11959267520486E+0000	 6.07527014234740E-0004
 6.12576519091253E+0000	 1.69641714542589E-0004
 6.13185247890335E+0000	-2.48913872632127E-0004
 6.13786506934604E+0000	-6.36388447918815E-0004
 6.14381303467516E+0000	-9.83700015093316E-0004
 6.14970608298313E+0000	-1.28354942128447E-0003
 6.15555376694574E+0000	-1.52996366353101E-0003
 6.16136565232865E+0000	-1.71809162995835E-0003
 6.16715141780275E+0000	-1.84411885307384E-0003
 6.17292090923544E+0000	-1.90522964760026E-0003
 6.17868417887120E+0000	-1.89959166346418E-0003
 6.18445153014979E+0000	-1.82636343119182E-0003
 6.19023357775476E+0000	-1.68573647267381E-0003
 6.19604132470843E+0000	-1.47902882756234E-0003
 6.20188625243681E+0000	-1.20885283100701E-0003
 6.20778041117320E+0000	-8.79389849377673E-0004
 6.21373648038453E+0000	-4.96818756873983E-0004
 6.21976773285813E+0000	-6.99600593342049E-0005
 6.22588776778464E+0000	 3.88797018658562E-0004
 6.23210975966588E+0000	 8.62251883852894E-0004
 6.23844479630565E+0000	 1.32695178035302E-0003
 6.24489873110119E+0000	 1.75207983205596E-0003
 6.25146719181619E+0000	 2.10000090375959E-0003
 6.25812968780286E+0000	 2.33065291612609E-0003
 6.26484645836005E+0000	 2.41126265791994E-0003
 6.27156333526894E+0000	 2.32852625096056E-0003
 6.27822546850345E+0000	 2.09509128264249E-0003
