 4.85400519436048E-0004	-2.10437689664409E-0003
 6.19010752130273E-0003	-2.14316556625236E-0003
 1.18980585131352E-0002	-2.09897542921446E-0003
 1.76234768433394E-0002	-1.97407570724480E-0003
 2.33802183925615E-0002	-1.77273249125537E-0003
 2.91815579357761E-0002	-1.50134131211150E-0003
 3.50398255454085E-0002	-1.16851826176530E-0003
 4.09659218168957E-0002	-7.85044698794662E-0004
 4.69688234501809E-0002	-3.63573194067333E-0004
 5.30552784654042E-0002	 8.19057600829132E-0005
 5.92298985838012E-0002	 5.36646895546329E-0004
 6.54956735381457E-0002	 9.85383186689048E-0004
 7.18545347120600E-0002	 1.41177619468394E-0003
 7.83071659704521E-0002	 1.79700268260074E-0003
 8.48511519381336E-0002	 2.11815069013941E-0003
 9.14771337018311E-0002	 2.34798623669299E-0003
 9.81641229952883E-0002	 2.45804798326565E-0003
 1.04877086528690E-0001	 2.42587156652378E-0003
 1.11570409405965E-0001	 2.24386848103091E-0003
 1.18197524373943E-0001	 1.92433602605382E-0003
 1.24721722572485E-0001	 1.49673978921834E-0003
 1.31122108038110E-0001	 9.99293907881626E-0004
 1.37393141532811E-0001	 4.70299436161347E-0004
 1.43540494237780E-0001	-5.71790902070523E-0005
 1.49576422123292E-0001	-5.57100436327182E-0004
 1.55516271619709E-0001	-1.01008775998990E-0003
 1.61376352417103E-0001	-1.40223893618455E-0003
 1.67172851807021E-0001	-1.72385341566743E-0003
 1.72921400751662E-0001	-1.96837728015162E-0003
 1.78637000684995E-0001	-2.13163704415829E-0003
 1.84334127601573E-0001	-2.21134295792095E-0003
 1.90026904458268E-0001	-2.20682078893542E-0003
 1.95729273995799E-0001	-2.11893458934087E-0003
 2.01455120699669E-0001	-1.95017070757441E-0003
 2.07218291729580E-0001	-1.70485436341426E-0003
 2.13032461559725E-0001	-1.38945723463916E-0003
 2.18910787182032E-0001	-1.01292321865907E-0003
 2.24865330719143E-0001	-5.86894077677579E-0004
 2.30906306949651E-0001	-1.25683453149038E-0004
 2.37041342763189E-0001	 3.54113755043769E-0004
 2.43275038706988E-0001	 8.34311692539663E-0004
 2.49609033685210E-0001	 1.29576265749885E-0003
 2.56042356613677E-0001	 1.71837646816774E-0003
 2.62571248302649E-0001	 2.08026778851199E-0003
 2.69187384171934E-0001	 2.35668763069628E-0003
 2.75874166067108E-0001	 2.52053897157512E-0003
 2.82602696148583E-0001	 2.54657785836061E-0003
 2.89331175206090E-0001	 2.41948917299875E-0003
 2.96010993854452E-0001	 2.14201008825479E-0003
 3.02597939234891E-0001	 1.73709470963673E-0003
 3.09062002435740E-0001	 1.24197506270029E-0003
 3.15390602495536E-0001	 6.98337620458866E-0004
 3.21585732545258E-0001	 1.44331780441930E-0004
 3.27658740937260E-0001	-3.89256498746729E-0004
 3.33625667784374E-0001	-8.79514901177179E-0004
 3.39504139703178E-0001	-1.31028733110228E-0003
 3.45311678411932E-0001	-1.67063255309052E-0003
 3.51064962157850E-0001	-1.95342767270623E-0003
 3.56779637124981E-0001	-2.15429336560099E-0003
 3.62470413189524E-0001	-2.27084522848266E-0003
 3.68151289827050E-0001	-2.30222290787992E-0003
 3.73835827034730E-0001	-2.24884690542044E-0003
 3.79537410995848E-0001	-2.11236771650086E-0003
 3.85269474829688E-0001	-1.89578773284632E-0003
 3.91045628173112E-0001	-1.60374473607813E-0003
 3.96879631661733E-0001	-1.24293911951642E-0003
 4.02785133972913E-0001	-8.22656317145873E-0004
 4.08775091311555E-0001	-3.55275874354980E-0004
 4.14860846795590E-0001	 1.43417087244644E-0004
 4.21050988722706E-0001	 6.54335635183860E-0004
 4.27350292243518E-0001	 1.15571420559916E-0003
 4.33759096814396E-0001	 1.62403732162102E-0003
 4.40273130881972E-0001	 2.03472791392477E-0003
 4.46883102831584E-0001	 2.36220185801583E-0003
 4.53573003993252E-0001	 2.57988783537542E-0003
 4.60316989995010E-0001	 2.66209784857500E-0003
 4.67077045909005E-0001	 2.58957337134036E-0003
 4.73805406645577E-0001	 2.35764284507916E-0003
 4.80453503712909E-0001	 1.98182221085584E-0003
 4.86983337432426E-0001	 1.49575384372299E-0003
 4.93374384637642E-0001	 9.42356140132633E-0004
 4.99623303438835E-0001	 3.64041147802705E-0004
 5.05739112813531E-0001	-2.03420893473742E-0004
 5.11737698845008E-0001	-7.32837505009182E-0004
 5.17637695461649E-0001	-1.20495188309696E-0003
 5.23458044393870E-0001	-1.60684262244203E-0003
 5.29216814692078E-0001	-1.93027677343785E-0003
 5.34930789550184E-0001	-2.17036273715629E-0003
 5.40615464796935E-0001	-2.32456371762389E-0003
 5.46285246325164E-0001	-2.39202804372161E-0003
 5.51953732243648E-0001	-2.37317320021036E-0003
 5.57634022402349E-0001	-2.26947298400449E-0003
 5.63339025075038E-0001	-2.08341894821618E-0003
 5.69081736300517E-0001	-1.81864904777021E-0003
 5.74875455264424E-0001	-1.48025255590454E-0003
 5.80733870834027E-0001	-1.07526308890555E-0003
 5.86670915359127E-0001	-6.13328250213925E-0004
 5.92700250276490E-0001	-1.07479744616852E-0004
 5.98834264187002E-0001	 4.25181686893455E-0004
 6.05082583617527E-0001	 9.63185429842627E-0004
 6.11450332488176E-0001	 1.48107253751387E-0003
 6.17936581717157E-0001	 1.95050630906897E-0003
 6.24533282090307E-0001	 2.34174470629311E-0003
 6.31224356016167E-0001	 2.62506810560512E-0003
 6.37984238292765E-0001	 2.77262218491640E-0003
 6.44776210101315E-0001	 2.76224164517791E-0003
 6.51553167275974E-0001	 2.58405205859388E-0003
 6.58263942118338E-0001	 2.24706246183946E-0003
 6.64864159843181E-0001	 1.78026415399584E-0003
 6.71325529190453E-0001	 1.22598181962549E-0003
 6.77638407093567E-0001	 6.29588828260676E-0004
 6.83808209631715E-0001	 3.13978303681942E-0005
 6.89849596870769E-0001	-5.36954391227306E-0004
 6.95781471656985E-0001	-1.05265735430428E-0003
 7.01623754326223E-0001	-1.50026706931374E-0003
 7.07395691720754E-0001	-1.86990624852460E-0003
 7.13115164032498E-0001	-2.15569061049985E-0003
 7.18798547516663E-0001	-2.35453192888610E-0003
 7.24460853471843E-0001	-2.46529547725055E-0003
 7.30115989131600E-0001	-2.48824215932440E-0003
 7.35777063809785E-0001	-2.42468884465827E-0003
 7.41456706842330E-0001	-2.27684014365552E-0003
 7.47167384528604E-0001	-2.04776900566055E-0003
 7.52921706921789E-0001	-1.74154871727220E-0003
 7.58732701555765E-0001	-1.36356250240726E-0003
 7.64613996465493E-0001	-9.21031810451169E-0004
 7.70579798024693E-0001	-4.23794900203910E-0004
 7.76644481738336E-0001	 1.14690957433912E-0004
 7.82821575218924E-0001	 6.76280465380013E-0004
 7.89121976819748E-0001	 1.23735191554308E-0003
 7.95551494356599E-0001	 1.76879736001343E-0003
 8.02108150128982E-0001	 2.23720627722980E-0003
 8.08779874371602E-0001	 2.60726728205450E-0003
 8.15542921775602E-0001	 2.84511422239716E-0003
 8.22361097578693E-0001	 2.92271357684067E-0003
 8.29186753198885E-0001	 2.82379789146376E-0003
 8.35965823445993E-0001	 2.55033472296824E-0003
 8.42647650844334E-0001	 2.12549424376739E-0003
 8.49195554457150E-0001	 1.58936389173196E-0003
 8.55592128726836E-0001	 9.89073446091183E-0004
 8.61837505404304E-0001	 3.69106425002399E-0004
 8.67943713273817E-0001	-2.34207716431917E-0004
 8.73928918869394E-0001	-7.93979858137588E-0004
 8.79813340303151E-0001	-1.29165999385892E-0003
 8.85616937000330E-0001	-1.71517195736667E-0003
 8.91358357147030E-0001	-2.05713044213580E-0003
 8.97054620645683E-0001	-2.31342594436430E-0003
 9.02721181807982E-0001	-2.48219943619543E-0003
 9.08372167008433E-0001	-2.56314159398679E-0003
 9.14020681147846E-0001	-2.55704076592546E-0003
 9.19679133546296E-0001	-2.46551865564953E-0003
 9.25359564890742E-0001	-2.29091362878969E-0003
 9.31073972524650E-0001	-2.03629419048651E-0003
 9.36834634882744E-0001	-1.70561039819089E-0003
 9.42654423850381E-0001	-1.30401903888479E-0003
 9.48547058219898E-0001	-8.38443845580248E-0004
 9.54527184422301E-0001	-3.18438520290155E-0004
 9.60610074990259E-0001	 2.42622577920902E-0004
 9.66810641407137E-0001	 8.26133715932165E-0004
 9.73141446058108E-0001	 1.40698132912875E-0003
 9.79609594076424E-0001	 1.95306259834604E-0003
 9.86212864945357E-0001	 2.42642206189269E-0003
 9.92936029491327E-0001	 2.78658288784144E-0003
 9.99748588557054E-0001	 2.99604405186025E-0003
 1.00660514578144E+0000	 3.02737429032743E-0003
 1.01344974444940E+0000	 2.87065892217276E-0003
 1.02022494610648E+0000	 2.53842714589225E-0003
 1.02688338270734E+0000	 2.06423547116836E-0003
 1.03339619146211E+0000	 1.49425862113807E-0003
 1.03975434207972E+0000	 8.76408278763719E-0004
 1.04596413832536E+0000	 2.52364861330683E-0004
 1.05204093875656E+0000	-3.45655661999041E-0004
 1.05800399908411E+0000	-8.94696364300374E-0004
 1.06387324325693E+0000	-1.37934802427775E-0003
 1.06966762266736E+0000	-1.78979208924836E-0003
 1.07540448137143E+0000	-2.12013099601567E-0003
 1.08109947167658E+0000	-2.36712867605834E-0003
 1.08676674011556E+0000	-2.52932272351578E-0003
 1.09241923141066E+0000	-2.60643117578229E-0003
 1.09806903354644E+0000	-2.59898349778809E-0003
 1.10372772820378E+0000	-2.50812317619246E-0003
 1.10940673324512E+0000	-2.33554773291316E-0003
 1.11511763654289E+0000	-2.08357072247679E-0003
 1.12087252503750E+0000	-1.75531267671740E-0003
 1.12668430468267E+0000	-1.35505625897710E-0003
 1.13256697565611E+0000	-8.88831571829740E-0004
 1.13853576107862E+0000	-3.65315939601116E-0004
 1.14460688174109E+0000	 2.02892213058447E-0004
 1.15079664280933E+0000	 7.97681357461458E-0004
 1.15711942101071E+0000	 1.39383010703051E-0003
 1.16358425946510E+0000	 1.95811743627409E-0003
 1.17019027470775E+0000	 2.45022676973492E-0003
 1.17692196403048E+0000	 2.82649729266159E-0003
 1.18374635550829E+0000	 3.04678701721971E-0003
 1.19061415201438E+0000	 3.08330508319108E-0003
 1.19746624827971E+0000	 2.92869506503790E-0003
 1.20424485587163E+0000	 2.59950509934392E-0003
 1.21090513481959E+0000	 2.13222617658445E-0003
 1.21742181410481E+0000	 1.57339713471707E-0003
 1.22378859602220E+0000	 9.69105821868795E-0004
 1.23001286839757E+0000	 3.58298530975978E-0004
 1.23610962189957E+0000	-2.29397481794106E-0004
 1.24209683141628E+0000	-7.72971013015678E-0004
 1.24799270689782E+0000	-1.25821638308267E-0003
 1.25381436943606E+0000	-1.67585416472495E-0003
 1.25957739926007E+0000	-2.01998480104788E-0003
 1.26529585152807E+0000	-2.28694591835746E-0003
 1.27098249775500E+0000	-2.47452333478880E-0003
 1.27664916101656E+0000	-2.58144189123594E-0003
 1.28230707640211E+0000	-2.60707118549897E-0003
 1.28796724264891E+0000	-2.55129664857948E-0003
 1.29364075081115E+0000	-2.41452111050760E-0003
 1.29933908873608E+0000	-2.19777732898947E-0003
 1.30507442700446E+0000	-1.90295170189739E-0003
 1.31085988785912E+0000	-1.53314600510331E-0003
 1.31670977380466E+0000	-1.09323473017559E-0003
 1.32263967565594E+0000	-5.90698151339562E-0004
 1.32866628426984E+0000	-3.67994131402130E-0005
 1.33480660709798E+0000	 5.51915135785103E-0004
 1.34107619295072E+0000	 1.15203221724420E-0003
 1.34748602294116E+0000	 1.73221697793331E-0003
 1.35403812661173E+0000	 2.25371843419055E-0003
 1.36072083239788E+0000	 2.67357905630163E-0003
 1.36750555811386E+0000	 2.95103069607899E-0003
 1.37434743256618E+0000	 3.05604564503661E-0003
 1.38119115029741E+0000	 2.97727435323933E-0003
 1.38798117963287E+0000	 2.72569560098835E-0003
 1.39467256017666E+0000	 2.33154710070561E-0003
 1.40123748606724E+0000	 1.83579388103827E-0003
 1.40766555460583E+0000	 1.28061592549066E-0003
 1.41395954053864E+0000	 7.02901203043899E-0004
 1.42013003952003E+0000	 1.31724668146047E-0004
 1.42619117121384E+0000	-4.11401296633819E-0004
 1.43215791238341E+0000	-9.11075930741392E-0004
 1.43804476233142E+0000	-1.35637662803731E-0003
 1.44386525634634E+0000	-1.73948306759610E-0003
 1.44963194167813E+0000	-2.05466486271245E-0003
 1.45535657299213E+0000	-2.29760114428517E-0003
 1.46105039101009E+0000	-2.46496393507418E-0003
 1.46672441344832E+0000	-2.55419953889288E-0003
 1.47238970472473E+0000	-2.56345517778566E-0003
 1.47805761280156E+0000	-2.49161259204072E-0003
 1.48373997516264E+0000	-2.33840577492142E-0003
 1.48944930286815E+0000	-2.10461876848717E-0003
 1.49519894857899E+0000	-1.79238292592462E-0003
 1.50100324459895E+0000	-1.40561868812797E-0003
 1.50687755266854E+0000	-9.50685179614699E-0004
 1.51283809478801E+0000	-4.37292539196492E-0004
 1.51890134314886E+0000	 1.20333163618033E-0004
 1.52508267541367E+0000	 7.02199254288243E-0004
 1.53139403470928E+0000	 1.28163846337967E-0003
 1.53784059770107E+0000	 1.82546716660203E-0003
 1.54441701687346E+0000	 2.29603857536034E-0003
 1.55110448250651E+0000	 2.65563534494765E-0003
 1.55787017890694E+0000	 2.87271329417859E-0003
 1.56467030038244E+0000	 2.92840317452735E-0003
 1.57145661193306E+0000	 2.82092646823781E-0003
 1.57818478898729E+0000	 2.56576295715509E-0003
 1.58482135086062E+0000	 2.19113995729499E-0003
 1.59134653893273E+0000	 1.73099220049896E-0003
 1.59775299845316E+0000	 1.21864064935965E-0003
 1.60404224672944E+0000	 6.83128755553484E-0004
 1.61022106376018E+0000	 1.48149773902416E-0004
 1.61629888084601E+0000	-3.67501211076476E-0004
 1.62228627347957E+0000	-8.48951961392650E-0004
 1.62819424650652E+0000	-1.28431326953896E-0003
 1.63403396806302E+0000	-1.66396812895608E-0003
 1.63981671514380E+0000	-1.98009615404480E-0003
 1.64555390214702E+0000	-2.22637872295360E-0003
 1.65125713458210E+0000	-2.39782898426580E-0003
 1.65693826659710E+0000	-2.49070719921665E-0003
 1.66260945703535E+0000	-2.50249823273847E-0003
 1.66828322553264E+0000	-2.43194110286398E-0003
 1.67397251239308E+0000	-2.27911293009068E-0003
 1.67969074243135E+0000	-2.04558396073981E-0003
 1.68545187893289E+0000	-1.73467552909293E-0003
 1.69127042443937E+0000	-1.35186219353259E-0003
 1.69716127944452E+0000	-9.05349839879192E-0004
 1.70313931766968E+0000	-4.06815670825052E-0004
 1.70921850416207E+0000	 1.27801551527629E-0004
 1.71541041791413E+0000	 6.77717445591998E-0004
 1.72172219763401E+0000	 1.21732041476631E-0003
 1.72815421125655E+0000	 1.71721081812837E-0003
 1.73469803887184E+0000	 2.14647582336676E-0003
 1.74133545801075E+0000	 2.47603097848462E-0003
 1.74803897420301E+0000	 2.68250179279097E-0003
 1.75477419202990E+0000	 2.75186712678951E-0003
 1.76150393444246E+0000	 2.68182811668381E-0003
 1.76819324237307E+0000	 2.48184847872481E-0003
 1.77481360496892E+0000	 2.17062633753498E-0003
 1.78134500432320E+0000	 1.77211988677640E-0003
 1.78777567855259E+0000	 1.31185057030778E-0003
 1.79410063881116E+0000	 8.14513725606747E-0004
 1.80032004194694E+0000	 3.02853264526216E-0004
 1.80643792410219E+0000	-2.02749590961478E-0004
 1.81246129179294E+0000	-6.84426199952349E-0004
 1.81839941136832E+0000	-1.12688824849416E-0003
 1.82426319615402E+0000	-1.51742664928622E-0003
 1.83006467618932E+0000	-1.84582458048722E-0003
 1.83581657078032E+0000	-2.10419594035512E-0003
 1.84153197666136E+0000	-2.28678584769370E-0003
 1.84722416450924E+0000	-2.38977397002851E-0003
 1.85290646317163E+0000	-2.41111180419279E-0003
 1.85859220782655E+0000	-2.35041411539328E-0003
 1.86429472963339E+0000	-2.20892002786672E-0003
 1.87002736208379E+0000	-1.98954084584877E-0003
 1.87580342735517E+0000	-1.69701333285720E-0003
 1.88163614442659E+0000	-1.33816859198533E-0003
 1.88753837811170E+0000	-9.22297366675166E-0004
 1.89352214290989E+0000	-4.61538600172609E-0004
 1.89959781154439E+0000	 2.88480250354134E-0005
 1.90577306860864E+0000	 5.30506317928380E-0004
 1.91205176964147E+0000	 1.02245146611282E-0003
 1.91843293670230E+0000	 1.48200267422537E-0003
 1.92491006602791E+0000	 1.88606225210291E-0003
 1.93147078845505E+0000	 2.21260742204819E-0003
 1.93809689670221E+0000	 2.44237789018766E-0003
 1.94476491910863E+0000	 2.56076417853837E-0003
 1.95144752746857E+0000	 2.55964136594031E-0003
 1.95811579513775E+0000	 2.43858264505208E-0003
 1.96474181965788E+0000	 2.20499039544011E-0003
 1.97130105369585E+0000	 1.87319917297410E-0003
 1.97777402019296E+0000	 1.46296066021120E-0003
 1.98414742233093E+0000	 9.97613152047729E-0004
 1.99041464014679E+0000	 5.02049196274210E-0004
 1.99657550417156E+0000	 6.70570460285487E-0007
 2.00263536591771E+0000	-4.84327233427808E-0004
 2.00860373107523E+0000	-9.34055216772844E-0004
 2.01449282576204E+0000	-1.33336329300635E-0003
 2.02031637738392E+0000	-1.67075908719834E-0003
 2.02608872735915E+0000	-1.93804009034237E-0003
 2.03182426334650E+0000	-2.12983158269876E-0003
 2.03753709768282E+0000	-2.24314958264071E-0003
 2.04324091028273E+0000	-2.27704401753649E-0003
 2.04894888989696E+0000	-2.23233903155250E-0003
 2.05467372544048E+0000	-2.11147196534881E-0003
 2.06042760782992E+0000	-1.91842884818732E-0003
 2.06622220127542E+0000	-1.65876949009924E-0003
 2.07206853892180E+0000	-1.33972012746637E-0003
 2.07797680467697E+0000	-9.70285365541025E-0004
 2.08395599333465E+0000	-5.61306240957556E-0004
 2.09001349356215E+0000	-1.25391776444441E-0004
 2.09615468619166E+0000	 3.23300757156127E-0004
 2.10238264492608E+0000	 7.69375608170907E-0004
 2.10869793595882E+0000	 1.19647448188750E-0003
 2.11509837914889E+0000	 1.58744002489167E-0003
 2.12157857634695E+0000	 1.92445831553341E-0003
 2.12812912985005E+0000	 2.18945861289745E-0003
 2.13473572856265E+0000	 2.36509511179669E-0003
 2.14137852143933E+0000	 2.43647781661458E-0003
 2.14803229726132E+0000	 2.39352548806495E-0003
 2.15466791351504E+0000	 2.23348465895730E-0003
 2.16125514964919E+0000	 1.96284601896401E-0003
 2.16776661229343E+0000	 1.59772020976072E-0003
 2.17418159157574E+0000	 1.16206726975497E-0003
 2.18048847092486E+0000	 6.84145817920231E-0004
 2.18668494340805E+0000	 1.92481432777915E-0004
 2.19277640937228E+0000	-2.87297836073835E-0004
 2.19877357588804E+0000	-7.34155886781156E-0004
 2.20469016731601E+0000	-1.13204416822178E-0003
 2.21054119514334E+0000	-1.46950678094936E-0003
 2.21634184507733E+0000	-1.73896542874384E-0003
 2.22210685161847E+0000	-1.93597798498792E-0003
 2.22785019380236E+0000	-2.05860365317157E-0003
 2.23358497768835E+0000	-2.10690946811241E-0003
 2.23932341642273E+0000	-2.08260930440006E-0003
 2.24507685261281E+0000	-1.98881482634286E-0003
 2.25085578560259E+0000	-1.82987681857735E-0003
 2.25666987499619E+0000	-1.61129159666891E-0003
 2.26252790334222E+0000	-1.33963801927461E-0003
 2.26843770403254E+0000	-1.02250494285088E-0003
 2.27440609172532E+0000	-6.68382494241803E-0004
 2.28043885175593E+0000	-2.86533085074772E-0004
 2.28654082329991E+0000	 1.13082584928577E-0004
 2.29271603505063E+0000	 5.19712932773144E-0004
 2.29896774842585E+0000	 9.21477535823715E-0004
 2.30529819315803E+0000	 1.30481909808200E-0003
 2.31170779484002E+0000	 1.65393616700035E-0003
 2.31819379908042E+0000	 1.95053060340293E-0003
 2.32474838365837E+0000	 2.17431089211091E-0003
 2.33135665317701E+0000	 2.30472988578144E-0003
 2.33799535618449E+0000	 2.32425193472744E-0003
 2.34463354875669E+0000	 2.22278474987711E-0003
 2.35123615711813E+0000	 2.00179188317999E-0003
 2.35776996015709E+0000	 1.67586000899726E-0003
 2.36420966208917E+0000	 1.27037952798346E-0003
 2.37054136125013E+0000	 8.16302915745673E-0004
 2.37676245958795E+0000	 3.44538292308151E-0004
 2.38287911356197E+0000	-1.17953516418726E-0004
 2.38890298416054E+0000	-5.49851632135843E-0004
 2.39484847188294E+0000	-9.35542368810681E-0004
 2.40073082490751E+0000	-1.26437607312477E-0003
 2.40656503077650E+0000	-1.52970019293713E-0003
 2.41236525159345E+0000	-1.72796473354198E-0003
 2.41814458249935E+0000	-1.85799850023735E-0003
 2.42391498271993E+0000	-1.92045712229981E-0003
 2.42968729143301E+0000	-1.91741118366673E-0003
 2.43547128117249E+0000	-1.85203994777931E-0003
 2.44127572351231E+0000	-1.72840028293147E-0003
 2.44710845693447E+0000	-1.55124258515224E-0003
 2.45297646439455E+0000	-1.32584952401069E-0003
 2.45888598718877E+0000	-1.05788943270817E-0003
 2.46484270915255E+0000	-7.53309342425456E-0004
 2.47085202406011E+0000	-4.18333071037135E-0004
 2.47691934427883E+0000	-5.96526255199389E-0005
 2.48305033760685E+0000	 3.15117960596552E-0004
 2.48925092331754E+0000	 6.96722323308798E-0004
 2.49552683820978E+0000	 1.07336295763286E-0003
 2.50188259392404E+0000	 1.42981629339772E-0003
 2.50831968780839E+0000	 1.74689256019215E-0003
 2.51483407210067E+0000	 2.00177590415477E-0003
 2.52141328959932E+0000	 2.16997008017657E-0003
 2.52803442689091E+0000	 2.22940653491461E-0003
 2.53466470787492E+0000	 2.16625017759030E-0003
 2.54126606151249E+0000	 1.98018320306355E-0003
 2.54780268704988E+0000	 1.68604646226871E-0003
 2.55424815651900E+0000	 1.31045990577836E-0003
 2.56058878097745E+0000	 8.85330635080762E-0004
 2.56682274464874E+0000	 4.41649396761053E-0004
 2.57295684871768E+0000	 5.68242730408271E-0006
 2.57900293864116E+0000	-4.02345327182810E-0004
 2.58497512094281E+0000	-7.67985101924813E-0004
 2.59088797960237E+0000	-1.08163201689288E-0003
 2.59675558443234E+0000	-1.33748433147637E-0003
 2.60259100727209E+0000	-1.53263376576374E-0003
 2.60840612417993E+0000	-1.66634176578563E-0003
 2.61421156736683E+0000	-1.73947907802275E-0003
 2.62001675601226E+0000	-1.75408793278710E-0003
 2.62582997404517E+0000	-1.71303158169813E-0003
 2.63165848439385E+0000	-1.61970579608215E-0003
 2.63750868390517E+0000	-1.47779728474318E-0003
 2.64338631453302E+0000	-1.29108978759925E-0003
 2.64929674798232E+0000	-1.06334323694261E-0003
 2.65524534315409E+0000	-7.98298128482031E-0004
 2.66123783727027E+0000	-4.99870558386461E-0004
 2.66728068484845E+0000	-1.72590380283174E-0004
 2.67338122147536E+0000	 1.77703261654635E-0004
 2.67954750846925E+0000	 5.42945051790279E-0004
 2.68578769828129E+0000	 9.11798110078114E-0004
 2.69210873704353E+0000	 1.26866263127723E-0003
 2.69851422743660E+0000	 1.59310055407642E-0003
 2.70500145087220E+0000	 1.86032736046864E-0003
 2.71155810220955E+0000	 2.04365035451879E-0003
 2.71816023473517E+0000	 2.11940121668479E-0003
 2.72477355031008E+0000	 2.07347804371378E-0003
 2.73135912916646E+0000	 1.90659525207668E-0003
 2.73788173994106E+0000	 1.63494672105677E-0003
 2.74431663893128E+0000	 1.28567426326728E-0003
 2.75065197115142E+0000	 8.89943532776017E-0004
 2.75688711572939E+0000	 4.77098689682470E-0004
 2.76302919379906E+0000	 7.14736321575535E-0005
 2.76908965573122E+0000	-3.08471790599665E-0004
 2.77508177221041E+0000	-6.49696705066008E-0004
 2.78101907316392E+0000	-9.43635912868100E-0004
 2.78691448337128E+0000	-1.18522087623266E-0003
 2.79277988824442E+0000	-1.37203496147207E-0003
 2.79862594218345E+0000	-1.50362629534717E-0003
 2.80446201445132E+0000	-1.58094874326116E-0003
 2.81029622471066E+0000	-1.60589639458339E-0003
 2.81613555197182E+0000	-1.58090883076887E-0003
 2.82198601612641E+0000	-1.50863928340345E-0003
 2.82785293778173E+0000	-1.39169362306443E-0003
 2.83374127961460E+0000	-1.23246628851360E-0003
 2.83965605686810E+0000	-1.03311588419402E-0003
 2.84560277678118E+0000	-7.95728741810726E-0004
 2.85158783622778E+0000	-5.22706657881216E-0004
 2.85761878478012E+0000	-2.17389176966189E-0004
 2.86370434791470E+0000	 1.15107811732379E-0004
 2.86985408907161E+0000	 4.66882886317060E-0004
 2.87607755369700E+0000	 8.26161267693149E-0004
 2.88238269402175E+0000	 1.17633481758750E-0003
 2.88877340188858E+0000	 1.49557185792325E-0003
 2.89524625766344E+0000	 1.75776045696887E-0003
 2.90178732038294E+0000	 1.93567351787480E-0003
 2.90837076085903E+0000	 2.00658836068580E-0003
 2.91496137794845E+0000	 1.95883013359951E-0003
 2.92152128918734E+0000	 1.79595926757886E-0003
 2.92801804365661E+0000	 1.53592082685863E-0003
 2.93443018710093E+0000	 1.20571022404162E-0003
 2.94074841957502E+0000	 8.34780185703385E-0004
 2.94697342573913E+0000	 4.50086715230863E-0004
 2.95311253315232E+0000	 7.36512143312866E-0005
 2.95917670403835E+0000	-2.77947839429643E-0004
 2.96517838538406E+0000	-5.93071595797921E-0004
 2.97113016273858E+0000	-8.64168800767308E-0004
 2.97704398334049E+0000	-1.08690831259507E-0003
 2.98293073344625E+0000	-1.25941027855141E-0003
 2.98880003017486E+0000	-1.38158576636868E-0003
 2.99466015659882E+0000	-1.45456336400454E-0003
 3.00051811247881E+0000	-1.48018520293358E-0003
 3.00637977402759E+0000	-1.46057050073394E-0003
 3.01225016162363E+0000	-1.39776163900561E-0003
 3.01813380890109E+0000	-1.29348289382055E-0003
 3.02403521107681E+0000	-1.14905210599142E-0003
 3.02995930763375E+0000	-9.65485110946817E-0004
 3.03591193288502E+0000	-7.43818587668741E-0004
 3.04190015588358E+0000	-4.85654617105696E-0004
 3.04793242760366E+0000	-1.93910422485610E-0004
 3.05401844530268E+0000	 1.26256247987762E-0004
 3.06016861509287E+0000	 4.66395695201688E-0004
 3.06639294250714E+0000	 8.13702401981186E-0004
 3.07269914887083E+0000	 1.15021099943039E-0003
 3.07908991553615E+0000	 1.45279842506270E-0003
 3.08555958170419E+0000	 1.69481206167074E-0003
 3.09209144251003E+0000	 1.85003092728085E-0003
 3.09865756996248E+0000	 1.89863631696660E-0003
 3.10522266880606E+0000	 1.83304346032020E-0003
 3.11175121303917E+0000	 1.66044571395230E-0003
 3.11821462460260E+0000	 1.40050794413175E-0003
 3.12459527749849E+0000	 1.07975945473118E-0003
 3.13088658606427E+0000	 7.25767261397213E-0004
 3.13709063053714E+0000	 3.63163195534214E-0004
 3.14321514128702E+0000	 1.18390165568334E-0005
 3.14927091552033E+0000	-3.13342055958731E-0004
 3.15526997265262E+0000	-6.02067805935095E-0004
 3.16122436086901E+0000	-8.47830552675435E-0004
 3.16714542585692E+0000	-1.04715199679538E-0003
 3.17304338250012E+0000	-1.19886099297194E-0003
 3.17892709197858E+0000	-1.30343476968005E-0003
 3.18480399856965E+0000	-1.36239669728676E-0003
 3.19068021130621E+0000	-1.37777215929426E-0003
 3.19656072671107E+0000	-1.35162116780364E-0003
 3.20244978424490E+0000	-1.28568281235528E-0003
 3.20835132965002E+0000	-1.18117648371819E-0003
 3.21426953828294E+0000	-1.03880267507070E-0003
 3.22020932980861E+0000	-8.58969910769283E-0004
 3.22617679617932E+0000	-6.42249899479222E-0004
 3.23217946676410E+0000	-3.90042177251090E-0004
 3.23822633584830E+0000	-1.05419293807600E-0004
 3.24432756184408E+0000	 2.05884321522558E-0004
 3.25049370703445E+0000	 5.34409169783380E-0004
 3.25673434085302E+0000	 8.66000217833112E-0004
 3.26305584753470E+0000	 1.18129328883737E-0003
 3.26945849367951E+0000	 1.45628843992223E-0003
 3.27593336193175E+0000	 1.66477286569246E-0003
 3.28246054681170E+0000	 1.78293014697869E-0003
 3.28901036507961E+0000	 1.79518043566306E-0003
 3.29554827115073E+0000	 1.69877665366476E-0003
 3.30204183804215E+0000	 1.50462677406492E-0003
 3.30846664083806E+0000	 1.23395224601556E-0003
 3.31480883591631E+0000	 9.12846190214894E-0004
 3.32106451869520E+0000	 5.67306290099057E-0004
 3.32723734256860E+0000	 2.20078790294362E-0004
 3.33333582663694E+0000	-1.10698281120685E-0004
 3.33937110103698E+0000	-4.11654050292181E-0004
 3.34535527403681E+0000	-6.73736487967806E-0004
 3.35130033782782E+0000	-8.91534339900289E-0004
 3.35721746729115E+0000	-1.06255355932644E-0003
 3.36311659234225E+0000	-1.18651533621205E-0003
 3.36900617230123E+0000	-1.26469033826159E-0003
 3.37489314128672E+0000	-1.29927229904782E-0003
 3.38078301746137E+0000	-1.29280440400905E-0003
 3.38668017428606E+0000	-1.24769064897207E-0003
 3.39258826001066E+0000	-1.16584113526633E-0003
 3.39851072709549E+0000	-1.04850591359179E-0003
 3.40445140592065E+0000	-8.96340640471609E-0004
 3.41041503920800E+0000	-7.09721591547579E-0004
 3.41640769095743E+0000	-4.89299185749204E-0004
 3.42243694935401E+0000	-2.36759931809395E-0004
 3.42851184120238E+0000	 4.42435530645315E-0005
 3.43464235396191E+0000	 3.47053284657680E-0004
 3.44083842596332E+0000	 6.60973443093071E-0004
 3.44710825355442E+0000	 9.70488925149565E-0004
 3.45345586004787E+0000	 1.25518283685882E-0003
 3.45987819469354E+0000	 1.49099158385237E-0003
 3.46636262539535E+0000	 1.65335591718892E-0003
 3.47288627572754E+0000	 1.72212261863314E-0003
 3.47941850029784E+0000	 1.68675048940024E-0003
 3.48592634060582E+0000	 1.54943942803067E-0003
 3.49238086809311E+0000	 1.32451928991901E-0003
 3.49876174951768E+0000	 1.03457465544596E-0003
 3.50505873213428E+0000	 7.05408987038425E-0004
 3.51127056422413E+0000	 3.61835833605843E-0004
 3.51740267915754E+0000	 2.51281776300475E-0005
 3.52346474995287E+0000	-2.88024735954987E-0004
 3.52946866347905E+0000	-5.65574952342364E-0004
 3.53542703970594E+0000	-7.99667640121343E-0004
 3.54135222210023E+0000	-9.85994931741956E-0004
 3.54725561697212E+0000	-1.12310573878386E-0003
 3.55314728035016E+0000	-1.21172893454991E-0003
 3.55903569164960E+0000	-1.25412153900489E-0003
 3.56492769097795E+0000	-1.25344319490629E-0003
 3.57082858118804E+0000	-1.21317006335776E-0003
 3.57674240139065E+0000	-1.13658408670200E-0003
 3.58267236377411E+0000	-1.02639537311181E-0003
 3.58862141490148E+0000	-8.84563805766222E-0004
 3.59459284846820E+0000	-7.12373551744519E-0004
 3.60059087276348E+0000	-5.10784592553844E-0004
 3.60662102823783E+0000	-2.81051002820289E-0004
 3.61269035164668E+0000	-2.55662845058792E-0005
 3.61880718105448E+0000	 2.51131093888825E-0004
 3.62498048582292E+0000	 5.41300268666776E-0004
 3.63121860234061E+0000	 8.33076318970690E-0004
 3.63752730476340E+0000	 1.11000359644734E-0003
 3.64390731737209E+0000	 1.35149749639373E-0003
 3.65035174999661E+0000	 1.53475795571718E-0003
 3.65684444196733E+0000	 1.63836356475525E-0003
 3.66336045798569E+0000	 1.64695955931797E-0003
 3.66986941904730E+0000	 1.55542336075866E-0003
 3.67634090617731E+0000	 1.37058127414132E-0003
 3.68274986651821E+0000	 1.10962672410321E-0003
 3.68908001346713E+0000	 7.96141682164645E-0004
 3.69532454010849E+0000	 4.55575537295222E-0004
 3.70148479822963E+0000	 1.11674465566429E-0004
 3.70756807298161E+0000	-2.15602907676775E-0004
 3.71358533813359E+0000	-5.10878591021572E-0004
 3.71954942227368E+0000	-7.63315211503479E-0004
 3.72547367508524E+0000	-9.66155673694951E-0004
 3.73137105812986E+0000	-1.11610865698245E-0003
 3.73725354308805E+0000	-1.21271213742683E-0003
 3.74313171916237E+0000	-1.25771899128661E-0003
 3.74901455070739E+0000	-1.25450384493618E-0003
 3.75490926649010E+0000	-1.20747841303974E-0003
 3.76082139279456E+0000	-1.12151499483504E-0003
 3.76675495553373E+0000	-1.00140636997938E-0003
 3.77271286541443E+0000	-8.51423352615111E-0004
 3.77869746559614E+0000	-6.75053454845394E-0004
 3.78471117349429E+0000	-4.75002561352949E-0004
 3.79075710342081E+0000	-2.53512614112215E-0004
 3.79683952793462E+0000	-1.29984976899311E-0005
 3.80296402840766E+0000	 2.43052920893922E-0004
 3.80913719801681E+0000	 5.09042141791086E-0004
 3.81536579179902E+0000	 7.76262515825683E-0004
 3.82165527787917E+0000	 1.03221593330439E-0003
 3.82800786006916E+0000	 1.26058325697159E-0003
 3.83442025387203E+0000	 1.44223449425691E-0003
 3.84088180814108E+0000	 1.55755587730493E-0003
 3.84737384753645E+0000	 1.58997534024343E-0003
 3.85387105842411E+0000	 1.52988245244118E-0003
 3.86034506088795E+0000	 1.37753260269295E-0003
 3.86676919841166E+0000	 1.14362644004814E-0003
 3.87312284255979E+0000	 8.47268356863192E-0004
 3.87939381309355E+0000	 5.12250553604866E-0004
 3.88557857923199E+0000	 1.63150173135617E-0004
 3.89168086288177E+0000	-1.77644262887094E-0004
 3.89770957712702E+0000	-4.91612246022693E-0004
 3.90367681669514E+0000	-7.64686027898047E-0004
 3.90959624329544E+0000	-9.87143127687972E-0004
 3.91548192457360E+0000	-1.15316548285123E-0003
 3.92134754565344E+0000	-1.26029580613005E-0003
 3.92720587641893E+0000	-1.30890220811199E-0003
 3.93306839473697E+0000	-1.30168004457392E-0003
 3.93894500359812E+0000	-1.24317385619990E-0003
 3.94484382347037E+0000	-1.13928525472303E-0003
 3.95077108158043E+0000	-9.96740851107651E-0004
 3.95673114790344E+0000	-8.22525547684011E-0004
 3.96272677117859E+0000	-6.23334210450431E-0004
 3.96875953697422E+0000	-4.05143466935943E-0004
 3.97483050350375E+0000	-1.73031487930940E-0004
 3.98094088654897E+0000	 6.86466862516353E-0005
 3.98709259624975E+0000	 3.15697146741640E-0004
 3.99328841238835E+0000	 5.63223168289706E-0004
 3.99953163833269E+0000	 8.04659794714283E-0004
 4.00582518368984E+0000	 1.03098366335725E-0003
 4.01217016185368E+0000	 1.23039364312836E-0003
 4.01856422814712E+0000	 1.38872184026103E-0003
 4.02500002162905E+0000	 1.49074446283755E-0003
 4.03146420179135E+0000	 1.52239194256317E-0003
 4.03793762836231E+0000	 1.47356220957351E-0003
 4.04439706825403E+0000	 1.34084842572456E-0003
 4.05081830981686E+0000	 1.12922641866459E-0003
 4.05717988360492E+0000	 8.51936077708420E-0004
 4.06346620044534E+0000	 5.28497878391235E-0004
 4.06966918112258E+0000	 1.81609838411361E-0004
 4.07578819421850E+0000	-1.65989938042193E-0004
 4.08182879053880E+0000	-4.93883032174388E-0004
 4.08780095109980E+0000	-7.85291039496395E-0004
 4.09371740512601E+0000	-1.02752204619483E-0003
 4.09959228617675E+0000	-1.21186950544785E-0003
 4.10544016779284E+0000	-1.33325853723644E-0003
 4.11127540337611E+0000	-1.38983235041979E-0003
 4.11711166079188E+0000	-1.38257168395735E-0003
 4.12296155208586E+0000	-1.31496640532327E-0003
 4.12883628898423E+0000	-1.19271015298938E-0003
 4.13474533612559E+0000	-1.02336186550648E-0003
 4.14069608280212E+0000	-8.15913063240642E-0004
 4.14669360362998E+0000	-5.80223345221483E-0004
 4.15274061195619E+0000	-3.26344465252409E-0004
 4.15883769919535E+0000	-6.38375305524030E-0005
 4.16498387472523E+0000	 1.98737212821854E-0004
 4.17117728496160E+0000	 4.53971949596145E-0004
 4.17741586345210E+0000	 6.95322340103373E-0004
 4.18369763909096E+0000	 9.16481986692810E-0004
 4.19002054697991E+0000	 1.11068786912141E-0003
 4.19638178455591E+0000	 1.27026411975275E-0003
 4.20277691614753E+0000	 1.38661565885235E-0003
 4.20919897821505E+0000	 1.45073711200603E-0003
 4.21563780829139E+0000	 1.45420391893228E-0003
 4.22207980748874E+0000	 1.39056602412312E-0003
 4.22850837325985E+0000	 1.25697440247404E-0003
 4.23490519214856E+0000	 1.05568072641265E-0003
 4.24125233254029E+0000	 7.94878556519709E-0004
 4.24753468198799E+0000	 4.88424403187150E-0004
 4.25374200721342E+0000	 1.54373313742282E-0004
 4.25987003154646E+0000	-1.87231560310286E-0004
 4.26592037125461E+0000	-5.16620123420756E-0004
 4.27189962159717E+0000	-8.16047825472033E-0004
 4.27781806900451E+0000	-1.07082906470517E-0003
 4.28368842606650E+0000	-1.26974097984425E-0003
 4.28952479768338E+0000	-1.40501993480011E-0003
 4.29534192192686E+0000	-1.47216943038828E-0003
 4.30115463268500E+0000	-1.46973363167985E-0003
 4.30697745237181E+0000	-1.39911750650795E-0003
 4.31282421862528E+0000	-1.26447221422240E-0003
 4.31870766397549E+0000	-1.07261382123663E-0003
 4.32463889865279E+0000	-8.32901898011313E-0004
 4.33062679805266E+0000	-5.56975643125852E-0004
 4.33667736966169E+0000	-2.58244396884020E-0004
 4.34279325385861E+0000	 4.89186622159210E-0005
 4.34897355287204E+0000	 3.50213680774152E-0004
 4.35521412050771E+0000	 6.32471568628577E-0004
 4.36150826823776E+0000	 8.84450610174597E-0004
 4.36784764929980E+0000	 1.09718710892454E-0003
 4.37422303104225E+0000	 1.26393585989711E-0003
 4.38062480478254E+0000	 1.37990194872411E-0003
 4.38704326523643E+0000	 1.44194466304091E-0003
 4.39346873870253E+0000	 1.44830705945555E-0003
 4.39989156013410E+0000	 1.39838062297428E-0003
 4.40630187096068E+0000	 1.29260289292734E-0003
 4.41268933264600E+0000	 1.13265494015043E-0003
 4.41904301760187E+0000	 9.22025819255734E-0004
 4.42535176681159E+0000	 6.66774155247926E-0004
 4.43160512123685E+0000	 3.76112442738323E-0004
 4.43779463168194E+0000	 6.24301166794365E-0005
 4.44391512125514E+0000	-2.59403138590667E-0004
 4.44996547922078E+0000	-5.73284521321815E-0004
 4.45594879611390E+0000	-8.63293379317425E-0004
 4.46187193176851E+0000	-1.11490810403197E-0003
 4.46774476830045E+0000	-1.31583390847288E-0003
 4.47357940073598E+0000	-1.45644068974786E-0003
 4.47938942617382E+0000	-1.52992308983191E-0003
 4.48518938715116E+0000	-1.53232316459169E-0003
 4.49099434666524E+0000	-1.46253267812661E-0003
 4.49681952633182E+0000	-1.32234844673356E-0003
 4.50267991664837E+0000	-1.11660551676761E-0003
 4.50858976236867E+0000	-8.53360870561192E-0004
 4.51456183916760E+0000	-5.44041499328600E-0004
 4.52060648354651E+0000	-2.03407777707906E-0004
 4.52673043330665E+0000	 1.50862217940074E-0004
 4.53293567839896E+0000	 4.99142190999994E-0004
 4.53921865620653E+0000	 8.21420963542637E-0004
 4.54557014342060E+0000	 1.09926301613259E-0003
 4.55197602721787E+0000	 1.31775612953541E-0003
 4.55841886161912E+0000	 1.46699673458571E-0003
 4.56487990573399E+0000	 1.54279794174955E-0003
 4.57134125190382E+0000	 1.54647652784693E-0003
 4.57778759941846E+0000	 1.48374529224419E-0003
 4.58420723894565E+0000	 1.36298716226511E-0003
 4.59059203099613E+0000	 1.19344801446637E-0003
 4.59693655405993E+0000	 9.83923254052631E-0004
 4.60323690408477E+0000	 7.42257060802805E-0004
 4.60948966863563E+0000	 4.75610624652556E-0004
 4.61569142701365E+0000	 1.91192767657656E-0004
 4.62183887693858E+0000	-1.02951148847725E-0004
 4.62792945321589E+0000	-3.97445980122820E-0004
 4.63396214862090E+0000	-6.81580067243955E-0004
 4.63993822363729E+0000	-9.43764881456110E-0004
 4.64586159824764E+0000	-1.17227808336403E-0003
 4.65173888301899E+0000	-1.35605997181804E-0003
 4.65757913661192E+0000	-1.48539346383315E-0003
 4.66339348604433E+0000	-1.55240263058222E-0003
 4.66919472501953E+0000	-1.55139431538013E-0003
 4.67499695037818E+0000	-1.47911535810616E-0003
 4.68081523720417E+0000	-1.33500720401816E-0003
 4.68666530254770E+0000	-1.12152267116982E-0003
 4.69256306776524E+0000	-8.44534489567960E-0004
 4.69852400042070E+0000	-5.13810915101451E-0004
 4.70456210780180E+0000	-1.43453226154590E-0004
 4.71068849144781E+0000	 2.47918477820466E-0004
 4.71690949610123E+0000	 6.37555591726542E-0004
 4.72322472268016E+0000	 9.99909301244281E-0004
 4.72962547231564E+0000	 1.30910879538639E-0003
 4.73609437813833E+0000	 1.54240077075083E-0003
 4.74260684842876E+0000	 1.68381647019197E-0003
 4.74913439838228E+0000	 1.72692241896414E-0003
 4.75564913423405E+0000	 1.67555423249267E-0003
 4.76212797610839E+0000	 1.54210725846174E-0003
 4.76855520075993E+0000	 1.34403570889061E-0003
 4.77492271546898E+0000	 1.09997909283235E-0003
 4.78122854678261E+0000	 8.26820974568531E-0004
 4.78747456894174E+0000	 5.38228849903093E-0004
 4.79366436186578E+0000	 2.44509348315940E-0004
 4.79980167072193E+0000	-4.66977854682972E-0005
 4.80588959260726E+0000	-3.29359430654773E-0004
 4.81193042457213E+0000	-5.97983687276550E-0004
 4.81792601152724E+0000	-8.46796689618824E-0004
 4.82387838130040E+0000	-1.06930041477392E-0003
 4.82979044411489E+0000	-1.25823735781603E-0003
 4.83566657594863E+0000	-1.40588726398698E-0003
 4.84151298814704E+0000	-1.50456383555640E-0003
 4.84733787408004E+0000	-1.54718034315955E-0003
 4.85315138290976E+0000	-1.52779845318733E-0003
 4.85896548663032E+0000	-1.44213470296682E-0003
 4.86479378613146E+0000	-1.28804837211299E-0003
 4.87065126002512E+0000	-1.06606062054750E-0003
 4.87655390845079E+0000	-7.79954846377152E-0004
 4.88251818980140E+0000	-4.37480116600235E-0004
 4.88856009865979E+0000	-5.11148850545244E-0005
 4.89469370850624E+0000	 3.61267286376912E-0004
 4.90092905060609E+0000	 7.76160563448148E-0004
 4.90726939777486E+0000	 1.16513891204218E-0003
 4.91370843115032E+0000	 1.49711238992794E-0003
 4.92022832147426E+0000	 1.74244757792900E-0003
 4.92680011641482E+0000	 1.87845833469607E-0003
 4.93338742606204E+0000	 1.89460571668649E-0003
 4.93995292287631E+0000	 1.79505373024779E-0003
 4.94646532998213E+0000	 1.59705119500404E-0003
 4.95290401705619E+0000	 1.32583714852995E-0003
 4.95925982695876E+0000	 1.00858483759667E-0003
 4.96553292530494E+0000	 6.69768117145199E-0004
 4.97172946521988E+0000	 3.28844415124627E-0004
 4.97785848462753E+0000	-1.36292644645685E-0007
 4.98392964091466E+0000	-3.07803871225736E-0004
 4.98995183026126E+0000	-5.88278306634805E-0004
 4.99593253199112E+0000	-8.37903076008830E-0004
 5.00187770062257E+0000	-1.05410060693254E-0003
 5.00779205608503E+0000	-1.23446058096640E-0003
 5.01367963612472E+0000	-1.37613034171240E-0003
 5.01954447416471E+0000	-1.47553897368578E-0003
 5.02539127235964E+0000	-1.52844003187652E-0003
 5.03122596790796E+0000	-1.53021445093728E-0003
 5.03705613646360E+0000	-1.47635334685686E-0003
 5.04289122145778E+0000	-1.36304836293030E-0003
 5.04874260372770E+0000	-1.18784763764207E-0003
 5.05462352292056E+0000	-9.50372025627380E-0004
 5.06054883154945E+0000	-6.53112042484236E-0004
 5.06653451053867E+0000	-3.02326916531176E-0004
 5.07259681109210E+0000	 9.09717577582110E-0005
 5.07875083080900E+0000	 5.10067847124368E-0004
 5.08500832694004E+0000	 9.31914431489023E-0004
 5.09137470466373E+0000	 1.32737705281646E-0003
 5.09784551194393E+0000	 1.66310591634733E-0003
 5.10440346798795E+0000	 1.90570665620108E-0003
 5.11101777907862E+0000	 2.02809723823648E-0003
 5.11764747502239E+0000	 2.01637437894583E-0003
 5.12424887646139E+0000	 1.87407411352634E-0003
 5.13078455820638E+0000	 1.62119092143930E-0003
 5.13722976787951E+0000	 1.28825101925613E-0003
 5.14357398491627E+0000	 9.08654961658483E-0004
 5.14981844249420E+0000	 5.12666753418240E-0004
 5.15597202175894E+0000	 1.24381217268407E-0004
 5.16204744301588E+0000	-2.38852499357433E-0004
 5.16805852161577E+0000	-5.65654511508681E-0004
 5.17401848023162E+0000	-8.49341861169501E-0004
 5.17993904765115E+0000	-1.08660830079168E-0003
 5.18583008975778E+0000	-1.27632692860169E-0003
 5.19169960811424E+0000	-1.41852379058924E-0003
 5.19755401269860E+0000	-1.51354247755605E-0003
 5.20339860501675E+0000	-1.56142795701548E-0003
 5.20923820492110E+0000	-1.56156496319398E-0003
 5.21507783949256E+0000	-1.51259593328050E-0003
 5.22092340486045E+0000	-1.41261775985016E-0003
 5.22678222094742E+0000	-1.25962920051140E-0003
 5.23266341978864E+0000	-1.05218610534808E-0003
 5.23857812556776E+0000	-7.90225004539873E-0004
 5.24453938350424E+0000	-4.76029588820924E-0004
 5.25056176684157E+0000	-1.15321424435580E-0004
 5.25666053925830E+0000	 2.81568618574366E-0004
 5.26285019361757E+0000	 6.98577159586313E-0004
 5.26914217604217E+0000	 1.11313420937198E-0003
 5.27554173086902E+0000	 1.49629184188019E-0003
 5.28204419381874E+0000	 1.81453953281664E-0003
 5.28863177120299E+0000	 2.03402039356973E-0003
 5.29527261132236E+0000	 2.12709117116925E-0003
 5.30192401955868E+0000	 2.07957324792724E-0003
 5.30854008539866E+0000	 1.89548800690728E-0003
 5.31508114063605E+0000	 1.59639234712509E-0003
 5.32152080388878E+0000	 1.21536878463650E-0003
 5.32784795500994E+0000	 7.88917665050510E-0004
 5.33406430506968E+0000	 3.50412861287472E-0004
 5.34018008771843E+0000	-7.33031763713887E-0005
 5.34620999423400E+0000	-4.62662965391203E-0004
 5.35217023309997E+0000	-8.04642667156586E-0004
 5.35807671730147E+0000	-1.09150643330549E-0003
 5.36394406863413E+0000	-1.31952509047692E-0003
 5.36978513485653E+0000	-1.48784390944095E-0003
 5.37561082103009E+0000	-1.59751748394082E-0003
 5.38143013708416E+0000	-1.65068421313636E-0003
 5.38725042818794E+0000	-1.64986419945551E-0003
 5.39307777958406E+0000	-1.59739683939646E-0003
 5.39891757939489E+0000	-1.49506473839981E-0003
 5.40477519369608E+0000	-1.34396358625510E-0003
 5.41065667421064E+0000	-1.14466738545241E-0003
 5.41656939509322E+0000	-8.97710323742132E-0004
 5.42252250665943E+0000	-6.04373710308191E-0004
 5.42852709269584E+0000	-2.67739436733761E-0004
 5.43459590881897E+0000	 1.06052363915273E-0004
 5.44074255288880E+0000	 5.06445745591080E-0004
 5.44697988902613E+0000	 9.17211361180678E-0004
 5.45331757143117E+0000	 1.31566844639826E-0003
 5.45975870197534E+0000	 1.67300874105175E-0003
 5.46629612448077E+0000	 1.95650144123534E-0003
 5.47290957858280E+0000	 2.13411171172783E-0003
 5.47956550006727E+0000	 2.18110328231609E-0003
 5.48622089744140E+0000	 2.08668965212587E-0003
 5.49283098438595E+0000	 1.85777941549303E-0003
 5.49935789823247E+0000	 1.51766019990446E-0003
 5.50577687405117E+0000	 1.10011383142478E-0003
 5.51207783656605E+0000	 6.41904667817805E-0004
 5.51826310542296E+0000	 1.76743131600199E-0004
 5.52434340699156E+0000	-2.67931846467728E-0004
 5.53033406576729E+0000	-6.71740985648976E-0004
 5.53625220154312E+0000	-1.02076321047049E-0003
 5.54211497132405E+0000	-1.30641926027640E-0003
 5.54793858120500E+0000	-1.52432490915319E-0003
 5.55373777377325E+0000	-1.67329501613228E-0003
 5.55952558252214E+0000	-1.75451644079747E-0003
 5.56531324106762E+0000	-1.77084517204191E-0003
 5.57111021083467E+0000	-1.72617788843502E-0003
 5.57692433990862E+0000	-1.62487473686994E-0003
 5.58276218538629E+0000	-1.47125342132777E-0003
 5.58862951900482E+0000	-1.26922098340618E-0003
 5.59453199265028E+0000	-1.02214210099761E-0003
 5.60047587796356E+0000	-7.33045396537797E-0004
 5.60646873224597E+0000	-4.05235984290647E-0004
 5.61251979802110E+0000	-4.33209228209758E-0005
 5.61863991878907E+0000	 3.45423752608811E-0004
 5.62484074157786E+0000	 7.49513060650485E-0004
 5.63113298737174E+0000	 1.15185293145987E-0003
 5.63752366815254E+0000	 1.52901114006465E-0003
 5.64401244575512E+0000	 1.85193227951700E-0003
 5.65058796488550E+0000	 2.08889586074793E-0003
 5.65722575605864E+0000	 2.21092471619443E-0003
 5.66388949253775E+0000	 2.19849810044304E-0003
 5.67053625241687E+0000	 2.04705013573556E-0003
 5.67712431365791E+0000	 1.76869476105261E-0003
 5.68362049425532E+0000	 1.38936929372704E-0003
 5.69000441664088E+0000	 9.42885084611209E-0004
 5.69626892380434E+0000	 4.64515413635926E-0004
 5.70241769412323E+0000	-1.37935730430898E-0005
 5.70846178286059E+0000	-4.65897807526015E-0004
 5.71441641898365E+0000	-8.72038756091679E-0004
 5.72029863344339E+0000	-1.21833953828491E-0003
 5.72612574206399E+0000	-1.49588609337997E-0003
 5.73191447038228E+0000	-1.69978387637202E-0003
 5.73768047937215E+0000	-1.82834990099010E-0003
 5.74343810659943E+0000	-1.88246366528652E-0003
 5.74920020935786E+0000	-1.86503633017362E-0003
 5.75497806166862E+0000	-1.78053716883194E-0003
 5.76078131173742E+0000	-1.63452406317065E-0003
 5.76661804812479E+0000	-1.43315632660068E-0003
 5.77249504232966E+0000	-1.18272178140787E-0003
 5.77841821757551E+0000	-8.89276354926282E-0004
 5.78439332741813E+0000	-5.58549448255826E-0004
 5.79042672110388E+0000	-1.96278783499813E-0004
 5.79652595622818E+0000	 1.90919617380590E-0004
 5.80269993143804E+0000	 5.94167330465181E-0004
 5.80895817801342E+0000	 1.00062857187595E-0003
 5.81530899279080E+0000	 1.39194697013521E-0003
 5.82175629234486E+0000	 1.74355842112486E-0003
 5.82829557663796E+0000	 2.02588743078672E-0003
 5.83491028436431E+0000	 2.20828762791602E-0003
 5.84157066006220E+0000	 2.26550459146646E-0003
 5.84823690948397E+0000	 2.18454892673357E-0003
 5.85486624843884E+0000	 1.96872355570104E-0003
 5.86142093662909E+0000	 1.63680816161307E-0003
 5.86787398317484E+0000	 1.21823910361431E-0003
 5.87421108786707E+0000	 7.46915279895156E-0004
 5.88042947351658E+0000	 2.55954666032388E-0004
 5.88653513641765E+0000	-2.25591062419178E-0004
 5.89253984311242E+0000	-6.74153477115623E-0004
 5.89845861784847E+0000	-1.07177741995003E-0003
 5.90430795185250E+0000	-1.40558031155860E-0003
 5.91010466796637E+0000	-1.66698789700021E-0003
 5.91586526304283E+0000	-1.85099803946267E-0003
 5.92160554594375E+0000	-1.95557735504486E-0003
 5.92734042633502E+0000	-1.98120614824580E-0003
 5.93308375523073E+0000	-1.93053875727176E-0003
 5.93884816250940E+0000	-1.80812188120531E-0003
 5.94464488112468E+0000	-1.62010446181187E-0003
 5.95048359546095E+0000	-1.37388165609037E-0003
 5.95637239726742E+0000	-1.07765253954176E-0003
 5.96231795662083E+0000	-7.39944754834469E-0004
 5.96832598381501E+0000	-3.69258876255338E-0004
 5.97440194405567E+0000	 2.59326783683203E-0005
 5.98055180229797E+0000	 4.36599569502472E-0004
 5.98678238416411E+0000	 8.51884891283838E-0004
 5.99310082714950E+0000	 1.25733323129138E-0003
 5.99951264346961E+0000	 1.63317647735316E-0003
 6.00601823005637E+0000	 1.95367816785631E-0003
 6.01260842207676E+0000	 2.18884745699793E-0003
 6.01926091291304E+0000	 2.30946844717687E-0003
 6.02594026995131E+0000	 2.29468790866683E-0003
 6.03260322016406E+0000	 2.13891406582960E-0003
 6.03920751634167E+0000	 1.85407733910636E-0003
 6.04572000526583E+0000	 1.46610556435256E-0003
 6.05212053099267E+0000	 1.00820121533430E-0003
 6.05840155966600E+0000	 5.14474488068697E-0004
 6.06456545074192E+0000	 1.58118167291893E-0005
 6.07062125122617E+0000	-4.61984532861295E-0004
 6.07658199977218E+0000	-8.98534491437155E-0004
 6.08246280684211E+0000	-1.27844439179554E-0003
 6.08827963096570E+0000	-1.59059808454148E-0003
 6.09404856829735E+0000	-1.82744696308121E-0003
 6.09978547609531E+0000	-1.98442114957747E-0003
 6.10550578591156E+0000	-2.05949974448784E-0003
 6.11122439862087E+0000	-2.05293369342284E-0003
 6.11695558257653E+0000	-1.96709009582736E-0003
 6.12271282037739E+0000	-1.80636868565380E-0003
 6.12850857657065E+0000	-1.57712430575118E-0003
 6.13435399761800E+0000	-1.28751710952465E-0003
 6.14025861177897E+0000	-9.47220131127321E-0004
 6.14623015887738E+0000	-5.66966366032095E-0004
 6.15227470726004E+0000	-1.58031895347438E-0004
 6.15839714278084E+0000	 2.68096460036762E-0004
 6.16460190015880E+0000	 6.99522897218458E-0004
 6.17089349851790E+0000	 1.12295268190508E-0003
 6.17727619259696E+0000	 1.52199146048791E-0003
 6.18375205074933E+0000	 1.87537645265208E-0003
 6.19031721242331E+0000	 2.15642008030260E-0003
 6.19695715871457E+0000	 2.33531542832577E-0003
 6.20364343392355E+0000	 2.38528114621576E-0003
 6.21033511835389E+0000	 2.29107933854746E-0003
 6.21698633318297E+0000	 2.05545595528017E-0003
 6.22355653595562E+0000	 1.69920378627951E-0003
 6.23001803030577E+0000	 1.25500458679222E-0003
 6.23635782864449E+0000	 7.59292341544719E-0004
 6.24257519056099E+0000	 2.46095824194288E-0004
 6.24867767352578E+0000	-2.55968009244632E-0004
 6.25467762060078E+0000	-7.24333229689428E-0004
 6.26058971578395E+0000	-1.14192532880494E-0003
 6.26642952224418E+0000	-1.49621904065490E-0003
 6.27221271448850E+0000	-1.77832303549792E-0003
 6.27795473824225E+0000	-1.98224599392277E-0003
