-3.16022429075920E-0004	-2.22528285783674E-0003
 5.38272065569837E-0003	-2.11830740099956E-0003
 1.11078105718669E-0002	-1.92928633903535E-0003
 1.68730025385847E-0002	-1.66289097836903E-0003
 2.26918666668412E-0002	-1.32548359600564E-0003
 2.85778632411180E-0002	-9.25419086145826E-0004
 3.45442739611527E-0002	-4.73539592086097E-0004
 4.06038628780460E-0002	 1.61425475052239E-0005
 4.67680819321412E-0002	 5.25646651362565E-0004
 5.30456030507908E-0002	 1.03233239959028E-0003
 5.94400393671127E-0002	 1.50877788899849E-0003
 6.59470510247738E-0002	 1.92393756912425E-0003
 7.25516924713125E-0002	 2.24626154911563E-0003
 7.92275552299575E-0002	 2.44872585320009E-0003
 8.59391393951924E-0002	 2.51428072863805E-0003
 9.26472855843131E-0002	 2.43918785501609E-0003
 9.93153933268653E-0002	 2.23258568420891E-0003
 1.05913711508505E-0001	 1.91302379853232E-0003
 1.12420716440978E-0001	 1.50429063105798E-0003
 1.18822553014161E-0001	 1.03232702650523E-0003
 1.25112011010373E-0001	 5.23489560430751E-0004
 1.31287777197785E-0001	 3.49557263481842E-0006
 1.37353876078718E-0001	-5.03552854104456E-0004
 1.43318951216177E-0001	-9.76166442389441E-0004
 1.49195250396867E-0001	-1.39626306958545E-0003
 1.54997454771807E-0001	-1.74955573082815E-0003
 1.60741587103938E-0001	-2.02551805390442E-0003
 1.66444163554426E-0001	-2.21705692547214E-0003
 1.72121636473278E-0001	-2.32005943984262E-0003
 1.77790092187746E-0001	-2.33294701388251E-0003
 1.83465133218955E-0001	-2.25631563284483E-0003
 1.89161872683881E-0001	-2.09269741557567E-0003
 1.94894980785651E-0001	-1.84645274847837E-0003
 2.00678736750112E-0001	-1.52379179356507E-0003
 2.06527047208285E-0001	-1.13292469196612E-0003
 2.12453388298214E-0001	-6.84346461728712E-0004
 2.18470607287682E-0001	-1.91267899509674E-0004
 2.24590474630703E-0001	 3.29807736749252E-0004
 2.30822812702988E-0001	 8.58419785908322E-0004
 2.37173975912157E-0001	 1.36959898786070E-0003
 2.43644512340129E-0001	 1.83389174768795E-0003
 2.50226168767201E-0001	 2.21872573522067E-0003
 2.56899140308253E-0001	 2.49191786537792E-0003
 2.63631333337385E-0001	 2.62735204952275E-0003
 2.70381390110556E-0001	 2.61114623401939E-0003
 2.77105370960577E-0001	 2.44525951995729E-0003
 2.83764343545584E-0001	 2.14642032773244E-0003
 2.90329439521304E-0001	 1.74123057000529E-0003
 2.96783030417326E-0001	 1.26039259952359E-0003
 3.03117177641478E-0001	 7.34463563367282E-0004
 3.09331274894901E-0001	 1.91689964081670E-0004
 3.15430070834317E-0001	-3.42762787951477E-0004
 3.21422308807977E-0001	-8.47019880845490E-0004
 3.27319754463736E-0001	-1.30258815607212E-0003
 3.33136373587979E-0001	-1.69440643078634E-0003
 3.38887579085333E-0001	-2.01079634628521E-0003
 3.44589577795394E-0001	-2.24328156794008E-0003
 3.50258867143129E-0001	-2.38630804775081E-0003
 3.55911899145596E-0001	-2.43693285298852E-0003
 3.61564891419801E-0001	-2.39454709758611E-0003
 3.67233742231193E-0001	-2.26067796450970E-0003
 3.72933999847592E-0001	-2.03889200381393E-0003
 3.78680839141575E-0001	-1.73480433791601E-0003
 3.84489004644823E-0001	-1.35618767209817E-0003
 3.90372684976285E-0001	-9.13170790653475E-0004
 3.96345284330458E-0001	-4.18518017004983E-0004
 4.02419045157233E-0001	 1.12013718940206E-0004
 4.08604441848560E-0001	 6.59246087231803E-0004
 4.14909202560242E-0001	 1.20012384621176E-0003
 4.21336748597071E-0001	 1.70740510708313E-0003
 4.27883865191102E-0001	 2.14993637756745E-0003
 4.34537737890249E-0001	 2.49430455543838E-0003
 4.41273297412125E-0001	 2.70875058247807E-0003
 4.48052834244600E-0001	 2.76939827461166E-0003
 4.54829868330424E-0001	 2.66687658889209E-0003
 4.61557087224999E-0001	 2.40978689112810E-0003
 4.68195010941928E-0001	 2.02260932757122E-0003
 4.74717293676665E-0001	 1.53926201683309E-0003
 4.81111215910643E-0001	 9.95986010447466E-0004
 4.87374953439157E-0001	 4.26430235604939E-0004
 4.93514041499095E-0001	-1.40491458781526E-0004
 4.99538520777118E-0001	-6.80873661820390E-0004
 5.05461109773556E-0001	-1.17531254643948E-0003
 5.11296154949254E-0001	-1.60828440690568E-0003
 5.17059014049824E-0001	-1.96764504143874E-0003
 5.22765645178499E-0001	-2.24425752396706E-0003
 5.28432303908115E-0001	-2.43169805718147E-0003
 5.34075322017336E-0001	-2.52600889655732E-0003
 5.39710960296216E-0001	-2.52549750044694E-0003
 5.45355321504286E-0001	-2.43059676272611E-0003
 5.51024298307383E-0001	-2.24380176590171E-0003
 5.56733523529226E-0001	-1.96969068310644E-0003
 5.62498287967423E-0001	-1.61502701177041E-0003
 5.68333393610024E-0001	-1.18893080765139E-0003
 5.74252915795230E-0001	-7.03100956884823E-0004
 5.80269852767787E-0001	-1.72072087785750E-0004
 5.86395635696338E-0001	 3.86500190731756E-0004
 5.92639440119938E-0001	 9.51522235190969E-0004
 5.99007166068158E-0001	 1.49813347361195E-0003
 6.05499856124427E-0001	 1.99751056938599E-0003
 6.12111310738595E-0001	 2.41725430508735E-0003
 6.18824999651973E-0001	 2.72325099187264E-0003
 6.25611325593785E-0001	 2.88405527997085E-0003
 6.32427543210934E-0001	 2.87785677187691E-0003
 6.39222638152936E-0001	 2.69968024460395E-0003
 6.45946726703202E-0001	 2.36456862487353E-0003
 6.52560734684862E-0001	 1.90414617880779E-0003
 6.59041572468232E-0001	 1.35848914246888E-0003
 6.65381569049431E-0001	 7.67893516264855E-0004
 6.71584472528284E-0001	 1.67716301913057E-0004
 6.77660948265345E-0001	-4.13403468874603E-0004
 6.83625184370720E-0001	-9.53214030361172E-0004
 6.89492874569789E-0001	-1.43473236721279E-0003
 6.95280221015328E-0001	-1.84511341760566E-0003
 7.01003513999264E-0001	-2.17478848927731E-0003
 7.06678975348985E-0001	-2.41688763245609E-0003
 7.12322700533253E-0001	-2.56687265607454E-0003
 7.17950632062930E-0001	-2.62230910847177E-0003
 7.23578541735430E-0001	-2.58273335332834E-0003
 7.29222011387846E-0001	-2.44959459973403E-0003
 7.34896400072472E-0001	-2.22626338610399E-0003
 7.40616781688500E-0001	-1.91809970637377E-0003
 7.46397836532937E-0001	-1.53257077513690E-0003
 7.52253684289428E-0001	-1.07940589957803E-0003
 7.58197652289303E-0001	-5.70779741911280E-0004
 7.64241973727913E-0001	-2.15299739773839E-0005
 7.70397390896040E-0001	 5.50560500993649E-0004
 7.76672578217188E-0001	 1.12437021703912E-0003
 7.83073186638265E-0001	 1.67492585226999E-0003
 7.89600175449734E-0001	 2.17293525290993E-0003
 7.96247084382954E-0001	 2.58493596924496E-0003
 8.02996334640771E-0001	 2.87520056263285E-0003
 8.09815872534574E-0001	 3.01073963098144E-0003
 8.16659052857206E-0001	 2.96946817455169E-0003
 8.23470577357421E-0001	 2.74850911753143E-0003
 8.30197670917678E-0001	 2.36735072604135E-0003
 8.36801003480680E-0001	 1.86303021289926E-0003
 8.43259750729232E-0001	 1.28026568097556E-0003
 8.49569951454411E-0001	 6.62206841364335E-0004
 8.55739349452079E-0001	 4.51812239774763E-0005
 8.61782134933953E-0001	-5.42665383393027E-0004
 8.67715212184710E-0001	-1.08050680691704E-0003
 8.73556115780463E-0001	-1.55326175576780E-0003
 8.79322089811213E-0001	-1.95012659717452E-0003
 8.85029808262980E-0001	-2.26349156678045E-0003
 8.90695374647968E-0001	-2.48823723960378E-0003
 8.96334403961746E-0001	-2.62131446345839E-0003
 9.01962101482321E-0001	-2.66150867438455E-0003
 9.07593311263586E-0001	-2.60931718510141E-0003
 9.13242530690236E-0001	-2.46689574999392E-0003
 9.18923894338338E-0001	-2.23804906651976E-0003
 9.24651132836920E-0001	-1.92825020972366E-0003
 9.30437516005786E-0001	-1.54468208605291E-0003
 9.36295793672734E-0001	-1.09630654367564E-0003
 9.42238145644184E-0001	-5.93988715461088E-0004
 9.48276132050302E-0001	-5.07348441769039E-0005
 9.54420581385364E-0001	 5.17870136671700E-0004
 9.60681253858539E-0001	 1.09294099229984E-0003
 9.67065974126561E-0001	 1.65128333621193E-0003
 9.73578782143616E-0001	 2.16433243796800E-0003
 9.80216654807877E-0001	 2.59775977774921E-0003
 9.86964862907748E-0001	 2.91315113563420E-0003
 9.93792478677658E-0001	 3.07345102618955E-0003
 1.00065152539474E+0000	 3.05242217822436E-0003
 1.00748332170460E+0000	 2.84460696955724E-0003
 1.01423121307505E+0000	 2.46938263512670E-0003
 1.02085312230483E+0000	 1.96563502473038E-0003
 1.02732725421834E+0000	 1.38057568088387E-0003
 1.03365010314703E+0000	 7.59398116993944E-0004
 1.03983058276893E+0000	 1.39569783718356E-0004
 1.04588416918121E+0000	-4.50502589337314E-0004
 1.05182881314106E+0000	-9.90384543012508E-0004
 1.05768269890823E+0000	-1.46578351823651E-0003
 1.06346328887796E+0000	-1.86686638353198E-0003
 1.06918707282733E+0000	-2.18701798845632E-0003
 1.07486961978797E+0000	-2.42203221668484E-0003
 1.08052571127042E+0000	-2.56962324725617E-0003
 1.08616945960611E+0000	-2.62913859426813E-0003
 1.09181438539602E+0000	-2.60138418146646E-0003
 1.09747346111277E+0000	-2.48850445063811E-0003
 1.10315914136320E+0000	-2.29388708230605E-0003
 1.10888340558314E+0000	-2.02208311399128E-0003
 1.11465783999625E+0000	-1.67875397005361E-0003
 1.12049378001831E+0000	-1.27068136375211E-0003
 1.12640251499880E+0000	-8.05904258144575E-0004
 1.13239551598284E+0000	-2.94072806427785E-0004
 1.13848457776848E+0000	 2.52880710351715E-0004
 1.14468166639028E+0000	 8.19679678172255E-0004
 1.15099813487381E+0000	 1.38627015671545E-0003
 1.15744283813696E+0000	 1.92626472943059E-0003
 1.16401865673475E+0000	 2.40596859769031E-0003
 1.17071735793210E+0000	 2.78539674495487E-0003
 1.17751408433294E+0000	 3.02316925378510E-0003
 1.18436492942893E+0000	 3.08607322857497E-0003
 1.19121179341142E+0000	 2.96034796306474E-0003
 1.19799485660587E+0000	 2.65799307929014E-0003
 1.20466651832078E+0000	 2.21327788874407E-0003
 1.21119916143904E+0000	 1.67189837664819E-0003
 1.21758460617716E+0000	 1.07971151025814E-0003
 1.22382864706476E+0000	 4.75791173319079E-0004
 1.22994490903438E+0000	-1.09792728128131E-0004
 1.23595026110857E+0000	-6.55289407925320E-0004
 1.24186214856703E+0000	-1.14550353758966E-0003
 1.24769736373511E+0000	-1.57002216538669E-0003
 1.25347165136058E+0000	-1.92184254061257E-0003
 1.25919969704034E+0000	-2.19644304159893E-0003
 1.26489523784931E+0000	-2.39119384063749E-0003
 1.27057117914425E+0000	-2.50498039216697E-0003
 1.27623968848261E+0000	-2.53794019983555E-0003
 1.28191228016234E+0000	-2.49125279486862E-0003
 1.28759991938578E+0000	-2.36695864273929E-0003
 1.29331317584103E+0000	-2.16781188017377E-0003
 1.29906244810865E+0000	-1.89719614611379E-0003
 1.30485826325034E+0000	-1.55915360252507E-0003
 1.31071162863593E+0000	-1.15859328303932E-0003
 1.31663437402083E+0000	-7.01752547848056E-0004
 1.32263936983465E+0000	-1.96979549493450E-0004
 1.32874043956367E+0000	 3.44122923948919E-0004
 1.33495169476171E+0000	 9.05220637691276E-0004
 1.34128591657933E+0000	 1.46362447374739E-0003
 1.34775155565341E+0000	 1.98903866367489E-0003
 1.35434814988638E+0000	 2.44375835705146E-0003
 1.36106087972312E+0000	 2.78593412155551E-0003
 1.36785673854977E+0000	 2.97710891526592E-0003
 1.37468611439646E+0000	 2.99269856163958E-0003
 1.38149171979072E+0000	 2.83040480039419E-0003
 1.38822150602370E+0000	 2.51107180216728E-0003
 1.39483874113563E+0000	 2.07146089038116E-0003
 1.40132506668491E+0000	 1.55383030466442E-0003
 1.40767759565405E+0000	 9.97615692001033E-0004
 1.41390361999917E+0000	 4.35267700941150E-0004
 1.42001575057679E+0000	-1.08497166579779E-0004
 1.42602860943875E+0000	-6.15651401955108E-0004
 1.43195702789935E+0000	-1.07330362402402E-0003
 1.43781526875818E+0000	-1.47230906952536E-0003
 1.44361679302244E+0000	-1.80624834584432E-0003
 1.44937425054294E+0000	-2.07073836119024E-0003
 1.45509953655545E+0000	-2.26296443195405E-0003
 1.46080386626502E+0000	-2.38133501319613E-0003
 1.46649787429421E+0000	-2.42520246438329E-0003
 1.47219176173133E+0000	-2.39463429398044E-0003
 1.47789550818967E+0000	-2.29024901184203E-0003
 1.48361915127078E+0000	-2.11314859905489E-0003
 1.48937311684967E+0000	-1.86498817460938E-0003
 1.49516856271650E+0000	-1.54822511118600E-0003
 1.50101767504750E+0000	-1.16658609603537E-0003
 1.50693382959477E+0000	-7.25781251917760E-0004
 1.51293149283022E+0000	-2.34475487802364E-0004
 1.51902568736348E+0000	 2.94513756555994E-0004
 1.52523078343159E+0000	 8.42914846549775E-0004
 1.53155833940782E+0000	 1.38590844308355E-0003
 1.53801381231366E+0000	 1.89187767644415E-0003
 1.54459240893807E+0000	 2.32400368532795E-0003
 1.55127530832399E+0000	 2.64470428747793E-0003
 1.55802855428410E+0000	 2.82285306078501E-0003
 1.56480676304813E+0000	 2.84153418497382E-0003
 1.57156136607648E+0000	 2.70251473164947E-0003
 1.57824994675417E+0000	 2.42492728232801E-0003
 1.58484254332040E+0000	 2.03918999677291E-0003
 1.59132316529363E+0000	 1.57958250151433E-0003
 1.59768758343079E+0000	 1.07848262424007E-0003
 1.60393960463611E+0000	 5.63381086375205E-0004
 1.61008761140898E+0000	 5.62209655437383E-0005
 1.61614215109712E+0000	-4.25984593856918E-0004
 1.62211457395461E+0000	-8.70153067476589E-0004
 1.62801637930281E+0000	-1.26623153230645E-0003
 1.63385892708936E+0000	-1.60652399592432E-0003
 1.63965330670525E+0000	-1.88520353920594E-0003
 1.64541028338642E+0000	-2.09793301396684E-0003
 1.65114031269439E+0000	-2.24154985804052E-0003
 1.65685363185044E+0000	-2.31381057627324E-0003
 1.66256042764565E+0000	-2.31321509237830E-0003
 1.66827106418490E+0000	-2.23893875060224E-0003
 1.67399633958333E+0000	-2.09089668050122E-0003
 1.67974773072523E+0000	-1.86995815703143E-0003
 1.68553757684511E+0000	-1.57832104837263E-0003
 1.69137914227879E+0000	-1.22004819595498E-0003
 1.69728648331490E+0000	-8.01754818887886E-0004
 1.70327402300003E+0000	-3.33411464340263E-0004
 1.70935571542524E+0000	 1.70820899235295E-0004
 1.71554367383864E+0000	 6.91893229278441E-0004
 1.72184618473589E+0000	 1.20561046272014E-0003
 1.72826520108994E+0000	 1.68326512013916E-0003
 1.73479376159507E+0000	 2.09366219616913E-0003
 1.74141424899751E+0000	 2.40676500669062E-0003
 1.74809863984951E+0000	 2.59846101468140E-0003
 1.75481143418764E+0000	 2.65503740917824E-0003
 1.76151475498092E+0000	 2.57562624964460E-0003
 1.76817395582587E+0000	 2.37163472057620E-0003
 1.77476186748989E+0000	 2.06355156706095E-0003
 1.78126061117452E+0000	 1.67655829375450E-0003
 1.78766108146992E+0000	 1.23654815878300E-0003
 1.79396107090287E+0000	 7.67543206486835E-0004
 1.80016316454918E+0000	 2.90590766960029E-0004
 1.80627308318466E+0000	-1.76380983609225E-0004
 1.81229859161662E+0000	-6.18327424271192E-0004
 1.81824879634559E+0000	-1.02279378388796E-0003
 1.82413365044615E+0000	-1.37963975465773E-0003
 1.82996358612662E+0000	-1.68076191805287E-0003
 1.83574926874392E+0000	-1.91980422375173E-0003
 1.84150147943019E+0000	-2.09188263330058E-0003
 1.84723111435196E+0000	-2.19336675856661E-0003
 1.85294926718436E+0000	-2.22175524113024E-0003
 1.85866735063574E+0000	-2.17566525106104E-0003
 1.86439721185685E+0000	-2.05494092651547E-0003
 1.87015119917350E+0000	-1.86087480719214E-0003
 1.87594213885847E+0000	-1.59652840927068E-0003
 1.88178317949667E+0000	-1.26712875964819E-0003
 1.88768746027034E+0000	-8.80503395425261E-0004
 1.89366756247471E+0000	-4.47495648099426E-0004
 1.89973471570684E+0000	 1.77242010810460E-0005
 1.90589775689856E+0000	 4.97565147731260E-0004
 1.91216188806691E+0000	 9.71277447152225E-0004
 1.91852735326447E+0000	 1.41571671008282E-0003
 1.92498825473214E+0000	 1.80672283804529E-0003
 1.93153182758691E+0000	 2.12112038746918E-0003
 1.93813853167447E+0000	 2.33915573227341E-0003
 1.94478322359277E+0000	 2.44695518976853E-0003
 1.95143741525318E+0000	 2.43842668989880E-0003
 1.95807227243659E+0000	 2.31604418608434E-0003
 1.96466167634987E+0000	 2.09020570832341E-0003
 1.97118454441580E+0000	 1.77734263407797E-0003
 1.97762590221544E+0000	 1.39746901612838E-0003
 1.98397681743350E+0000	 9.71964338856412E-0004
 1.99023372378697E+0000	 5.21975252449994E-0004
 1.99639757934998E+0000	 6.73616037075920E-0005
 2.00247300736916E+0000	-3.74008279865552E-0004
 2.00846742631079E+0000	-7.86692604631735E-0004
 2.01439021130745E+0000	-1.15784062748976E-0003
 2.02025197764045E+0000	-1.47711635019562E-0003
 2.02606405617756E+0000	-1.73647054719204E-0003
 2.03183816996216E+0000	-1.92986941467632E-0003
 2.03758627049297E+0000	-2.05306390541443E-0003
 2.04332047146254E+0000	-2.10344391936051E-0003
 2.04905302025754E+0000	-2.07998811361137E-0003
 2.05479625937703E+0000	-1.98329979062905E-0003
 2.06056254175353E+0000	-1.81570841190476E-0003
 2.06636407384520E+0000	-1.58140885783338E-0003
 2.07221267099335E+0000	-1.28660394543649E-0003
 2.07811942354454E+0000	-9.39611901405780E-0004
 2.08409428831243E+0000	-5.50903921416207E-0004
 2.09014563162493E+0000	-1.33049923424245E-0004
 2.09627974894963E+0000	 2.99431715023267E-0004
 2.10250036898553E+0000	 7.30315577478668E-0004
 2.10880812799150E+0000	 1.14201179764805E-0003
 2.11519999844326E+0000	 1.51606194972298E-0003
 2.12166870168930E+0000	 1.83388759300439E-0003
 2.12820222989637E+0000	 2.07789725030254E-0003
 2.13478370913751E+0000	 2.23298101100352E-0003
 2.14139188584717E+0000	 2.28825658425826E-0003
 2.14800244121268E+0000	 2.23871622811685E-0003
 2.15459007658960E+0000	 2.08627295154494E-0003
 2.16113094829207E+0000	 1.83980646316729E-0003
 2.16760485950922E+0000	 1.51419375944588E-0003
 2.17399680704682E+0000	 1.12865224415988E-0003
 2.18029776462321E+0000	 7.04768147103161E-0004
 2.18650470385550E+0000	 2.64506855371497E-0004
 2.19261992594146E+0000	-1.71500986030322E-0004
 2.19864992737612E+0000	-5.85140780954142E-0004
 2.20460413254560E+0000	-9.61378108949516E-0004
 2.21049377818423E+0000	-1.28832148423853E-0003
 2.21633108451301E+0000	-1.55699538401621E-0003
 2.22212871031007E+0000	-1.76101461850337E-0003
 2.22789941906045E+0000	-1.89627805095418E-0003
 2.23365587154111E+0000	-1.96073049307195E-0003
 2.23941047673265E+0000	-1.95419749556869E-0003
 2.24517525555604E+0000	-1.87827590942747E-0003
 2.25096169222283E+0000	-1.73625406569368E-0003
 2.25678056617049E+0000	-1.53303345269110E-0003
 2.26264177477854E+0000	-1.27502897273377E-0003
 2.26855417019694E+0000	-9.70039701630593E-0004
 2.27452543489470E+0000	-6.27105371698827E-0004
 2.28056200269279E+0000	-2.56386353657108E-0004
 2.28666899632987E+0000	 1.30888811398367E-0004
 2.29285011321073E+0000	 5.22387309141093E-0004
 2.29910737033322E+0000	 9.04578867296114E-0004
 2.30544063646802E+0000	 1.26268295530531E-0003
 2.31184693952019E+0000	 1.58080740982877E-0003
 2.31831962796429E+0000	 1.84244732909078E-0003
 2.32484756896529E+0000	 2.03148420359965E-0003
 2.33141467127871E+0000	 2.13373962458877E-0003
 2.33800009848123E+0000	 2.13896256481625E-0003
 2.34457948443841E+0000	 2.04286161117360E-0003
 2.35112718127362E+0000	 1.84857624621474E-0003
 2.35761915993740E+0000	 1.56701621845859E-0003
 2.36403587489364E+0000	 1.21580433233823E-0003
 2.37036433187957E+0000	 8.17008044799844E-0004
 2.37659883071301E+0000	 3.94290215198100E-0004
 2.38274036788056E+0000	-2.96985910698868E-0005
 2.38879517960536E+0000	-4.35097303358094E-0004
 2.39477305787747E+0000	-8.05660304640492E-0004
 2.40068588615561E+0000	-1.12886431454248E-0003
 2.40654656097453E+0000	-1.39562486168578E-0003
 2.41236827306799E+0000	-1.59987678658190E-0003
 2.41816404841713E+0000	-1.73815749778575E-0003
 2.42394645093608E+0000	-1.80924371697048E-0003
 2.42972737696166E+0000	-1.81384442959698E-0003
 2.43551790212855E+0000	-1.75433334690389E-0003
 2.44132816617237E+0000	-1.63450113700466E-0003
 2.44716729988514E+0000	-1.45931512601124E-0003
 2.45304340870708E+0000	-1.23469016522617E-0003
 2.45896362440789E+0000	-9.67295070803512E-0004
 2.46493421691883E+0000	-6.64435253639125E-0004
 2.47096072739474E+0000	-3.34052138703788E-0004
 2.47704805452022E+0000	 1.51423825957018E-0005
 2.48320041373174E+0000	 3.73417272404059E-0004
 2.48942109932625E+0000	 7.29721759675030E-0004
 2.49571200629477E+0000	 1.07142707944313E-0003
 2.50207290117428E+0000	 1.38422629180470E-0003
 2.50850046662132E+0000	 1.65233075869912E-0003
 2.51498720442565E+0000	 1.85913747001065E-0003
 2.52152041242816E+0000	 1.98856282863698E-0003
 2.52808166121530E+0000	 2.02714283716637E-0003
 2.53464735236547E+0000	 1.96667421789007E-0003
 2.54119078739465E+0000	 1.80668494304070E-0003
 2.54768559187721E+0000	 1.55571099250615E-0003
 2.55410956825403E+0000	 1.23059884406156E-0003
 2.56044764887982E+0000	 8.53892880410145E-0004
 2.56669301378991E+0000	 4.50288166615846E-0004
 2.57284638367515E+0000	 4.34175968524341E-0005
 2.57891424133422E+0000	-3.46241369135471E-0004
 2.58490683703667E+0000	-7.02268765198613E-0004
 2.59083650151974E+0000	-1.01236339167638E-0003
 2.59671642321279E+0000	-1.26797071607749E-0003
 2.60255983666264E+0000	-1.46376150611150E-0003
 2.60837950698403E+0000	-1.59710541402088E-0003
 2.61418740866655E+0000	-1.66759076775925E-0003
 2.61999453202464E+0000	-1.67659683628856E-0003
 2.62581078244525E+0000	-1.62691087289716E-0003
 2.63164495949086E+0000	-1.52238506699682E-0003
 2.63750481351633E+0000	-1.36763992999863E-0003
 2.64339717567372E+0000	-1.16783450762343E-0003
 2.64932814345339E+0000	-9.28532707441031E-0004
 2.65530328377314E+0000	-6.55691508475716E-0004
 2.66132779964630E+0000	-3.55778882043552E-0004
 2.66740660393506E+0000	-3.60040429249977E-0005
 2.67354425454990E+0000	 2.95377506887154E-0004
 2.67974471859270E+0000	 6.28729721161446E-0004
 2.68601093447462E+0000	 9.52720927869660E-0004
 2.69234412769150E+0000	 1.25409479292484E-0003
 2.69874282829832E+0000	 1.51765368996796E-0003
 2.70520159034459E+0000	 1.72668753942766E-0003
 2.71170959903966E+0000	 1.86417698537955E-0003
 2.71824968205861E+0000	 1.91502733465093E-0003
 2.72479853581352E+0000	 1.86917163561536E-0003
 2.73132885434882E+0000	 1.72467022298518E-0003
 2.73781325019064E+0000	 1.48941678325411E-0003
 2.74422873732169E+0000	 1.18038939843288E-0003
 2.75056003970078E+0000	 8.20602681082256E-0004
 2.75680066092878E+0000	 4.35100952481787E-0004
 2.76295191100118E+0000	 4.75110794171245E-0005
 2.76902087018938E+0000	-3.22064146135710E-0004
 2.77501823578163E+0000	-6.57858787081311E-0004
 2.78095655934261E+0000	-9.48399778124417E-0004
 2.78684899309442E+0000	-1.18604081454452E-0003
 2.79270847127587E+0000	-1.36635633910487E-0003
 2.79854720701214E+0000	-1.48753484130077E-0003
 2.80437640554698E+0000	-1.54982372243665E-0003
 2.81020612897670E+0000	-1.55503910581732E-0003
 2.81604527465207E+0000	-1.50614346719361E-0003
 2.82190164427766E+0000	-1.40689637709499E-0003
 2.82778208438842E+0000	-1.26158944014215E-0003
 2.83369267415227E+0000	-1.07487941779473E-0003
 2.83963892821509E+0000	-8.51729371257702E-0004
 2.84562597740757E+0000	-5.97456223643907E-0004
 2.85165869387642E+0000	-3.17870033708332E-0004
 2.85774173786062E+0000	-1.94845891197508E-0005
 2.86387951011269E+0000	 2.90214472880813E-0004
 2.87007598281864E+0000	 6.02446424134191E-0004
 2.87633434741091E+0000	 9.06764608345019E-0004
 2.88265637453258E+0000	 1.19069434162887E-0003
 2.88904137103576E+0000	 1.43954642903259E-0003
 2.89548470995312E+0000	 1.63672936894433E-0003
 2.90197617314134E+0000	 1.76499369254410E-0003
 2.90849876546846E+0000	 1.80891433208628E-0003
 2.91502898502746E+0000	 1.75836148369318E-0003
 2.92153929572466E+0000	 1.61184681179164E-0003
 2.92800250057736E+0000	 1.37812223962590E-0003
 2.93439644663670E+0000	 1.07500224964879E-0003
 2.94070716764779E+0000	 7.25880252801397E-0004
 2.94692957237518E+0000	 3.55556638581655E-0004
 2.95306614708206E+0000	-1.30992259013624E-0005
 2.95912477152677E+0000	-3.61038328038555E-0004
 2.96511655585702E+0000	-6.73653107125876E-0004
 2.97105412869799E+0000	-9.40605875789570E-0004
 2.97695044802163E+0000	-1.15528509141956E-0003
 2.98281804663134E+0000	-1.31415105437813E-0003
 2.98866859328813E+0000	-1.41610009419464E-0003
 2.99451267159762E+0000	-1.46189898543094E-0003
 3.00035970814792E+0000	-1.45370626443030E-0003
 3.00621800294379E+0000	-1.39468470502028E-0003
 3.01209482720016E+0000	-1.28870535278109E-0003
 3.01799655941628E+0000	-1.14014090720159E-0003
 3.02392883448873E+0000	-9.53742302923816E-0004
 3.02989668603475E+0000	-7.34587701138082E-0004
 3.03590467088704E+0000	-4.88091304363079E-0004
 3.04195697428965E+0000	-2.20065682813225E-0004
 3.04805749580308E+0000	 6.31520024061167E-0005
 3.05420989735770E+0000	 3.54479506639611E-0004
 3.06041755082088E+0000	 6.45740373442712E-0004
 3.06668326439928E+0000	 9.27188700881352E-0004
 3.07300862728108E+0000	 1.18700555117023E-0003
 3.07939284005974E+0000	 1.41101528563667E-0003
 3.08583105757634E+0000	 1.58303413516722E-0003
 3.09231260844226E+0000	 1.68632465540048E-0003
 3.09881990340343E+0000	 1.70638549500539E-0003
 3.10532908029961E+0000	 1.63461067156544E-0003
 3.11181296990758E+0000	 1.47146534190858E-0003
 3.11824572874263E+0000	 1.22753891878691E-0003
 3.12460732959091E+0000	 9.21763029413440E-0004
 3.13088615086339E+0000	 5.77648626067691E-0004
 3.13707913579306E+0000	 2.19252365928560E-0004
 3.14319022585092E+0000	-1.31806446233995E-0004
 3.14922815865810E+0000	-4.57894722571647E-0004
 3.15520441723951E+0000	-7.45761693285898E-0004
 3.16113166254271E+0000	-9.86252867821817E-0004
 3.16702267693317E+0000	-1.17372572593606E-0003
 3.17288971982737E+0000	-1.30540019412439E-0003
 3.17874417542420E+0000	-1.38075862878367E-0003
 3.18459639174512E+0000	-1.40104012350235E-0003
 3.19045563576914E+0000	-1.36883858295466E-0003
 3.19633011036710E+0000	-1.28779638782395E-0003
 3.20222699547997E+0000	-1.16237528275274E-0003
 3.20815249193223E+0000	-9.97680060979187E-0004
 3.21411186337772E+0000	-7.99309845803369E-0004
 3.22010948917999E+0000	-5.73219345180205E-0004
 3.22614895375799E+0000	-3.25591363722706E-0004
 3.23223319682394E+0000	-6.27516804226468E-0005
 3.23836472283454E+0000	 2.08810913455460E-0004
 3.24454581247058E+0000	 4.82243456014884E-0004
 3.25077860705010E+0000	 7.49900808808730E-0004
 3.25706488043775E+0000	 1.00273285683945E-0003
 3.26340531249993E+0000	 1.22966713609602E-0003
 3.26979817333199E+0000	 1.41732721783226E-0003
 3.27623755796949E+0000	 1.55054972171080E-0003
 3.28271168690062E+0000	 1.61412314107258E-0003
 3.28920217944859E+0000	 1.59578969339234E-0003
 3.29568524855357E+0000	 1.48978469014016E-0003
 3.30213506620792E+0000	 1.29944829820768E-0003
 3.30852829890689E+0000	 1.03750877515764E-0003
 3.31484799612944E+0000	 7.23784297712266E-0004
 3.32108544095593E+0000	 3.81425066695186E-0004
 3.32723981898426E+0000	 3.32797766074676E-0005
 3.33331652091741E+0000	-3.00598200999305E-0004
 3.33932505562042E+0000	-6.04129954220556E-0004
 3.34527720840682E+0000	-8.65405156337879E-0004
 3.35118568274093E+0000	-1.07632658400157E-0003
 3.35706321631802E+0000	-1.23204203104366E-0003
 3.36292206330864E+0000	-1.33036387069957E-0003
 3.36877371998973E+0000	-1.37127106673465E-0003
 3.37462878922136E+0000	-1.35652329513986E-0003
 3.38049690426392E+0000	-1.28937962388364E-0003
 3.38638665700346E+0000	-1.17439187995330E-0003
 3.39230550117893E+0000	-1.01722898809734E-0003
 3.39825963020501E+0000	-8.24483554804869E-0004
 3.40425386091466E+0000	-6.03420420365959E-0004
 3.41029158246462E+0000	-3.61654384414847E-0004
 3.41637484006133E+0000	-1.06792260080800E-0004
 3.42250459813025E+0000	 1.53867630560603E-0004
 3.42868115669825E+0000	 4.13445211130377E-0004
 3.43490459250382E+0000	 6.65278810161511E-0004
 3.44117500683220E+0000	 9.02387065727139E-0004
 3.44749233771842E+0000	 1.11671369902399E-0003
 3.45385556592498E+0000	 1.29844040182698E-0003
 3.46026131929136E+0000	 1.43578175680534E-0003
 3.46670215967350E+0000	 1.51570924152867E-0003
 3.47316518516143E+0000	 1.52588341417717E-0003
 3.47963182418623E+0000	 1.45759303395443E-0003
 3.48607950738810E+0000	 1.30879693913029E-0003
 3.49248508864093E+0000	 1.08591613844890E-0003
 3.49882885200095E+0000	 8.03400577450085E-0004
 3.50509754550155E+0000	 4.81223909554562E-0004
 3.51128551011809E+0000	 1.41463930107709E-0004
 3.51739403089507E+0000	-1.94739677714110E-0004
 3.52342969184883E+0000	-5.09146348060217E-0004
 3.52940253501360E+0000	-7.87260753844946E-0004
 3.53532450620681E+0000	-1.01838970985328E-0003
 3.54120834676348E+0000	-1.19528806966295E-0003
 3.54706689538953E+0000	-1.31367640442536E-0003
 3.55291268763665E+0000	-1.37179380002439E-0003
 3.55875773123581E+0000	-1.37005678666478E-0003
 3.56461335292116E+0000	-1.31083573866694E-0003
 3.57049003663547E+0000	-1.19832228042590E-0003
 3.57639719998954E+0000	-1.03843473509912E-0003
 3.58234288905470E+0000	-8.38689578605452E-0004
 3.58833341529995E+0000	-6.07959494226264E-0004
 3.59437301145237E+0000	-3.56054468075390E-0004
 3.60046363116177E+0000	-9.31151820648948E-0005
 3.60660502962535E+0000	 1.71099579634757E-0004
 3.61279520198294E+0000	 4.27845484713844E-0004
 3.61903111430155E+0000	 6.69706498308048E-0004
 3.62530949064413E+0000	 8.90414820966853E-0004
 3.63162731773660E+0000	 1.08418533964379E-0003
 3.63798176942637E+0000	 1.24479965508238E-0003
 3.64436943037594E+0000	 1.36484316649816E-0003
 3.65078495520112E+0000	 1.43554951737295E-0003
 3.65721958266483E+0000	 1.44761193705786E-0003
 3.66366016516944E+0000	 1.39303895618308E-0003
 3.67008941505240E+0000	 1.26765491261897E-0003
 3.67648771572910E+0000	 1.07334836044745E-0003
 3.68283611643121E+0000	 8.19038002281109E-0004
 3.68911945261891E+0000	 5.19828536313793E-0004
 3.69532846073828E+0000	 1.94712386950455E-0004
 3.70146035615872E+0000	-1.36214131491323E-0004
 3.70751810500006E+0000	-4.54091422501430E-0004
 3.71350902441744E+0000	-7.42745824044602E-0004
 3.71944330790631E+0000	-9.89280559838255E-0004
 3.72533281899860E+0000	-1.18408549629758E-0003
 3.73119025205532E+0000	-1.32056743485489E-0003
 3.73702861216209E+0000	-1.39482204765293E-0003
 3.74286090884248E+0000	-1.40537200567734E-0003
 3.74869995164121E+0000	-1.35302079657124E-0003
 3.75455814822478E+0000	-1.24082090842259E-0003
 3.76044722313376E+0000	-1.07411788987895E-0003
 3.76637779769283E+0000	-8.60597890447122E-0004
 3.77235880793349E+0000	-6.10232593237527E-0004
 3.77839679967133E+0000	-3.34991527845447E-0004
 3.78449523169338E+0000	-4.82035215132019E-0005
 3.79065401543922E+0000	 2.36467518378919E-0004
 3.79686955639604E+0000	 5.06297087251393E-0004
 3.80313545476936E+0000	 7.50688399353443E-0004
 3.80944375431431E+0000	 9.61845355128184E-0004
 3.81578632628732E+0000	 1.13464342419759E-0003
 3.82215584993869E+0000	 1.26575688804635E-0003
 3.82854600457651E+0000	 1.35244686852663E-0003
 3.83495082409482E+0000	 1.39156734450994E-0003
 3.84136350459334E+0000	 1.37926580712923E-0003
 3.84777518600404E+0000	 1.31160965339072E-0003
 3.85417430081333E+0000	 1.18602910850055E-0003
 3.86054694629720E+0000	 1.00310518877346E-0003
 3.86687836288336E+0000	 7.67989552199486E-0004
 3.87315510044070E+0000	 4.90809239291740E-0004
 3.87936710911349E+0000	 1.85836342018212E-0004
 3.88550905562476E+0000	-1.30239512602022E-0004
 3.89158059342714E+0000	-4.40275171683682E-0004
 3.89758578509611E+0000	-7.28288746932205E-0004
 3.90353210774912E+0000	-9.80459623721729E-0004
 3.90942943402128E+0000	-1.18555571369338E-0003
 3.91528921022503E+0000	-1.33498558827554E-0003
 3.92112388822163E+0000	-1.42268671487532E-0003
 3.92694656714293E+0000	-1.44500466780978E-0003
 3.93277076029078E+0000	-1.40065146599467E-0003
 3.93861019383331E+0000	-1.29077903647910E-0003
 3.94447854463215E+0000	-1.11916537708029E-0003
 3.95038902579703E+0000	-8.92474218110492E-0004
 3.95635373582195E+0000	-6.20500997249588E-0004
 3.96238271944155E+0000	-3.16253460309299E-0004
 3.96848277488166E+0000	 4.35115667299043E-0006
 3.97465620452075E+0000	 3.23407460853756E-0004
 3.98089991260954E+0000	 6.22677533521018E-0004
 3.98720536888055E+0000	 8.85781119484427E-0004
 3.99355977935817E+0000	 1.10030833433921E-0003
 3.99994827964002E+0000	 1.25904498069924E-0003
 4.00635638662677E+0000	 1.35980032614635E-0003
 4.01277177798654E+0000	 1.40400414868245E-0003
 4.01918485801206E+0000	 1.39480420971661E-0003
 4.02558818552261E+0000	 1.33548905914491E-0003
 4.03197527588324E+0000	 1.22875428437432E-0003
 4.03833940550015E+0000	 1.07690629590388E-0003
 4.04467292575461E+0000	 8.82754527973429E-0004
 4.05096734720681E+0000	 6.50740730682709E-0004
 4.05721415511404E+0000	 3.87807943406460E-0004
 4.06340603907008E+0000	 1.03641239600577E-0004
 4.06953807673874E+0000	-1.89809188840475E-0004
 4.07560848679988E+0000	-4.79312460109091E-0004
 4.08161880954827E+0000	-7.51482354572437E-0004
 4.08757362445576E+0000	-9.93726293429925E-0004
 4.09348003760105E+0000	-1.19487473864250E-0003
 4.09934715137640E+0000	-1.34551576856058E-0003
 4.10518563484710E+0000	-1.43814633166754E-0003
 4.11100742089246E+0000	-1.46726023804191E-0003
 4.11682549922934E+0000	-1.42946327803841E-0003
 4.12265374809721E+0000	-1.32367203310407E-0003
 4.12850673300520E+0000	-1.15142710618266E-0003
 4.13439938350468E+0000	-9.17327662330641E-0004
 4.14034643472105E+0000	-6.29556628334298E-0004
 4.14636150093321E+0000	-3.00395485374236E-0004
 4.15245566789153E+0000	 5.34893433590344E-0005
 4.15863561092113E+0000	 4.11353461046106E-0004
 4.16490153277627E+0000	 7.49723728008253E-0004
 4.17124563722008E+0000	 1.04506459582839E-0003
 4.17765213224209E+0000	 1.27743163460355E-0003
 4.18409941577695E+0000	 1.43393789719519E-0003
 4.19056400360675E+0000	 1.51049828170882E-0003
 4.19702465401140E+0000	 1.51105202511291E-0003
 4.20346505806419E+0000	 1.44484646269059E-0003
 4.20987445117015E+0000	 1.32322414813308E-0003
 4.21624660743515E+0000	 1.15716336648446E-0003
 4.22257814851272E+0000	 9.56071873903333E-0004
 4.22886696170126E+0000	 7.27695803393821E-0004
 4.23511116297076E+0000	 4.78718689906619E-0004
 4.24130872057140E+0000	 2.15596353713612E-0004
 4.24745763611865E+0000	-5.47350802314287E-0005
 4.25355645198356E+0000	-3.24493600308210E-0004
 4.25960481962642E+0000	-5.85072419397892E-0004
 4.26560392703782E+0000	-8.27346422712133E-0004
 4.27155670781436E+0000	-1.04209775374156E-0003
 4.27746786922888E+0000	-1.22042290196314E-0003
 4.28334382863729E+0000	-1.35406346191386E-0003
 4.28919263456323E+0000	-1.43567487743419E-0003
 4.29502390613009E+0000	-1.45908039551302E-0003
 4.30084878730643E+0000	-1.41955697067182E-0003
 4.30667989232549E+0000	-1.31418866604782E-0003
 4.31253120628911E+0000	-1.14231706529266E-0003
 4.31841788476844E+0000	-9.06117165504253E-0004
 4.32435585770190E+0000	-6.11317514299761E-0004
 4.33036108627895E+0000	-2.68041638787359E-0004
 4.33644826606058E+0000	 1.08357779494725E-0004
 4.34262877416818E+0000	 4.96800561994726E-0004
 4.34890784502949E+0000	 8.70921337445829E-0004
 4.35528147578765E+0000	 1.20123393180490E-0003
 4.36173435817703E+0000	 1.45946362811217E-0003
 4.36824059177712E+0000	 1.62428458597011E-0003
 4.37476804379699E+0000	 1.68614416836460E-0003
 4.38128497447538E+0000	 1.64860417186272E-0003
 4.38776588835623E+0000	 1.52557596009768E-0003
 4.39419429488911E+0000	 1.33630221693723E-0003
 4.40056226945832E+0000	 1.10064267978534E-0003
 4.40686821340853E+0000	 8.36116927253460E-0004
 4.41311428671470E+0000	 5.56788927750285E-0004
 4.41930434943705E+0000	 2.73400437881418E-0004
 4.42544265384742E+0000	-5.89499640367311E-0006
 4.43153320959086E+0000	-2.74657207642182E-0004
 4.43757963010496E+0000	-5.27401570353606E-0004
 4.44358525751878E+0000	-7.59062514114152E-0004
 4.44955340281665E+0000	-9.64678068183464E-0004
 4.45548760393478E+0000	-1.13923876727173E-0003
 4.46139187187095E+0000	-1.27763746346877E-0003
 4.46727093704686E+0000	-1.37468684170060E-0003
 4.47313051241518E+0000	-1.42521059691187E-0003
 4.47897756727333E+0000	-1.42423528154662E-0003
 4.48482058133301E+0000	-1.36730532084878E-0003
 4.49066973986620E+0000	-1.25092761349035E-0003
 4.49653703517546E+0000	-1.07314431136868E-0003
 4.50243623931557E+0000	-8.34240961465790E-0004
 4.50838268833391E+0000	-5.37612521782737E-0004
 4.51439275811409E+0000	-1.90807249275723E-0004
 4.52048281972657E+0000	 1.93290175065604E-0004
 4.52666737300374E+0000	 5.95343904441039E-0004
 4.53295607995831E+0000	 9.89059140361128E-0004
 4.53934978275846E+0000	 1.34226084960423E-0003
 4.54583653642553E+0000	 1.62071042084109E-0003
 4.55238995168042E+0000	 1.79492418853896E-0003
 4.55897233038148E+0000	 1.84794591399205E-0003
 4.56554264490338E+0000	 1.77998573674915E-0003
 4.57206571541262E+0000	 1.60702627659772E-0003
 4.57851802069770E+0000	 1.35459391626061E-0003
 4.58488850135634E+0000	 1.05061304653586E-0003
 4.59117594650392E+0000	 7.20376858239549E-0004
 4.59738538898672E+0000	 3.84299590037775E-0004
 4.60352503253265E+0000	 5.76615304218667E-0005
 4.60960417460097E+0000	-2.48665182917029E-0004
 4.61563201820218E+0000	-5.27204534710114E-0004
 4.62161710173868E+0000	-7.72925434564298E-0004
 4.62756709692264E+0000	-9.82471862018844E-0004
 4.63348879932179E+0000	-1.15357607692503E-0003
 4.63938821471862E+0000	-1.28460734977760E-0003
 4.64527071086887E+0000	-1.37420510488701E-0003
 4.65114124740985E+0000	-1.42097302439532E-0003
 4.65700470704827E+0000	-1.42325249485818E-0003
 4.66286632865371E+0000	-1.37902726315884E-0003
 4.66873220310391E+0000	-1.28601755501798E-0003
 4.67460976060137E+0000	-1.14199965764809E-0003
 4.68050817022733E+0000	-9.45354552745844E-0004
 4.68643858292502E+0000	-6.95830841281959E-0004
 4.69241415288483E+0000	-3.95512723773445E-0004
 4.69844974116535E+0000	-4.99980846309020E-0005
 4.70456112363689E+0000	 3.30224838122192E-0004
 4.71076340568999E+0000	 7.28324755956019E-0004
 4.71706826646606E+0000	 1.12000983190889E-0003
 4.72347983034127E+0000	 1.47366377486700E-0003
 4.72998975921696E+0000	 1.75315401191864E-0003
 4.73657370968704E+0000	 1.92440395660884E-0003
 4.74319250359585E+0000	 1.96461904493407E-0003
 4.74979977985886E+0000	 1.86977389063009E-0003
 4.75635318524588E+0000	 1.65547689576850E-0003
 4.76282304387392E+0000	 1.35076706257791E-0003
 4.76919487942600E+0000	 9.89249818876193E-0004
 4.77546690846131E+0000	 6.02185461584247E-0004
 4.78164568046125E+0000	 2.15111461941474E-0004
 4.78774216182155E+0000	-1.52799901535679E-0004
 4.79376904867994E+0000	-4.88005489486173E-0004
 4.79973920974262E+0000	-7.81445225749250E-0004
 4.80566489914598E+0000	-1.02745987156085E-0003
 4.81155740911529E+0000	-1.22292629369627E-0003
 4.81742693706025E+0000	-1.36660691241570E-0003
 4.82328254171213E+0000	-1.45864926230460E-0003
 4.82913214171240E+0000	-1.50016130006659E-0003
 4.83498256766629E+0000	-1.49280765726755E-0003
 4.84083971249072E+0000	-1.43841247913198E-0003
 4.84670882798912E+0000	-1.33860539519081E-0003
 4.85259498477026E+0000	-1.19459045018739E-0003
 4.85850365844962E+0000	-1.00713309089954E-0003
 4.86444135196043E+0000	-7.76839532580034E-0004
 4.87041613429981E+0000	-5.04760184037713E-0004
 4.87643797065841E+0000	-1.93311154001958E-0004
 4.88251871177083E+0000	 1.52510233102431E-0004
 4.88867156682224E+0000	 5.23657671555664E-0004
 4.89490979068693E+0000	 9.05434722179890E-0004
 4.90124422145219E+0000	 1.27610899062180E-0003
 4.90767938817270E+0000	 1.60655114505923E-0003
 4.91420853406535E+0000	 1.86227633680388E-0003
 4.92080936026312E+0000	 2.00925417429310E-0003
 4.92744386348756E+0000	 2.02306755267668E-0003
 4.93406488722087E+0000	 1.89752231390378E-0003
 4.94062750219518E+0000	 1.64717947114690E-0003
 4.94709903751477E+0000	 1.30201169924639E-0003
 4.95346293064611E+0000	 8.98128095884461E-0004
 4.95971671296271E+0000	 4.69890142571199E-0004
 4.96586745382974E+0000	 4.57703006663205E-0005
 4.97192743345902E+0000	-3.52631522187652E-0004
 4.97791111804460E+0000	-7.09906735207876E-0004
 4.98383340472508E+0000	-1.01563594677658E-0003
 4.98970874348020E+0000	-1.26324325011606E-0003
 4.99555075690405E+0000	-1.44910158124222E-0003
 5.00137209361803E+0000	-1.57189634885161E-0003
 5.00718435937089E+0000	-1.63218194592821E-0003
 5.01299805053669E+0000	-1.63204663446441E-0003
 5.01882247424472E+0000	-1.57480626056593E-0003
 5.02466568568778E+0000	-1.46466829901970E-0003
 5.03053450595606E+0000	-1.30634599933267E-0003
 5.03643469332176E+0000	-1.10465663507437E-0003
 5.04237131529173E+0000	-8.64195298297125E-0004
 5.04834930715019E+0000	-5.89212520898933E-0004
 5.05437412393553E+0000	-2.83819634477471E-0004
 5.06045232525096E+0000	 4.73994520704377E-0005
 5.06659188934081E+0000	 3.98356608358877E-0004
 5.07280201881112E+0000	 7.60065247530907E-0004
 5.07909215010032E+0000	 1.11904256275331E-0003
 5.08546983170048E+0000	 1.45587577568156E-0003
 5.09193723301085E+0000	 1.74471326991910E-0003
 5.09848659685392E+0000	 1.95493006813046E-0003
 5.10509622607559E+0000	 2.05622900579822E-0003
 5.11173003247256E+0000	 2.02692764031559E-0003
 5.11834319501412E+0000	 1.86207655870270E-0003
 5.12489258426853E+0000	 1.57629897992716E-0003
 5.13134644342440E+0000	 1.19924526255483E-0003
 5.13768851739399E+0000	 7.66924631953065E-0004
 5.14391647213397E+0000	 3.13969112655409E-0004
 5.15003759980615E+0000	-1.30624772759555E-0004
 5.15606456850563E+0000	-5.44624099038922E-0004
 5.16201239399109E+0000	-9.11962118018360E-0004
 5.16789667529218E+0000	-1.22156933217152E-0003
 5.17373272718280E+0000	-1.46624285197429E-0003
 5.17953523085262E+0000	-1.64177364599804E-0003
 5.18531813030691E+0000	-1.74635482000293E-0003
 5.19109460606580E+0000	-1.78021718548191E-0003
 5.19687703177659E+0000	-1.74541608271260E-0003
 5.20267686942567E+0000	-1.64569025497001E-0003
 5.20850449815538E+0000	-1.48631665734821E-0003
 5.21436901001110E+0000	-1.27389603627444E-0003
 5.22027804358660E+0000	-1.01603221182023E-0003
 5.22623775095179E+0000	-7.20921072673998E-0004
 5.23225298262852E+0000	-3.96937880264144E-0004
 5.23832771316268E+0000	-5.23778130925267E-0005
 5.24446562257685E+0000	 3.04472005773082E-0004
 5.25067062825095E+0000	 6.64794816149533E-0004
 5.25694706212012E+0000	 1.01821727729252E-0003
 5.26329912718067E+0000	 1.35144069398892E-0003
 5.26972926934968E+0000	 1.64693063114446E-0003
 5.27623526896799E+0000	 1.88242999389601E-0003
 5.28280641893110E+0000	 2.03243238939502E-0003
 5.28942027382663E+0000	 2.07264145844474E-0003
 5.29604257194928E+0000	 1.98704701909242E-0003
 5.30263235794078E+0000	 1.77466677750008E-0003
 5.30915103053943E+0000	 1.45168893192629E-0003
 5.31557065210408E+0000	 1.04733034177837E-0003
 5.32187747039552E+0000	 5.96176186753463E-0004
 5.32807047187218E+0000	 1.31304766027931E-0004
 5.33415750259070E+0000	-3.19548912822994E-0004
 5.34015138423651E+0000	-7.35022020454051E-0004
 5.34606711968392E+0000	-1.09956110717889E-0003
 5.35192026540280E+0000	-1.40231395598622E-0003
 5.35772615327604E+0000	-1.63605234289991E-0003
 5.36349961481706E+0000	-1.79634597331757E-0003
 5.36925495007271E+0000	-1.88102188883643E-0003
 5.37500597655661E+0000	-1.88986943489260E-0003
 5.38076605863181E+0000	-1.82452982870823E-0003
 5.38654805676999E+0000	-1.68850562403230E-0003
 5.39236416106010E+0000	-1.48722169985266E-0003
 5.39822559791266E+0000	-1.22806155780577E-0003
 5.40414223425652E+0000	-9.20297188572697E-0004
 5.41012215240820E+0000	-5.74843245992580E-0004
 5.41617131774568E+0000	-2.03815255823964E-0004
 5.42229347752516E+0000	 1.80036903753583E-0004
 5.42849037322653E+0000	 5.63840203630714E-0004
 5.43476220500744E+0000	 9.34808135421591E-0004
 5.44110808971789E+0000	 1.27994768499409E-0003
 5.44752608406350E+0000	 1.58525734067822E-0003
 5.45401230456499E+0000	 1.83474672042243E-0003
 5.46055888923903E+0000	 2.01002603733180E-0003
 5.46715115680920E+0000	 2.09152642033840E-0003
 5.47376532803676E+0000	 2.06217858263918E-0003
 5.48036898106752E+0000	 1.91306009540759E-0003
 5.48692569502254E+0000	 1.64845064292074E-0003
 5.49340258153939E+0000	 1.28694581918425E-0003
 5.49977689300003E+0000	 8.57535541791745E-0004
 5.50603859051887E+0000	 3.93018950284649E-0004
 5.51218884397298E+0000	-7.57837878115758E-0005
 5.51823655725113E+0000	-5.23227028541513E-0004
 5.52419492374243E+0000	-9.29639762063297E-0004
 5.53007894249288E+0000	-1.28074636474881E-0003
 5.53590397731598E+0000	-1.56660636878888E-0003
 5.54168509287095E+0000	-1.78058609883673E-0003
 5.54743686340175E+0000	-1.91856959645466E-0003
 5.55317342077750E+0000	-1.97845029773564E-0003
 5.55890858802896E+0000	-1.95987647761288E-0003
 5.56465600088072E+0000	-1.86420446070074E-0003
 5.57042915053532E+0000	-1.69461198076787E-0003
 5.57624129391600E+0000	-1.45632138444440E-0003
 5.58210518438139E+0000	-1.15686897806138E-0003
 5.58803259116457E+0000	-8.06330754352919E-0004
 5.59403361527634E+0000	-4.17384679316485E-0004
 5.60011588304995E+0000	-5.07934663988689E-0006
 5.60628379366770E+0000	 4.13775359995051E-0004
 5.61253806279496E+0000	 8.21549825343896E-0004
 5.61887575771073E+0000	 1.20083188757908E-0003
 5.62529080228818E+0000	 1.53518085211594E-0003
 5.63177459909440E+0000	 1.80928602752772E-0003
 5.63831617583510E+0000	 2.00858206798604E-0003
 5.64490138087931E+0000	 2.11892771042085E-0003
 5.65151128168088E+0000	 2.12735762499615E-0003
 5.65812089629943E+0000	 2.02467991863680E-0003
 5.66470002195376E+0000	 1.80948859143413E-0003
 5.67121719352854E+0000	 1.49151680025187E-0003
 5.67764559991657E+0000	 1.09182498676236E-0003
 5.68396800393829E+0000	 6.39179729267280E-0004
 5.69017838881298E+0000	 1.64557313029265E-0004
 5.69628041130471E+0000	-3.03567470567101E-0004
 5.70228432528615E+0000	-7.41781008353282E-0004
 5.70820397045129E+0000	-1.13230555108446E-0003
 5.71405458922419E+0000	-1.46240988855017E-0003
 5.71985155443647E+0000	-1.72340234976736E-0003
 5.72560979431364E+0000	-1.90964910667583E-0003
 5.73134365792731E+0000	-2.01780870097335E-0003
 5.73706701703339E+0000	-2.04633098222365E-0003
 5.74279346497042E+0000	-1.99520723984740E-0003
 5.74853652036952E+0000	-1.86594087191044E-0003
 5.75430976770245E+0000	-1.66170788733465E-0003
 5.76012687159528E+0000	-1.38767679778670E-0003
 5.76600139459725E+0000	-1.05144589033741E-0003
 5.77194634076781E+0000	-6.63523306854475E-0004
 5.77797335994908E+0000	-2.37718325664116E-0004
 5.78409160812762E+0000	 2.08757410811985E-0004
 5.79030639244198E+0000	 6.55720025165555E-0004
 5.79661792034619E+0000	 1.08114908017647E-0003
 5.80302061734300E+0000	 1.46295798081078E-0003
 5.80950338924470E+0000	 1.78095344090745E-0003
 5.81605076920092E+0000	 2.01829380359814E-0003
 5.82264430932250E+0000	 2.16198003149047E-0003
 5.82926336668988E+0000	 2.20263235033171E-0003
 5.83588497395338E+0000	 2.13450660525631E-0003
 5.84248352746865E+0000	 1.95666614162183E-0003
 5.84903170120008E+0000	 1.67518600205010E-0003
 5.85550342741204E+0000	 1.30490786061833E-0003
 5.86187810664251E+0000	 8.68954622334899E-0004
 5.86814394371354E+0000	 3.95594836688697E-0004
 5.87429882213170E+0000	-8.61256733774263E-0005
 5.88034880614141E+0000	-5.50062473143559E-0004
 5.88630550279390E+0000	-9.74956098071953E-0004
 5.89218349392003E+0000	-1.34483404318119E-0003
 5.89799844675174E+0000	-1.64845679249232E-0003
 5.90376598914187E+0000	-1.87840233429732E-0003
 5.90950119019454E+0000	-2.03015940951427E-0003
 5.91521844028778E+0000	-2.10140052253609E-0003
 5.92093156023203E+0000	-2.09148746354520E-0003
 5.92665401936564E+0000	-2.00120915768104E-0003
 5.93239917987258E+0000	-1.83273647328106E-0003
 5.93818050266029E+0000	-1.58978000566101E-0003
 5.94401164892117E+0000	-1.27794004912554E-0003
 5.94990639408320E+0000	-9.05230501329062E-0004
 5.95587824481432E+0000	-4.82726974679910E-0004
 5.96193963295588E+0000	-2.52201958522012E-0005
 5.96810058904082E+0000	 4.48356410016365E-0004
 5.97436692836533E+0000	 9.15083532798865E-0004
 5.98073825824497E+0000	 1.34920069207314E-0003
 5.98720647315688E+0000	 1.72443490519561E-0003
 5.99375556866494E+0000	 2.01714682009336E-0003
 6.00036319627371E+0000	 2.20925995906250E-0003
 6.00700341183309E+0000	 2.28981710372027E-0003
 6.01364930022474E+0000	 2.25484034169601E-0003
 6.02027445467246E+0000	 2.10636511404245E-0003
 6.02685349564901E+0000	 1.85190638443723E-0003
 6.03336276731813E+0000	 1.50477063156476E-0003
 6.03978209148801E+0000	 1.08437560586539E-0003
 6.04609722917535E+0000	 6.15344173248208E-0004
 6.05230174674905E+0000	 1.25015484135414E-0004
 6.05839724929143E+0000	-3.59759732241408E-0004
 6.06439201483670E+0000	-8.15287443601339E-0004
 6.07029884358610E+0000	-1.22246827178373E-0003
 6.07613296794506E+0000	-1.56705911524501E-0003
 6.08191048131707E+0000	-1.83919365665206E-0003
 6.08764737102416E+0000	-2.03260386272830E-0003
 6.09335904771923E+0000	-2.14383511907149E-0003
 6.09906021605694E+0000	-2.17160034840456E-0003
 6.10476495199754E+0000	-2.11632510139447E-0003
 6.11048688869449E+0000	-1.97989180445251E-0003
 6.11623944181068E+0000	-1.76557895866065E-0003
 6.12203601810731E+0000	-1.47819425596110E-0003
 6.12789014565865E+0000	-1.12440705645425E-0003
 6.13381543957531E+0000	-7.13283356947130E-0004
 6.13982527699904E+0000	-2.56999570099670E-0004
 6.14593201346402E+0000	 2.28360792857622E-0004
 6.15214556747702E+0000	 7.22161215950698E-0004
 6.15847130718957E+0000	 1.19914687607514E-0003
 6.16490749053421E+0000	 1.63054949135319E-0003
 6.17144304669031E+0000	 1.98683414629574E-0003
 6.17805694032655E+0000	 2.24188681763857E-0003
 6.18472008674716E+0000	 2.37734841079554E-0003
 6.19139946754228E+0000	 2.38521080231875E-0003
 6.19806264314441E+0000	 2.26765491641376E-0003
 6.20468078731263E+0000	 2.03490667508632E-0003
 6.21122981153861E+0000	 1.70286156850352E-0003
 6.21769056299452E+0000	 1.29157132055985E-0003
 6.22404920568438E+0000	 8.24365877246495E-0004
 6.23029798896596E+0000	 3.26756446319048E-0004
 6.23643579035035E+0000	-1.75314013362292E-0004
 6.24246781219482E+0000	-6.57527657919545E-0004
 6.24840438573961E+0000	-1.09888081471979E-0003
 6.25425932386914E+0000	-1.48258354359046E-0003
 6.26004833574018E+0000	-1.79617892509706E-0003
 6.26578780952725E+0000	-2.03114719764491E-0003
 6.27149403596211E+0000	-2.18229036888080E-0003
 6.27718280756191E+0000	-2.24710869805987E-0003
