 1.09615968850613E-0003	-1.95064602662384E-0003
 6.82900762886221E-0003	-2.10344681468456E-0003
 1.25462263366228E-0002	-2.17982595536487E-0003
 1.82596847206849E-0002	-2.17986856483680E-0003
 2.39807545940664E-0002	-2.10471331477632E-0003
 2.97204266633185E-0002	-1.95644269837160E-0003
 3.54894310084289E-0002	-1.73801424945173E-0003
 4.12983905600139E-0002	-1.45322622000993E-0003
 4.71580470001138E-0002	-1.10674401250089E-0003
 5.30795915249098E-0002	-7.04263071262877E-0004
 5.90750899355028E-0002	-2.52946361728021E-0004
 6.51578880852603E-0002	 2.37667003235646E-0004
 7.13426918431489E-0002	 7.54072909411497E-0004
 7.76447161762637E-0002	 1.27644973512846E-0003
 8.40769419505084E-0002	 1.77591226705508E-0003
 9.06444401529214E-0002	 2.21280258789398E-0003
 9.73358902668285E-0002	 2.53905062572145E-0003
 1.04115993790262E-0001	 2.70803124604954E-0003
 1.10926510502900E-0001	 2.69076811096172E-0003
 1.17700453904003E-0001	 2.48861086071898E-0003
 1.24381677841744E-0001	 2.13175246429065E-0003
 1.30936358538517E-0001	 1.66567501975960E-0003
 1.37352424389995E-0001	 1.13692307875020E-0003
 1.43632838851314E-0001	 5.85205116889055E-0004
 1.49788823717678E-0001	 4.13370360536588E-0005
 1.55835254957704E-0001	-4.71908461763525E-0004
 1.61788082825894E-0001	-9.38130495939987E-0004
 1.67663062354238E-0001	-1.34570338349635E-0003
 1.73475220337413E-0001	-1.68650354741518E-0003
 1.79238712398676E-0001	-1.95496703695001E-0003
 1.84966879821845E-0001	-2.14742303060420E-0003
 1.90672402502534E-0001	-2.26164618984617E-0003
 1.96367489184808E-0001	-2.29658140364358E-0003
 2.02064069533372E-0001	-2.25220450280258E-0003
 2.07773966266557E-0001	-2.12948937924706E-0003
 2.13509035868133E-0001	-1.93045672238417E-0003
 2.19281276573311E-0001	-1.65828487116778E-0003
 2.25102913443391E-0001	-1.31747296566663E-0003
 2.30986480457106E-0001	-9.14066326133572E-0004
 2.36944920630247E-0001	-4.55990946666945E-0004
 2.42991697562823E-0001	 4.63970548052473E-0005
 2.49140818323736E-0001	 5.79370148153695E-0004
 2.55406455359719E-0001	 1.12428827967032E-0003
 2.61801488269714E-0001	 1.65540183391384E-0003
 2.68333873035724E-0001	 2.13756460614929E-0003
 2.74999867866384E-0001	 2.52583751710613E-0003
 2.81775180620545E-0001	 2.77070202720113E-0003
 2.88609851064103E-0001	 2.83166822974646E-0003
 2.95435466907864E-0001	 2.69450189126820E-0003
 3.02184982153628E-0001	 2.37880969599413E-0003
 3.08811560431189E-0001	 1.92874111430118E-0003
 3.15294185581019E-0001	 1.39571277856889E-0003
 3.21631938713915E-0001	 8.25682184466532E-0004
 3.27835378544004E-0001	 2.54464584638829E-0004
 3.33920030154979E-0001	-2.91893753359406E-0004
 3.39902720613098E-0001	-7.95017215536913E-0004
 3.45799891344714E-0001	-1.24206465986895E-0003
 3.51626987230630E-0001	-1.62406328645731E-0003
 3.57398361332853E-0001	-1.93473156506820E-0003
 3.63127407096081E-0001	-2.16968382037800E-0003
 3.68826783850212E-0001	-2.32591126088832E-0003
 3.74508675305927E-0001	-2.40146511057541E-0003
 3.80185052246676E-0001	-2.39529547142047E-0003
 3.85867922394164E-0001	-2.30721851811998E-0003
 3.91569553970017E-0001	-2.13799605907080E-0003
 3.97302660020707E-0001	-1.88951831246217E-0003
 4.03080530039966E-0001	-1.56508560159070E-0003
 4.08917094064323E-0001	-1.16978981439871E-0003
 4.14826901255361E-0001	-7.11004546692071E-0004
 4.20824986005416E-0001	-1.99008177773148E-0004
 4.26926566713294E-0001	 3.52208155097372E-0004
 4.33146442742602E-0001	 9.23860401973725E-0004
 4.39497766576228E-0001	 1.49093958770230E-0003
 4.45989535591845E-0001	 2.02056786398496E-0003
 4.52621861285795E-0001	 2.47105384998974E-0003
 4.59378679001982E-0001	 2.79409748525101E-0003
 4.66220550718182E-0001	 2.94369740906645E-0003
 4.73084910318176E-0001	 2.89203909894856E-0003
 4.79900047574359E-0001	 2.64343127491396E-0003
 4.86606577131887E-0001	 2.23363056562356E-0003
 4.93170846266816E-0001	 1.71460305843153E-0003
 4.99583959800219E-0001	 1.13774967946285E-0003
 5.05853122503789E-0001	 5.44925670495306E-0004
 5.11993211701532E-0001	-3.31252988455663E-0005
 5.18021478919974E-0001	-5.74875033779919E-0004
 5.23954990006972E-0001	-1.06544935526504E-0003
 5.29809686040823E-0001	-1.49450040940223E-0003
 5.35600226669474E-0001	-1.85470584486182E-0003
 5.41340155526965E-0001	-2.14078418202584E-0003
 5.47042175025470E-0001	-2.34887311173714E-0003
 5.52718445932722E-0001	-2.47615292003747E-0003
 5.58380883740538E-0001	-2.52064162295163E-0003
 5.64041444175756E-0001	-2.48112270667340E-0003
 5.69712394068023E-0001	-2.35718906400755E-0003
 5.75406560726993E-0001	-2.14940103252379E-0003
 5.81137546511491E-0001	-1.85956600703283E-0003
 5.86919885300915E-0001	-1.49115429654571E-0003
 5.92769102007239E-0001	-1.04987095891799E-0003
 5.98701612390198E-0001	-5.44403932634545E-0004
 6.04734365950001E-0001	 1.26398336903475E-0005
 6.10884086932562E-0001	 6.03623189735936E-0004
 6.17165900128896E-0001	 1.20465884710527E-0003
 6.23591024276543E-0001	 1.78446933219999E-0003
 6.30163094561817E-0001	 2.30382881336317E-0003
 6.36872782983212E-0001	 2.71681174936604E-0003
 6.43691531451301E-0001	 2.97610915408206E-0003
 6.50568247901403E-0001	 3.04435084053598E-0003
 6.57435391420483E-0001	 2.90854611474051E-0003
 6.64226017651788E-0001	 2.58760648082164E-0003
 6.70891834758915E-0001	 2.12519600039216E-0003
 6.77410194140460E-0001	 1.57349731461869E-0003
 6.83779390966787E-0001	 9.79785213634801E-0004
 6.90009882416374E-0001	 3.80891385091626E-0004
 6.96117209162326E-0001	-1.96623377422528E-0004
 7.02117980917691E-0001	-7.34137961280740E-0004
 7.08028142370903E-0001	-1.21853853114133E-0003
 7.13862484002955E-0001	-1.64036948335613E-0003
 7.19634703197855E-0001	-1.99260483412092E-0003
 7.25357656025937E-0001	-2.26988646140835E-0003
 7.31043646959591E-0001	-2.46807094939672E-0003
 7.36704707605345E-0001	-2.58397346290521E-0003
 7.42352858421949E-0001	-2.61524490530913E-0003
 7.48000359286691E-0001	-2.56035411730784E-0003
 7.53659952811920E-0001	-2.41867004495045E-0003
 7.59345096677146E-0001	-2.19065359376695E-0003
 7.65070170152200E-0001	-1.87817936209055E-0003
 7.70850623615522E-0001	-1.48501580212528E-0003
 7.76703013850291E-0001	-1.01749719848030E-0003
 7.82644827376053E-0001	-4.85415244686808E-0004
 7.88693937595413E-0001	 9.68724926718390E-0005
 7.94867478141004E-0001	 7.09197255997857E-0004
 8.01179873242874E-0001	 1.32442455400028E-0003
 8.07639799189584E-0001	 1.90784744946045E-0003
 8.14246035509408E-0001	 2.41788835648536E-0003
 8.20982644601401E-0001	 2.80921498139755E-0003
 8.27815014437749E-0001	 3.03950589230259E-0003
 8.34690076217486E-0001	 3.07993494713115E-0003
 8.41544409100041E-0001	 2.92564933644435E-0003
 8.48319147050939E-0001	 2.59886332231313E-0003
 8.54973315653227E-0001	 2.14086858720082E-0003
 8.61487831343935E-0001	 1.59859408526534E-0003
 8.67860953649907E-0001	 1.01427619660027E-0003
 8.74101077951646E-0001	 4.21377324532178E-0004
 8.80221058574142E-0001	-1.55129501588045E-0004
 8.86235006720414E-0001	-6.96846735282805E-0004
 8.92156917387858E-0001	-1.19000990784463E-0003
 8.98000279896325E-0001	-1.62405114619294E-0003
 9.03778099972253E-0001	-1.99067808331049E-0003
 9.09503044785831E-0001	-2.28332082986592E-0003
 9.15187601670588E-0001	-2.49680424180868E-0003
 9.20844228268398E-0001	-2.62715305436217E-0003
 9.26485502108454E-0001	-2.67148571705573E-0003
 9.32124280060572E-0001	-2.62798570641386E-0003
 9.37773870022122E-0001	-2.49595788354858E-0003
 9.43448206356006E-0001	-2.27598750131175E-0003
 9.49162008204762E-0001	-1.97022564379166E-0003
 9.54930883003591E-0001	-1.58282930184313E-0003
 9.60771311410228E-0001	-1.12058461523654E-0003
 9.66700410183921E-0001	-5.93729361653681E-0004
 9.72735317857073E-0001	-1.69487520780988E-0005
 9.78892001824572E-0001	 5.89575987578687E-0004
 9.85183290617210E-0001	 1.19934879689027E-0003
 9.91616063268354E-0001	 1.77945442476949E-0003
 9.98187827039221E-0001	 2.29179633361048E-0003
 1.00488334061171E+0000	 2.69626823273355E-0003
 1.01167242660372E+0000	 2.95618844877279E-0003
 1.01851069955452E+0000	 3.04564539439624E-0003
 1.02534506845344E+0000	 2.95671369542869E-0003
 1.03212375760485E+0000	 2.70247517095883E-0003
 1.03880645416003E+0000	 2.31291504486083E-0003
 1.04536915688097E+0000	 1.82593144024822E-0003
 1.05180268168353E+0000	 1.27895090623341E-0003
 1.05810806027905E+0000	 7.04441312558937E-0004
 1.06429217911446E+0000	 1.28936440530683E-0004
 1.07036495843424E+0000	-4.26240573812657E-0004
 1.07633789054772E+0000	-9.43916701274707E-0004
 1.08222335581771E+0000	-1.41022271340687E-0003
 1.08803427573023E+0000	-1.81402365847750E-0003
 1.09378389155977E+0000	-2.14652949740722E-0003
 1.09948560642860E+0000	-2.40099565647327E-0003
 1.10515288890875E+0000	-2.57247261008531E-0003
 1.11079924483250E+0000	-2.65760265034028E-0003
 1.11643825351786E+0000	-2.65448037260908E-0003
 1.12208365239883E+0000	-2.56259727237590E-0003
 1.12774944519251E+0000	-2.38288852438117E-0003
 1.13345000196014E+0000	-2.11789682573656E-0003
 1.13920011100571E+0000	-1.77206547959335E-0003
 1.14501492869368E+0000	-1.35216804283946E-0003
 1.15090975223262E+0000	-8.67868104847594E-0004
 1.15689951618205E+0000	-3.32369569385106E-0004
 1.16299790107636E+0000	 2.36945414933856E-0004
 1.16921597250383E+0000	 8.18085350318424E-0004
 1.17556037484372E+0000	 1.38450426657092E-0003
 1.18203127643295E+0000	 1.90592559583612E-0003
 1.18862040315095E+0000	 2.35010135375668E-0003
 1.19530951704357E+0000	 2.68555748587813E-0003
 1.20206979710102E+0000	 2.88540947954535E-0003
 1.20886307136102E+0000	 2.93211644920401E-0003
 1.21564604574083E+0000	 2.82184733946119E-0003
 1.22237708047782E+0000	 2.56588128082031E-0003
 1.22902257362643E+0000	 2.18765372099753E-0003
 1.23556002697258E+0000	 1.71720676485425E-0003
 1.24197762371362E+0000	 1.18609732495903E-0003
 1.24827214455635E+0000	 6.24268497384356E-0004
 1.25444679127557E+0000	 5.85817807393019E-0005
 1.26050943046283E+0000	-4.87780974891222E-0004
 1.26647119339119E+0000	-9.95517245877773E-0004
 1.27234531421750E+0000	-1.44915134074676E-0003
 1.27814618459492E+0000	-1.83677464935960E-0003
 1.28388864670791E+0000	-2.14964142247197E-0003
 1.28958752917376E+0000	-2.38170640293372E-0003
 1.29525739640289E+0000	-2.52918527561444E-0003
 1.30091245979542E+0000	-2.59019466036879E-0003
 1.30656659317494E+0000	-2.56450143876052E-0003
 1.31223339943948E+0000	-2.45339040335174E-0003
 1.31792628372531E+0000	-2.25964643621803E-0003
 1.32365849557516E+0000	-1.98764084210978E-0003
 1.32944310612199E+0000	-1.64350763479202E-0003
 1.33529288588258E+0000	-1.23539031698365E-0003
 1.34122004703196E+0000	-7.73728824092517E-0004
 1.34723581750188E+0000	-2.71537690056048E-0004
 1.35334983246661E+0000	 2.55395170030582E-0004
 1.35956936624373E+0000	 7.88467055186363E-0004
 1.36589846392799E+0000	 1.30642294552240E-0003
 1.37233700785645E+0000	 1.78570604717791E-0003
 1.37887962692250E+0000	 2.20099420996616E-0003
 1.38551426819811E+0000	 2.52617524460897E-0003
 1.39222058668044E+0000	 2.73641505697243E-0003
 1.39896919987661E+0000	 2.81184547164953E-0003
 1.40572338658018E+0000	 2.74213647637655E-0003
 1.41244369120264E+0000	 2.52976114095759E-0003
 1.41909377587464E+0000	 2.19009502645469E-0003
 1.42564513944571E+0000	 1.74852650538908E-0003
 1.43207952076442E+0000	 1.23616367324745E-0003
 1.43838912775715E+0000	 6.85578838863051E-0004
 1.44457531385877E+0000	 1.27389236729803E-0004
 1.45064638699749E+0000	-4.11965874047219E-0004
 1.45661521113166E+0000	-9.11223819963225E-0004
 1.46249710442515E+0000	-1.35432701808490E-0003
 1.46830828110119E+0000	-1.72986588339369E-0003
 1.47406485631057E+0000	-2.03028583129566E-0003
 1.47978230789029E+0000	-2.25109358997567E-0003
 1.48547525413326E+0000	-2.39018411948171E-0003
 1.49115742143254E+0000	-2.44732936973695E-0003
 1.49684170727547E+0000	-2.42382476572871E-0003
 1.50254027575859E+0000	-2.32226877966953E-0003
 1.50826464833116E+0000	-2.14644550874196E-0003
 1.51402577050742E+0000	-1.90128294798925E-0003
 1.51983404632178E+0000	-1.59286614940975E-0003
 1.52569933763250E+0000	-1.22849175364965E-0003
 1.53163092697645E+0000	-8.16756888867410E-0004
 1.53763744279688E+0000	-3.67681858445054E-0004
 1.54372674437930E+0000	 1.07123115583417E-0004
 1.54990575119479E+0000	 5.94215213797560E-0004
 1.55618015157651E+0000	 1.07794235317123E-0003
 1.56255381053357E+0000	 1.53989290757010E-0003
 1.56902755106001E+0000	 1.95830086649853E-0003
 1.57559699788427E+0000	 2.30792955336303E-0003
 1.58224965199115E+0000	 2.56139517625257E-0003
 1.58896235331524E+0000	 2.69279592575854E-0003
 1.59570107784026E+0000	 2.68335299132506E-0003
 1.60242446511469E+0000	 2.52705010831905E-0003
 1.60909049072705E+0000	 2.23354910359500E-0003
 1.61566380702985E+0000	 1.82683737984692E-0003
 1.62212094517653E+0000	 1.34023009061142E-0003
 1.62845186377215E+0000	 8.09964596981173E-0004
 1.63465821710779E+0000	 2.69774052325891E-0004
 1.64074992602136E+0000	-2.52291681867528E-0004
 1.64674163849167E+0000	-7.34860427202800E-0004
 1.65264996375129E+0000	-1.16280735532260E-0003
 1.65849167909605E+0000	-1.52618768525568E-0003
 1.66428274699187E+0000	-1.81905514846109E-0003
 1.67003788581102E+0000	-2.03842197717442E-0003
 1.67577047018043E+0000	-2.18344303211563E-0003
 1.68149260333965E+0000	-2.25481888565162E-0003
 1.68721526511518E+0000	-2.25437839300630E-0003
 1.69294848483434E+0000	-2.18479561807319E-0003
 1.69870151869984E+0000	-2.04940422954543E-0003
 1.70448302822200E+0000	-1.85208651896247E-0003
 1.71030126287057E+0000	-1.59722929723337E-0003
 1.71616424877552E+0000	-1.28975226311209E-0003
 1.72207997876736E+0000	-9.35224870956819E-0004
 1.72805658919783E+0000	-5.40096569761197E-0004
 1.73410249363424E+0000	-1.12076364080827E-0004
 1.74022641110846E+0000	 3.39287647443259E-0004
 1.74643715605350E+0000	 8.01775404872950E-0004
 1.75274293813242E+0000	 1.25941625879843E-0003
 1.75914980384715E+0000	 1.69138005161130E-0003
 1.76565890474275E+0000	 2.07145241987508E-0003
 1.77226275196810E+0000	 2.36915043218379E-0003
 1.77894161401016E+0000	 2.55354634918613E-0003
 1.78566225734635E+0000	 2.59985030406301E-0003
 1.79238116813873E+0000	 2.49679473366138E-0003
 1.79905235779246E+0000	 2.25124453829699E-0003
 1.80563679738422E+0000	 1.88718001959587E-0003
 1.81210915159697E+0000	 1.43942995692021E-0003
 1.81845937613377E+0000	 9.45570332232455E-0004
 1.82469003256986E+0000	 4.39562560087591E-0004
 1.83081186777911E+0000	-5.14270106778168E-0005
 1.83683973376124E+0000	-5.07561106879065E-0004
 1.84278970271496E+0000	-9.15413927074321E-0004
 1.84867737828222E+0000	-1.26656426617573E-0003
 1.85451708594510E+0000	-1.55622656472827E-0003
 1.86032161118344E+0000	-1.78212655503632E-0003
 1.86610223899023E+0000	-1.94365720907029E-0003
 1.87186893922234E+0000	-2.04127910831605E-0003
 1.87763061193117E+0000	-2.07611049384633E-0003
 1.88339535285099E+0000	-2.04965815841692E-0003
 1.88917072553549E+0000	-1.96365597888443E-0003
 1.89496403810403E+0000	-1.81999517157017E-0003
 1.90078262384992E+0000	-1.62074511457072E-0003
 1.90663412017868E+0000	-1.36827427987848E-0003
 1.91252673262225E+0000	-1.06548822421281E-0003
 1.91846946067935E+0000	-7.16208801752984E-0004
 1.92447224489975E+0000	-3.25729445163770E-0004
 1.93054595653051E+0000	 9.84071676482677E-0005
 1.93670207538779E+0000	 5.45371932415118E-0004
 1.94295178912656E+0000	 9.99795614753185E-0004
 1.94930415412463E+0000	 1.44056147348411E-0003
 1.95576303625821E+0000	 1.84029760893847E-0003
 1.96232303201236E+0000	 2.16665229919551E-0003
 1.96896558775595E+0000	 2.38646353885782E-0003
 1.97565768166725E+0000	 2.47289726585293E-0003
 1.98235545003159E+0000	 2.41339437657829E-0003
 1.98901280036861E+0000	 2.21435085456268E-0003
 1.99559142254219E+0000	 1.89943324595505E-0003
 2.00206729422802E+0000	 1.50244728167476E-0003
 2.00843148982812E+0000	 1.05892940853079E-0003
 2.01468683661528E+0000	 6.00141089607957E-0004
 2.02084330503174E+0000	 1.50482021709653E-0004
 2.02691409657929E+0000	-2.72579080104285E-0004
 2.03291305513136E+0000	-6.57347241501836E-0004
 2.03885326164122E+0000	-9.96425108743082E-0004
 2.04474644934793E+0000	-1.28536968461728E-0003
 2.05060290752106E+0000	-1.52163784799846E-0003
 2.05643163927285E+0000	-1.70382913901023E-0003
 2.06224063065672E+0000	-1.83117674593167E-0003
 2.06803715583345E+0000	-1.90322690163219E-0003
 2.07382808583459E+0000	-1.91965773773034E-0003
 2.07962019085513E+0000	-1.88020656093018E-0003
 2.08542043400037E+0000	-1.78469165918937E-0003
 2.09123625365436E+0000	-1.63312781719265E-0003
 2.09707582653649E+0000	-1.42594351053058E-0003
 2.10294829648455E+0000	-1.16431433970969E-0003
 2.10886394378483E+0000	-8.50635149518388E-0004
 2.11483424920985E+0000	-4.89164053403562E-0004
 2.12087176300243E+0000	-8.68777363384081E-0005
 2.12698961160189E+0000	 3.45446553693163E-0004
 2.13320037569974E+0000	 7.92008159136950E-0004
 2.13951401695157E+0000	 1.23093853148366E-0003
 2.14593466605891E+0000	 1.63412835097262E-0003
 2.15245662354124E+0000	 1.96897679803404E-0003
 2.15906094186740E+0000	 2.20299515329130E-0003
 2.16571494305211E+0000	 2.31098405219914E-0003
 2.17237665884256E+0000	 2.28227800193709E-0003
 2.17900352148193E+0000	 2.12412033793251E-0003
 2.18556136519025E+0000	 1.85891547844205E-0003
 2.19202943796264E+0000	 1.51709785382135E-0003
 2.19840022542411E+0000	 1.12968976486765E-0003
 2.20467601346983E+0000	 7.23459868256382E-0004
 2.21086476557232E+0000	 3.19120524629167E-0004
 2.21697683359578E+0000	-6.84266457655316E-0005
 2.22302288739805E+0000	-4.28928207089305E-0004
 2.22901287120057E+0000	-7.55441906402125E-0004
 2.23495564889420E+0000	-1.04318061466933E-0003
 2.24085904212093E+0000	-1.28864879078042E-0003
 2.24673005537364E+0000	-1.48906052122104E-0003
 2.25257516760135E+0000	-1.64198205826609E-0003
 2.25840063246281E+0000	-1.74513833711838E-0003
 2.26421276657417E+0000	-1.79633876955956E-0003
 2.27001822145524E+0000	-1.79349737081839E-0003
 2.27582423798530E+0000	-1.73473824328346E-0003
 2.28163887887473E+0000	-1.61858779863193E-0003
 2.28747122916711E+0000	-1.44426151697732E-0003
 2.29333154793054E+0000	-1.21205877187568E-0003
 2.29923134249212E+0000	-9.23887045564074E-0004
 2.30518331144398E+0000	-5.83944951044388E-0004
 2.31120105418431E+0000	-1.99589602897153E-0004
 2.31729837094373E+0000	 2.17629918342838E-0004
 2.32348790249387E+0000	 6.50917233965272E-0004
 2.32977886034202E+0000	 1.07754004516954E-0003
 2.33617382375044E+0000	 1.46922774028498E-0003
 2.34266519013516E+0000	 1.79457813489372E-0003
 2.34923279015586E+0000	 2.02400868122869E-0003
 2.35584473760779E+0000	 2.13640152766581E-0003
 2.36246262267625E+0000	 2.12473566055957E-0003
 2.36904950292683E+0000	 1.99754466743844E-0003
 2.37557695737037E+0000	 1.77529190202888E-0003
 2.38202819693904E+0000	 1.48395350714933E-0003
 2.38839708931732E+0000	 1.14915023460232E-0003
 2.39468501855617E+0000	 7.92697580878515E-0004
 2.40089755294625E+0000	 4.31548620080860E-0004
 2.40704193911255E+0000	 7.82244979189660E-0005
 2.41312560911648E+0000	-2.58149974380623E-0004
 2.41915549826405E+0000	-5.70757085741808E-0004
 2.42513788573534E+0000	-8.54196043472381E-0004
 2.43107851530042E+0000	-1.10385711458432E-0003
 2.43698283450737E+0000	-1.31553244520198E-0003
 2.44285626533847E+0000	-1.48520695424940E-0003
 2.44870446990434E+0000	-1.60897931904658E-0003
 2.45453359950962E+0000	-1.68308177651263E-0003
 2.46035052237887E+0000	-1.70398384619964E-0003
 2.46616302438019E+0000	-1.66857488518063E-0003
 2.47197997438828E+0000	-1.57442573565011E-0003
 2.47781144276069E+0000	-1.42013439111230E-0003
 2.48366875520188E+0000	-1.20576717639526E-0003
 2.48956444950415E+0000	-9.33414969965843E-0004
 2.49551207198015E+0000	-6.07887110054784E-0004
 2.50152569913054E+0000	-2.37547532277941E-0004
 2.50761900638734E+0000	 1.64769914254956E-0004
 2.51380366854640E+0000	 5.80980614133362E-0004
 2.52008695553193E+0000	 9.87558352505189E-0004
 2.52646871507392E+0000	 1.35663583242302E-0003
 2.53293857684123E+0000	 1.65907803272620E-0003
 2.53947490911133E+0000	 1.86953127958447E-0003
 2.54604704314504E+0000	 1.97205707420918E-0003
 2.55262083995579E+0000	 1.96377996658454E-0003
 2.55916545929368E+0000	 1.85451819671180E-0003
 2.56565827312704E+0000	 1.66271780966207E-0003
 2.57208628616545E+0000	 1.41007993064992E-0003
 2.57844466217080E+0000	 1.11728241580710E-0003
 2.58473403287293E+0000	 8.01760797530322E-0004
 2.59095795879681E+0000	 4.77235582836775E-0004
 2.59712113982792E+0000	 1.54228103355628E-0004
 2.60322841574373E+0000	-1.59075286427927E-0004
 2.60928436441103E+0000	-4.55985173917498E-0004
 2.61529327155390E+0000	-7.30656249276946E-0004
 2.62125929362749E+0000	-9.77649828916375E-0004
 2.62718670122985E+0000	-1.19168394112071E-0003
 2.63308014397250E+0000	-1.36753149815972E-0003
 2.63894490787607E+0000	-1.50003634283670E-0003
 2.64478714757931E+0000	-1.58422780756438E-0003
 2.65061407910327E+0000	-1.61551956747069E-0003
 2.65643412231299E+0000	-1.58998074260341E-0003
 2.66225698600902E+0000	-1.50467154794564E-0003
 2.66809368869159E+0000	-1.35804432907832E-0003
 2.67395649956388E+0000	-1.15042164754069E-0003
 2.67985876281178E+0000	-8.84570849447255E-0004
 2.68581453044050E+0000	-5.66388977833835E-0004
 2.69183787756345E+0000	-2.05674824107497E-0004
 2.69794172860656E+0000	 1.83129139304246E-0004
 2.70413603687124E+0000	 5.80512160523252E-0004
 2.71042532875147E+0000	 9.62291575443742E-0004
 2.71680604062183E+0000	 1.30144925972110E-0003
 2.72326467577533E+0000	 1.57175182390171E-0003
 2.72977815948708E+0000	 1.75260334821973E-0003
 2.73631719062523E+0000	 1.83339671871262E-0003
 2.74285176144166E+0000	 1.81524661154596E-0003
 2.74935652832600E+0000	 1.70922553456443E-0003
 2.75581386046127E+0000	 1.53224839721310E-0003
 2.76221402623235E+0000	 1.30275106182379E-0003
 2.76855349049345E+0000	 1.03770129230883E-0003
 2.77483266532599E+0000	 7.51273216282171E-0004
 2.78105399395767E+0000	 4.54745137568913E-0004
 2.78722066980520E+0000	 1.57027048752875E-0004
 2.79333595130936E+0000	-1.34617896664145E-0004
 2.79940291783451E+0000	-4.13896746282266E-0004
 2.80542451095916E+0000	-6.74956780401566E-0004
 2.81140374156764E+0000	-9.12029845905535E-0004
 2.81734398047782E+0000	-1.11924729898840E-0003
 2.82324927493295E+0000	-1.29061267812858E-0003
 2.82912464546809E+0000	-1.42011480200579E-0003
 2.83497632671180E+0000	-1.50195668157045E-0003
 2.84081192914266E+0000	-1.53086928802058E-0003
 2.84664051508693E+0000	-1.50248127101558E-0003
 2.85247259329877E+0000	-1.41372820869850E-0003
 2.85832003514928E+0000	-1.26330293406268E-0003
 2.86419589885640E+0000	-1.05216384519001E-0003
 2.87011411636084E+0000	-7.84121974875730E-0004
 2.87608895288457E+0000	-4.66508157992442E-0004
 2.88213410237054E+0000	-1.10861161951519E-0004
 2.88826126432325E+0000	 2.66543401756612E-0004
 2.89447812522001E+0000	 6.44683282479333E-0004
 2.90078593021062E+0000	 9.98822475437511E-0004
 2.90717730469655E+0000	 1.30305876863752E-0003
 2.91363545786419E+0000	 1.53433299764237E-0003
 2.92013584145883E+0000	 1.67685731739592E-0003
 2.92665031278650E+0000	 1.72512102972152E-0003
 2.93315232757869E+0000	 1.68399420205119E-0003
 2.93962100194717E+0000	 1.56602280061221E-0003
 2.94604273764192E+0000	 1.38747872572934E-0003
 2.95241061415624E+0000	 1.16490157513988E-0003
 2.95872262021242E+0000	 9.12998150201967E-0004
 2.96497973248935E+0000	 6.43857298293786E-0004
 2.97118437432232E+0000	 3.67035387128646E-0004
 2.97733939111408E+0000	 9.00777042639851E-0005
 2.98344749427148E+0000	-1.80812710105359E-0004
 2.98951107808534E+0000	-4.40123973344717E-0004
 2.99553231538710E+0000	-6.82496174125729E-0004
 3.00151344542495E+0000	-9.02350566978754E-0004
 3.00745716998334E+0000	-1.09371890078151E-0003
 3.01336707381490E+0000	-1.25027957240196E-0003
 3.01924799252478E+0000	-1.36557791252241E-0003
 3.02510627295766E+0000	-1.43338201615046E-0003
 3.03094990417526E+0000	-1.44811600738293E-0003
 3.03678852701021E+0000	-1.40532480198352E-0003
 3.04263334309865E+0000	-1.30215111504910E-0003
 3.04849693512263E+0000	-1.13783307244095E-0003
 3.05439298136129E+0000	-9.14247077211393E-0004
 3.06033580494702E+0000	-6.36515753028851E-0004
 3.06633964923927E+0000	-3.13663022721939E-0004
 3.07241753401601E+0000	 4.07886625067482E-0005
 3.07857956681803E+0000	 4.08531112995163E-0004
 3.08483073621611E+0000	 7.66923603473445E-0004
 3.09116856927813E+0000	 1.09070078986407E-0003
 3.09758152952724E+0000	 1.35520341389919E-0003
 3.10404930508843E+0000	 1.54065176307480E-0003
 3.11054564948773E+0000	 1.63601769244937E-0003
 3.11704311770538E+0000	 1.64073808980010E-0003
 3.12351782585812E+0000	 1.56348625814015E-0003
 3.12995241924737E+0000	 1.41883292139540E-0003
 3.13633667709901E+0000	 1.22348859675043E-0003
 3.14266639857589E+0000	 9.93434893260284E-0004
 3.14894158838192E+0000	 7.42350668483122E-0004
 3.15516467910732E+0000	 4.81116159568027E-0004
 3.16133912103368E+0000	 2.18007633631015E-0004
 3.16746841749506E+0000	-4.07352214909556E-0005
 3.17355558680517E+0000	-2.90182662869849E-0004
 3.17960300467539E+0000	-5.25977402212324E-0004
 3.18561256602853E+0000	-7.43701936481011E-0004
 3.19158608409469E+0000	-9.38442554661181E-0004
 3.19752582075677E+0000	-1.10460966910427E-0003
 3.20343502898253E+0000	-1.23602707594691E-0003
 3.20931840091520E+0000	-1.32624995143407E-0003
 3.21518235586039E+0000	-1.36903407047138E-0003
 3.22103515399884E+0000	-1.35887378168421E-0003
 3.22688685971625E+0000	-1.29155215425011E-0003
 3.23274918791456E+0000	-1.16468616551370E-0003
 3.23863524725961E+0000	-9.78283084333282E-0004
 3.24455915401110E+0000	-7.35337517233493E-0004
 3.25053543826758E+0000	-4.42482006626102E-0004
 3.25657811385478E+0000	-1.10645189897956E-0004
 3.26269926177041E+0000	 2.44444673491687E-0004
 3.26890704387376E+0000	 6.02245645681662E-0004
 3.27520330286992E+0000	 9.38377563212097E-0004
 3.28158135279603E+0000	 1.22706314479488E-0003
 3.28802504125256E+0000	 1.44504333955141E-0003
 3.29451017328290E+0000	 1.57603318762354E-0003
 3.30100846800913E+0000	 1.61395290874209E-0003
 3.30749274111080E+0000	 1.56340089315711E-0003
 3.31394123083895E+0000	 1.43727836722046E-0003
 3.32033967292569E+0000	 1.25293611373607E-0003
 3.32668112728315E+0000	 1.02850951727597E-0003
 3.33296444463246E+0000	 7.80391528198507E-0004
 3.33919230559949E+0000	 5.21969176592501E-0004
 3.34536940559087E+0000	 2.63334209879524E-0004
 3.35150102567065E+0000	 1.16199444801417E-0005
 3.35759205190561E+0000	-2.28306982995962E-0004
 3.36364643753491E+0000	-4.52994541879345E-0004
 3.36966707615302E+0000	-6.59543756370882E-0004
 3.37565603143837E+0000	-8.44867104547216E-0004
 3.38161503666195E+0000	-1.00517683339290E-0003
 3.38754614103577E+0000	-1.13577667612307E-0003
 3.39345236057991E+0000	-1.23117096128097E-0003
 3.39933820835650E+0000	-1.28543914245982E-0003
 3.40521003095642E+0000	-1.29278094915624E-0003
 3.41107613962018E+0000	-1.24813605445387E-0003
 3.41694676557800E+0000	-1.14781582502002E-0003
 3.42283387528948E+0000	-9.90130368529552E-0004
 3.42875085472730E+0000	-7.76028919537462E-0004
 3.43471202318835E+0000	-5.09780363181769E-0004
 3.44073187854146E+0000	-1.99691513196413E-0004
 3.44682392616614E+0000	 1.41221167665504E-0004
 3.45299894384288E+0000	 4.94838746961592E-0004
 3.45926266095527E+0000	 8.38254897691037E-0004
 3.46561317144711E+0000	 1.14536428848439E-0003
 3.47203893848694E+0000	 1.39012202017799E-0003
 3.47851866114092E+0000	 1.55115187943802E-0003
 3.48502394200439E+0000	 1.61628198011310E-0003
 3.49152434759159E+0000	 1.58500169697678E-0003
 3.49799295212237E+0000	 1.46765460922513E-0003
 3.50441020744899E+0000	 1.28196111733678E-0003
 3.51076518654427E+0000	 1.04865051894679E-0003
 3.51705466485565E+0000	 7.87797207294066E-0004
 3.52328110299822E+0000	 5.16540835704587E-0004
 3.52945042947231E+0000	 2.48119715825496E-0004
 3.53557011651577E+0000	-8.15289717363745E-0006
 3.54164772835427E+0000	-2.46340429676838E-0004
 3.54768996162961E+0000	-4.63035730689333E-0004
 3.55370214223203E+0000	-6.56398446466524E-0004
 3.55968813215492E+0000	-8.25209050751215E-0004
 3.56565059312766E+0000	-9.68052870574370E-0004
 3.57159152951733E+0000	-1.08273886585915E-0003
 3.57751299480154E+0000	-1.16603223640380E-0003
 3.58341781893847E+0000	-1.21372527156022E-0003
 3.58931022365318E+0000	-1.22100346826319E-0003
 3.59519624034927E+0000	-1.18301619239565E-0003
 3.60108390596734E+0000	-1.09555431598600E-0003
 3.60698325471697E+0000	-9.55766737374064E-0004
 3.61290613126780E+0000	-7.62891128191646E-0004
 3.61886582391358E+0000	-5.19007459966054E-0004
 3.62487646420534E+0000	-2.29826926371958E-0004
 3.63095207778056E+0000	 9.45130928256778E-0005
 3.63710512745256E+0000	 4.38783776910326E-0004
 3.64334442129399E+0000	 7.82444824767554E-0004
 3.64967246012184E+0000	 1.10039563576451E-0003
 3.65608275221757E+0000	 1.36529962874620E-0003
 3.66255822650704E+0000	 1.55172294651364E-0003
 3.66907213864812E+0000	 1.64134031252015E-0003
 3.67559210881513E+0000	 1.62729372373855E-0003
 3.68208620516215E+0000	 1.51560028787160E-0003
 3.68852863772083E+0000	 1.32292951558966E-0003
 3.69490297774488E+0000	 1.07203251988475E-0003
 3.70120243916042E+0000	 7.86927784659945E-0004
 3.70742812543330E+0000	 4.89333484119673E-0004
 3.71358648798969E+0000	 1.96759206830124E-0004
 3.71968688458143E+0000	-7.80386189634613E-0005
 3.72573963897097E+0000	-3.26737189719360E-0004
 3.73175467590882E+0000	-5.44681602333033E-0004
 3.73774066479987E+0000	-7.29936709270687E-0004
 3.74370458317314E+0000	-8.82298979500471E-0004
 3.74965163631471E+0000	-1.00235020215317E-0003
 3.75558549211449E+0000	-1.09062484796380E-0003
 3.76150878381013E+0000	-1.14697417615579E-0003
 3.76742379884738E+0000	-1.17020864190046E-0003
 3.77333323455866E+0000	-1.15806634302094E-0003
 3.77924089048728E+0000	-1.10749761600382E-0003
 3.78515219349256E+0000	-1.01520301307855E-0003
 3.79107449973044E+0000	-8.78338904129170E-0004
 3.79701715961929E+0000	-6.95316389807441E-0004
 3.80299134669149E+0000	-4.66650017002369E-0004
 3.80900963188807E+0000	-1.95839214320331E-0004
 3.81508523770743E+0000	 1.09737154485652E-0004
 3.82123085095193E+0000	 4.37988069160699E-0004
 3.82745684885246E+0000	 7.71542755775037E-0004
 3.83376887562520E+0000	 1.08784927810994E-0003
 3.84016499732899E+0000	 1.36052766359840E-0003
 3.84663320615286E+0000	 1.56252030773353E-0003
 3.85315061959011E+0000	 1.67098716275004E-0003
 3.85968569823768E+0000	 1.67270563399925E-0003
 3.86620359895232E+0000	 1.56770607794703E-0003
 3.87267287558036E+0000	 1.36923727358958E-0003
 3.87907079108024E+0000	 1.10008059424235E-0003
 3.88538548212354E+0000	 7.87132947812755E-0004
 3.89161510882777E+0000	 4.56516397419817E-0004
 3.89776531318724E+0000	 1.30449537644947E-0004
 3.90384633695476E+0000	-1.74064024188742E-0004
 3.90987058118765E+0000	-4.45276818395143E-0004
 3.91585084125478E+0000	-6.76068479603700E-0004
 3.92179915178294E+0000	-8.63059413348804E-0004
 3.92772608935870E+0000	-1.00567687251114E-0003
 3.93364040613246E+0000	-1.10524973515271E-0003
 3.93954892708774E+0000	-1.16415271183260E-0003
 3.94545669130779E+0000	-1.18502288673132E-0003
 3.95136732995871E+0000	-1.17010131695102E-0003
 3.95728364890913E+0000	-1.12077744472465E-0003
 3.96320833973676E+0000	-1.03741054437845E-0003
 3.96914470683742E+0000	-9.19466423144562E-0004
 3.97509729056159E+0000	-7.65955684662178E-0004
 3.98107228763974E+0000	-5.76116419716142E-0004
 3.98707770395099E+0000	-3.50265099195341E-0004
 3.99312319844925E+0000	-9.07431055172658E-0005
 3.99921957545202E+0000	 1.97105413148253E-0004
 4.00537785647638E+0000	 5.04003599137701E-0004
 4.01160783563489E+0000	 8.16005037668172E-0004
 4.01791604528370E+0000	 1.11422593868711E-0003
 4.02430320989621E+0000	 1.37548923115415E-0003
 4.03076162112561E+0000	 1.57440857648378E-0003
 4.03727338823520E+0000	 1.68720931557782E-0003
 4.04381087970363E+0000	 1.69681063917201E-0003
 4.05034026490921E+0000	 1.59755703232191E-0003
 4.05682759322696E+0000	 1.39739026028458E-0003
 4.06324517080196E+0000	 1.11617743435061E-0003
 4.06957568544296E+0000	 7.80981915783691E-0004
 4.07581298315943E+0000	 4.20534119224595E-0004
 4.08196022846306E+0000	 6.09285242935687E-0005
 4.08802697226296E+0000	-2.76693110079938E-0004
 4.09402634277138E+0000	-5.76780253458278E-0004
 4.09997290132812E+0000	-8.29017283620179E-0004
 4.10588120834093E+0000	-1.02755157699071E-0003
 4.11176493299278E+0000	-1.17014077848012E-0003
 4.11763631678954E+0000	-1.25735183968144E-0003
 4.12350585772203E+0000	-1.29182821864061E-0003
 4.12938215477253E+0000	-1.27759903080432E-0003
 4.13527191038749E+0000	-1.21941202765843E-0003
 4.14118011605383E+0000	-1.12210873582855E-0003
 4.14711043783681E+0000	-9.90102453036107E-0004
 4.15306578000615E+0000	-8.27046467043833E-0004
 4.15904895204021E+0000	-6.35775730522423E-0004
 4.16506331957380E+0000	-4.18568188652047E-0004
 4.17111330129352E+0000	-1.77714680459592E-0004
 4.17720458544346E+0000	 8.36704244520960E-0005
 4.18334396949971E+0000	 3.60706551029516E-0004
 4.18953875690340E+0000	 6.45807445672733E-0004
 4.19579566927361E+0000	 9.27910204487721E-0004
 4.20211926879720E+0000	 1.19209048865884E-0003
 4.20850997292966E+0000	 1.41985396780597E-0003
 4.21496192615365E+0000	 1.59044217050617E-0003
 4.22146128354005E+0000	 1.68341394566374E-0003
 4.22798576666616E+0000	 1.68241593481235E-0003
 4.23450638841067E+0000	 1.57936449426178E-0003
 4.24099161169345E+0000	 1.37750913242923E-0003
 4.24741291236083E+0000	 1.09178256544574E-0003
 4.25374965835267E+0000	 7.45993186681599E-0004
 4.25999150107506E+0000	 3.68094492747586E-0004
 4.26613795255896E+0000	-1.44613246929837E-0005
 4.27219616035664E+0000	-3.77888584311532E-0004
 4.27817820183786E+0000	-7.03490872276632E-0004
 4.28409875933082E+0000	-9.77813421033518E-0004
 4.28997346051961E+0000	-1.19214236084423E-0003
 4.29581781704537E+0000	-1.34179920199070E-0003
 4.30164657536535E+0000	-1.42545994649963E-0003
 4.30747330460879E+0000	-1.44456957352940E-0003
 4.31331010404732E+0000	-1.40283611395547E-0003
 4.31916737697341E+0000	-1.30575584676303E-0003
 4.32505367204658E+0000	-1.16012472623629E-0003
 4.33097562979083E+0000	-9.73519462921886E-0004
 4.33693808401824E+0000	-7.53775258661250E-0004
 4.34294434918030E+0000	-5.08533230855616E-0004
 4.34899667437946E+0000	-2.44960310628661E-0004
 4.35509677544085E+0000	 3.02627348740332E-0005
 4.36124629560899E+0000	 3.10643881288376E-0004
 4.36744702469071E+0000	 5.89321326160520E-0004
 4.37370074167869E+0000	 8.58384720544984E-0004
 4.38000862717421E+0000	 1.10827903779741E-0003
 4.38637029312361E+0000	 1.32750848880168E-0003
 4.39278257196675E+0000	 1.50282711354824E-0003
 4.39923827896108E+0000	 1.62004354279900E-0003
 4.40572521854400E+0000	 1.66550211817477E-0003
 4.41222578710305E+0000	 1.62821799669763E-0003
 4.41871762750594E+0000	 1.50244328165407E-0003
 4.42517573285321E+0000	 1.29004146416025E-0003
 4.43157589772838E+0000	 1.00166506758327E-0003
 4.43789857422185E+0000	 6.55902623300552E-0004
 4.44413171966599E+0000	 2.76484738194267E-0004
 4.45027170442043E+0000	-1.11356323449888E-0004
 4.45632239627917E+0000	-4.84056753679662E-0004
 4.46229325912139E+0000	-8.21690764435108E-0004
 4.46819733050697E+0000	-1.10874412024030E-0003
 4.47404957247554E+0000	-1.33408683808288E-0003
 4.47986571951481E+0000	-1.49057063510559E-0003
 4.48566154111082E+0000	-1.57454213180992E-0003
 4.49145237288638E+0000	-1.58541519444495E-0003
 4.49725278220643E+0000	-1.52534119342064E-0003
 4.50307627257552E+0000	-1.39895584639471E-0003
 4.50893497414237E+0000	-1.21315227201430E-0003
 4.51483930888865E+0000	-9.76821351413043E-0004
 4.52079765729764E+0000	-7.00508944408380E-0004
 4.52681608442615E+0000	-3.95966401986282E-0004
 4.53289819613213E+0000	-7.56162236264805E-0005
 4.53904517481810E+0000	 2.47992785568905E-0004
 4.54525598223074E+0000	 5.62636040261985E-0004
 4.55152763842204E+0000	 8.56690414684861E-0004
 4.55785544549346E+0000	 1.11924623543614E-0003
 4.56423306828149E+0000	 1.34016000156862E-0003
 4.57065249499218E+0000	 1.51018296041197E-0003
 4.57710399066152E+0000	 1.62122519189179E-0003
 4.58357613498612E+0000	 1.66670056402405E-0003
 4.59005591999426E+0000	 1.64187741689845E-0003
 4.59652882770208E+0000	 1.54428728308627E-0003
 4.60297895714971E+0000	 1.37436916813284E-0003
 4.60938952501154E+0000	 1.13640443195946E-0003
 4.61574409205119E+0000	 8.39409594898110E-0004
 4.62202847226899E+0000	 4.97356829281566E-0004
 4.62823273117545E+0000	 1.28276668632067E-0004
 4.63435249580606E+0000	-2.47603758562565E-0004
 4.64038916483773E+0000	-6.10032687179842E-0004
 4.64634917087486E+0000	-9.40539400519377E-0004
 4.65224276860912E+0000	-1.22354431451005E-0003
 4.65808279801426E+0000	-1.44681261337300E-0003
 4.66388367300193E+0000	-1.60147548151044E-0003
 4.66966065550827E+0000	-1.68185456548892E-0003
 4.67542936415102E+0000	-1.68525651211760E-0003
 4.68120542598964E+0000	-1.61182601970654E-0003
 4.68700417810897E+0000	-1.46448536639072E-0003
 4.69284033911071E+0000	-1.24894697189221E-0003
 4.69872758888676E+0000	-9.73755544491988E-0004
 4.70467801822754E+0000	-6.50291142606475E-0004
 4.71070144336417E+0000	-2.92643530533532E-0004
 4.71680462910606E+0000	 8.27400850922078E-0005
 4.72299052242959E+0000	 4.57712393020670E-0004
 4.72925764440505E+0000	 8.13410474598682E-0004
 4.73559979520730E+0000	 1.13151111422339E-0003
 4.74200619335030E+0000	 1.39563501503687E-0003
 4.74846212922779E+0000	 1.59273619240218E-0003
 4.75495017212875E+0000	 1.71425458111183E-0003
 4.76145185416715E+0000	 1.75672372800167E-0003
 4.76794950536226E+0000	 1.72153805873013E-0003
 4.77442767922636E+0000	 1.61386053463170E-0003
 4.78087368264968E+0000	 1.44110736558587E-0003
 4.78727718271085E+0000	 1.21171142701818E-0003
 4.79362938630238E+0000	 9.34668236979879E-0004
 4.79992247141472E+0000	 6.19844482187331E-0004
 4.80614968591443E+0000	 2.78571759981012E-0004
 4.81230605166248E+0000	-7.60500065425508E-0005
 4.81838925738459E+0000	-4.29451616759514E-0004
 4.82440028850365E+0000	-7.66420282719739E-0004
 4.83034356793710E+0000	-1.07213225477521E-0003
 4.83622665436214E+0000	-1.33307272404881E-0003
 4.84205969403238E+0000	-1.53767682745605E-0003
 4.84785482443495E+0000	-1.67668782406045E-0003
 4.85362565187268E+0000	-1.74332020347144E-0003
 4.85938684140514E+0000	-1.73333555736492E-0003
 4.86515379895376E+0000	-1.64511932052732E-0003
 4.87094239308346E+0000	-1.47981470031818E-0003
 4.87676864763731E+0000	-1.24153870431283E-0003
 4.88264832673731E+0000	-9.37674272212909E-0004
 4.88859632798579E+0000	-5.79195717931890E-0004
 4.89462580441723E+0000	-1.80934519420883E-0004
 4.90074696744705E+0000	 2.38372488370283E-0004
 4.90696560452818E+0000	 6.56475274744097E-0004
 4.91328149003924E+0000	 1.04869061896858E-0003
 4.91968705576099E+0000	 1.38984473416703E-0003
 4.92616684960435E+0000	 1.65703804503594E-0003
 4.93269833987503E+0000	 1.83283354412598E-0003
 4.93925438116023E+0000	 1.90804833720670E-0003
 4.94580704602217E+0000	 1.88308221221809E-0003
 4.95233172384516E+0000	 1.76703201876830E-0003
 4.95881001057173E+0000	 1.57481646585069E-0003
 4.96523046809379E+0000	 1.32354719440178E-0003
 4.97158746188957E+0000	 1.02959247234888E-0003
 4.97787908987630E+0000	 7.07120424691636E-0004
 4.98410525858232E+0000	 3.68042895491311E-0004
 4.99026650888524E+0000	 2.27753292333212E-0005
 4.99636368249171E+0000	-3.18832522301965E-0004
 5.00239819047991E+0000	-6.46837421386761E-0004
 5.00837253583742E+0000	-9.50983696103879E-0004
 5.01429079899523E+0000	-1.22087365449061E-0003
 5.02015893186571E+0000	-1.44636806150441E-0003
 5.02598483781119E+0000	-1.61805554471741E-0003
 5.03177829298956E+0000	-1.72768887469879E-0003
 5.03755078349383E+0000	-1.76855517241119E-0003
 5.04331531397116E+0000	-1.73579647834085E-0003
 5.04908621073999E+0000	-1.62672087106752E-0003
 5.05487890938300E+0000	-1.44114885202230E-0003
 5.06070968650431E+0000	-1.18183215769613E-0003
 5.06659526567748E+0000	-8.54964359299990E-0004
 5.07255219715167E+0000	-4.70769424144453E-0004
 5.07859588521216E+0000	-4.40947072295654E-0005
 5.08473913650876E+0000	 4.05163327352904E-0004
 5.09099016858581E+0000	 8.52107172527639E-0004
 5.09735020579672E+0000	 1.26779537877844E-0003
 5.10381112930845E+0000	 1.62155629458344E-0003
 5.11035406493692E+0000	 1.88483801758135E-0003
 5.11695003458532E+0000	 2.03610838421020E-0003
 5.12356345364374E+0000	 2.06538981959407E-0003
 5.13015805102750E+0000	 1.97643272736561E-0003
 5.13670320972159E+0000	 1.78517541816926E-0003
 5.14317815703205E+0000	 1.51505034031340E-0003
 5.14957268844067E+0000	 1.19138374014497E-0003
 5.15588509236953E+0000	 8.37129144766536E-0004
 5.16211896432898E+0000	 4.70842880148075E-0004
 5.16828032607165E+0000	 1.06550644152636E-0004
 5.17437569024771E+0000	-2.45327295536395E-0004
 5.18041111015230E+0000	-5.76724050143565E-0004
 5.18639198018207E+0000	-8.80796773774021E-0004
 5.19232329665560E+0000	-1.15112328690671E-0003
 5.19821012994874E+0000	-1.38126688254493E-0003
 5.20405813112920E+0000	-1.56466298138734E-0003
 5.20987396965956E+0000	-1.69474519375701E-0003
 5.21566565849251E+0000	-1.76522792200373E-0003
 5.22144276200109E+0000	-1.77048271046145E-0003
 5.22721650015157E+0000	-1.70597313896577E-0003
 5.23299976265755E+0000	-1.56873937409847E-0003
 5.23880703353873E+0000	-1.35794388000162E-0003
 5.24465420167954E+0000	-1.07550130380672E-0003
 5.25055819693585E+0000	-7.26813599164247E-0004
 5.25653634517153E+0000	-3.21606540840115E-0004
 5.26260528750445E+0000	 1.25200427309342E-0004
 5.26877928558860E+0000	 5.92782485882292E-0004
 5.27506779452492E+0000	 1.05423581785785E-0003
 5.28147241672927E+0000	 1.47752542840224E-0003
 5.28798381733331E+0000	 1.82819712809880E-0003
 5.29457978957148E+0000	 2.07415128718562E-0003
 5.30122601758800E+0000	 2.19183774803247E-0003
 5.30788057600029E+0000	 2.17193075354771E-0003
 5.31450149140973E+0000	 2.02181203397251E-0003
 5.32105458778173E+0000	 1.76322109334982E-0003
 5.32751829934508E+0000	 1.42608139959554E-0003
 5.33388404691577E+0000	 1.04156725333139E-0003
 5.34015334815746E+0000	 6.37127033458156E-0004
 5.34633386411782E+0000	 2.34297777629311E-0004
 5.35243598495047E+0000	-1.51334388301300E-0004
 5.35847053964205E+0000	-5.09064793912372E-0004
 5.36444756524827E+0000	-8.31674978227824E-0004
 5.37037585092191E+0000	-1.11413104263865E-0003
 5.37626297823214E+0000	-1.35254319056991E-0003
 5.38211565083474E+0000	-1.54342613630123E-0003
 5.38794017339683E+0000	-1.68324830064567E-0003
 5.39374298566925E+0000	-1.76824116544217E-0003
 5.39953118642198E+0000	-1.79443654372940E-0003
 5.40531300068401E+0000	-1.75790009441168E-0003
 5.41109815702109E+0000	-1.65513270660053E-0003
 5.41689815008038E+0000	-1.48361865304252E-0003
 5.42272636406369E+0000	-1.24251111111750E-0003
 5.42859801935233E+0000	-9.33458527684390E-0004
 5.43452987130261E+0000	-5.61580007101586E-0004
 5.44053953546216E+0000	-1.36576570179153E-0004
 5.44664424807355E+0000	 3.26110230891869E-0004
 5.45285883537155E+0000	 8.04342878674506E-0004
 5.45919275131603E+0000	 1.26904268727503E-0003
 5.46564638498582E+0000	 1.68542442854529E-0003
 5.47220750073204E+0000	 2.01648453947010E-0003
 5.47884941735758E+0000	 2.22889463357606E-0003
 5.48553270203168E+0000	 2.30012207537299E-0003
 5.49221109117356E+0000	 2.22420805063783E-0003
 5.49884019129172E+0000	 2.01339217907332E-0003
 5.50538560210323E+0000	 1.69448231161604E-0003
 5.51182722467722E+0000	 1.30170271535375E-0003
 5.51815887523193E+0000	 8.69401130216467E-0004
 5.52438481622169E+0000	 4.27165611000325E-0004
 5.53051552087105E+0000	-2.12759376319420E-0006
 5.53656417329004E+0000	-4.02177741454631E-0004
 5.54254435519757E+0000	-7.62117069927985E-0004
 5.54846877152641E+0000	-1.07511025544631E-0003
 5.55434870183971E+0000	-1.33706127925178E-0003
 5.56019390703192E+0000	-1.54555020615801E-0003
 5.56601281250948E+0000	-1.69901236866522E-0003
 5.57181286440643E+0000	-1.79614138511083E-0003
 5.57760099965899E+0000	-1.83550161905920E-0003
 5.58338418820890E+0000	-1.81534913417464E-0003
 5.58917000585028E+0000	-1.73366978378227E-0003
 5.59496718928053E+0000	-1.58844462513108E-0003
 5.60078611776421E+0000	-1.37814890262948E-0003
 5.60663915907698E+0000	-1.10248728329756E-0003
 5.61254080369026E+0000	-7.63368211475791E-0004
 5.61850747757359E+0000	-3.66117634514662E-0004
 5.62455686013080E+0000	 7.90966972649788E-0005
 5.63070644877000E+0000	 5.55759778482968E-0004
 5.63697106628909E+0000	 1.03978169164957E-0003
 5.64335915467950E+0000	 1.49927891922974E-0003
 5.64986826174732E+0000	 1.89644045465069E-0003
 5.65648114756045E+0000	 2.19237910031208E-0003
 5.66316480776333E+0000	 2.35462216375796E-0003
 5.66987422494057E+0000	 2.36490557092326E-0003
 5.67656040172147E+0000	 2.22385284135636E-0003
 5.68317972764497E+0000	 1.95031001330270E-0003
 5.68970102387505E+0000	 1.57583350349828E-0003
 5.69610811948280E+0000	 1.13706498053290E-0003
 5.70239826061849E+0000	 6.69071551311651E-0004
 5.70857828888834E+0000	 2.01350309262948E-0004
 5.71466058475337E+0000	-2.43518626353293E-0004
 5.72065988696197E+0000	-6.49493207222163E-0004
 5.72659123228115E+0000	-1.00592162090169E-0003
 5.73246881554943E+0000	-1.30624168774345E-0003
 5.73830547024302E+0000	-1.54681088241893E-0003
 5.74411252603762E+0000	-1.72594677476556E-0003
 5.74989989011575E+0000	-1.84316699013110E-0003
 5.75567627396815E+0000	-1.89859525534407E-0003
 5.76144953518027E+0000	-1.89251168470033E-0003
 5.76722712476471E+0000	-1.82505057005133E-0003
 5.77301662895020E+0000	-1.69607458369103E-0003
 5.77882637603867E+0000	-1.50527168325511E-0003
 5.78466605183972E+0000	-1.25252601142348E-0003
 5.79054723750069E+0000	-9.38608566628174E-0004
 5.79648374985998E+0000	-5.66222442004681E-0004
 5.80249161403838E+0000	-1.41419312356562E-0004
 5.80858841298049E+0000	 3.24646048937073E-0004
 5.81479164234098E+0000	 8.13801875549228E-0004
 5.82111563625668E+0000	 1.29930208778166E-0003
 5.82756687200082E+0000	 1.74570365205734E-0003
 5.83413839500940E+0000	 2.11173746619305E-0003
 5.84080572897313E+0000	 2.35721487369059E-0003
 5.84752760557718E+0000	 2.45264613369706E-0003
 5.85425300733121E+0000	 2.38730769774818E-0003
 5.86093184917806E+0000	 2.17144888196816E-0003
 5.86752429212616E+0000	 1.83203607534827E-0003
 5.87400540025131E+0000	 1.40506317439550E-0003
 5.88036505502056E+0000	 9.28044475761828E-0004
 5.88660492153773E+0000	 4.34793057144659E-0004
 5.89273448067092E+0000	-4.71171447874459E-0005
 5.89876748177303E+0000	-4.96829094880685E-0004
 5.90471936546629E+0000	-8.99519041937467E-0004
 5.91060565520232E+0000	-1.24527290581092E-0003
 5.91644108429252E+0000	-1.52794304563395E-0003
 5.92223920026729E+0000	-1.74416399224691E-0003
 5.92801224864578E+0000	-1.89256424493439E-0003
 5.93377121307208E+0000	-1.97314767732230E-0003
 5.93952595166218E+0000	-1.98680164110503E-0003
 5.94528541445992E+0000	-1.93489870416276E-0003
 5.95105795368295E+0000	-1.81898396494798E-0003
 5.95685174591865E+0000	-1.64057308936297E-0003
 5.96267533205165E+0000	-1.40112046229643E-0003
 5.96853824687406E+0000	-1.10224387846194E-0003
 5.97445165922295E+0000	-7.46305173074371E-0004
 5.98042887684922E+0000	-3.37441773144719E-0004
 5.98648548046407E+0000	 1.16883327299961E-0004
 5.99263872073842E+0000	 6.03824938797961E-0004
 5.99890564236643E+0000	 1.10281976457596E-0003
 6.00529930957325E+0000	 1.58369761784988E-0003
 6.01182289704043E+0000	 2.00680899966782E-0003
 6.01846291814050E+0000	 2.32739393840287E-0003
 6.02518535859296E+0000	 2.50527102392726E-0003
 6.03193930420839E+0000	 2.51679712530473E-0003
 6.03866838716016E+0000	 2.36217633325284E-0003
 6.04532391024017E+0000	 2.06356739750232E-0003
 6.05187276939848E+0000	 1.65649399192839E-0003
 6.05829857176328E+0000	 1.18044561754911E-0003
 6.06459856743269E+0000	 6.72319265764341E-0004
 6.07077936431454E+0000	 1.63177530285723E-0004
 6.07685308479141E+0000	-3.22619586334413E-0004
 6.08283452239361E+0000	-7.66969321023974E-0004
 6.08873929385124E+0000	-1.15703236812480E-0003
 6.09458277110064E+0000	-1.48414050798263E-0003
 6.10037954515982E+0000	-1.74282224251466E-0003
 6.10614321541604E+0000	-1.93001906591119E-0003
 6.11188635846322E+0000	-2.04448909956681E-0003
 6.11762058645758E+0000	-2.08636188272017E-0003
 6.12335665002464E+0000	-2.05679963897633E-0003
 6.12910457601894E+0000	-1.95772655862907E-0003
 6.13487385716210E+0000	-1.79160538080422E-0003
 6.14067372697605E+0000	-1.56126974052351E-0003
 6.14651355385086E+0000	-1.26986057780450E-0003
 6.15240336443256E+0000	-9.20960744342321E-0004
 6.15835445077800E+0000	-5.19063995854461E-0004
 6.16437992085144E+0000	-7.05383883041123E-0005
 6.17049490817052E+0000	 4.14772540038157E-0004
 6.17671594977753E+0000	 9.21274070830135E-0004
 6.18305878849579E+0000	 1.42495033936080E-0003
 6.18953374389842E+0000	 1.89131600272724E-0003
 6.19613845147061E+0000	 2.27621812086987E-0003
 6.20285014342788E+0000	 2.53245788162374E-0003
 6.20962314113636E+0000	 2.62283660312783E-0003
 6.21639701171383E+0000	 2.53372061729277E-0003
 6.22311281578812E+0000	 2.27945556958732E-0003
 6.22972704007003E+0000	 1.89481202721920E-0003
 6.23621615403383E+0000	 1.42250332192443E-0003
 6.24257356190513E+0000	 9.03525962098616E-0004
 6.24880404987828E+0000	 3.72524192031316E-0004
 6.25491890558389E+0000	-1.43276928288031E-0004
 6.26093255148247E+0000	-6.23438269282166E-0004
 6.26686049476259E+0000	-1.05311952229731E-0003
 6.27271819310923E+0000	-1.42186599332151E-0003
 6.27852050159355E+0000	-1.72256824296746E-0003
