 2.61503431022672E-0003	-3.29090831170750E-0004
 8.58821976350812E-0003	-8.59928427293424E-0004
 1.44651903000017E-0002	-1.32944998108594E-0003
 2.02645706043854E-0002	-1.72537470021323E-0003
 2.60044340161797E-0002	-2.03962635748850E-0003
 3.17019783067018E-0002	-2.26737730669733E-0003
 3.73734352721770E-0002	-2.40636681669900E-0003
 4.30340701667068E-0002	-2.45643210777101E-0003
 4.86981975659188E-0002	-2.41917900070402E-0003
 5.43791890783723E-0002	-2.29772475951043E-0003
 6.00894858382168E-0002	-2.09646031460163E-0003
 6.58406599738780E-0002	-1.82080492836277E-0003
 7.16435904122054E-0002	-1.47696960713626E-0003
 7.75088157297288E-0002	-1.07180847109642E-0003
 8.34470805123983E-0002	-6.12910082451522E-0004
 8.94699856125913E-0002	-1.09136796086709E-0004
 9.55904843854936E-0002	 4.28181147134570E-0004
 1.01822751493269E-0001	 9.83300259017080E-0004
 1.08180730725511E-0001	 1.53356480084487E-0003
 1.14674580912044E-0001	 2.04714161594398E-0003
 1.21304666506221E-0001	 2.48269162780372E-0003
 1.28054288460379E-0001	 2.79340752605172E-0003
 1.34884945312606E-0001	 2.93684831359639E-0003
 1.41739150066851E-0001	 2.88799760757085E-0003
 1.48552233319647E-0001	 2.64853428697349E-0003
 1.55267702739369E-0001	 2.24626681224530E-0003
 1.61847962313316E-0001	 1.72557859265101E-0003
 1.68276542347156E-0001	 1.13530515607271E-0003
 1.74553970761429E-0001	 5.19809898137689E-0004
 1.80691582241300E-0001	-8.50618588575205E-0005
 1.86706206964684E-0001	-6.52421922653667E-0004
 1.92616663252543E-0001	-1.16305194646414E-0003
 1.98441833515859E-0001	-1.60368621611726E-0003
 2.04199794297632E-0001	-1.96547528217274E-0003
 2.09907541580499E-0001	-2.24281634019287E-0003
 2.15581004780928E-0001	-2.43254292398864E-0003
 2.21235169360490E-0001	-2.53340095633947E-0003
 2.26884212105311E-0001	-2.54572764995493E-0003
 2.32541605599187E-0001	-2.47125778286547E-0003
 2.38220183173779E-0001	-2.31299445824184E-0003
 2.43932183145756E-0001	-2.07509660899903E-0003
 2.49689316449781E-0001	-1.76275807645991E-0003
 2.55502922187083E-0001	-1.38209136427241E-0003
 2.61384278279149E-0001	-9.40089883443876E-0004
 2.67345096149275E-0001	-4.44822710748475E-0004
 2.73398121179684E-0001	 9.39064525289679E-0005
 2.79557562596712E-0001	 6.63177255652605E-0004
 2.85838784151101E-0001	 1.24469394694373E-0003
 2.92256348946435E-0001	 1.81187355821731E-0003
 2.98819355424160E-0001	 2.32736173850176E-0003
 3.05523694909999E-0001	 2.74343576632041E-0003
 3.12343411265815E-0001	 3.00865806332775E-0003
 3.19227196035878E-0001	 3.08181773645658E-0003
 3.26106309953979E-0001	 2.94736023169685E-0003
 3.32912288091106E-0001	 2.62179026554718E-0003
 3.39593768279982E-0001	 2.14652368147080E-0003
 3.46123450934450E-0001	 1.57348671695730E-0003
 3.52495346179727E-0001	 9.52602098412022E-0004
 3.58717769878436E-0001	 3.25224032988492E-0004
 3.64806642630996E-0001	-2.77375168318122E-0004
 3.70780844430522E-0001	-8.32865711261707E-0004
 3.76659581369936E-0001	-1.32589343837697E-0003
 3.82461151610822E-0001	-1.74619783040483E-0003
 3.88202529549254E-0001	-2.08712657847634E-0003
 3.93899369360173E-0001	-2.34457706773698E-0003
 3.99566189718481E-0001	-2.51629556814485E-0003
 4.05216608821802E-0001	-2.60144468712622E-0003
 4.10863564062657E-0001	-2.60035724527058E-0003
 4.16519490047636E-0001	-2.51440934314005E-0003
 4.22196454338502E-0001	-2.34596057013147E-0003
 4.27906270011224E-0001	-2.09832531044056E-0003
 4.33660621487593E-0001	-1.77576001331509E-0003
 4.39471253482701E-0001	-1.38348376545664E-0003
 4.45350272915888E-0001	-9.27800376646510E-0004
 4.51310580346945E-0001	-4.16460918260574E-0004
 4.57366350483734E-0001	 1.40517497303402E-0004
 4.63533284907126E-0001	 7.29321254871171E-0004
 4.69828039712017E-0001	 1.32993673399611E-0003
 4.76265830168507E-0001	 1.91312995116050E-0003
 4.82855033962892E-0001	 2.43808855702865E-0003
 4.89588547734893E-0001	 2.85364864294408E-0003
 4.96434912431587E-0001	 3.10684039067351E-0003
 5.03336559676952E-0001	 3.15892729365981E-0003
 5.10221226749135E-0001	 3.00074719114302E-0003
 5.17021872762887E-0001	 2.65588380552545E-0003
 5.23692195863153E-0001	 2.16992675555367E-0003
 5.30210461111758E-0001	 1.59508950276994E-0003
 5.36574596535607E-0001	 9.79015451232201E-0004
 5.42794749493532E-0001	 3.59940103305991E-0004
 5.48887079071857E-0001	-2.33744550937901E-0004
 5.54869754614640E-0001	-7.81949142963232E-0004
 5.60760796642659E-0001	-1.27088840346614E-0003
 5.66577121076230E-0001	-1.69129536455884E-0003
 5.72334269359401E-0001	-2.03704408399270E-0003
 5.78046487587114E-0001	-2.30417454223506E-0003
 5.83726956126725E-0001	-2.49024777782230E-0003
 5.89388060456381E-0001	-2.59394937403825E-0003
 5.95041648673628E-0001	-2.61486868959718E-0003
 6.00699254812368E-0001	-2.55339599804968E-0003
 6.06372288468226E-0001	-2.41069563295333E-0003
 6.12072205518023E-0001	-2.18872985181989E-0003
 6.17810684724695E-0001	-1.89032726935008E-0003
 6.23599840558697E-0001	-1.51931531808423E-0003
 6.29452498203789E-0001	-1.08077349617217E-0003
 6.35382528347364E-0001	-5.81516227461933E-0004
 6.41405161403015E-0001	-3.09737269437082E-0005
 6.47537037624131E-0001	 5.57326980337944E-0004
 6.53795470938530E-0001	 1.16355825090526E-0003
 6.60196048174301E-0001	 1.75891658068647E-0003
 6.66747540658873E-0001	 2.30365412601760E-0003
 6.73443995052101E-0001	 2.74844836322025E-0003
 6.80256811494433E-0001	 3.04234851838246E-0003
 6.87133310147378E-0001	 3.14723677054428E-0003
 6.94006864517960E-0001	 3.05150549948073E-0003
 7.00814385861398E-0001	 2.77314360932105E-0003
 7.07510173818984E-0001	 2.35083920353798E-0003
 7.14069961954288E-0001	 1.83084044441164E-0003
 7.20487424677760E-0001	 1.25695620408740E-0003
 7.26768135665129E-0001	 6.65723633772577E-0004
 7.32924178455081E-0001	 8.53908967713364E-0005
 7.38970417637766E-0001	-4.63176295335055E-0004
 7.44922307047507E-0001	-9.64956936840132E-0004
 7.50794793236275E-0001	-1.40925717354421E-0003
 7.56601900628429E-0001	-1.78846431995060E-0003
 7.62356697905707E-0001	-2.09712519862892E-0003
 7.68071450389979E-0001	-2.33131724104332E-0003
 7.73757841729949E-0001	-2.48825243584807E-0003
 7.79427202711154E-0001	-2.56605218036003E-0003
 7.85090720955321E-0001	-2.56364128678322E-0003
 7.90759627270010E-0001	-2.48072456185282E-0003
 7.96445366478891E-0001	-2.31782571975583E-0003
 8.02159766180084E-0001	-2.07638491780280E-0003
 8.07915217828388E-0001	-1.75892971098107E-0003
 8.13724878715915E-0001	-1.36935843868362E-0003
 8.19602882132914E-0001	-9.13407863810645E-0004
 8.25564488843862E-0001	-3.99414115241260E-0004
 8.31626001340924E-0001	 1.60505223064379E-0004
 8.37804074050099E-0001	 7.48780604204221E-0004
 8.44113820006915E-0001	 1.34042477432843E-0003
 8.50565034685242E-0001	 1.90157984178459E-0003
 8.57156435822282E-0001	 2.39031071084349E-0003
 8.63869630870322E-0001	 2.76179241227910E-0003
 8.70666862800534E-0001	 2.97819807703827E-0003
 8.77496232313742E-0001	 3.01927177408593E-0003
 8.84303011602053E-0001	 2.88723693460205E-0003
 8.91040772717003E-0001	 2.60358732450229E-0003
 8.97677321497389E-0001	 2.20116747785792E-0003
 9.04195163290571E-0001	 1.71629777713232E-0003
 9.10588836172818E-0001	 1.18336113310677E-0003
 9.16861323045213E-0001	 6.32049131669288E-0004
 9.23020795987066E-0001	 8.65587216647315E-0005
 9.29078175286235E-0001	-4.34075938990120E-0004
 9.35045543778812E-0001	-9.15152659630321E-0004
 9.40935256409965E-0001	-1.34537712823734E-0003
 9.46759530244936E-0001	-1.71605598566683E-0003
 9.52530322145894E-0001	-2.02048181211834E-0003
 9.58259353884893E-0001	-2.25350695025398E-0003
 9.63958199283614E-0001	-2.41127030699106E-0003
 9.69638390614362E-0001	-2.49103722383137E-0003
 9.75311527986143E-0001	-2.49112231195269E-0003
 9.80989388390824E-0001	-2.41087850603396E-0003
 9.86684035608676E-0001	-2.25074782205460E-0003
 9.92407932326757E-0001	-2.01238053560849E-0003
 9.98174052099738E-0001	-1.69884250529003E-0003
 1.00399597669554E+0000	-1.31494748654059E-0003
 1.00988793424544E+0000	-8.67770150640074E-0004
 1.01586467280501E+0000	-3.67402793443324E-0004
 1.02194096549046E+0000	 1.72018491154759E-0004
 1.02813042993159E+0000	 7.31131971132767E-0004
 1.03444331548805E+0000	 1.28442990673969E-0003
 1.04088318234445E+0000	 1.80044593595662E-0003
 1.04744318427813E+0000	 2.24411047066529E-0003
 1.05410371308349E+0000	 2.58166921331116E-0003
 1.06083331450418E+0000	 2.78683570545387E-0003
 1.06759308999207E+0000	 2.84550740098638E-0003
 1.07434260559867E+0000	 2.75723330797308E-0003
 1.08104505414649E+0000	 2.53378511280705E-0003
 1.08767076360158E+0000	 2.19615669280464E-0003
 1.09419903369327E+0000	 1.77093214454605E-0003
 1.10061837876556E+0000	 1.28665028743150E-0003
 1.10692541960789E+0000	 7.70808521643725E-0004
 1.11312300123342E+0000	 2.47955230655295E-0004
 1.11921820834722E+0000	-2.61113327579671E-0004
 1.12522072863297E+0000	-7.39368364186384E-0004
 1.13114170696548E+0000	-1.17316476548942E-0003
 1.13699303061049E+0000	-1.55174379879264E-0003
 1.14278691796678E+0000	-1.86676971953545E-0003
 1.14853569740903E+0000	-2.11195043811546E-0003
 1.15425170062073E+0000	-2.28274670660878E-0003
 1.15994722596292E+0000	-2.37616167950304E-0003
 1.16563454509062E+0000	-2.39060336382105E-0003
 1.17132593436043E+0000	-2.32581543652981E-0003
 1.17703371693427E+0000	-2.18287455286371E-0003
 1.18277030401071E+0000	-1.96425620068570E-0003
 1.18854822245243E+0000	-1.67397821170708E-0003
 1.19438010637225E+0000	-1.31784027884743E-0003
 1.20027860625008E+0000	-9.03782837685294E-0004
 1.20625612886337E+0000	-4.42374970175177E-0004
 1.21232427609779E+0000	 5.26136725338702E-0005
 1.21849283957079E+0000	 5.63715739947599E-0004
 1.22476830176106E+0000	 1.06965406124234E-0003
 1.23115204872764E+0000	 1.54600128042443E-0003
 1.23763882476222E+0000	 1.96681356258519E-0003
 1.24421603282073E+0000	 2.30695914453076E-0003
 1.25086404613073E+0000	 2.54448780986598E-0003
 1.25755713929948E+0000	 2.66265703711844E-0003
 1.26426478935736E+0000	 2.65185174082929E-0003
 1.27095382014346E+0000	 2.51153445430939E-0003
 1.27759188284594E+0000	 2.25140796995038E-0003
 1.28415160337179E+0000	 1.89057154102566E-0003
 1.29061374856507E+0000	 1.45449630047536E-0003
 1.29696823925320E+0000	 9.71049312151977E-0004
 1.30321317311705E+0000	 4.67095145228537E-0004
 1.30935285354176E+0000	-3.35658362273406E-0005
 1.31539575363565E+0000	-5.11014233744036E-0004
 1.32135287778954E+0000	-9.49236846509381E-0004
 1.32723660445673E+0000	-1.33577682795584E-0003
 1.33305992826199E+0000	-1.66126417191332E-0003
 1.33883599103487E+0000	-1.91895167742597E-0003
 1.34457781046479E+0000	-2.10430997207379E-0003
 1.35029813823709E+0000	-2.21470146011311E-0003
 1.35600939706795E+0000	-2.24913613428036E-0003
 1.36172366015047E+0000	-2.20810254549214E-0003
 1.36745264922668E+0000	-2.09346307333570E-0003
 1.37320773796784E+0000	-1.90840432538758E-0003
 1.37899995269667E+0000	-1.65744029806915E-0003
 1.38483995936220E+0000	-1.34647462923803E-0003
 1.39073801239489E+0000	-9.82932286861127E-0004
 1.39670382133632E+0000	-5.75961025308626E-0004
 1.40274627847585E+0000	-1.36671938396421E-0004
 1.40887300729688E+0000	 3.21656029047167E-0004
 1.41508975018662E+0000	 7.83506336295632E-0004
 1.42139968121110E+0000	 1.23124299477610E-0003
 1.42780270983852E+0000	 1.64536074772782E-0003
 1.43429466607756E+0000	 2.00478308398573E-0003
 1.44086608435905E+0000	 2.28738600411320E-0003
 1.44750054818372E+0000	 2.47140886150726E-0003
 1.45417342278022E+0000	 2.53849960914899E-0003
 1.46085261322670E+0000	 2.47814201432031E-0003
 1.46750244482444E+0000	 2.29154772632839E-0003
 1.47408965678308E+0000	 1.99256561261527E-0003
 1.48058876282448E+0000	 1.60486411480492E-0003
 1.48698458279770E+0000	 1.15702147561100E-0003
 1.49327181368057E+0000	 6.77884310297083E-0004
 1.49945292693963E+0000	 1.93520587982157E-0004
 1.50553571652794E+0000	-2.74179145044178E-0004
 1.51153121036671E+0000	-7.07781710023905E-0004
 1.51745213607140E+0000	-1.09400696247166E-0003
 1.52331188730620E+0000	-1.42319015199697E-0003
 1.52912387248732E+0000	-1.68870106177022E-0003
 1.53490113183818E+0000	-1.88641125648951E-0003
 1.54065613019637E+0000	-2.01424488597558E-0003
 1.54640065723387E+0000	-2.07181659078292E-0003
 1.55214579095755E+0000	-2.06014373325361E-0003
 1.55790190215352E+0000	-1.98141626116171E-0003
 1.56367869360753E+0000	-1.83881347944300E-0003
 1.56948527530808E+0000	-1.63636925917161E-0003
 1.57533027340070E+0000	-1.37890048109588E-0003
 1.58122195736965E+0000	-1.07202100453516E-0003
 1.58716835287836E+0000	-7.22259320807388E-0004
 1.59317729746492E+0000	-3.37283028735338E-0004
 1.59925639976559E+0000	 7.37802598279664E-0005
 1.60541286835208E+0000	 4.99929628911011E-0004
 1.61165314561363E+0000	 9.27764796524815E-0004
 1.61798217958707E+0000	 1.34084325784478E-0003
 1.62440203781865E+0000	 1.71908782828639E-0003
 1.63090961567349E+0000	 2.03879812786211E-0003
 1.63749370817152E+0000	 2.27421627514494E-0003
 1.64413271996458E+0000	 2.40142196524514E-0003
 1.65079503878296E+0000	 2.40403530511804E-0003
 1.65744330483593E+0000	 2.27832728556917E-0003
 1.66404132857457E+0000	 2.03482955110982E-0003
 1.67056043561802E+0000	 1.69555909635605E-0003
 1.67698267940085E+0000	 1.28870697796013E-0003
 1.68330070886583E+0000	 8.43461025929976E-0004
 1.68951567187593E+0000	 3.86488727736757E-0004
 1.69563460331927E+0000	-5.97876182252212E-0005
 1.70166811233137E+0000	-4.77643810232371E-0004
 1.70762862993277E+0000	-8.53795481051665E-0004
 1.71352920185353E+0000	-1.17882112707180E-0003
 1.71938271870901E+0000	-1.44649608908817E-0003
 1.72520146343879E+0000	-1.65315548952625E-0003
 1.73099687369420E+0000	-1.79713416014478E-0003
 1.73677944555860E+0000	-1.87829149538485E-0003
 1.74255873499650E+0000	-1.89761205050109E-0003
 1.74834343770772E+0000	-1.85687284496205E-0003
 1.75414154176782E+0000	-1.75837923070800E-0003
 1.75996054843653E+0000	-1.60478558437172E-0003
 1.76580774598802E+0000	-1.39902757330215E-0003
 1.77169050457427E+0000	-1.14439346200747E-0003
 1.77761654536480E+0000	-8.44751909327046E-0004
 1.78359413114115E+0000	-5.04939812661965E-0004
 1.78963212448398E+0000	-1.31307944887982E-0004
 1.79573984409186E+0000	 2.67571338899360E-0004
 1.80192659332166E+0000	 6.80034667885691E-0004
 1.80820063838758E+0000	 1.09037507448829E-0003
 1.81456735624524E+0000	 1.47811123881735E-0003
 1.82102644134117E+0000	 1.81814964675699E-0003
 1.82756866280034E+0000	 2.08277280303417E-0003
 1.83417360753879E+0000	 2.24601720060077E-0003
 1.84081035300185E+0000	 2.28962712816560E-0003
 1.84744198711707E+0000	 2.20809343914878E-0003
 1.85403250600106E+0000	 2.01011361154806E-0003
 1.86055300615419E+0000	 1.71586719651526E-0003
 1.86698488604976E+0000	 1.35191927860045E-0003
 1.87331989180611E+0000	 9.46190113804268E-0004
 1.87955822645585E+0000	 5.24408292453986E-0004
 1.88570603713601E+0000	 1.08251664207967E-0004
 1.89177308335671E+0000	-2.85230324863545E-0004
 1.89777090534666E+0000	-6.43414852143034E-0004
 1.90371153441433E+0000	-9.57515537884893E-0004
 1.90960666845508E+0000	-1.22185628145824E-0003
 1.91546720277670E+0000	-1.43315010720056E-0003
 1.92130301572590E+0000	-1.58984790381244E-0003
 1.92712293538317E+0000	-1.69157890051249E-0003
 1.93293484133210E+0000	-1.73868857693948E-0003
 1.93874587398027E+0000	-1.73188095676966E-0003
 1.94456272937647E+0000	-1.67198028630520E-0003
 1.95039201177417E+0000	-1.55983291746512E-0003
 1.95624060501300E+0000	-1.39636831093898E-0003
 1.96211601435634E+0000	-1.18282796152060E-0003
 1.96802662798453E+0000	-9.21157843290754E-0004
 1.97398185044447E+0000	-6.14552287928116E-0004
 1.97999205752365E+0000	-2.68140276863268E-0004
 1.98606829489948E+0000	 1.10190161755705E-0004
 1.99222158101551E+0000	 5.08860327830351E-0004
 1.99846160309611E+0000	 9.11703778342598E-0004
 2.00479460651942E+0000	 1.29747892191085E-0003
 2.01122053112506E+0000	 1.64046106132321E-0003
 2.01773005580867E+0000	 1.91287419982259E-0003
 2.02430295996582E+0000	 2.08938611544276E-0003
 2.03090936246001E+0000	 2.15261034937263E-0003
 2.03751424877292E+0000	 2.09735553746225E-0003
 2.04408375378560E+0000	 1.93157821086426E-0003
 2.05059063248905E+0000	 1.67378834802823E-0003
 2.05701713500862E+0000	 1.34846531012962E-0003
 2.06335514051639E+0000	 9.81469854870045E-0004
 2.06960449642622E+0000	 5.96685238852811E-0004
 2.07577067288535E+0000	 2.14173011288741E-0004
 2.08186249845337E+0000	-1.50430495397107E-0004
 2.08789034159255E+0000	-4.85709866863257E-0004
 2.09386482867138E+0000	-7.83839814388199E-0004
 2.09979604897389E+0000	-1.03979521230857E-0003
 2.10569314749214E+0000	-1.25056180702504E-0003
 2.11156420660268E+0000	-1.41443031914593E-0003
 2.11741633777076E+0000	-1.53041308906000E-0003
 2.12325592403250E+0000	-1.59780434473064E-0003
 2.12908896412848E+0000	-1.61589972759887E-0003
 2.13492147039267E+0000	-1.58388672573258E-0003
 2.14075987051967E+0000	-1.50090971210116E-0003
 2.14661136386730E+0000	-1.36630193259952E-0003
 2.15248418851535E+0000	-1.17996635115943E-0003
 2.15838776371932E+0000	-9.42882936460510E-0004
 2.16433267635141E+0000	-6.57724497339483E-0004
 2.17033046819645E+0000	-3.29572109895751E-0004
 2.17639314413395E+0000	 3.32825539848881E-0005
 2.18253226468931E+0000	 4.18508924339076E-0004
 2.18875745060386E+0000	 8.09072833353535E-0004
 2.19507420294605E+0000	 1.18313639258959E-0003
 2.20148124470126E+0000	 1.51511720368297E-0003
 2.20796813137855E+0000	 1.77842764979333E-0003
 2.21451437056131E+0000	 1.94980251099401E-0003
 2.22109115435217E+0000	 2.01407638554054E-0003
 2.22766572492924E+0000	 1.96753589469728E-0003
 2.23420695622934E+0000	 1.81837182685226E-0003
 2.24069009546265E+0000	 1.58417264161873E-0003
 2.24709924232949E+0000	 1.28774308756094E-0003
 2.25342739991288E+0000	 9.52903169519983E-0004
 2.25967486429956E+0000	 6.01387204931403E-0004
 2.26584695078437E+0000	 2.51167377754172E-0004
 2.27195180115289E+0000	-8.40191307358005E-0005
 2.27799864756461E+0000	-3.94351813124411E-0004
 2.28399663260953E+0000	-6.73198987293041E-0004
 2.28995413825638E+0000	-9.16254250347868E-0004
 2.29587852261979E+0000	-1.12070555449618E-0003
 2.30177615916137E+0000	-1.28452989335424E-0003
 2.30765268570614E+0000	-1.40596227716890E-0003
 2.31351338273272E+0000	-1.48316308496620E-0003
 2.31936360789141E+0000	-1.51409032613016E-0003
 2.32520922097123E+0000	-1.49656643890652E-0003
 2.33105694512337E+0000	-1.42851422700273E-0003
 2.33691462585756E+0000	-1.30832790136798E-0003
 2.34279136454860E+0000	-1.13534578109825E-0003
 2.34869751162994E+0000	-9.10400120587282E-0004
 2.35464450009955E+0000	-6.36432015723528E-0004
 2.36064447740999E+0000	-3.19165591878213E-0004
 2.36670965353040E+0000	 3.21817349593575E-0005
 2.37285124073445E+0000	 4.04241507585556E-0004
 2.37907786183341E+0000	 7.79108587257008E-0004
 2.38539342550080E+0000	 1.13461930905977E-0003
 2.39179477688147E+0000	 1.44578368544833E-0003
 2.39826987428619E+0000	 1.68768459646630E-0003
 2.40479753615776E+0000	 1.83956294479489E-0003
 2.41134954008427E+0000	 1.88898236794887E-0003
 2.41789490855520E+0000	 1.83448739006681E-0003
 2.42440506960161E+0000	 1.68558118217305E-0003
 2.43085807411833E+0000	 1.46005468434417E-0003
 2.43724060700221E+0000	 1.17988306311117E-0003
 2.44354768979611E+0000	 8.67260001240107E-0004
 2.44978087178208E+0000	 5.41817763662225E-0004
 2.45594591066408E+0000	 2.19283524358515E-0004
 2.46205065616424E+0000	-8.87094420791810E-0005
 2.46810346439460E+0000	-3.74096540054146E-0004
 2.47411220220685E+0000	-6.31525250020720E-0004
 2.48008376988436E+0000	-8.57431183796847E-0004
 2.48602402759854E+0000	-1.04920712356911E-0003
 2.49193800828703E+0000	-1.20455438331905E-0003
 2.49783030842817E+0000	-1.32106079220129E-0003
 2.50370555800476E+0000	-1.39601748595609E-0003
 2.50956888336045E+0000	-1.42645915454029E-0003
 2.51542629594291E+0000	-1.40938999101069E-0003
 2.52128496518240E+0000	-1.34214586799674E-0003
 2.52715335802704E+0000	-1.22284544816229E-0003
 2.53304124280442E+0000	-1.05089624642978E-0003
 2.53895955608355E+0000	-8.27539078747271E-0004
 2.54492011656231E+0000	-5.56427431623387E-0004
 2.55093514065712E+0000	-2.44237056963702E-0004
 2.55701647642375E+0000	 9.87285224148154E-0005
 2.56317444543254E+0000	 4.58045624285020E-0004
 2.56941620978322E+0000	 8.15025283951330E-0004
 2.57574372604301E+0000	 1.14728820626084E-0003
 2.58215164704438E+0000	 1.43047486179144E-0003
 2.58862591255202E+0000	 1.64128815417607E-0003
 2.59514398129481E+0000	 1.76149451373682E-0003
 2.60167735591371E+0000	 1.78175401701405E-0003
 2.60819610649967E+0000	 1.70373073728895E-0003
 2.61467395404838E+0000	 1.53941736400083E-0003
 2.62109204197762E+0000	 1.30792334085653E-0003
 2.62744027241716E+0000	 1.03117574482918E-0003
 2.63371638550973E+0000	 7.30158094449531E-0004
 2.63992378922080E+0000	 4.22577014050291E-0004
 2.64606916879315E+0000	 1.21992326224542E-0004
 2.65216049624117E+0000	-1.62004788277903E-0004
 2.65820565855147E+0000	-4.23040526514644E-0004
 2.66421169069224E+0000	-6.56996022700926E-0004
 2.67018450704923E+0000	-8.61064749930591E-0004
 2.67612900371167E+0000	-1.03296445739142E-0003
 2.68204940758708E+0000	-1.17037646413907E-0003
 2.68794975662478E+0000	-1.27064280069169E-0003
 2.69383440638582E+0000	-1.33071644821169E-0003
 2.69970847700567E+0000	-1.34732904872685E-0003
 2.70557818314245E+0000	-1.31731973416087E-0003
 2.71145102162870E+0000	-1.23806450919283E-0003
 2.71733581672248E+0000	-1.10795767043808E-0003
 2.72324263315796E+0000	-9.26917694203752E-0004
 2.72918256060224E+0000	-6.96910054706397E-0004
 2.73516735166400E+0000	-4.22489879760266E-0004
 2.74120886291584E+0000	-1.11359657670638E-0004
 2.74731821220620E+0000	 2.25100417688065E-0004
 2.75350454645005E+0000	 5.71453136395385E-0004
 2.75977335489802E+0000	 9.08226190871165E-0004
 2.76612442345210E+0000	 1.21271772011084E-0003
 2.77254984261882E+0000	 1.46099427097414E-0003
 2.77903288262565E+0000	 1.63123550936410E-0003
 2.78554875591321E+0000	 1.70792297961600E-0003
 2.79206786463129E+0000	 1.68550904068825E-0003
 2.79856092541608E+0000	 1.56984055436563E-0003
 2.80500409419185E+0000	 1.37645320192143E-0003
 2.81138209126013E+0000	 1.12652081843171E-0003
 2.81768857114250E+0000	 8.42333254542280E-0004
 2.82392442295886E+0000	 5.43892046953002E-0004
 2.83009524894181E+0000	 2.47175546089451E-0004
 2.83620898783637E+0000	-3.61941622903862E-0005
 2.84227412825085E+0000	-2.98423895394335E-0004
 2.84829858693059E+0000	-5.34630652168238E-0004
 2.85428916253606E+0000	-7.41838796468298E-0004
 2.86025143372120E+0000	-9.18070232003197E-0004
 2.86618997410791E+0000	-1.06162518038456E-0003
 2.87210876754723E+0000	-1.17060477563975E-0003
 2.87801171504068E+0000	-1.24269283132248E-0003
 2.88390313509817E+0000	-1.27518194510709E-0003
 2.88978817965270E+0000	-1.26520011197312E-0003
 2.89567311820996E+0000	-1.21007676899553E-0003
 2.90156547515527E+0000	-1.10778779427465E-0003
 2.90747402782359E+0000	-9.57435254721065E-0004
 2.91340867914873E+0000	-7.59740817687116E-0004
 2.91938020776736E+0000	-5.17551751018459E-0004
 2.92539987287620E+0000	-2.36367149964859E-0004
 2.93147881428071E+0000	 7.51193715427660E-0005
 2.93762714797652E+0000	 4.04509445573229E-0004
 2.94385263802145E+0000	 7.35366649779059E-0004
 2.95015887787415E+0000	 1.04735362403928E-0003
 2.95654311501099E+0000	 1.31728793038237E-0003
 2.96299425309572E+0000	 1.52157859380296E-0003
 2.96949205878498E+0000	 1.64013049075137E-0003
 2.97600875238567E+0000	 1.66089581525359E-0003
 2.98251337037426E+0000	 1.58323359086092E-0003
 2.98897762363843E+0000	 1.41820419127752E-0003
 2.99538078947109E+0000	 1.18546740424869E-0003
 3.00171178194856E+0000	 9.08394935255479E-0004
 3.00796835388839E+0000	 6.09591142027962E-0004
 3.01415467944974E+0000	 3.08094405968297E-0004
 3.02027865160555E+0000	 1.83300568801070E-0005
 3.02634965965621E+0000	-2.49729571643176E-0004
 3.03237706929174E+0000	-4.89787944266674E-0004
 3.03836934589485E+0000	-6.98237822881609E-0004
 3.04433367981463E+0000	-8.73192725968760E-0004
 3.05027597820711E+0000	-1.01365115882710E-0003
 3.05620111208114E+0000	-1.11885271710730E-0003
 3.06211332284312E+0000	-1.18785773426082E-0003
 3.06801669882946E+0000	-1.21936069940578E-0003
 3.07391563892018E+0000	-1.21172305545167E-0003
 3.07981523632608E+0000	-1.16318663814974E-0003
 3.08572154157467E+0000	-1.07221422150593E-0003
 3.09164169161770E+0000	-9.37904641300603E-0004
 3.09758391140550E+0000	-7.60445232020243E-0004
 3.10355739839257E+0000	-5.41586296197388E-0004
 3.10957208723142E+0000	-2.85142022393155E-0004
 3.11563826157468E+0000	 2.46945033878043E-0006
 3.12176593445547E+0000	 3.11650058590303E-0004
 3.12796386909237E+0000	 6.29073530478807E-0004
 3.13423809289922E+0000	 9.37355667692398E-0004
 3.14058984267096E+0000	 1.21532782111882E-0003
 3.14701317314453E+0000	 1.43947872674863E-0003
 3.15349301108006E+0000	 1.58706588905756E-0003
 3.16000500157262E+0000	 1.64074915293134E-0003
 3.16651836797087E+0000	 1.59333975391001E-0003
 3.17300156884711E+0000	 1.45030506806035E-0003
 3.17942853509825E+0000	 1.22841452381681E-0003
 3.18578271254501E+0000	 9.51210166050972E-0004
 3.19205771863369E+0000	 6.43694427003122E-0004
 3.19825544354171E+0000	 3.28331844029449E-0004
 3.20438319248723E+0000	 2.30476658620803E-0005
 3.21045104724534E+0000	-2.59166918519403E-0004
 3.21646992175383E+0000	-5.09733344343670E-0004
 3.22245033091779E+0000	-7.23591802503040E-0004
 3.22840172332504E+0000	-8.98245699331260E-0004
 3.23433221712781E+0000	-1.03288860633248E-0003
 3.24024861611748E+0000	-1.12767255149983E-0003
 3.24615661836600E+0000	-1.18314341169354E-0003
 3.25206114819864E+0000	-1.19985797437224E-0003
 3.25796674766868E+0000	-1.17818812762557E-0003
 3.26387796673963E+0000	-1.11830321103659E-0003
 3.26979970079577E+0000	-1.02030479028657E-0003
 3.27573744162091E+0000	-8.84476879043479E-0004
 3.28169742813639E+0000	-7.11615062821209E-0004
 3.28768669731936E+0000	-5.03410525815884E-0004
 3.29371303625128E+0000	-2.62884724625285E-0004
 3.29978481794159E+0000	 5.11109323947216E-0006
 3.30591066355310E+0000	 2.93313067502776E-0004
 3.31209881543724E+0000	 5.91390670191293E-0004
 3.31835605037895E+0000	 8.85326686349226E-0004
 3.32468596688231E+0000	 1.15711403179235E-0003
 3.33108664709785E+0000	 1.38528972046128E-0003
 3.33754814059658E+0000	 1.54697439313153E-0003
 3.34405090888614E+0000	 1.62180352131542E-0003
 3.35056680929051E+0000	 1.59708754309151E-0003
 3.35706346853660E+0000	 1.47209112040995E-0003
 3.36351081795834E+0000	 1.25895168680399E-0003
 3.36988683485133E+0000	 9.79528426180933E-0004
 3.37618010456818E+0000	 6.59989378489272E-0004
 3.38238905674544E+0000	 3.25778395303088E-0004
 3.38851935187403E+0000	-1.51906618673378E-0006
 3.39458097620315E+0000	-3.05361282904079E-0004
 3.40058589077963E+0000	-5.74148863216103E-0004
 3.40654643477788E+0000	-8.00513853748127E-0004
 3.41247436990778E+0000	-9.80435119446400E-0004
 3.41838038035398E+0000	-1.11239184114875E-0003
 3.42427387260200E+0000	-1.19663310171127E-0003
 3.43016296941704E+0000	-1.23458135945943E-0003
 3.43605463037428E+0000	-1.22836856253416E-0003
 3.44195485222475E+0000	-1.18050066344757E-0003
 3.44786891134336E+0000	-1.09364510006249E-0003
 3.45380161562999E+0000	-9.70531471247808E-0004
 3.45975754067315E+0000	-8.13950021423619E-0004
 3.46574123612946E+0000	-6.26830960850335E-0004
 3.47175739909733E+0000	-4.12394764516139E-0004
 3.47781101402412E+0000	-1.74380061413147E-0004
 3.48390744464209E+0000	 8.26236775512270E-0005
 3.49005242585587E+0000	 3.52699134772352E-0004
 3.49625184286149E+0000	 6.27957060026277E-0004
 3.50251111767250E+0000	 8.97775011149643E-0004
 3.50883399304242E+0000	 1.14811995989192E-0003
 3.51522058915584E+0000	 1.36138047146195E-0003
 3.52166491747194E+0000	 1.51735087709515E-0003
 3.52815262771153E+0000	 1.59598290904789E-0003
 3.53466040944408E+0000	 1.58188056124521E-0003
 3.54115843331982E+0000	 1.46918752238537E-0003
 3.54761578966234E+0000	 1.26442567175075E-0003
 3.55400676824569E+0000	 9.85484577287182E-0004
 3.56031511539882E+0000	 6.57290342391162E-0004
 3.56653493258130E+0000	 3.06515481635025E-0004
 3.57266895692977E+0000	-4.25107214453231E-0005
 3.57872580847736E+0000	-3.69936833574286E-0004
 3.58471740651079E+0000	-6.60924670227673E-0004
 3.59065705041708E+0000	-9.05274433526041E-0004
 3.59655818603108E+0000	-1.09669312563061E-0003
 3.60243369518503E+0000	-1.23202131569914E-0003
 3.60829552904545E+0000	-1.31055426265156E-0003
 3.61415454658600E+0000	-1.33349491146724E-0003
 3.62002046497397E+0000	-1.30353281515275E-0003
 3.62590186234709E+0000	-1.22452728683921E-0003
 3.63180619580680E+0000	-1.10126759387123E-0003
 3.63773981430879E+0000	-9.39279936125406E-0004
 3.64370796340116E+0000	-7.44649759417725E-0004
 3.64971479918011E+0000	-5.23833250050765E-0004
 3.65576344905306E+0000	-2.83450585061807E-0004
 3.66185616568119E+0000	-3.00897757447177E-0005
 3.66799460099737E+0000	 2.29802291452150E-0004
 3.67418016600187E+0000	 4.89827608328550E-0004
 3.68041434351772E+0000	 7.43237898741955E-0004
 3.68669871930458E+0000	 9.82209961187248E-0004
 3.69303445164931E+0000	 1.19694944079687E-0003
 3.69942097563062E+0000	 1.37500110729728E-0003
 3.70585398895128E+0000	 1.50134373915280E-0003
 3.71232321635628E+0000	 1.55988554308377E-0003
 3.71881100055322E+0000	 1.53662477198692E-0003
 3.72529301386059E+0000	 1.42383768645628E-0003
 3.73174171323991E+0000	 1.22357077452516E-0003
 3.73813156281558E+0000	 9.48508311290336E-0004
 3.74444376817214E+0000	 6.19621715649813E-0004
 3.75066863171207E+0000	 2.61881395021068E-0004
 3.75680524983346E+0000	-9.99590952828842E-0005
 3.76285956697698E+0000	-4.44207699032227E-0004
 3.76884201151285E+0000	-7.53511548011023E-0004
 3.77476547333995E+0000	-1.01501006112605E-0003
 3.78064387035789E+0000	-1.21990758671241E-0003
 3.78649125554704E+0000	-1.36285913979063E-0003
 3.79232131626486E+0000	-1.44138423730437E-0003
 3.79814711693743E+0000	-1.45539945734534E-0003
 3.80398096642025E+0000	-1.40689170803375E-0003
 3.80983432076795E+0000	-1.29971953038962E-0003
 3.81571765385137E+0000	-1.13950893225902E-0003
 3.82164024666168E+0000	-9.33591027214683E-0004
 3.82760987068296E+0000	-6.90907414729320E-0004
 3.83363238185621E+0000	-4.21791614962057E-0004
 3.83971130453695E+0000	-1.37538442260750E-0004
 3.84584755699696E+0000	 1.50275526426878E-0004
 3.85203950867021E+0000	 4.30640561111808E-0004
 3.85828349935385E+0000	 6.93895861332440E-0004
 3.86457475545718E+0000	 9.32109089354614E-0004
 3.87090837253575E+0000	 1.13879340610596E-0003
 3.87727986588679E+0000	 1.30798843723376E-0003
 3.88368487414050E+0000	 1.43310092756851E-0003
 3.89011793510454E+0000	 1.50614746924599E-0003
 3.89657070518077E+0000	 1.51803156790669E-0003
 3.90303040595246E+0000	 1.46018313128514E-0003
 3.90947947074370E+0000	 1.32729750866261E-0003
 3.91589707145278E+0000	 1.12019017020953E-0003
 3.92226232869801E+0000	 8.47404899050482E-0004
 3.92855800871334E+0000	 5.24679489891019E-0004
 3.93477321789004E+0000	 1.72508382289650E-0004
 3.94090428871226E+0000	-1.87047990833492E-0004
 3.94695405790847E+0000	-5.33115857949674E-0004
 3.95293029948491E+0000	-8.47727721481232E-0004
 3.95884404180657E+0000	-1.11653027275430E-0003
 3.96470818279009E+0000	-1.32880456900317E-0003
 3.97053652370312E+0000	-1.47714629163133E-0003
 3.97634317672343E+0000	-1.55705709416173E-0003
 3.98214224205525E+0000	-1.56659219632696E-0003
 3.98794764438396E+0000	-1.50613446358411E-0003
 3.99377302752076E+0000	-1.37832018281200E-0003
 3.99963161247376E+0000	-1.18811187561921E-0003
 4.00553592505020E+0000	-9.42982964147394E-0004
 4.01149730253959E+0000	-6.53135032991002E-0004
 4.01752511442280E+0000	-3.31604648607523E-0004
 4.02362571016501E+0000	 5.95520651132560E-0006
 4.02980126593797E+0000	 3.42065240307094E-0004
 4.03604892022077E+0000	 6.58924957491098E-0004
 4.04236073042277E+0000	 9.40459848948322E-0004
 4.04872481919937E+0000	 1.17429122697834E-0003
 4.05512751309922E+0000	 1.35277466222641E-0003
 4.06155562290559E+0000	 1.47258690838209E-0003
 4.06799784351631E+0000	 1.53313291457281E-0003
 4.07444476093056E+0000	 1.53469062063847E-0003
 4.08088772634279E+0000	 1.47725157631792E-0003
 4.08731736425189E+0000	 1.36055469489983E-0003
 4.09372255812231E+0000	 1.18522008929296E-0003
 4.10009049891797E+0000	 9.54414400509578E-0004
 4.10640790188944E+0000	 6.75242290216135E-0004
 4.11266295292858E+0000	 3.59176731952980E-0004
 4.11884721389332E+0000	 2.13081333738764E-0005
 4.12495681005330E+0000	-3.21253024405685E-0004
 4.13099265019316E+0000	-6.51192629357482E-0004
 4.13695986751216E+0000	-9.52488477003514E-0004
 4.14286687307630E+0000	-1.21134269642625E-0003
 4.14872437644284E+0000	-1.41658185920938E-0003
 4.15454458160612E+0000	-1.55969257266300E-0003
 4.16034062725872E+0000	-1.63467874399889E-0003
 4.16612625325785E+0000	-1.63788866483009E-0003
 4.17191563391600E+0000	-1.56791317799925E-0003
 4.17772330082673E+0000	-1.42561996659646E-0003
 4.18356406392170E+0000	-1.21436314284788E-0003
 4.18945281818874E+0000	-9.40381087864784E-0004
 4.19540409320931E+0000	-6.13351731759620E-0004
 4.20143117616596E+0000	-2.46990523155016E-0004
 4.20754465713868E+0000	 1.40567907507613E-0004
 4.21375039075396E+0000	 5.27051940138553E-0004
 4.22004723449221E+0000	 8.87557047600370E-0004
 4.22642546842271E+0000	 1.19759002571877E-0003
 4.23286711632553E+0000	 1.43715064915386E-0003
 4.23934881161578E+0000	 1.59428145218510E-0003
 4.24584633761061E+0000	 1.66628062931499E-0003
 4.25233875942096E+0000	 1.65803584787212E-0003
 4.25881044163439E+0000	 1.57869032424279E-0003
 4.26525076667767E+0000	 1.43848049529328E-0003
 4.27165253412588E+0000	 1.24688700285163E-0003
 4.27801018988071E+0000	 1.01223212506986E-0003
 4.28431862493072E+0000	 7.42263570227278E-0004
 4.29057280845720E+0000	 4.45107414540688E-0004
 4.29676815820086E+0000	 1.30053674135862E-0004
 4.30290132258113E+0000	-1.92155009156744E-0004
 4.30897097892655E+0000	-5.09594695651052E-0004
 4.31497834602573E+0000	-8.09825770969591E-0004
 4.32092729907846E+0000	-1.08068535674862E-0003
 4.32682415120893E+0000	-1.31097696962213E-0003
 4.33267725461287E+0000	-1.49094199661696E-0003
 4.33849657366070E+0000	-1.61250968029525E-0003
 4.34429333272396E+0000	-1.66939066326305E-0003
 4.35007978415126E+0000	-1.65710313617270E-0003
 4.35586909663555E+0000	-1.57301895790985E-0003
 4.36167533172814E+0000	-1.41650749322380E-0003
 4.36751344728313E+0000	-1.18924557795634E-0003
 4.37339922972457E+0000	-8.95750838482548E-0004
 4.37934900254251E+0000	-5.44169668271298E-0004
 4.38537888442540E+0000	-1.47282808017964E-0004
 4.39150330137226E+0000	 2.76465944767580E-0004
 4.39773248463219E+0000	 7.02406552378077E-0004
 4.40406900867198E+0000	 1.10042176410550E-0003
 4.41050425011816E+0000	 1.43809784725113E-0003
 4.41701674889378E+0000	 1.68651324989082E-0003
 4.42357462450465E+0000	 1.82694790668215E-0003
 4.43014214098702E+0000	 1.85504900845694E-0003
 4.43668738790368E+0000	 1.77997672096946E-0003
 4.44318726079489E+0000	 1.61948088496502E-0003
 4.44962833982491E+0000	 1.39412721205652E-0003
 4.45600492141463E+0000	 1.12318416782159E-0003
 4.46231615922651E+0000	 8.22778648606101E-0004
 4.46856359777561E+0000	 5.05752583579996E-0004
 4.47474957492797E+0000	 1.82413441150198E-0004
 4.48087649184227E+0000	-1.38458123063186E-0004
 4.48694673727132E+0000	-4.48744600781882E-0004
 4.49296298533090E+0000	-7.40464355527997E-0004
 4.49892860563503E+0000	-1.00560527959186E-0003
 4.50484800303642E+0000	-1.23623194796323E-0003
 4.51072680565808E+0000	-1.42473460186359E-0003
 4.51657190675145E+0000	-1.56410346533015E-0003
 4.52239141552457E+0000	-1.64816000519240E-0003
 4.52819458357533E+0000	-1.67172933281436E-0003
 4.53399176001577E+0000	-1.63077808448886E-0003
 4.53979440419110E+0000	-1.52256680680734E-0003
 4.54561515766398E+0000	-1.34588019794563E-0003
 4.55146794600261E+0000	-1.10140823525807E-0003
 4.55736803859441E+0000	-7.92357276390956E-0004
 4.56333192985921E+0000	-4.25364704215614E-0004
 4.56937680631191E+0000	-1.17491478409947E-0005
 4.57551923433515E+0000	 4.31003585514159E-0004
 4.58177260926502E+0000	 8.77931252659901E-0004
 4.58814306880853E+0000	 1.29643146114520E-0003
 4.59462440581426E+0000	 1.64879411135476E-0003
 4.60119420318778E+0000	 1.89869116521551E-0003
 4.60781475967988E+0000	 2.02053434911365E-0003
 4.61444067214129E+0000	 2.00709165900945E-0003
 4.62102992495880E+0000	 1.87035347272327E-0003
 4.62755229141204E+0000	 1.63542286829991E-0003
 4.63399165027593E+0000	 1.33200130109204E-0003
 4.64034354394665E+0000	 9.87891577562847E-0004
 4.64661104988419E+0000	 6.25875090945855E-0004
 4.65280107235776E+0000	 2.63175519345141E-0004
 4.65892179353887E+0000	-8.77194452785695E-0005
 4.66498125911014E+0000	-4.17779174410442E-0004
 4.67098681626127E+0000	-7.20198233112877E-0004
 4.67694509312754E+0000	-9.89440653859168E-0004
 4.68286225698733E+0000	-1.22062224830011E-0003
 4.68874435983657E+0000	-1.40919661617719E-0003
 4.69459765516777E+0000	-1.55086392790601E-0003
 4.70042883708492E+0000	-1.64161256320426E-0003
 4.70624520310098E+0000	-1.67782091478517E-0003
 4.71205477071942E+0000	-1.65637761974223E-0003
 4.71786638662871E+0000	-1.57481219990458E-0003
 4.72368986104511E+0000	-1.43145816972517E-0003
 4.72953614290844E+0000	-1.22569580996318E-0003
 4.73541752471767E+0000	-9.58343429982921E-0004
 4.74134782365148E+0000	-6.32284098790604E-0004
 4.74734241751704E+0000	-2.53423101704216E-0004
 4.75341790531939E+0000	 1.67951554831142E-0004
 4.75959100471798E+0000	 6.15440313119080E-0004
 4.76587613383447E+0000	 1.06476552582796E-0003
 4.77228115474085E+0000	 1.48290985447411E-0003
 4.77880147327214E+0000	 1.82994034017039E-0003
 4.78541460780263E+0000	 2.06548133035366E-0003
 4.79207958979910E+0000	 2.15956450406090E-0003
 4.79874466964547E+0000	 2.10289230009322E-0003
 4.80536073821646E+0000	 1.90949067479596E-0003
 4.81189254868992E+0000	 1.61000110824935E-0003
 4.81832233014269E+0000	 1.24100956065127E-0003
 4.82464693698587E+0000	 8.36605789372926E-0004
 4.83087261683522E+0000	 4.24317850800214E-0004
 4.83701030576225E+0000	 2.44206420082837E-0005
 4.84307242225952E+0000	-3.49048293786452E-0004
 4.84907106852540E+0000	-6.86737521892061E-0004
 4.85501724264934E+0000	-9.82492967113444E-0004
 4.86092068016177E+0000	-1.23216962261878E-0003
 4.86679003600672E+0000	-1.43279757206465E-0003
 4.87263320873281E+0000	-1.58206954390767E-0003
 4.87845768305230E+0000	-1.67808013190936E-0003
 4.88427082603515E+0000	-1.71923728328634E-0003
 4.89008011764041E+0000	-1.70427485047094E-0003
 4.89589332807372E+0000	-1.63231503144087E-0003
 4.90171867245775E+0000	-1.50295650124570E-0003
 4.90756497805651E+0000	-1.31639409128857E-0003
 4.91344189124805E+0000	-1.07360684001208E-0003
 4.91936012888307E+0000	-7.76682192497277E-0004
 4.92533173577178E+0000	-4.29372787068387E-0004
 4.93137023616860E+0000	-3.80002402529881E-0005
 4.93749044824813E+0000	 3.87194948011947E-0004
 4.94370755807500E+0000	 8.30259275763008E-0004
 4.95003485836308E+0000	 1.26758206851614E-0003
 4.95647953592409E+0000	 1.66672337478150E-0003
 4.96303654525753E+0000	 1.98786563489803E-0003
 4.96968257384133E+0000	 2.19013910098035E-0003
 4.97637473514240E+0000	 2.24298029329243E-0003
 4.98305823336704E+0000	 2.13754035558423E-0003
 4.98968084379221E+0000	 1.89018952876769E-0003
 4.99620551828813E+0000	 1.53547660592641E-0003
 5.00261459320281E+0000	 1.11428758525635E-0003
 5.00890659975181E+0000	 6.64380139704238E-0004
 5.01509034515822E+0000	 2.15890402893775E-0004
 5.02117964176746E+0000	-2.09341203635756E-0004
 5.02718976833696E+0000	-5.96570930857336E-0004
 5.03313550614629E+0000	-9.36410807200547E-0004
 5.03903027091200E+0000	-1.22318743179605E-0003
 5.04488591294679E+0000	-1.45363202601252E-0003
 5.05071288190917E+0000	-1.62594345455383E-0003
 5.05652055578613E+0000	-1.73918883156918E-0003
 5.06231760678054E+0000	-1.79297734434115E-0003
 5.06811232925073E+0000	-1.78733426110167E-0003
 5.07391289508030E+0000	-1.72270449232395E-0003
 5.07972753351532E+0000	-1.60002602173068E-0003
 5.08556465624576E+0000	-1.42083207540524E-0003
 5.09143296357314E+0000	-1.18736649130385E-0003
 5.09734157174395E+0000	-9.02729401892208E-0004
 5.10330018973130E+0000	-5.71110077682814E-0004
 5.10931933565088E+0000	-1.98207501131244E-0004
 5.11541050340238E+0000	 2.08025637566776E-0004
 5.12158605377612E+0000	 6.36184433511163E-0004
 5.12785840949614E+0000	 1.06973402819460E-0003
 5.13423793123135E+0000	 1.48514342635455E-0003
 5.14072884625903E+0000	 1.85077618317259E-0003
 5.14732329716390E+0000	 2.12841133591415E-0003
 5.15399557428470E+0000	 2.27960916902671E-0003
 5.16070116961402E+0000	 2.27696551345071E-0003
 5.16738475667337E+0000	 2.11517421906222E-0003
 5.17399473966277E+0000	 1.81402115403562E-0003
 5.18049562592450E+0000	 1.41089561044564E-0003
 5.18687183976959E+0000	 9.48735322037899E-0004
 5.19312416824533E+0000	 4.66584232203475E-0004
 5.19926361220745E+0000	-4.74955773159124E-0006
 5.20530601884983E+0000	-4.43202694061411E-0004
 5.21126852415909E+0000	-8.34137019627671E-0004
 5.21716759310749E+0000	-1.16852720994837E-0003
 5.22301815049620E+0000	-1.44127490391771E-0003
 5.22883337296164E+0000	-1.64985811443559E-0003
 5.23462485044065E+0000	-1.79334764107541E-0003
 5.24040292936378E+0000	-1.87175976462329E-0003
 5.24617711455368E+0000	-1.88569489782158E-0003
 5.25195644768984E+0000	-1.83620459682417E-0003
 5.25774981050768E+0000	-1.72482590625413E-0003
 5.26356612726795E+0000	-1.55372242997702E-0003
 5.26941446529834E+0000	-1.32587758937229E-0003
 5.27530405422172E+0000	-1.04529904382614E-0003
 5.28124426198277E+0000	-7.17216846549752E-0004
 5.28724457313833E+0000	-3.48295662035746E-0004
 5.29331459759393E+0000	 5.30647007103376E-0005
 5.29946407063012E+0000	 4.76206926881077E-0004
 5.30570266007174E+0000	 9.07314727518869E-0004
 5.31203917271208E+0000	 1.32807242768025E-0003
 5.31847953177440E+0000	 1.71417148730912E-0003
 5.32502294094123E+0000	 2.03464669356617E-0003
 5.33165647349649E+0000	 2.25389603947799E-0003
 5.33835035411493E+0000	 2.33830182511137E-0003
 5.34505836590088E+0000	 2.26689974996823E-0003
 5.35172655900454E+0000	 2.04079922507623E-0003
 5.35830708456767E+0000	 1.68440222434708E-0003
 5.36476891925875E+0000	 1.23726869109202E-0003
 5.37110036885634E+0000	 7.42638605224060E-0004
 5.37730508866704E+0000	 2.38931443273692E-0004
 5.38339609324541E+0000	-2.43929939236754E-0004
 5.38939070198688E+0000	-6.84736040681784E-0004
 5.39530723288085E+0000	-1.06961575394828E-0003
 5.40116318392930E+0000	-1.39026796796691E-0003
 5.40697441441991E+0000	-1.64233551783741E-0003
 5.41275493328757E+0000	-1.82408957934581E-0003
 5.41851703992339E+0000	-1.93544373871048E-0003
 5.42427166003530E+0000	-1.97727428946964E-0003
 5.43002877183109E+0000	-1.95101708057758E-0003
 5.43579784302949E+0000	-1.85850989162050E-0003
 5.44158821358493E+0000	-1.70204357731339E-0003
 5.44740937260323E+0000	-1.48457627253055E-0003
 5.45327109449825E+0000	-1.21005681540014E-0003
 5.45918341939544E+0000	-8.83799597659823E-0004
 5.46515648587621E+0000	-5.12856580369668E-0004
 5.47120024844718E+0000	-1.06349590126482E-0004
 5.47732412667218E+0000	 3.24232733954340E-0004
 5.48353660726770E+0000	 7.64701272577217E-0004
 5.48984470680259E+0000	 1.19766438738177E-0003
 5.49625297846256E+0000	 1.60178107845386E-0003
 5.50276151369863E+0000	 1.95103075002407E-0003
 5.50936248980209E+0000	 2.21496863249117E-0003
 5.51603578619505E+0000	 2.36167046941000E-0003
 5.52274616283641E+0000	 2.36467641493193E-0003
 5.52944586690076E+0000	 2.21242248103772E-0003
 5.53608419764751E+0000	 1.91479336323274E-0003
 5.54261976315842E+0000	 1.50163277948881E-0003
 5.54902839272795E+0000	 1.01399186800710E-0003
 5.55530369255570E+0000	 4.93941279259354E-0004
 5.56145265982739E+0000	-2.22705603313099E-0005
 5.56749017803709E+0000	-5.06844683573577E-0004
 5.57343460342283E+0000	-9.40266831493245E-0004
 5.57930492912128E+0000	-1.30993371826366E-0003
 5.58511922412438E+0000	-1.60852775287975E-0003
 5.59089391161999E+0000	-1.83254724025113E-0003
 5.59664355625170E+0000	-1.98110455540124E-0003
 5.60238095848280E+0000	-2.05499286946042E-0003
 5.60811744190698E+0000	-2.05600026621217E-0003
 5.61386326195309E+0000	-1.98645989430862E-0003
 5.61962807547023E+0000	-1.84903602861932E-0003
 5.62542140623397E+0000	-1.64674625634469E-0003
 5.63125303467279E+0000	-1.38320812241848E-0003
 5.63713323876143E+0000	-1.06307874493199E-0003
 5.64307281960257E+0000	-6.92633008627135E-0004
 5.64908286070727E+0000	-2.80402927314905E-0004
 5.65517419733677E+0000	 1.62218321049896E-0004
 5.66135661264919E+0000	 6.20507184944428E-0004
 5.66763781349930E+0000	 1.07614205251388E-0003
 5.67402221705482E+0000	 1.50713799963136E-0003
 5.68050944134507E+0000	 1.88797549379942E-0003
 5.68709221450359E+0000	 2.19015501352047E-0003
 5.69375358109020E+0000	 2.38398792827945E-0003
 5.70046430527436E+0000	 2.44285282601245E-0003
 5.70718295968760E+0000	 2.35017927233105E-0003
 5.71386130455080E+0000	 2.10656284866946E-0003
 5.72045424469124E+0000	 1.73225306043540E-0003
 5.72692937722581E+0000	 1.26256431730784E-0003
 5.73327122554537E+0000	 7.38984597409354E-0004
 5.73947962732673E+0000	 2.00982521404071E-0004
 5.74556512872363E+0000	-3.18693740324862E-0004
 5.75154425076448E+0000	-7.95389104392350E-0004
 5.75743595429737E+0000	-1.21196452285978E-0003
 5.76325943346662E+0000	-1.55747324264183E-0003
 5.76903290622995E+0000	-1.82575291433596E-0003
 5.77477303883491E+0000	-2.01418969243224E-0003
 5.78049474833673E+0000	-2.12270427044326E-0003
 5.78621123874240E+0000	-2.15293711152727E-0003
 5.79193420286595E+0000	-2.10760574073683E-0003
 5.79767415953694E+0000	-1.99003037616803E-0003
 5.80344090035311E+0000	-1.80385156448226E-0003
 5.80924400131574E+0000	-1.55297994478820E-0003
 5.81509332451045E+0000	-1.24181583086087E-0003
 5.82099940530303E+0000	-8.75754019682183E-0004
 5.82697359915795E+0000	-4.61950575469620E-0004
 5.83302785321101E+0000	-1.02756786456830E-0005
 5.83917397812269E+0000	 4.65691174690399E-0004
 5.84542234262479E+0000	 9.47846212881456E-0004
 5.85178001465007E+0000	 1.41321194985709E-0003
 5.85824851077942E+0000	 1.83433647402647E-0003
 5.86482141293552E+0000	 2.18065549771902E-0003
 5.87148214520619E+0000	 2.42102156043022E-0003
 5.87820242754527E+0000	 2.52773604095640E-0003
 5.88494264232643E+0000	 2.48221477803327E-0003
 5.89165587209824E+0000	 2.28102109353862E-0003
 5.89829591190675E+0000	 1.93906840550761E-0003
 5.90482626290038E+0000	 1.48720413914940E-0003
 5.91122568252559E+0000	 9.65031199848780E-0004
 5.91748842988892E+0000	 4.12874054724708E-0004
 5.92362082008884E+0000	-1.33818643891006E-0004
 5.92963677303392E+0000	-6.46882933201885E-0004
 5.93555407201105E+0000	-1.10558311173357E-0003
 5.94139182290297E+0000	-1.49567189754261E-0003
 5.94716894814849E+0000	-1.80815858389570E-0003
 5.95290338159552E+0000	-2.03815707347631E-0003
 5.95861168085620E+0000	-2.18392562499966E-0003
 5.96430887530655E+0000	-2.24608990225558E-0003
 5.97000845760667E+0000	-2.22700393436511E-0003
 5.97572249017096E+0000	-2.13021057271653E-0003
 5.98146183404066E+0000	-1.95999312036288E-0003
 5.98723651505629E+0000	-1.72105011600919E-0003
 5.99305622025284E+0000	-1.41836288964098E-0003
 5.99893086970182E+0000	-1.05734607657458E-0003
 6.00487114594200E+0000	-6.44362805517938E-0004
 6.01088879805869E+0000	-1.87642861811560E-0004
 6.01699648173671E+0000	 3.01439491978157E-0004
 6.02320686424266E+0000	 8.06900893747037E-0004
 6.02953075188628E+0000	 1.30686183737108E-0003
 6.03597416640301E+0000	 1.77303583945999E-0003
 6.04253468690131E+0000	 2.17175134742500E-0003
 6.04919793574513E+0000	 2.46712712004606E-0003
 6.05593555841594E+0000	 2.62645970507203E-0003
 6.06270614982859E+0000	 2.62700102322282E-0003
 6.06946012948762E+0000	 2.46224797900725E-0003
 6.07614813168746E+0000	 2.14497854505023E-0003
 6.08273010899762E+0000	 1.70488360737314E-0003
 6.08918120386390E+0000	 1.18155481856937E-0003
 6.09549246266736E+0000	 6.16358585217968E-0004
 6.10166768770043E+0000	 4.64928372410704E-0005
 6.10771902875567E+0000	-4.97783577830965E-0004
 6.11366314715888E+0000	-9.93533916320831E-0004
 6.11951856327608E+0000	-1.42432535341202E-0003
 6.12530407322875E+0000	-1.77905708723722E-0003
 6.13103790301565E+0000	-2.05085534746372E-0003
 6.13673729751002E+0000	-2.23617507351820E-0003
 6.14241833657816E+0000	-2.33410968765557E-0003
 6.14809585912405E+0000	-2.34585748006349E-0003
 6.15378344354808E+0000	-2.27428305822027E-0003
 6.15949344299150E+0000	-2.12352502815403E-0003
 6.16523710837338E+0000	-1.89863079287622E-0003
 6.17102484749172E+0000	-1.60524463153292E-0003
 6.17686665451506E+0000	-1.24943030030634E-0003
 6.18277269182990E+0000	-8.37759123116683E-0004
 6.18875391503151E+0000	-3.77816063238566E-0004
 6.19482251322084E+0000	 1.20753774886896E-0004
 6.20099180913402E+0000	 6.44638593720061E-0004
 6.20727515452371E+0000	 1.17487983062533E-0003
 6.21368333893784E+0000	 1.68506229996502E-0003
 6.22022029188645E+0000	 2.14072875886757E-0003
 6.22687767662383E+0000	 2.50149253522719E-0003
 6.23363034957529E+0000	 2.72698057551956E-0003
 6.24043570419317E+0000	 2.78597729283692E-0003
 6.24723908529661E+0000	 2.66553366556834E-0003
 6.25398433614803E+0000	 2.37552895477794E-0003
 6.26062513472820E+0000	 1.94604155006227E-0003
 6.26713211439955E+0000	 1.41903217958556E-0003
 6.27349372447379E+0000	 8.38836810200440E-0004
 6.27971256760102E+0000	 2.45341156612555E-0004
