 2.31497285423563E-0003	 1.92499143294353E-0003
 8.78026801759828E-0003	 1.34222748245121E-0003
 1.50997102817934E-0002	 7.24949481519567E-0004
 2.12811864460255E-0002	 1.07577842515763E-0004
 2.73381536494660E-0002	-4.83185230761383E-0004
 3.32864316032494E-0002	-1.02730774502311E-0003
 3.91424886202356E-0002	-1.50999251387358E-0003
 4.49226508984894E-0002	-1.92044082219137E-0003
 5.06427844192127E-0002	-2.25093308897801E-0003
 5.63181979479667E-0002	-2.49617329007924E-0003
 6.19636538434161E-0002	-2.65282158938876E-0003
 6.75934421512761E-0002	-2.71916446311947E-0003
 7.32214984215849E-0002	-2.69489929655741E-0003
 7.88615492646338E-0002	-2.58102884967098E-0003
 8.45272642689110E-0002	-2.37986989807738E-0003
 9.02323840275596E-0002	-2.09518156399685E-0003
 9.59907843394480E-0002	-1.73241314303625E-0003
 1.01816428811431E-0001	-1.29905847476827E-0003
 1.07723160117493E-0001	-8.05084470837755E-0004
 1.13724289593444E-0001	-2.63378681899070E-0004
 1.19831969930112E-0001	 3.09855189045104E-0004
 1.26056370048166E-0001	 8.94815337591551E-0004
 1.32404679796715E-0001	 1.46794334021554E-0003
 1.38879882618790E-0001	 2.00183594054341E-0003
 1.45478999710412E-0001	 2.46525374748359E-0003
 1.52190315943633E-0001	 2.82374416242638E-0003
 1.58989593475561E-0001	 3.04231014498422E-0003
 1.65837157690339E-0001	 3.09185999932423E-0003
 1.72679939779173E-0001	 2.95883532742146E-0003
 1.79461154930179E-0001	 2.65271119121419E-0003
 1.86133733648951E-0001	 2.20491459593335E-0003
 1.92669212815888E-0001	 1.65923130189519E-0003
 1.99058117270572E-0001	 1.06052886770540E-0003
 2.05304823303365E-0001	 4.47609597693871E-0004
 2.11421624293492E-0001	-1.49060495009306E-0004
 2.17424417860561E-0001	-7.06775078850658E-0004
 2.23330234352562E-0001	-1.20908698597333E-0003
 2.29156016936327E-0001	-1.64434657535603E-0003
 2.34918079946620E-0001	-2.00455499419253E-0003
 2.40631896561157E-0001	-2.28451904338085E-0003
 2.46312046969372E-0001	-2.48122862553934E-0003
 2.51972255728851E-0001	-2.59339239545370E-0003
 2.57625487885748E-0001	-2.62109517404700E-0003
 2.63284085793712E-0001	-2.56556107430830E-0003
 2.68959929435546E-0001	-2.42901668136207E-0003
 2.74664600940811E-0001	-2.21465147098017E-0003
 2.80409533018723E-0001	-1.92667114682299E-0003
 2.86206122866999E-0001	-1.57043723170995E-0003
 2.92065797181114E-0001	-1.15268674318863E-0003
 2.98000017064688E-0001	-6.81832235931010E-0004
 3.04020208235586E-0001	-1.68356619466654E-0004
 3.10137582583384E-0001	 3.74661408897470E-0004
 3.16362764761607E-0001	 9.30832931153689E-0004
 3.22705023722897E-0001	 1.47950158147150E-0003
 3.29170714892709E-0001	 1.99460883716561E-0003
 3.35760351176913E-0001	 2.44385557344297E-0003
 3.42463931837376E-0001	 2.78947112798129E-0003
 3.49255517405780E-0001	 2.99274295387251E-0003
 3.56090705345432E-0001	 3.02359474986547E-0003
 3.62911958656820E-0001	 2.87214518134123E-0003
 3.69662139488343E-0001	 2.55440922222944E-0003
 3.76298554564245E-0001	 2.10698073008623E-0003
 3.82799009841329E-0001	 1.57486030636418E-0003
 3.89159185407028E-0001	 1.00075901882963E-0003
 3.95386387329119E-0001	 4.19863443295314E-0004
 4.01493958393702E-0001	-1.41003343744774E-0004
 4.07497689805067E-0001	-6.62237785173348E-0004
 4.13413890525674E-0001	-1.12991086384198E-0003
 4.19258439360810E-0001	-1.53442780535348E-0003
 4.25046339218289E-0001	-1.86948810983963E-0003
 4.30791526292637E-0001	-2.13128344664542E-0003
 4.36506828885701E-0001	-2.31786383033924E-0003
 4.42204033188608E-0001	-2.42863241920133E-0003
 4.47894032767772E-0001	-2.46395459504833E-0003
 4.53587040504094E-0001	-2.42487949804295E-0003
 4.59292840100064E-0001	-2.31297469004039E-0003
 4.65021055058688E-0001	-2.13027263268579E-0003
 4.70781417138380E-0001	-1.87932682110162E-0003
 4.76584020740172E-0001	-1.56337962740805E-0003
 4.82439549566295E-0001	-1.18665397269408E-0003
 4.88359452474389E-0001	-7.54794781322731E-0004
 4.94356022389543E-0001	-2.75500612198552E-0004
 5.00442287836014E-0001	 2.40603380032974E-0004
 5.06631545222358E-0001	 7.78806582670759E-0004
 5.12936222585647E-0001	 1.31889290994611E-0003
 5.19365593242437E-0001	 1.83372321686021E-0003
 5.25921829248380E-0001	 2.28864240269228E-0003
 5.32594489416835E-0001	 2.64338052448318E-0003
 5.39355374649962E-0001	 2.85844575694697E-0003
 5.46158092564114E-0001	 2.90596646192038E-0003
 5.52946125227374E-0001	 2.78007481769291E-0003
 5.59666938385342E-0001	 2.49932651296392E-0003
 5.66283575567856E-0001	 2.09911160687839E-0003
 5.72777794071024E-0001	 1.62012405291404E-0003
 5.79146381663516E-0001	 1.09982058058439E-0003
 5.85395522198494E-0001	 5.68842434426070E-0004
 5.91536276623817E-0001	 5.07577577084346E-0005
 5.97581787136095E-0001	-4.36902193577001E-0004
 6.03545730583823E-0001	-8.81419739720555E-0004
 6.09441475391977E-0001	-1.27382385418687E-0003
 6.15281621055300E-0001	-1.60799779717923E-0003
 6.21077783090678E-0001	-1.87991833766809E-0003
 6.26840569925650E-0001	-2.08700979377750E-0003
 6.32579716361645E-0001	-2.22762440950314E-0003
 6.38304331582096E-0001	-2.30066812395909E-0003
 6.44023212980508E-0001	-2.30538134030972E-0003
 6.49745180199270E-0001	-2.24126938620853E-0003
 6.55479395683568E-0001	-2.10816761175268E-0003
 6.61235651707876E-0001	-1.90642667224281E-0003
 6.67024611612025E-0001	-1.63721325276159E-0003
 6.72857990498074E-0001	-1.30293545542293E-0003
 6.78748646348934E-0001	-9.07815760919649E-0004
 6.84710523706502E-0001	-4.58644676836159E-0004
 6.90758340647627E-0001	 3.42520774184716E-0005
 6.96906824455115E-0001	 5.55833550451790E-0004
 7.03169186073779E-0001	 1.08507276007389E-0003
 7.09554448921587E-0001	 1.59401368310988E-0003
 7.16063436788558E-0001	 2.04809320173730E-0003
 7.22684063067054E-0001	 2.40916233794098E-0003
 7.29388164875391E-0001	 2.64224017419285E-0003
 7.36133262570647E-0001	 2.72466575294977E-0003
 7.42870726020943E-0001	 2.65299154324371E-0003
 7.49556845603631E-0001	 2.44290016979206E-0003
 7.56160586838033E-0001	 2.12244210669847E-0003
 7.62665059743719E-0001	 1.72356102137397E-0003
 7.69064634988377E-0001	 1.27622371126261E-0003
 7.75361048716478E-0001	 8.05968253635519E-0004
 7.81560348880595E-0001	 3.33580284856649E-0004
 7.87670933986138E-0001	-1.24429987276876E-0004
 7.93702323863437E-0001	-5.55188099022919E-0004
 7.99664350116409E-0001	-9.48802053074571E-0004
 8.05566642832645E-0001	-1.29769855299005E-0003
 8.11418388242148E-0001	-1.59597668747225E-0003
 8.17228331228259E-0001	-1.83884791016108E-0003
 8.23004959398683E-0001	-2.02223004227542E-0003
 8.28756781754028E-0001	-2.14252675934916E-0003
 8.34492621834085E-0001	-2.19658145138046E-0003
 8.40221873671196E-0001	-2.18176893116793E-0003
 8.45954699903427E-0001	-2.09618708345949E-0003
 8.51702170282427E-0001	-1.93892577947321E-0003
 8.57476341171458E-0001	-1.71041014291067E-0003
 8.63290265346401E-0001	-1.41283102449084E-0003
 8.69157899829264E-0001	-1.05068398790835E-0003
 8.75093846896157E-0001	-6.31436549665043E-0004
 8.81112816287905E-0001	-1.66322297688710E-0004
 8.87228637996666E-0001	 3.28803414755709E-0004
 8.93452614809387E-0001	 8.32754288656530E-0004
 8.99791069036173E-0001	 1.31890255273858E-0003
 9.06242261317112E-0001	 1.75639269025749E-0003
 9.12793550383538E-0001	 2.11341655190303E-0003
 9.19420453593552E-0001	 2.36255079986758E-0003
 9.26089228029176E-0001	 2.48656921837223E-0003
 9.32762846900496E-0001	 2.48187926792491E-0003
 9.39407761139738E-0001	 2.35764141179527E-0003
 9.45998247270529E-0001	 2.13147716759374E-0003
 9.52517239063543E-0001	 1.82459153229344E-0003
 9.58954914222582E-0001	 1.45843078004284E-0003
 9.65306825102809E-0001	 1.05313033031478E-0003
 9.71572458561705E-0001	 6.26971224180397E-0004
 9.77754222741524E-0001	 1.96170232377518E-0004
 9.83856618922728E-0001	-2.25195031421031E-0004
 9.89885520278896E-0001	-6.25080188158238E-0004
 9.95847636698158E-0001	-9.93181175195174E-0004
 1.00175024034004E+0000	-1.32056220566725E-0003
 1.00760112891471E+0000	-1.59934769861092E-0003
 1.01340872534537E+0000	-1.82256581176371E-0003
 1.01918220336246E+0000	-1.98414866373704E-0003
 1.02493157079884E+0000	-2.07904235251588E-0003
 1.03066769280868E+0000	-2.10337412415833E-0003
 1.03640226620224E+0000	-2.05464699909404E-0003
 1.04214775864274E+0000	-1.93195914538492E-0003
 1.04791731240069E+0000	-1.73626190231551E-0003
 1.05372459232498E+0000	-1.47067409061164E-0003
 1.05958353636987E+0000	-1.14086323652401E-0003
 1.06550794459529E+0000	-7.55485847276918E-0004
 1.07151082121625E+0000	-3.26641758455305E-0004
 1.07760337718975E+0000	 1.29769025929979E-0004
 1.08379363987472E+0000	 5.93996870675420E-0004
 1.09008474795503E+0000	 1.04300926876178E-0003
 1.09647325989715E+0000	 1.45199179861058E-0003
 1.10294810151526E+0000	 1.79688420506017E-0003
 1.10949088872561E+0000	 2.05754443278312E-0003
 1.11607798448993E+0000	 2.22054527837840E-0003
 1.12268377686870E+0000	 2.28046688802629E-0003
 1.12928388928078E+0000	 2.23924180978856E-0003
 1.13585713750904E+0000	 2.10423705440211E-0003
 1.14238603702144E+0000	 1.88631327564286E-0003
 1.14885659084016E+0000	 1.59861303293937E-0003
 1.15525814147157E+0000	 1.25593465604857E-0003
 1.16158346196963E+0000	 8.74161402523638E-0004
 1.16782878725528E+0000	 4.69503335342095E-0004
 1.17399354370660E+0000	 5.77260980040314E-0005
 1.18007985018455E+0000	-3.46378255522523E-0004
 1.18609202333596E+0000	-7.29227154519849E-0004
 1.19203623284499E+0000	-1.07852712988583E-0003
 1.19792029062938E+0000	-1.38335063564138E-0003
 1.20375348063728E+0000	-1.63426840144786E-0003
 1.20954636076155E+0000	-1.82351031753810E-0003
 1.21531052768650E+0000	-1.94510791075083E-0003
 1.22105837061216E+0000	-1.99499805868720E-0003
 1.22680283833824E+0000	-1.97110011802705E-0003
 1.23255722283659E+0000	-1.87339382994623E-0003
 1.23833493992120E+0000	-1.70402169309326E-0003
 1.24414927259157E+0000	-1.46742471091046E-0003
 1.25001303554192E+0000	-1.17050060545323E-0003
 1.25593811926330E+0000	-8.22749656549322E-0004
 1.26193488258681E+0000	-4.36343774978162E-0004
 1.26801139292116E+0000	-2.60222995787047E-0005
 1.27417257346173E+0000	 3.91301163486393E-0004
 1.28041940121857E+0000	 7.97313847448254E-0004
 1.28674837390923E+0000	 1.17346341539736E-0003
 1.29315146823034E+0000	 1.50235496442293E-0003
 1.29961670038531E+0000	 1.76909180268884E-0003
 1.30612918374833E+0000	 1.96221801121763E-0003
 1.31267234759718E+0000	 2.07404946167790E-0003
 1.31922889294155E+0000	 2.10048426686314E-0003
 1.32578126662506E+0000	 2.04070056926908E-0003
 1.33231187483254E+0000	 1.89717704984851E-0003
 1.33880355257822E+0000	 1.67606955069169E-0003
 1.34524058884888E+0000	 1.38747832342561E-0003
 1.35161004216223E+0000	 1.04508717522008E-0003
 1.35790276819827E+0000	 6.65119825498817E-0004
 1.36411381422565E+0000	 2.65018526920848E-0004
 1.37024227191795E+0000	-1.37726150882629E-0004
 1.37629086997030E+0000	-5.26446083026101E-0004
 1.38226548966261E+0000	-8.85933970661533E-0004
 1.38817463999846E+0000	-1.20293107063341E-0003
 1.39402888809656E+0000	-1.46647598245765E-0003
 1.39984027502326E+0000	-1.66809725499494E-0003
 1.40562177340713E+0000	-1.80185962483234E-0003
 1.41138682898862E+0000	-1.86431013348120E-0003
 1.41714899208524E+0000	-1.85438232339323E-0003
 1.42292161356662E+0000	-1.77330255643675E-0003
 1.42871756568616E+0000	-1.62451624524085E-0003
 1.43454894998673E+0000	-1.41362606225475E-0003
 1.44042676688217E+0000	-1.14831466294869E-0003
 1.44636054054167E+0000	-8.38212148182526E-0004
 1.45235791756946E+0000	-4.94664696735946E-0004
 1.45842428729922E+0000	-1.30370807427927E-0004
 1.46456249656115E+0000	 2.41117218045908E-0004
 1.47077273354935E+0000	 6.05977411516616E-0004
 1.47705261573522E+0000	 9.50687961633266E-0004
 1.48339744091564E+0000	 1.26246905817461E-0003
 1.48980048568821E+0000	 1.52952885400758E-0003
 1.49625320381595E+0000	 1.74113610745009E-0003
 1.50274520366576E+0000	 1.88764535672150E-0003
 1.50926397866828E+0000	 1.96069579901123E-0003
 1.51579455578858E+0000	 1.95384017270185E-0003
 1.52231946961127E+0000	 1.86370664510709E-0003
 1.52881953298999E+0000	 1.69140210465175E-0003
 1.53527552769460E+0000	 1.44349200804567E-0003
 1.54167035238097E+0000	 1.13196343277062E-0003
 1.54799087436414E+0000	 7.73121220176343E-0004
 1.55422899048800E+0000	 3.85880839149844E-0004
 1.56038187151837E+0000	-1.00023445035298E-0005
 1.56645161429387E+0000	-3.95459875990106E-0004
 1.57244452196558E+0000	-7.53289747450088E-0004
 1.57837017500552E+0000	-1.06895735246901E-0003
 1.58424044016846E+0000	-1.33101837307886E-0003
 1.59006855210441E+0000	-1.53121619781335E-0003
 1.59586835514447E+0000	-1.66435477099202E-0003
 1.60165372668868E+0000	-1.72805848933971E-0003
 1.60743815137978E+0000	-1.72250399312435E-0003
 1.61323439281779E+0000	-1.65016596722504E-0003
 1.61905421389226E+0000	-1.51558062108251E-0003
 1.62490811688621E+0000	-1.32510650292482E-0003
 1.63080509988657E+0000	-1.08665461323657E-0003
 1.63675244956110E+0000	-8.09366629852441E-0004
 1.64275560698488E+0000	-5.03239315653304E-0004
 1.64881814700967E+0000	-1.78722550179435E-0004
 1.65494189463408E+0000	 1.53648510895580E-0004
 1.66112715895614E+0000	 4.83505239346088E-0004
 1.66737300549153E+0000	 8.00710899965220E-0004
 1.67367743853139E+0000	 1.09522511340776E-0003
 1.68003735868071E+0000	 1.35683900039249E-0003
 1.68644820748644E+0000	 1.57493507575781E-0003
 1.69290329760510E+0000	 1.73848163438681E-0003
 1.69939294963936E+0000	 1.83649566257793E-0003
 1.70590373319573E+0000	 1.85916501113868E-0003
 1.71241829234938E+0000	 1.79961336286118E-0003
 1.71891622898188E+0000	 1.65589732333956E-0003
 1.72537613896209E+0000	 1.43248088124417E-0003
 1.73177830130404E+0000	 1.14050331247991E-0003
 1.73810717386723E+0000	 7.96684531201467E-0004
 1.74435301552824E+0000	 4.21286006421675E-0004
 1.75051240900510E+0000	 3.57717670573768E-0005
 1.75658783240073E+0000	-3.39297253016567E-0004
 1.76258659814638E+0000	-6.85826813434892E-0004
 1.76851950892653E+0000	-9.89109248456658E-0004
 1.77439952797643E+0000	-1.23816088858297E-0003
 1.78024065398887E+0000	-1.42563875624491E-0003
 1.78605706980754E+0000	-1.54752224436785E-0003
 1.79186254202239E+0000	-1.60270866479109E-0003
 1.79767000429507E+0000	-1.59260889734954E-0003
 1.80349125477458E+0000	-1.52077124734541E-0003
 1.80933672069540E+0000	-1.39252381124448E-0003
 1.81521527468345E+0000	-1.21461182576950E-0003
 1.82113411492919E+0000	-9.94813377235403E-0004
 1.82709873708484E+0000	-7.41537933939737E-0004
 1.83311302495712E+0000	-4.63439603266308E-0004
 1.83917946789965E+0000	-1.69102140736520E-0004
 1.84529947649505E+0000	 1.33134722783192E-0004
 1.85147372201194E+0000	 4.35149313822845E-0004
 1.85770238511296E+0000	 7.28795905061360E-0004
 1.86398518564123E+0000	 1.00549693541089E-0003
 1.87032109095972E+0000	 1.25579294847524E-0003
 1.87670766152206E+0000	 1.46903112876511E-0003
 1.88314007832390E+0000	 1.63340848500378E-0003
 1.88961001608718E+0000	 1.73659711290734E-0003
 1.89610469900326E+0000	 1.76712349128739E-0003
 1.90260665143756E+0000	 1.71645663585301E-0003
 1.90909464845478E+0000	 1.58135987005284E-0003
 1.91554600011213E+0000	 1.36568938863365E-0003
 1.92193967261168E+0000	 1.08083258441897E-0003
 1.92825928178927E+0000	 7.44494564486472E-0004
 1.93449505232678E+0000	 3.78244793420859E-0004
 1.94064434744572E+0000	 4.65439705348144E-0006
 1.94671094816339E+0000	-3.55194134640735E-0004
 1.95270358799352E+0000	-6.83388561900431E-0004
 1.95863427640552E+0000	-9.65999812317208E-0004
 1.96451678619322E+0000	-1.19321047371601E-0003
 1.97036547631977E+0000	-1.35902443506791E-0003
 1.97619446366028E+0000	-1.46078977275747E-0003
 1.98201707301124E+0000	-1.49868510346281E-0003
 1.98784547365415E+0000	-1.47523762102850E-0003
 1.99369042869186E+0000	-1.39488223374399E-0003
 1.99956111822211E+0000	-1.26354192359223E-0003
 2.00546503244634E+0000	-1.08820715159636E-0003
 2.01140795437197E+0000	-8.76509536273650E-0004
 2.01739405733129E+0000	-6.36311983549725E-0004
 2.02342612894055E+0000	-3.75363074860067E-0004
 2.02950590372609E+0000	-1.01078213535359E-0004
 2.03563444835015E+0000	 1.79493701563317E-0004
 2.04181250652533E+0000	 4.59485871028206E-0004
 2.04804068832258E+0000	 7.31827394022800E-0004
 2.05431939219609E+0000	 9.88731597683598E-0004
 2.06064838107494E+0000	 1.22119291528352E-0003
 2.06702598957460E+0000	 1.41867097692252E-0003
 2.07344801483865E+0000	 1.56917524267673E-0003
 2.07990646163945E+0000	 1.65998567057370E-0003
 2.08638850214849E+0000	 1.67919714797321E-0003
 2.09287621492144E+0000	 1.61804442150825E-0003
 2.09934767794340E+0000	 1.47351491206480E-0003
 2.10577958294081E+0000	 1.25030945274988E-0003
 2.11215078439891E+0000	 9.61190179728295E-0004
 2.11844559695023E+0000	 6.25381074979918E-0004
 2.12465573532747E+0000	 2.65598878290131E-0004
 2.13078050645188E+0000	-9.51861621944058E-0005
 2.13682563212595E+0000	-4.36320367099763E-0004
 2.14280142478410E+0000	-7.40972659076548E-0004
 2.14872094423736E+0000	-9.96666647191165E-0004
 2.15459848265829E+0000	-1.19515406675448E-0003
 2.16044847237462E+0000	-1.33195261575141E-0003
 2.16628476357402E+0000	-1.40577864119314E-0003
 2.17212016541306E+0000	-1.41799814868762E-0003
 2.17796614846044E+0000	-1.37213623319362E-0003
 2.18383263888845E+0000	-1.27343453268981E-0003
 2.18972787545988E+0000	-1.12842695502863E-0003
 2.19565833550025E+0000	-9.44510137915571E-0004
 2.20162875616948E+0000	-7.29508363967947E-0004
 2.20764227774669E+0000	-4.91262147822190E-0004
 2.21370071696859E+0000	-2.37294609306528E-0004
 2.21980494548790E+0000	 2.53787997660320E-0005
 2.22595530905940E+0000	 2.90240078303008E-0004
 2.23215198814485E+0000	 5.51032072648061E-0004
 2.23839518290596E+0000	 8.01319989535767E-0004
 2.24468501354932E+0000	 1.03393376952361E-0003
 2.25102105913022E+0000	 1.24042731849257E-0003
 2.25740150652499E+0000	 1.41073679496142E-0003
 2.26382195415135E+0000	 1.53327004949249E-0003
 2.27027405398546E+0000	 1.59570194191250E-0003
 2.27674441426578E+0000	 1.58669697879435E-0003
 2.28321443279916E+0000	 1.49848551298435E-0003
 2.28966170925348E+0000	 1.32965911817762E-0003
 2.29606312462538E+0000	 1.08704160021803E-0003
 2.30239873751291E+0000	 7.85589095440062E-0004
 2.30865504365004E+0000	 4.46166796466023E-0004
 2.31482647514964E+0000	 9.21228165676727E-0005
 2.32091500018756E+0000	-2.54024513449258E-0004
 2.32692849107666E+0000	-5.72896223183501E-0004
 2.33287871129676E+0000	-8.49367785742270E-0004
 2.33877950851100E+0000	-1.07275964953901E-0003
 2.34464545162469E+0000	-1.23649687411077E-0003
 2.35049091216155E+0000	-1.33755740795274E-0003
 2.35632948467793E+0000	-1.37590139167519E-0003
 2.36217362163196E+0000	-1.35396473413127E-0003
 2.36803438131251E+0000	-1.27622669547617E-0003
 2.37392122746344E+0000	-1.14882096618995E-0003
 2.37984186222584E+0000	-9.79147448940147E-0004
 2.38580211037131E+0000	-7.75452502323180E-0004
 2.39180589486533E+0000	-5.46372242966747E-0004
 2.39785534666530E+0000	-3.00468200474969E-0004
 2.40395107343275E+0000	-4.58177785225581E-0005
 2.41009257366661E+0000	 2.10257006455306E-0004
 2.41627873150707E+0000	 4.61241888707995E-0004
 2.42250827861048E+0000	 7.01217485022372E-0004
 2.42878008229701E+0000	 9.24395837467427E-0004
 2.43509312410142E+0000	 1.12449210684268E-0003
 2.44144606534761E+0000	 1.29408416564925E-0003
 2.44783635081539E+0000	 1.42417886292123E-0003
 2.45425890060853E+0000	 1.50427804709523E-0003
 2.46070463852860E+0000	 1.52328252066419E-0003
 2.46715941144974E+0000	 1.47145561701421E-0003
 2.47360409745285E+0000	 1.34323578337658E-0003
 2.48001652283144E+0000	 1.14000988477531E-0003
 2.48637499663088E+0000	 8.71528335251645E-0004
 2.49266224265167E+0000	 5.55058387615707E-0004
 2.49886816410124E+0000	 2.12544986682246E-0004
 2.50499059285872E+0000	-1.32961361950033E-0004
 2.51103428170465E+0000	-4.60304786431204E-0004
 2.51700901286896E+0000	-7.52023260403577E-0004
 2.52292763506703E+0000	-9.95009351769056E-0004
 2.52880446952673E+0000	-1.18041889911362E-0003
 2.53465419240765E+0000	-1.30322097798713E-0003
 2.54049112044253E+0000	-1.36165890777105E-0003
 2.54632876772015E+0000	-1.35676161573245E-0003
 2.55217954668167E+0000	-1.29194878452097E-0003
 2.55805451811182E+0000	-1.17271263356666E-0003
 2.56396313632369E+0000	-1.00632596440949E-0003
 2.56991297976945E+0000	-8.01515030738179E-0004
 2.57590949897401E+0000	-5.68044866129447E-0004
 2.58195584716931E+0000	-3.16193017890077E-0004
 2.58805287617178E+0000	-5.61336182188744E-0005
 2.59419936928676E+0000	 2.02688722825254E-0004
 2.60039253346503E+0000	 4.52063858063024E-0004
 2.60662868778686E+0000	 6.85251115507781E-0004
 2.61290399241917E+0000	 8.96836442605603E-0004
 2.61921500232375E+0000	 1.08219961540293E-0003
 2.62555882889535E+0000	 1.23670015806708E-0003
 2.63193274878410E+0000	 1.35480553267889E-0003
 2.63833320590080E+0000	 1.42948413873853E-0003
 2.64475433064947E+0000	 1.45225780640174E-0003
 2.65118638077435E+0000	 1.41428409766225E-0003
 2.65761483038283E+0000	 1.30857374404484E-0003
 2.66402093948737E+0000	 1.13286277847800E-0003
 2.67038418265742E+0000	 8.91999193141414E-0004
 2.67668592150656E+0000	 5.98576352875111E-0004
 2.68291286653134E+0000	 2.71336275702862E-0004
 2.68905898565567E+0000	-6.79297368717578E-0005
 2.69512548811502E+0000	-3.97637185684821E-0004
 2.70111945599792E+0000	-6.98795137306007E-0004
 2.70705199373491E+0000	-9.56228891905243E-0004
 2.71293653079478E+0000	-1.15887429886693E-0003
 2.71878754513957E+0000	-1.29954151465253E-0003
 2.72461971604129E+0000	-1.37447989794631E-0003
 2.73044739792426E+0000	-1.38294638658953E-0003
 2.73628428052366E+0000	-1.32686825299517E-0003
 2.74214311517752E+0000	-1.21061413972163E-0003
 2.74803541668161E+0000	-1.04083697453614E-0003
 2.75397108680972E+0000	-8.26319253175240E-0004
 2.75995794970280E+0000	-5.77731261992524E-0004
 2.76600124331682E+0000	-3.07209189925437E-0004
 2.77210317355456E+0000	-2.76836897011183E-0005
 2.77826269385882E+0000	 2.48044126081661E-0004
 2.78447568702639E+0000	 5.08368315615407E-0004
 2.79073565289049E+0000	 7.43845015440055E-0004
 2.79703483404287E+0000	 9.47751262201511E-0004
 2.80336550375883E+0000	 1.11599272605331E-0003
 2.80972100784431E+0000	 1.24632238937798E-0003
 2.81609617534629E+0000	 1.33709033503411E-0003
 2.82248688423436E+0000	 1.38594718448204E-0003
 2.82888882414370E+0000	 1.38901197344676E-0003
 2.83529579083558E+0000	 1.34097518991257E-0003
 2.84169814239812E+0000	 1.23640101662708E-0003
 2.84808222982991E+0000	 1.07205508363566E-0003
 2.85443144223579E+0000	 8.49482306662793E-0004
 2.86072882377538E+0000	 5.76661048367399E-0004
 2.86696032820189E+0000	 2.67836183536364E-0004
 2.87311738186503E+0000	-5.84319636883664E-0005
 2.87919790012186E+0000	-3.82076136348940E-0004
 2.88520579901734E+0000	-6.84084831337883E-0004
 2.89114963969771E+0000	-9.48186809337533E-0004
 2.89704108949035E+0000	-1.16160627699564E-0003
 2.90289361781782E+0000	-1.31516222255504E-0003
 2.90872156250337E+0000	-1.40303864303025E-0003
 2.91453952868214E+0000	-1.42247160200603E-0003
 2.92036201169723E+0000	-1.37349496654426E-0003
 2.92620312197431E+0000	-1.25880354209552E-0003
 2.93207629936378E+0000	-1.08373335881683E-0003
 2.93799392150333E+0000	-8.56313305054403E-0004
 2.94396673505100E+0000	-5.87299104738060E-0004
 2.95000308085965E+0000	-2.90055136444158E-0004
 2.95610796209133E+0000	 1.98884803379094E-0005
 2.96228212984483E+0000	 3.25772123067122E-0004
 2.96852150935655E+0000	 6.11100754828098E-0004
 2.97481736649045E+0000	 8.61517655639615E-0004
 2.98115747924866E+0000	 1.06656559817272E-0003
 2.98752818146713E+0000	 1.22067073869396E-0003
 2.99391666701801E+0000	 1.32287234338497E-0003
 3.00031272007648E+0000	 1.37534420222823E-0003
 3.00670925449558E+0000	 1.38129468385027E-0003
 3.01310155090662E+0000	 1.34306865915691E-0003
 3.01948556999796E+0000	 1.26114969710736E-0003
 3.02585602259366E+0000	 1.13442453371524E-0003
 3.03220497794876E+0000	 9.61649935246249E-0004
 3.03852166873627E+0000	 7.43605891256731E-0004
 3.04479373166938E+0000	 4.85056366814028E-0004
 3.05100947754125E+0000	 1.95631716868202E-0004
 3.05716027331346E+0000	-1.10759967515769E-0004
 3.06324213365864E+0000	-4.17659646586281E-0004
 3.06925613858455E+0000	-7.08144446631471E-0004
 3.07520788269386E+0000	-9.66573538048214E-0004
 3.08110644329709E+0000	-1.17967765092895E-0003
 3.08696330409896E+0000	-1.33703421401222E-0003
 3.09279147630544E+0000	-1.43113955730428E-0003
 3.09860488116068E+0000	-1.45730186858570E-0003
 3.10441795198933E+0000	-1.41352107419408E-0003
 3.11024536730122E+0000	-1.30045513493050E-0003
 3.11610181048564E+0000	-1.12151803582689E-0003
 3.12200164466859E+0000	-8.83110591953623E-0004
 3.12795838516752E+0000	-5.94937876473052E-0004
 3.13398385375659E+0000	-2.70299966064370E-0004
 3.14008693630826E+0000	 7.38549700753710E-0005
 3.14627198854138E+0000	 4.17436989631529E-0004
 3.15253719073951E+0000	 7.38643025874560E-0004
 3.15887349946729E+0000	 1.01648230676828E-0003
 3.16526503803961E+0000	 1.23403063473037E-0003
 3.17169142247139E+0000	 1.38133321595017E-0003
 3.17813154635168E+0000	 1.45660182181139E-0003
 3.18456737338408E+0000	 1.46502833960793E-0003
 3.19098620122282E+0000	 1.41580255342549E-0003
 3.19738076485586E+0000	 1.31875943412016E-0003
 3.20374763195036E+0000	 1.18195786694328E-0003
 3.21008488513278E+0000	 1.01078927866258E-0003
 3.21639005221981E+0000	 8.08534533817131E-0004
 3.22265893928578E+0000	 5.77868400967900E-0004
 3.22888563496117E+0000	 3.22616261473522E-0004
 3.23506353977256E+0000	 4.90730357823909E-0005
 3.24118692122230E+0000	-2.33569075052450E-0004
 3.24725236527454E+0000	-5.13728741250386E-0004
 3.25325966326262E+0000	-7.78550589147071E-0004
 3.25921201239464E+0000	-1.01515901806088E-0003
 3.26511569435628E+0000	-1.21169341458282E-0003
 3.27097950449475E+0000	-1.35798427671093E-0003
 3.27681416077373E+0000	-1.44590651268679E-0003
 3.28263181927653E+0000	-1.46952925620143E-0003
 3.28844573005053E+0000	-1.42519126882730E-0003
 3.29427000571956E+0000	-1.31160704132479E-0003
 3.30011943867074E+0000	-1.13007820132059E-0003
 3.30600927502599E+0000	-8.84856386309071E-0004
 3.31195482163998E+0000	-5.83670673342162E-0004
 3.31797072195664E+0000	-2.38375397014728E-0004
 3.32406970448182E+0000	 1.34437408567210E-0004
 3.33026064247291E+0000	 5.13208465542385E-0004
 3.33654598163517E+0000	 8.72152954714144E-0004
 3.34291911413798E+0000	 1.18366229804453E-0003
 3.34936299584947E+0000	 1.42262511875993E-0003
 3.35585157857087E+0000	 1.57170780848930E-0003
 3.36235456888557E+0000	 1.62526829330059E-0003
 3.36884384263897E+0000	 1.58963570032250E-0003
 3.37529850819862E+0000	 1.47957647766798E-0003
 3.38170663052648E+0000	 1.31306325613205E-0003
 3.38806386162412E+0000	 1.10686866890829E-0003
 3.39437056547990E+0000	 8.74246185118487E-0004
 3.40062895610625E+0000	 6.24604081374010E-0004
 3.40684108224430E+0000	 3.64451660165138E-0004
 3.41300788578292E+0000	 9.88499732486995E-0005
 3.41912919911246E+0000	-1.67222406612941E-0004
 3.42520436351274E+0000	-4.27950230930435E-0004
 3.43123309258505E+0000	-6.76338914328748E-0004
 3.43721625774743E+0000	-9.04376409071091E-0004
 3.44315640754793E+0000	-1.10350537320751E-0003
 3.44905798469369E+0000	-1.26519419605582E-0003
 3.45492731099056E+0000	-1.38145789510700E-0003
 3.46077244764857E+0000	-1.44526779930927E-0003
 3.46660302343705E+0000	-1.45085940397033E-0003
 3.47243008588858E+0000	-1.39398679086221E-0003
 3.47826599210629E+0000	-1.27218624247145E-0003
 3.48412432195328E+0000	-1.08511344766239E-0003
 3.49001976279875E+0000	-8.35015932006233E-0004
 3.49596787130946E+0000	-5.27393754796442E-0004
 3.50198455367057E+0000	-1.71872385985270E-0004
 3.50808502118928E+0000	 2.16772020809573E-0004
 3.51428190977891E+0000	 6.17688095679198E-0004
 3.52058232048089E+0000	 1.00372777811501E-0003
 3.52698398421177E+0000	 1.34295039435236E-0003
 3.53347178233024E+0000	 1.60291913851125E-0003
 3.54001704821004E+0000	 1.75771670061984E-0003
 3.54658186430893E+0000	 1.79514997752046E-0003
 3.55312765373458E+0000	 1.71995943301744E-0003
 3.55962381026000E+0000	 1.55082636836711E-0003
 3.56605206448667E+0000	 1.31332386289690E-0003
 3.57240581283739E+0000	 1.03302062162075E-0003
 3.57868661523302E+0000	 7.31343217626726E-0004
 3.58490034251180E+0000	 4.24319731791223E-0004
 3.59105427891441E+0000	 1.23132778824959E-0004
 3.59715543654982E+0000	-1.64591053382744E-0004
 3.60320985326382E+0000	-4.33429620677707E-0004
 3.60922253526690E+0000	-6.79070507517541E-0004
 3.61519774733213E+0000	-8.97571098667285E-0004
 3.62113943446518E+0000	-1.08495282325147E-0003
 3.62705164117629E+0000	-1.23705497242968E-0003
 3.63293886457918E+0000	-1.34956159726312E-0003
 3.63880632770660E+0000	-1.41812992349460E-0003
 3.64466018655730E+0000	-1.43857575095807E-0003
 3.65050769216657E+0000	-1.40709812709870E-0003
 3.65635732508300E+0000	-1.32054626522028E-0003
 3.66221891033179E+0000	-1.17674670950222E-0003
 3.66810370781834E+0000	-9.74921628373157E-0004
 3.67402445240009E+0000	-7.16242402997095E-0004
 3.67999528098885E+0000	-4.04574287450356E-0004
 3.68603141925811E+0000	-4.74660032544103E-0005
 3.69214839860900E+0000	 3.42607709543123E-0004
 3.69836044817525E+0000	 7.46892734582043E-0004
 3.70467764410952E+0000	 1.13937527919974E-0003
 3.71110164694626E+0000	 1.48722314394509E-0003
 3.71762082144253E+0000	 1.75418511114950E-0003
 3.72420726486317E+0000	 1.90791493236463E-0003
 3.73081930431638E+0000	 1.92949111412717E-0003
 3.73741063613474E+0000	 1.81998020829577E-0003
 3.74394192034697E+0000	 1.59933956875881E-0003
 3.75038828246299E+0000	 1.29855281420390E-0003
 3.75674002251617E+0000	 9.50448328418541E-0004
 3.76299881447483E+0000	 5.83584537514878E-0004
 3.76917291860700E+0000	 2.19963030030761E-0004
 3.77527342144094E+0000	-1.24760161228160E-0004
 3.78131192854214E+0000	-4.40030540434445E-0004
 3.78729940554055E+0000	-7.19001394431342E-0004
 3.79324573720630E+0000	-9.57356797982495E-0004
 3.79915967216660E+0000	-1.15243277619922E-0003
 3.80504894827617E+0000	-1.30260067931737E-0003
 3.81092049121950E+0000	-1.40684658719803E-0003
 3.81678064085252E+0000	-1.46448783338340E-0003
 3.82263539367240E+0000	-1.47498815930940E-0003
 3.82849066362726E+0000	-1.43785506719586E-0003
 3.83435256412805E+0000	-1.35262079728276E-0003
 3.84022770792737E+0000	-1.21891994270380E-0003
 3.84612351325098E+0000	-1.03668354668953E-0003
 3.85204849545671E+0000	-8.06475492652216E-0004
 3.85801250990897E+0000	-5.30005777051516E-0004
 3.86402688481269E+0000	-2.10866783364105E-0004
 3.87010432921959E+0000	 1.44455910928618E-0004
 3.87625840800916E+0000	 5.25273291244616E-0004
 3.88250224399169E+0000	 9.15172126764215E-0004
 3.88884599658957E+0000	 1.29066451565650E-0003
 3.89529278211713E+0000	 1.62093774088069E-0003
 3.90183346265774E+0000	 1.87028121769514E-0003
 3.90844245647462E+0000	 2.00466888227471E-0003
 3.91507843026898E+0000	 2.00172276467411E-0003
 3.92169242378024E+0000	 1.85924737729827E-0003
 3.92824039240173E+0000	 1.59630723445893E-0003
 3.93469287884141E+0000	 1.24598408618728E-0003
 3.94103734642322E+0000	 8.45181956658094E-0004
 3.94727474479455E+0000	 4.27091449534914E-0004
 3.95341431091176E+0000	 1.79497055377753E-0005
 3.95946924409872E+0000	-3.63153175947254E-0004
 3.96545395625236E+0000	-7.03125301717857E-0004
 3.97138261580246E+0000	-9.93462683310807E-0004
 3.97726850202464E+0000	-1.22903424447345E-0003
 3.98312378915195E+0000	-1.40716782807923E-0003
 3.98895952744968E+0000	-1.52700007638269E-0003
 3.99478570029539E+0000	-1.58901637468444E-0003
 4.00061130579878E+0000	-1.59471284184564E-0003
 4.00644445075087E+0000	-1.54633122661921E-0003
 4.01229246515863E+0000	-1.44663880996020E-0003
 4.01816205416401E+0000	-1.29874595508822E-0003
 4.02405950423324E+0000	-1.10597304837935E-0003
 4.02999095366737E+0000	-8.71796262082576E-0004
 4.03596272346653E+0000	-5.99918254777776E-0004
 4.04198168068888E+0000	-2.94525376672570E-0004
 4.04805556719795E+0000	 3.91958627842319E-0005
 4.05419316438354E+0000	 3.94212748565427E-0004
 4.06040407224901E+0000	 7.60438333555045E-0004
 4.06669776464161E+0000	 1.12324609567568E-0003
 4.07308149196661E+0000	 1.46205922010723E-0003
 4.07955670388951E+0000	 1.74984765263567E-0003
 4.08611430128376E+0000	 1.95494499600211E-0003
 4.09273050417883E+0000	 2.04660983846314E-0003
 4.09936675833415E+0000	 2.00397496603186E-0003
 4.10597639871769E+0000	 1.82443491267659E-0003
 4.11251611488276E+0000	 1.52577633068160E-0003
 4.11895576057322E+0000	 1.14030578320281E-0003
 4.12528162581398E+0000	 7.05285881286187E-0004
 4.13149382938695E+0000	 2.55206526120883E-0004
 4.13760146080024E+0000	-1.81944327265115E-0004
 4.14361824946249E+0000	-5.85275747177457E-0004
 4.14955968400625E+0000	-9.40074791124117E-0004
 4.15544142188021E+0000	-1.23650442097384E-0003
 4.16127854240813E+0000	-1.46843737712856E-0003
 4.16708526173331E+0000	-1.63257297950152E-0003
 4.17287486390994E+0000	-1.72782255816501E-0003
 4.17865971080134E+0000	-1.75490089938038E-0003
 4.18445126102379E+0000	-1.71605834532169E-0003
 4.19026006637929E+0000	-1.61489795878356E-0003
 4.19609573672342E+0000	-1.45623223962647E-0003
 4.20196688083975E+0000	-1.24594247378086E-0003
 4.20788104695097E+0000	-9.90814034532651E-0004
 4.21384470266561E+0000	-6.98338516101751E-0004
 4.21986330498908E+0000	-3.76504707142763E-0004
 4.22594150322691E+0000	-3.36472320586980E-0005
 4.23208347243576E+0000	 3.21525756745104E-0004
 4.23829327862871E+0000	 6.79574648570306E-0004
 4.24457503574000E+0000	 1.02952659023664E-0003
 4.25093246832262E+0000	 1.35766967896438E-0003
 4.25736742689634E+0000	 1.64628871496576E-0003
 4.26387706552377E+0000	 1.87313925817699E-0003
 4.27045001631274E+0000	 2.01289265128910E-0003
 4.27706311687496E+0000	 2.04166954607552E-0003
 4.28368144577728E+0000	 1.94427081932150E-0003
 4.29026376412881E+0000	 1.72094660655853E-0003
 4.29677186839955E+0000	 1.38923198248806E-0003
 4.30317884742265E+0000	 9.79312960099052E-0004
 4.30947219636275E+0000	 5.26097477552894E-0004
 4.31565196230110E+0000	 6.24537318169916E-0005
 4.32172671172681E+0000	-3.84335541896134E-0004
 4.32770971291697E+0000	-7.93378265303582E-0004
 4.33361627439933E+0000	-1.14953257673870E-0003
 4.33946221036558E+0000	-1.44232268206217E-0003
 4.34526308708852E+0000	-1.66491636283066E-0003
 4.35103392063787E+0000	-1.81333556930891E-0003
 4.35678909943403E+0000	-1.88591439206404E-0003
 4.36254239578897E+0000	-1.88296553192513E-0003
 4.36830698746068E+0000	-1.80660809063924E-0003
 4.37409543943604E+0000	-1.66071334548419E-0003
 4.37991960949886E+0000	-1.45092609012912E-0003
 4.38579045030576E+0000	-1.18471186080882E-0003
 4.39171769663521E+0000	-8.71366013996671E-0004
 4.39770945906999E+0000	-5.21907397618834E-0004
 4.40377179868692E+0000	-1.48785460937057E-0004
 4.40990841763109E+0000	 2.34618755623737E-0004
 4.41612062333132E+0000	 6.14604308988534E-0004
 4.42240764322867E+0000	 9.77637753680823E-0004
 4.42876714724076E+0000	 1.31040784794746E-0003
 4.43519554816552E+0000	 1.59927420040682E-0003
 4.44168749032868E+0000	 1.82933384575136E-0003
 4.44823413470430E+0000	 1.98387067512240E-0003
 4.45482054100019E+0000	 2.04532569881295E-0003
 4.46142351307759E+0000	 1.99865029572183E-0003
 4.46801203609137E+0000	 1.83654832514214E-0003
 4.47455165769461E+0000	 1.56412203081278E-0003
 4.48101150261208E+0000	 1.19978046380876E-0003
 4.48737031816121E+0000	 7.71492974656535E-0004
 4.49361873327391E+0000	 3.10689497661582E-0004
 4.49975782693714E+0000	-1.53010332629164E-0004
 4.50579597594708E+0000	-5.94684164333527E-0004
 4.51174577466379E+0000	-9.94863202034531E-0004
 4.51762181179615E+0000	-1.33909146205556E-0003
 4.52343934406040E+0000	-1.61707164912279E-0003
 4.52921362480620E+0000	-1.82182555213861E-0003
 4.53495963130627E+0000	-1.94903373967512E-0003
 4.54069200421141E+0000	-1.99658610209311E-0003
 4.54642508128674E+0000	-1.96432625657781E-0003
 4.55217295097804E+0000	-1.85396435079780E-0003
 4.55794946978367E+0000	-1.66913632487322E-0003
 4.56376818788272E+0000	-1.41558725286026E-0003
 4.56964211930654E+0000	-1.10144210546829E-0003
 4.57558328901785E+0000	-7.37492680740050E-0004
 4.58160200953489E+0000	-3.37374275535819E-0004
 4.58770591110981E+0000	 8.25532282755510E-0005
 4.59389888959498E+0000	 5.03817917115274E-0004
 4.60018030968794E+0000	 9.07025955269905E-0004
 4.60654487358172E+0000	 1.27342549738153E-0003
 4.61298334886917E+0000	 1.58629537022974E-0003
 4.61948382001348E+0000	 1.83152668378148E-0003
 4.62603262610545E+0000	 1.99721838295896E-0003
 4.63261420166697E+0000	 2.07292787396970E-0003
 4.63920983973298E+0000	 2.04977692529217E-0003
 4.64579651366767E+0000	 1.92229719288724E-0003
 4.65234745062920E+0000	 1.69162218429175E-0003
 4.65883534671077E+0000	 1.36816060610818E-0003
 4.66523716593236E+0000	 9.71652465658187E-0004
 4.67153807693026E+0000	 5.28158259740071E-0004
 4.67773274342634E+0000	 6.55955156069055E-0005
 4.68382409007994E+0000	-3.90067267637370E-0004
 4.68982087620848E+0000	-8.16915003654349E-0004
 4.69573531925591E+0000	-1.19764201297268E-0003
 4.70158134862013E+0000	-1.51920485952037E-0003
 4.70737354463960E+0000	-1.77214501177857E-0003
 4.71312659711287E+0000	-1.94991338696899E-0003
 4.71885509301724E+0000	-2.04833567777066E-0003
 4.72457348902477E+0000	-2.06525383221690E-0003
 4.73029617473906E+0000	-2.00034029178847E-0003
 4.73603756458015E+0000	-1.85507653381485E-0003
 4.74181216612409E+0000	-1.63289428044060E-0003
 4.74763456246209E+0000	-1.33948170040753E-0003
 4.75351922019910E+0000	-9.83245229645450E-0004
 4.75948000277094E+0000	-5.75875717763926E-0004
 4.76552925412043E+0000	-1.32880376827228E-0004
 4.77167636839075E+0000	 3.26192160777114E-0004
 4.77792594668615E+0000	 7.78238437062081E-0004
 4.78427599371738E+0000	 1.19818675348849E-0003
 4.79071697638493E+0000	 1.56169918647701E-0003
 4.79723253756053E+0000	 1.84826228821506E-0003
 4.80380187090722E+0000	 2.04334696056824E-0003
 4.81040259992981E+0000	 2.13867221929551E-0003
 4.81701259738265E+0000	 2.13093706009368E-0003
 4.82361013700452E+0000	 2.02052404686908E-0003
 4.83017327410246E+0000	 1.81149505831441E-0003
 4.83668003244157E+0000	 1.51285023824463E-0003
 4.84311024229750E+0000	 1.13970203331480E-0003
 4.84944836768120E+0000	 7.12889049078231E-0004
 4.85568574416039E+0000	 2.56730217179135E-0004
 4.86182111315445E+0000	-2.04054147440337E-0004
 4.86785953937512E+0000	-6.46925981319266E-0004
 4.87381056412431E+0000	-1.05294669258212E-0003
 4.87968641474296E+0000	-1.40711766788838E-0003
 4.88550067700590E+0000	-1.69807480444562E-0003
 4.89126748180480E+0000	-1.91754120470536E-0003
 4.89700109340602E+0000	-2.05978536663541E-0003
 4.90271576000871E+0000	-2.12119505243289E-0003
 4.90842571728160E+0000	-2.09999931889176E-0003
 4.91414527269890E+0000	-1.99614197045411E-0003
 4.91988892254646E+0000	-1.81130869830196E-0003
 4.92567145805693E+0000	-1.54912132960963E-0003
 4.93150799990849E+0000	-1.21552337129406E-0003
 4.93741386018205E+0000	-8.19377317110001E-0004
 4.94340407156838E+0000	-3.73254919283284E-0004
 4.94949236581842E+0000	 1.05703886999293E-0004
 4.95568938813890E+0000	 5.95188420953366E-0004
 4.96200012480903E+0000	 1.06796755268702E-0003
 4.96842103612668E+0000	 1.49374411282496E-0003
 4.97493814038329E+0000	 1.84299166045208E-0003
 4.98152763270564E+0000	 2.09195405608798E-0003
 4.98815960488512E+0000	 2.22661460437235E-0003
 4.99480329017087E+0000	 2.24353171966325E-0003
 5.00143106985734E+0000	 2.14755881091937E-0003
 5.00801973400333E+0000	 1.94861284464028E-0003
 5.01454980796972E+0000	 1.65966215711218E-0003
 5.02100481271249E+0000	 1.29638827339027E-0003
 5.02737160005255E+0000	 8.77458912348709E-0004
 5.03364152506150E+0000	 4.24154113633321E-0004
 5.03981144598409E+0000	-4.10470239848140E-0005
 5.04588378943517E+0000	-4.96379068966848E-0004
 5.05186566319688E+0000	-9.22405576221911E-0004
 5.05776750496591E+0000	-1.30289942046977E-0003
 5.06360178045726E+0000	-1.62501700855160E-0003
 5.06938200820211E+0000	-1.87903320361059E-0003
 5.07512215822605E+0000	-2.05790989807968E-0003
 5.08083635181055E+0000	-2.15687733270238E-0003
 5.08653876238288E+0000	-2.17311363174777E-0003
 5.09224363513019E+0000	-2.10555047890362E-0003
 5.09796536997929E+0000	-1.95481046473474E-0003
 5.10371863143461E+0000	-1.72328302870493E-0003
 5.10951845114600E+0000	-1.41536032106308E-0003
 5.11538026877105E+0000	-1.03787175818108E-0003
 5.12131980690495E+0000	-6.00762178337066E-0004
 5.12735259321115E+0000	-1.18026733693354E-0004
 5.13349284298853E+0000	 3.91200007816547E-0004
 5.13975136842948E+0000	 9.01761367782857E-0004
 5.14613236222612E+0000	 1.38257260100687E-0003
 5.15262957294292E+0000	 1.79880743838406E-0003
 5.15922356265288E+0000	 2.11694021693948E-0003
 5.16588250222608E+0000	 2.31168910769040E-0003
 5.17256762701352E+0000	 2.37160305492890E-0003
 5.17924107777149E+0000	 2.29991604003172E-0003
 5.18587183201884E+0000	 2.11059026248178E-0003
 5.19243738502843E+0000	 1.82283662841172E-0003
 5.19892232138906E+0000	 1.45732137475828E-0003
 5.20531629349226E+0000	 1.03481411201014E-0003
 5.21161294845498E+0000	 5.76164924080172E-0004
 5.21780984605177E+0000	 1.02284740927346E-0004
 5.22390864648233E+0000	-3.66438725908700E-0004
 5.22991494833467E+0000	-8.11095851381800E-0004
 5.23583763890539E+0000	-1.21511902480027E-0003
 5.24168798125362E+0000	-1.56475558904139E-0003
 5.24747873315375E+0000	-1.84912543461980E-0003
 5.25322347968734E+0000	-2.06000659266894E-0003
 5.25893622220418E+0000	-2.19152032959915E-0003
 5.26463118103614E+0000	-2.23984038011002E-0003
 5.27032274193678E+0000	-2.20299184790444E-0003
 5.27602548266075E+0000	-2.08076376560418E-0003
 5.28175423356334E+0000	-1.87474077162936E-0003
 5.28752414039979E+0000	-1.58845965968015E-0003
 5.29335069971029E+0000	-1.22771005747752E-0003
 5.29924971816054E+0000	-8.01018672521586E-0004
 5.30523709462324E+0000	-3.20370201162256E-0004
 5.31132822627960E+0000	 1.97805892656211E-0004
 5.31753670750885E+0000	 7.31476508652028E-0004
 5.32387190455643E+0000	 1.25207798327545E-0003
 5.33033518297019E+0000	 1.72475865676627E-0003
 5.33691541706375E+0000	 2.11121813605022E-0003
 5.34358599045030E+0000	 2.37612964044145E-0003
 5.35030652183256E+0000	 2.49577191639740E-0003
 5.35703056760628E+0000	 2.46437795998270E-0003
 5.36371580556588E+0000	 2.29390068411997E-0003
 5.37033090866730E+0000	 2.00775984719426E-0003
 5.37685659582350E+0000	 1.63333004925482E-0003
 5.38328289334025E+0000	 1.19709553200650E-0003
 5.38960584051403E+0000	 7.23036970904998E-0004
 5.39582537256180E+0000	 2.32803616544916E-0004
 5.40194445266314E+0000	-2.53801739866139E-0004
 5.40796881165449E+0000	-7.18699139207348E-0004
 5.41390672147756E+0000	-1.14576032874004E-0003
 5.41976858079888E+0000	-1.52111621985660E-0003
 5.42556637000456E+0000	-1.83332460110899E-0003
 5.43131312519425E+0000	-2.07334051723978E-0003
 5.43702254214984E+0000	-2.23434944243887E-0003
 5.44270874494749E+0000	-2.31156132802480E-0003
 5.44838619611927E+0000	-2.30204850310590E-0003
 5.45406969892720E+0000	-2.20467806096574E-0003
 5.45977443859616E+0000	-2.02016134351306E-0003
 5.46551601567852E+0000	-1.75122669438793E-0003
 5.47131043161352E+0000	-1.40291672237491E-0003
 5.47717398701352E+0000	-9.83015997425403E-0004
 5.48312303861381E+0000	-5.02626641448521E-0004
 5.48917351664638E+0000	 2.30815916841991E-0005
 5.49534001286627E+0000	 5.73943875735266E-0004
 5.50163411426983E+0000	 1.12382106682370E-0003
 5.50806157303714E+0000	 1.64003869295175E-0003
 5.51461816133680E+0000	 2.08431667393974E-0003
 5.52128512170351E+0000	 2.41675583284053E-0003
 5.52802696725319E+0000	 2.60368934538270E-0003
 5.53479519941386E+0000	 2.62715618902739E-0003
 5.54153843275575E+0000	 2.49041890163014E-0003
 5.54821380599361E+0000	 2.21536097550635E-0003
 5.55479319779315E+0000	 1.83389752561607E-0003
 5.56126267319511E+0000	 1.37937202020430E-0003
 5.56761835398571E+0000	 8.81711233348875E-0004
 5.57386227442412E+0000	 3.66215758210303E-0004
 5.57999975658918E+0000	-1.45827348215235E-0004
 5.58603820477825E+0000	-6.36208083526474E-0004
 5.59198666900839E+0000	-1.08917862553594E-0003
 5.59785563813757E+0000	-1.49120364881918E-0003
 5.60365681463218E+0000	-1.83089360465022E-0003
 5.60940284419803E+0000	-2.09895513940723E-0003
 5.61510706405386E+0000	-2.28809111796558E-0003
 5.62078333130111E+0000	-2.39286502798495E-0003
 5.62644595457226E+0000	-2.40958208008180E-0003
 5.63210971476763E+0000	-2.33624201946950E-0003
 5.63778993663105E+0000	-2.17260525857639E-0003
 5.64350256039506E+0000	-1.92039744206951E-0003
 5.64926415576910E+0000	-1.58366292101175E-0003
 5.65509181433217E+0000	-1.16926440345251E-0003
 5.66100284866098E+0000	-6.87511970896942E-0004
 5.66701421563036E+0000	-1.52888070396378E-0004
 5.67314156119627E+0000	 4.15186666192244E-0004
 5.67939774078649E+0000	 9.91645223745196E-0004
 5.68579059998131E+0000	 1.54534365516907E-0003
 5.69231978892748E+0000	 2.03943401689091E-0003
 5.69897273133800E+0000	 2.43358518271276E-0003
 5.70572102264448E+0000	 2.68937526701075E-0003
 5.71252024424130E+0000	 2.77898115749191E-0003
 5.71931623312547E+0000	 2.69393713174277E-0003
 5.72605676957708E+0000	 2.44818116461226E-0003
 5.73270241236205E+0000	 2.07265588183548E-0003
 5.73923071078746E+0000	 1.60532740575469E-0003
 5.74563383522220E+0000	 1.08277776983582E-0003
 5.75191355201318E+0000	 5.36169416441030E-0004
 5.75807683482778E+0000	-9.29402017867511E-0006
 5.76413319764625E+0000	-5.33357546946079E-0004
 5.77009344946495E+0000	-1.01950741746558E-0003
 5.77596922856629E+0000	-1.45409443350387E-0003
 5.78177283383293E+0000	-1.82581999208249E-0003
 5.78751712144469E+0000	-2.12544731190062E-0003
 5.79321541027482E+0000	-2.34561015687640E-0003
 5.79888141558942E+0000	-2.48065769896206E-0003
 5.80452924078979E+0000	-2.52653253736411E-0003
 5.81017343828643E+0000	-2.48071102976595E-0003
 5.81582912620725E+0000	-2.34224547274999E-0003
 5.82151212581035E+0000	-2.11194584344162E-0003
 5.82723906478526E+0000	-1.79273096834380E-0003
 5.83302737089631E+0000	-1.39016566588303E-0003
 5.83889505721820E+0000	-9.13176953596979E-0004
 5.84486017886727E+0000	-3.74901246772757E-0004
 5.85093983444869E+0000	 2.06449210891136E-0004
 5.85714861105070E+0000	 8.06891586495302E-0004
 5.86349643530991E+0000	 1.39641338360984E-0003
 5.86998587202744E+0000	 1.93947290614303E-0003
 5.87660900304138E+0000	 2.39669408798779E-0003
 5.88334430872413E+0000	 2.72843021744924E-0003
 5.89015485664517E+0000	 2.90091255491402E-0003
 5.89699032664119E+0000	 2.89445613309668E-0003
 5.90379487111819E+0000	 2.71027550364039E-0003
 5.91051871388273E+0000	 2.37096259120524E-0003
 5.91712732078792E+0000	 1.91341678525567E-0003
 5.92360370149669E+0000	 1.37878001348101E-0003
 5.92994496044693E+0000	 8.04866545581606E-0004
 5.93615703492853E+0000	 2.22955633482513E-0004
 5.94225042135385E+0000	-3.42287738502712E-0004
 5.94823762412772E+0000	-8.71615528043669E-0004
 5.95413193954183E+0000	-1.34989017399173E-0003
 5.95994697944166E+0000	-1.76509614767239E-0003
 5.96569651283917E+0000	-2.10769110728805E-0003
 5.97139441858100E+0000	-2.37018960429292E-0003
 5.97705468288341E+0000	-2.54688085354817E-0003
 5.98269143793254E+0000	-2.63363015469253E-0003
 5.98831905089408E+0000	-2.62775625368882E-0003
 5.99395226332864E+0000	-2.52800297295226E-0003
 5.99960636397656E+0000	-2.33463562420598E-0003
 6.00529735784694E+0000	-2.04969595924455E-0003
 6.01104207074719E+0000	-1.67744538014457E-0003
 6.01685809898078E+0000	-1.22501135121732E-0003
 6.02276348070584E+0000	-7.03217463130102E-0004
 6.02877594027199E+0000	-1.27511475055839E-0004
 6.03491156820739E+0000	 4.81196495790253E-0004
 6.04118288713929E+0000	 1.09608624665615E-0003
 6.04759642943449E+0000	 1.68472121700440E-0003
 6.05415013203413E+0000	 2.21034877817002E-0003
 6.06083088702840E+0000	 2.63432970705556E-0003
 6.06761255677232E+0000	 2.91990131738199E-0003
 6.07445524150351E+0000	 3.03772473063351E-0003
 6.08130773586289E+0000	 2.97294809820153E-0003
 6.08811500971715E+0000	 2.73098824486138E-0003
 6.09482902644101E+0000	 2.33757705740783E-0003
 6.10141729137317E+0000	 1.83181323229512E-0003
 6.10786490092542E+0000	 1.25638532425485E-0003
 6.11417106958301E+0000	 6.50181748256067E-0004
 6.12034387983035E+0000	 4.51250519573163E-0005
 6.12639596787004E+0000	-5.33926096652855E-0004
 6.13234187888897E+0000	-1.06798552442798E-0003
 6.13819674070475E+0000	-1.54259151026336E-0003
 6.14397569932953E+0000	-1.94673110286219E-0003
 6.14969371650928E+0000	-2.27208225649011E-0003
 6.15536552263635E+0000	-2.51249442210168E-0003
 6.16100564430337E+0000	-2.66362759613367E-0003
 6.16662848380211E+0000	-2.72270490917667E-0003
 6.17224844423011E+0000	-2.68836653610663E-0003
 6.17788009043648E+0000	-2.56063370556437E-0003
 6.18353832425115E+0000	-2.34100227645386E-0003
 6.18923853604704E+0000	-2.03268815920017E-0003
 6.19499667402162E+0000	-1.64104145533914E-0003
 6.20082914842631E+0000	-1.17412851569721E-0003
 6.20675246559798E+0000	-6.43444148803979E-0004
 6.21278248064510E+0000	-6.46541438902875E-0005
 6.21893319391541E+0000	 5.41811912322587E-0004
 6.22521511877049E+0000	 1.15055757786039E-0003
 6.23163339333352E+0000	 1.73161434418308E-0003
 6.23818587257015E+0000	 2.25148540962222E-0003
 6.24486126813849E+0000	 2.67477642569712E-0003
 6.25163717461000E+0000	 2.96665968052924E-0003
 6.25847830334035E+0000	 3.09711848133551E-0003
 6.26533690626393E+0000	 3.04768604892279E-0003
 6.27215834049175E+0000	 2.81867926844869E-0003
 6.27889171997290E+0000	 2.43181908176614E-0003
