 2.36599098204271E-0003	-1.26381200122689E-0003
 8.19115532852939E-0003	-1.66361965476841E-0003
 1.39616590798983E-0002	-1.99255456958471E-0003
 1.96906098613304E-0002	-2.24706603210061E-0003
 2.53902747789006E-0002	-2.42490758874983E-0003
 3.10723282381749E-0002	-2.52491750157640E-0003
 3.67480060192887E-0002	-2.54691798926477E-0003
 4.24281873562245E-0002	-2.49164980283530E-0003
 4.81234518906304E-0002	-2.36069812557790E-0003
 5.38441666528471E-0002	-2.15640486897291E-0003
 5.96006517055082E-0002	-1.88180089452069E-0003
 6.54034495020963E-0002	-1.54062758465422E-0003
 7.12636795037529E-0002	-1.13754358620965E-0003
 7.71933977971103E-0002	-6.78618495860189E-0004
 8.32058093251865E-0002	-1.72190593581657E-0004
 8.93151082695667E-0002	 3.69895612708990E-0004
 9.55356579597093E-0002	 9.30760963818791E-0004
 1.01880175408823E-0001	 1.48692936895000E-0003
 1.08356596189026E-0001	 2.00726573924387E-0003
 1.14963499659916E-0001	 2.45338856188908E-0003
 1.21684710125544E-0001	 2.78304345270648E-0003
 1.28485339027181E-0001	 2.95780703871306E-0003
 1.35313345384605E-0001	 2.95422762721137E-0003
 1.42109429433259E-0001	 2.77305198906326E-0003
 1.48821728749943E-0001	 2.43959720750266E-0003
 1.55416617506738E-0001	 1.99442969266254E-0003
 1.61880468540944E-0001	 1.48109398867960E-0003
 1.68214742923859E-0001	 9.37630266681791E-0004
 1.74429470719377E-0001	 3.93474797052867E-0004
 1.80538196299141E-0001	-1.30084884335666E-0004
 1.86555041650150E-0001	-6.18061208410453E-0004
 1.92493418612988E-0001	-1.05982747339055E-0003
 1.98365722781857E-0001	-1.44761976336637E-0003
 2.04183479121313E-0001	-1.77557483122834E-0003
 2.09957604898994E-0001	-2.03920259391038E-0003
 2.15698624545033E-0001	-2.23513242464798E-0003
 2.21416792107256E-0001	-2.36098676732667E-0003
 2.27122148202535E-0001	-2.41528342356379E-0003
 2.32824568264510E-0001	-2.39732288663181E-0003
 2.38533859931562E-0001	-2.30706572455842E-0003
 2.44259949665145E-0001	-2.14504261692654E-0003
 2.50013167889391E-0001	-1.91236456500535E-0003
 2.55804602095893E-0001	-1.61091071745758E-0003
 2.61646443427665E-0001	-1.24376390936126E-0003
 2.67552209430803E-0001	-8.15939305195956E-0004
 2.73536686051549E-0001	-3.35410440975514E-0004
 2.79615393982977E-0001	 1.85624511963753E-0004
 2.85803350024298E-0001	 7.29391358548110E-0004
 2.92112885052145E-0001	 1.27142270089435E-0003
 2.98550366249866E-0001	 1.78025663041481E-0003
 3.05112011628701E-0001	 2.21887192227927E-0003
 3.11779816173692E-0001	 2.54894644285213E-0003
 3.18519882857699E-0001	 2.73830150784810E-0003
 3.25285962222650E-0001	 2.76956639543532E-0003
 3.32028656472903E-0001	 2.64546669316810E-0003
 3.38706199267504E-0001	 2.38697505450227E-0003
 3.45291072565954E-0001	 2.02557878025148E-0003
 3.51770348813310E-0001	 1.59468199095669E-0003
 3.58141990884624E-0001	 1.12400538024817E-0003
 3.64410351007202E-0001	 6.37597445495166E-0004
 3.70582749704090E-0001	 1.54192817339637E-0004
 3.76667553420376E-0001	-3.11520800916859E-0004
 3.82673418264065E-0001	-7.47651898960843E-0004
 3.88609176285837E-0001	-1.14425603427361E-0003
 3.94483932456704E-0001	-1.49290970247081E-0003
 4.00307129444698E-0001	-1.78655730829444E-0003
 4.06088511270744E-0001	-2.01945880039576E-0003
 4.11838023114042E-0001	-2.18712297882322E-0003
 4.17565720799971E-0001	-2.28618699518758E-0003
 4.23281753908599E-0001	-2.31426189871773E-0003
 4.28996455890373E-0001	-2.26979859505402E-0003
 4.34720538158432E-0001	-2.15204154836934E-0003
 4.40465349955182E-0001	-1.96113393819102E-0003
 4.46243135456489E-0001	-1.69842172357911E-0003
 4.52067195690754E-0001	-1.36697858572530E-0003
 4.57951844670466E-0001	-9.72340965160432E-0004
 4.63912035109470E-0001	-5.23400042786288E-0004
 4.69962522173806E-0001	-3.33376973440198E-0005
 4.76116448011640E-0001	 4.79592980328928E-0004
 4.82383294230783E-0001	 9.91756011285627E-0004
 4.88766307466290E-0001	 1.47472404242590E-0003
 4.95259808883911E-0001	 1.89726751422220E-0003
 5.01847269616537E-0001	 2.22906213360090E-0003
 5.08501456753206E-0001	 2.44574944612505E-0003
 5.15187672120099E-0001	 2.53379102233371E-0003
 5.21869570606465E-0001	 2.49280517587721E-0003
 5.28515175822120E-0001	 2.33409096457354E-0003
 5.35100519000696E-0001	 2.07637278972002E-0003
 5.41610117560057E-0001	 1.74118024377638E-0003
 5.48035361049279E-0001	 1.34968006284968E-0003
 5.54372383704146E-0001	 9.21346618675262E-0004
 5.60620467898148E-0001	 4.73878868914857E-0004
 5.66781252978338E-0001	 2.35405417345340E-0005
 5.72858497659400E-0001	-4.14641150233911E-0004
 5.78857993222352E-0001	-8.26977122977682E-0004
 5.84787357749563E-0001	-1.20138837101333E-0003
 5.90655659161181E-0001	-1.52764450069074E-0003
 5.96472959281344E-0001	-1.79744236695680E-0003
 6.02249903989064E-0001	-2.00431058712807E-0003
 6.07997447312155E-0001	-2.14340190430460E-0003
 6.13726740841508E-0001	-2.21126365799057E-0003
 6.19449171092262E-0001	-2.20567242795146E-0003
 6.25176493094246E-0001	-2.12559848928449E-0003
 6.30920987087166E-0001	-1.97133837783202E-0003
 6.36695553941433E-0001	-1.74482374662938E-0003
 6.42513661579200E-0001	-1.45008285449231E-0003
 6.48389058831182E-0001	-1.09379609614175E-0003
 6.54335188739456E-0001	-6.85846933523897E-0004
 6.60364269465020E-0001	-2.39727001762601E-0004
 6.66486076528919E-0001	 2.27377348109298E-0004
 6.72706550933769E-0001	 6.94987054363108E-0004
 6.79026449893928E-0001	 1.14033795444049E-0003
 6.85440325547008E-0001	 1.54001471584533E-0003
 6.91936158640198E-0001	 1.87209649270362E-0003
 6.98495958775348E-0001	 2.11849270628109E-0003
 7.05097441032077E-0001	 2.26689396721599E-0003
 7.11716429828424E-0001	 2.31170768988612E-0003
 7.18329220262476E-0001	 2.25374674848026E-0003
 7.24914200291067E-0001	 2.09907353609499E-0003
 7.31452580625005E-0001	 1.85771271600011E-0003
 7.37928599463604E-0001	 1.54272729118556E-0003
 7.44329706636256E-0001	 1.16968108604763E-0003
 7.50646985225701E-0001	 7.56151877930713E-0004
 7.56875668579357E-0001	 3.20940822491555E-0004
 7.63015384187674E-0001	-1.17076841105427E-0004
 7.69069872198852E-0001	-5.40187035355495E-0004
 7.75046227018215E-0001	-9.32804823191497E-0004
 7.80953920349555E-0001	-1.28198358665091E-0003
 7.86803878323977E-0001	-1.57748687904399E-0003
 7.92607780227657E-0001	-1.81156976525869E-0003
 7.98377627963937E-0001	-1.97864030683041E-0003
 8.04125554062821E-0001	-2.07493948245991E-0003
 8.09863794210619E-0001	-2.09832948987198E-0003
 8.15604734585811E-0001	-2.04823438543641E-0003
 8.21360943451698E-0001	-1.92573730296421E-0003
 8.27145104982485E-0001	-1.73380359386212E-0003
 8.32969790695960E-0001	-1.47756709057064E-0003
 8.38847033683651E-0001	-1.16458777203507E-0003
 8.44787718167776E-0001	-8.04970386079421E-0004
 8.50800860692403E-0001	-4.11241267337272E-0004
 8.56892920009105E-0001	 2.06668472113900E-0006
 8.63067289485410E-0001	 4.19074938106113E-0004
 8.69324063793145E-0001	 8.23327109194051E-0004
 8.75660053187673E-0001	 1.19850600825330E-0003
 8.82068930822018E-0001	 1.52902008264468E-0003
 8.88541403903575E-0001	 1.80048051623808E-0003
 8.95065354317500E-0001	 2.00013570088725E-0003
 9.01625929715492E-0001	 2.11734629803173E-0003
 9.08205622089676E-0001	 2.14422562927285E-0003
 9.14784513196423E-0001	 2.07656176019385E-0003
 9.21341001883605E-0001	 1.91496142741073E-0003
 9.27853271943173E-0001	 1.66586152182623E-0003
 9.34301441849386E-0001	 1.34184892071019E-0003
 9.40669885893000E-0001	 9.60832910031172E-0004
 9.46948944358804E-0001	 5.44091698842772E-0004
 9.53135446877753E-0001	 1.13785270475004E-0004
 9.59232048025805E-0001	-3.09268743085524E-0004
 9.65245852622713E-0001	-7.07039756816065E-0004
 9.71186901312382E-0001	-1.06488156447698E-0003
 9.77066897164608E-0001	-1.37150699665695E-0003
 9.82898314743120E-0001	-1.61863497775036E-0003
 9.88693871788904E-0001	-1.80054774248896E-0003
 9.94466269990018E-0001	-1.91370689264616E-0003
 1.00022809202577E+0000	-1.95650012669311E-0003
 1.00599174837269E+0000	-1.92913343797133E-0003
 1.01176938533040E+0000	-1.83364114548229E-0003
 1.01757269242190E+0000	-1.67395308154016E-0003
 1.02341258522742E+0000	-1.45593446350189E-0003
 1.02929879117646E+0000	-1.18730672183300E-0003
 1.03523942519242E+0000	-8.77381113197252E-0004
 1.04124068672363E+0000	-5.36603854687858E-0004
 1.04730680088928E+0000	-1.76012432514285E-0004
 1.05344023538504E+0000	 1.93211501978785E-0004
 1.05964207595406E+0000	 5.59908429496682E-0004
 1.06591232472261E+0000	 9.12760922023142E-0004
 1.07224988264385E+0000	 1.23987749354756E-0003
 1.07865208506164E+0000	 1.52837950964140E-0003
 1.08511379872420E+0000	 1.76427450431850E-0003
 1.09162622372928E+0000	 1.93290411036963E-0003
 1.09817572847223E+0000	 2.02022424669643E-0003
 1.10474328470823E+0000	 2.01498951561741E-0003
 1.11130517482987E+0000	 1.91147429512048E-0003
 1.11783534105751E+0000	 1.71182727448798E-0003
 1.12430899443809E+0000	 1.42694744233791E-0003
 1.13070630777079E+0000	 1.07525517585734E-0003
 1.13701484427479E+0000	 6.79753299830239E-0004
 1.14323006669178E+0000	 2.64573904777373E-0004
 1.14935425477721E+0000	-1.47821744686650E-0004
 1.15539467554570E+0000	-5.38270403951318E-0004
 1.16136175276113E+0000	-8.91470486577310E-0004
 1.16726762100893E+0000	-1.19586560938342E-0003
 1.17312514505541E+0000	-1.44321826315565E-0003
 1.17894732770645E+0000	-1.62812354463147E-0003
 1.18474697964160E+0000	-1.74759505356965E-0003
 1.19053652712447E+0000	-1.80077013078629E-0003
 1.19632785597949E+0000	-1.78872481647692E-0003
 1.20213212218618E+0000	-1.71435022072426E-0003
 1.20795950088606E+0000	-1.58221775169967E-0003
 1.21381889737789E+0000	-1.39835600523748E-0003
 1.21971769875216E+0000	-1.16988845180770E-0003
 1.22566168158979E+0000	-9.04546487203619E-0004
 1.23165517658267E+0000	-6.10165098737934E-0004
 1.23770150290093E+0000	-2.94344145787525E-0004
 1.24380354605985E+0000	 3.55438320875925E-0005
 1.24996423713316E+0000	 3.71925710903600E-0004
 1.25618667400009E+0000	 7.06272308054921E-0004
 1.26247371297969E+0000	 1.02824245868847E-0003
 1.26882698393332E+0000	 1.32500982300957E-0003
 1.27524538824697E+0000	 1.58107275842188E-0003
 1.28172326765515E+0000	 1.77888026077969E-0003
 1.28824867786002E+0000	 1.90059455343488E-0003
 1.29480253327866E+0000	 1.93105558310509E-0003
 1.30135950959470E+0000	 1.86139168539155E-0003
 1.30789110432693E+0000	 1.69200142537959E-0003
 1.31437016844231E+0000	 1.43347061963879E-0003
 1.32077525398461E+0000	 1.10483324669002E-0003
 1.32709317552813E+0000	 7.29962112183418E-0004
 1.33331927195990E+0000	 3.33664719436956E-0004
 1.33945599972126E+0000	-6.12584596474982E-0005
 1.34551088482498E+0000	-4.35601789917718E-0004
 1.35149459399131E+0000	-7.74242405596580E-0004
 1.35741945049252E+0000	-1.06597825186647E-0003
 1.36329842116293E+0000	-1.30308862490335E-0003
 1.36914447186517E+0000	-1.48084377496847E-0003
 1.37497016177126E+0000	-1.59707001076536E-0003
 1.38078736307419E+0000	-1.65179701115491E-0003
 1.38660702482245E+0000	-1.64696383864246E-0003
 1.39243894071399E+0000	-1.58613057330584E-0003
 1.39829153003518E+0000	-1.47413436210746E-0003
 1.40417169192454E+0000	-1.31665007958755E-0003
 1.41008482683247E+0000	-1.11967238705920E-0003
 1.41603510748809E+0000	-8.89016442219298E-0004
 1.42202600673638E+0000	-6.30001209558346E-0004
 1.42806096937081E+0000	-3.47481381459310E-0004
 1.43414400981395E+0000	-4.63063898241106E-0005
 1.44027999205875E+0000	 2.67858042804394E-0004
 1.44647441546677E+0000	 5.87533747284924E-0004
 1.45273263641112E+0000	 9.02500396584009E-0004
 1.45905853694959E+0000	 1.19917906318909E-0003
 1.46545271123285E+0000	 1.46060508740363E-0003
 1.47191037430838E+0000	 1.66734022490998E-0003
 1.47841950444092E+0000	 1.79966421630422E-0003
 1.48496011344713E+0000	 1.84104500224352E-0003
 1.49150559662508E+0000	 1.78212631304241E-0003
 1.49802641474456E+0000	 1.62371243245235E-0003
 1.50449508116125E+0000	 1.37727066674238E-0003
 1.51089054575981E+0000	 1.06262919054075E-0003
 1.51720044859177E+0000	 7.04005467962492E-0004
 1.52342101668180E+0000	 3.26057904744088E-0004
 1.52955543969694E+0000	-4.89125956081931E-0005
 1.53561176576881E+0000	-4.02392837431629E-0004
 1.54160099466019E+0000	-7.20054823230438E-0004
 1.54753561848462E+0000	-9.91567007272817E-0004
 1.55342860212812E+0000	-1.21015595249410E-0003
 1.55929269783538E+0000	-1.37211022589977E-0003
 1.56513997779343E+0000	-1.47630877773839E-0003
 1.57098149305291E+0000	-1.52378671773354E-0003
 1.57682700519185E+0000	-1.51731165718645E-0003
 1.58268478259129E+0000	-1.46092863943459E-0003
 1.58856149994040E+0000	-1.35944457846585E-0003
 1.59446231207992E+0000	-1.21786792380639E-0003
 1.60039116784692E+0000	-1.04088672684746E-0003
 1.60635136983871E+0000	-8.32527238955064E-0004
 1.61234628490181E+0000	-5.96142546786748E-0004
 1.61838001586162E+0000	-3.34812644646935E-0004
 1.62445781323264E+0000	-5.21168320345832E-0005
 1.63058605464721E+0000	 2.46872934775802E-0004
 1.63677171216481E+0000	 5.54582459777471E-0004
 1.64302130243990E+0000	 8.60112442782938E-0004
 1.64933934637952E+0000	 1.14880670183489E-0003
 1.65572640696854E+0000	 1.40248036395673E-0003
 1.66217694497677E+0000	 1.60067627529620E-0003
 1.66867759857625E+0000	 1.72326563822762E-0003
 1.67520686847124E+0000	 1.75424790043075E-0003
 1.68173709076882E+0000	 1.68575138090550E-0003
 1.68823865364263E+0000	 1.52058519457129E-0003
 1.69468509736464E+0000	 1.27204688093973E-0003
 1.70105713925439E+0000	 9.61063766582557E-0004
 1.70734437914894E+0000	 6.12062743533473E-0004
 1.71354478004619E+0000	 2.49195445602968E-0004
 1.71966287040805E+0000	-1.06181969860102E-0004
 1.72570763711556E+0000	-4.36719519847224E-0004
 1.73169067523866E+0000	-7.29349865585568E-0004
 1.73762477568809E+0000	-9.75047863459473E-0004
 1.74352291990368E+0000	-1.16836745956448E-0003
 1.74939757980379E+0000	-1.30691460505994E-0003
 1.75526022344080E+0000	-1.39081752780208E-0003
 1.76112095858809E+0000	-1.42219799599708E-0003
 1.76698828902748E+0000	-1.40462120009778E-0003
 1.77286900240106E+0000	-1.34250503910388E-0003
 1.77876824135090E+0000	-1.24050278747215E-0003
 1.78468981143538E+0000	-1.10292922960439E-0003
 1.79063673391043E+0000	-9.33354163637374E-0004
 1.79661196619945E+0000	-7.34500925793843E-0004
 1.80261912648613E+0000	-5.08536556491012E-0004
 1.80866302072276E+0000	-2.57738428659503E-0004
 1.81474980279722E+0000	 1.45814163398738E-0005
 1.82088667777813E+0000	 3.03070216415922E-0004
 1.82708113246030E+0000	 5.99423787412660E-0004
 1.83333970874940E+0000	 8.91731276819337E-0004
 1.83966633815836E+0000	 1.16426266484748E-0003
 1.84606031479238E+0000	 1.39798844513960E-0003
 1.85251421729346E+0000	 1.57221672975420E-0003
 1.85901250417397E+0000	 1.66759024871765E-0003
 1.86553180885689E+0000	 1.67008223776732E-0003
 1.87204363124976E+0000	 1.57474591084669E-0003
 1.87851899391672E+0000	 1.38755175068367E-0003
 1.88493341820323E+0000	 1.12435358342862E-0003
 1.89127036195232E+0000	 8.07500191680920E-0004
 1.89752225138794E+0000	 4.61656933157274E-0004
 1.90368950544045E+0000	 1.10306512840455E-0004
 1.90977855721599E+0000	-2.26422010649341E-0004
 1.91579974505752E+0000	-5.32689456694122E-0004
 1.92176552873224E+0000	-7.97052563602246E-0004
 1.92768914594366E+0000	-1.01212917169413E-0003
 1.93358365375032E+0000	-1.17407872524947E-0003
 1.93946125294192E+0000	-1.28202582655621E-0003
 1.94533280929859E+0000	-1.33746787854378E-0003
 1.95120752573119E+0000	-1.34366271940192E-0003
 1.95709276460308E+0000	-1.30498223296162E-0003
 1.96299405655501E+0000	-1.22623961544795E-0003
 1.96891534401221E+0000	-1.11204495635104E-0003
 1.97485947771121E+0000	-9.66296503867377E-0004
 1.98082891306862E+0000	-7.91939697388553E-0004
 1.98682646944737E+0000	-5.91093947534554E-0004
 1.99285596598962E+0000	-3.65561441605212E-0004
 1.99892256195138E+0000	-1.17632844879140E-0004
 2.00503269525986E+0000	 1.48960552346997E-0004
 2.01119358717098E+0000	 4.28110038122789E-0004
 2.01741232163445E+0000	 7.10548547057552E-0004
 2.02369450603255E+0000	 9.83363222791203E-0004
 2.03004252114543E+0000	 1.23000501031688E-0003
 2.03645347553159E+0000	 1.43112665788551E-0003
 2.04291728856017E+0000	 1.56663330883499E-0003
 2.04941575593111E+0000	 1.61904998439637E-0003
 2.05592360283563E+0000	 1.57756686562174E-0003
 2.06241192334188E+0000	 1.44129664694961E-0003
 2.06885314071142E+0000	 1.22018775346539E-0003
 2.07522564352560E+0000	 9.33079542434423E-0004
 2.08151646210828E+0000	 6.03844439766023E-0004
 2.08772154125964E+0000	 2.57267462205696E-0004
 2.09384428492171E+0000	-8.40832033310612E-0005
 2.09989340281216E+0000	-4.01605599471972E-0004
 2.10588082178999E+0000	-6.81270371246218E-0004
 2.11182000247333E+0000	-9.13517137162474E-0004
 2.11772470528521E+0000	-1.09280351859457E-0003
 2.12360812019167E+0000	-1.21702445302912E-0003
 2.12948225370868E+0000	-1.28689668092274E-0003
 2.13535749761917E+0000	-1.30532761432408E-0003
 2.14124235171249E+0000	-1.27675630566850E-0003
 2.14714331831225E+0000	-1.20646005414631E-0003
 2.15306501327480E+0000	-1.09985631618671E-0003
 2.15901052977808E+0000	-9.61881887561854E-0004
 2.16498203919272E+0000	-7.96572052457293E-0004
 2.17098153319358E+0000	-6.06958514056642E-0004
 2.17701154400278E+0000	-3.95343229809768E-0004
 2.18307566542429E+0000	-1.63910644552115E-0004
 2.18917874220026E+0000	 8.44387962027774E-0005
 2.19532666645156E+0000	 3.45182132894726E-0004
 2.20152577314079E+0000	 6.11330113170111E-0004
 2.20778183714533E+0000	 8.72764040908398E-0004
 2.21409865947556E+0000	 1.11589940071420E-0003
 2.22047625979796E+0000	 1.32392566244588E-0003
 2.22690887301657E+0000	 1.47799619251840E-0003
 2.23338332321185E+0000	 1.55970041718803E-0003
 2.23987872743017E+0000	 1.55470294937214E-0003
 2.24636840039380E+0000	 1.45660407205744E-0003
 2.25282395248657E+0000	 1.26943015659438E-0003
 2.25922030134103E+0000	 1.00746699534081E-0003
 2.26553969436330E+0000	 6.92443429338443E-0004
 2.27177346091493E+0000	 3.49374039061927E-0004
 2.27792149773605E+0000	 2.68142207771938E-0006
 2.28399038874694E+0000	-3.26432304745063E-0004
 2.28999115881169E+0000	-6.21244750031468E-0004
 2.29593728423543E+0000	-8.69767435406541E-0004
 2.30184317478244E+0000	-1.06443917683507E-0003
 2.30772309868693E+0000	-1.20158281524756E-0003
 2.31359043601975E+0000	-1.28079782848121E-0003
 2.31945715065144E+0000	-1.30434836842854E-0003
 2.32533341439629E+0000	-1.27654355865926E-0003
 2.33122736923891E+0000	-1.20308797206542E-0003
 2.33714505710541E+0000	-1.09039720958028E-0003
 2.34309056564348E+0000	-9.44917001904306E-0004
 2.34906641878432E+0000	-7.72536104979754E-0004
 2.35507418092865E+0000	-5.78213894281983E-0004
 2.36111516675407E+0000	-3.65925071943006E-0004
 2.36719109675321E+0000	-1.38954427569069E-0004
 2.37330454181661E+0000	 9.95124709267253E-0005
 2.37945905047509E+0000	 3.45617100828170E-0004
 2.38565891122748E+0000	 5.94003272986602E-0004
 2.39190853296760E+0000	 8.37056960673341E-0004
 2.39821142247917E+0000	 1.06433356815977E-0003
 2.40456873833425E+0000	 1.26236012514905E-0003
 2.41097748848427E+0000	 1.41511889739127E-0003
 2.41742869614072E+0000	 1.50558967664146E-0003
 2.42390624654246E+0000	 1.51854519394593E-0003
 2.43038736020130E+0000	 1.44420414469617E-0003
 2.43684528236487E+0000	 1.28155330132455E-0003
 2.44325372963093E+0000	 1.03981048390765E-0003
 2.44959153670551E+0000	 7.37176436144967E-0004
 2.45584576107926E+0000	 3.97396064064986E-0004
 2.46201243755233E+0000	 4.56380279508509E-0005
 2.46809539095060E+0000	-2.94882546330989E-0004
 2.47410411593734E+0000	-6.04913170988784E-0004
 2.48005160355892E+0000	-8.69924910372198E-0004
 2.48595256528542E+0000	-1.08006317693317E-0003
 2.49182214766467E+0000	-1.22970519813947E-0003
 2.49767505117802E+0000	-1.31689204998397E-0003
 2.50352492192987E+0000	-1.34275913773165E-0003
 2.50938390806017E+0000	-1.31099209381906E-0003
 2.51526232112923E+0000	-1.22728525585756E-0003
 2.52116839435217E+0000	-1.09876825695011E-0003
 2.52710817123252E+0000	-9.33385559906556E-0004
 2.53308557697541E+0000	-7.39255934694315E-0004
 2.53910270922298E+0000	-5.24088180180644E-0004
 2.54516033319794E+0000	-2.94760484475123E-0004
 2.55125849923686E+0000	-5.71603372501315E-0005
 2.55739715248087E+0000	 1.83671218672882E-0004
 2.56357659832223E+0000	 4.23115788523765E-0004
 2.56979771473477E+0000	 6.56350173081041E-0004
 2.57606183448929E+0000	 8.77615713576574E-0004
 2.58237023598971E+0000	 1.07950399692221E-0003
 2.58872319199429E+0000	 1.25242494531971E-0003
 2.59511857853876E+0000	 1.38451101341971E-0003
 2.60155020762009E+0000	 1.46229785717522E-0003
 2.60800633939777E+0000	 1.47248464055532E-0003
 2.61446913528673E+0000	 1.40475820475380E-0003
 2.62091583261036E+0000	 1.25504239326337E-0003
 2.62732185796598E+0000	 1.02792954485362E-0003
 2.63366507337893E+0000	 7.37055105122304E-0004
 2.63992958597555E+0000	 4.03067336771754E-0004
 2.64610776430729E+0000	 5.00614719260341E-0005
 2.65220014124265E+0000	-2.98072202879550E-0004
 2.65821385544213E+0000	-6.20309647760212E-0004
 2.66416057646457E+0000	-8.99869315831025E-0004
 2.67005459397723E+0000	-1.12456954332170E-0003
 2.67591135188202E+0000	-1.28659748615491E-0003
 2.68174643150735E+0000	-1.38203936818245E-0003
 2.68757486957581E+0000	-1.41037590654480E-0003
 2.69341067949970E+0000	-1.37402518289965E-0003
 2.69926647294536E+0000	-1.27793745412811E-0003
 2.70515312181076E+0000	-1.12920538104885E-0003
 2.71107944598503E+0000	-9.36639486303131E-0004
 2.71705195340186E+0000	-7.10267411218214E-0004
 2.72307468908389E+0000	-4.60744425056658E-0004
 2.72914925946397E+0000	-1.98706470153028E-0004
 2.73527507927964E+0000	 6.58568425124936E-0005
 2.74144984227908E+0000	 3.24101193590561E-0004
 2.74767015667394E+0000	 5.68588239218947E-0004
 2.75393222730092E+0000	 7.93226773288280E-0004
 2.76023242044082E+0000	 9.92871119511284E-0004
 2.76656752676547E+0000	 1.16263842079880E-0003
 2.77293455999767E+0000	 1.29710992956471E-0003
 2.77933000903903E+0000	 1.38968387655745E-0003
 2.78574860987459E+0000	 1.43241910534336E-0003
 2.79218192145633E+0000	 1.41670089923989E-0003
 2.79861723915252E+0000	 1.33489831545456E-0003
 2.80503753148855E+0000	 1.18280366704672E-0003
 2.81142292199700E+0000	 9.62121308747194E-0004
 2.81775362299454E+0000	 6.81925018883338E-0004
 2.82401340900461E+0000	 3.58251737691053E-0004
 2.83019232174743E+0000	 1.18743878117731E-0005
 2.83628772849743E+0000	-3.34814988694583E-0004
 2.84230375357815E+0000	-6.60659627427963E-0004
 2.84824974614470E+0000	-9.47637681068578E-0004
 2.85413852465621E+0000	-1.18173194016551E-0003
 2.85998486293765E+0000	-1.35305722741295E-0003
 2.86580437388429E+0000	-1.45559893172536E-0003
 2.87161275501804E+0000	-1.48682799464553E-0003
 2.87742528465484E+0000	-1.44734102307279E-0003
 2.88325644933942E+0000	-1.34058249845833E-0003
 2.88911960259014E+0000	-1.17264566967762E-0003
 2.89502658268452E+0000	-9.52109796519218E-0004
 2.90098724923000E+0000	-6.89844022949071E-0004
 2.90700893890140E+0000	-3.98688833666940E-0004
 2.91309589596103E+0000	-9.29211090531005E-0005
 2.91924880162257E+0000	 2.12564925556533E-0004
 2.92546458762957E+0000	 5.03350712758885E-0004
 2.93173672839418E+0000	 7.66717183004303E-0004
 2.93805610938804E+0000	 9.92709790399992E-0004
 2.94441235648035E+0000	 1.17469066020367E-0003
 2.95079526720141E+0000	 1.30913583329736E-0003
 2.95719586690090E+0000	 1.39471561663761E-0003
 2.96360671868303E+0000	 1.43099999768462E-0003
 2.97002139139073E+0000	 1.41729478891412E-0003
 2.97643329466650E+0000	 1.35208485199854E-0003
 2.98283432749061E+0000	 1.23338484993379E-0003
 2.98921392352886E+0000	 1.06001939569007E-0003
 2.99555905975677E+0000	 8.33488985088450E-0004
 3.00185551893679E+0000	 5.59714447790977E-0004
 3.00809014835857E+0000	 2.49832692134513E-0004
 3.01425330771770E+0000	-8.04327741760575E-0005
 3.02034057976036E+0000	-4.12611876710316E-0004
 3.02635325475387E+0000	-7.27786768506061E-0004
 3.03229772650897E+0000	-1.00857617410190E-0003
 3.03818430284802E+0000	-1.24040582530886E-0003
 3.04402592624687E+0000	-1.41207014246655E-0003
 3.04983709808342E+0000	-1.51580520073781E-0003
 3.05563309618383E+0000	-1.54712243728337E-0003
 3.06142944981822E+0000	-1.50459147334072E-0003
 3.06724158242569E+0000	-1.38968380406777E-0003
 3.07308451792760E+0000	-1.20672702760915E-0003
 3.07897254591838E+0000	-9.62972305620240E-0004
 3.08491874335687E+0000	-6.68733998425312E-0004
 3.09093425993039E+0000	-3.37505768446086E-0004
 3.09702731161419E+0000	 1.41153399735485E-0005
 3.10320192643122E+0000	 3.66940787517915E-0004
 3.10945667499470E+0000	 7.00400846999756E-0004
 3.11578386024722E+0000	 9.94572729067452E-0004
 3.12216977279328E+0000	 1.23276696993746E-0003
 3.12859639314950E+0000	 1.40391741698417E-0003
 3.13504427069611E+0000	 1.50379478038533E-0003
 3.14149560562504E+0000	 1.53445953908840E-0003
 3.14793639046542E+0000	 1.50221861690573E-0003
 3.15435698451247E+0000	 1.41502110354357E-0003
 3.16075124949440E+0000	 1.28029910661674E-0003
 3.16711486911257E+0000	 1.10387230564957E-0003
 3.17344359557516E+0000	 8.90056115014537E-0004
 3.17973205829389E+0000	 6.42736292414768E-0004
 3.18597354236461E+0000	 3.66903826518109E-0004
 3.19216080322609E+0000	 6.99978124999367E-0005
 3.19828757687230E+0000	-2.37518391718917E-0004
 3.20435016244814E+0000	-5.42574517247148E-0004
 3.21034849122936E+0000	-8.30678806530804E-0004
 3.21628642293059E+0000	-1.08737295549204E-0003
 3.22217137973855E+0000	-1.29949471122465E-0003
 3.22801362234275E+0000	-1.45601822174620E-0003
 3.23382546235384E+0000	-1.54847441524050E-0003
 3.23962059169437E+0000	-1.57108111606378E-0003
 3.24541359071622E+0000	-1.52073963167897E-0003
 3.25121959507032E+0000	-1.39702892594959E-0003
 3.25705405485258E+0000	-1.20228935192660E-0003
 3.26293249041996E+0000	-9.41851099255260E-0004
 3.26887012121680E+0000	-6.24424394459481E-0004
 3.27488121112311E+0000	-2.62611646784877E-0004
 3.28097795047148E+0000	 1.26599952592933E-0004
 3.28716873076344E+0000	 5.21673612078065E-0004
 3.29345585795320E+0000	 8.97197300312635E-0004
 3.29983318731645E+0000	 1.22599399345971E-0003
 3.30628476347498E+0000	 1.48292422560964E-0003
 3.31278582051060E+0000	 1.64965773415396E-0003
 3.31930672875511E+0000	 1.71852567313749E-0003
 3.32581872407379E+0000	 1.69342323828223E-0003
 3.33229895317075E+0000	 1.58724895501588E-0003
 3.33873286196038E+0000	 1.41734787910732E-0003
 3.34511368595582E+0000	 1.20112973966564E-0003
 3.35144014324266E+0000	 9.53271166711957E-0004
 3.35771367802438E+0000	 6.84777811110910E-0004
 3.36393619126356E+0000	 4.03487420145708E-0004
 3.37010870427333E+0000	 1.15381361007063E-0004
 3.37623103987955E+0000	-1.73908385513136E-0004
 3.38230234414362E+0000	-4.57900240241587E-0004
 3.38832208341753E+0000	-7.28686669350780E-0004
 3.39429108418581E+0000	-9.77038569263919E-0004
 3.40021227552117E+0000	-1.19301098919233E-0003
 3.40609099401938E+0000	-1.36675614457891E-0003
 3.41193490430034E+0000	-1.48928422744458E-0003
 3.41775369066638E+0000	-1.55303354041359E-0003
 3.42355868017807E+0000	-1.55223461272882E-0003
 3.42936250614729E+0000	-1.48313123568660E-0003
 3.43517885720157E+0000	-1.34415209049001E-0003
 3.44102230183895E+0000	-1.13612795296514E-0003
 3.44690813201123E+0000	-8.62638203622969E-0004
 3.45285212099512E+0000	-5.30551432428083E-0004
 3.45887002881993E+0000	-1.50786907698539E-0004
 3.46497661218563E+0000	 2.60764461687453E-0004
 3.47118383956007E+0000	 6.82408627416779E-0004
 3.47749808683781E+0000	 1.08648004198404E-0003
 3.48391650626371E+0000	 1.44078985708985E-0003
 3.49042369474356E+0000	 1.71268336938935E-0003
 3.49699087723426E+0000	 1.87569628357761E-0003
 3.50357972377033E+0000	 1.91660528666999E-0003
 3.51015043223464E+0000	 1.83902796069669E-0003
 3.51667038685377E+0000	 1.66118366856862E-0003
 3.52311918422159E+0000	 1.40930978870426E-0003
 3.52948872739759E+0000	 1.11056776657800E-0003
 3.53578007628845E+0000	 7.88277338870955E-0004
 3.54199944956656E+0000	 4.60049254368874E-0004
 3.54815489507564E+0000	 1.38016292877130E-0004
 3.55425413872069E+0000	-1.69864762745499E-0004
 3.56030356403738E+0000	-4.58201175102957E-0004
 3.56630807245553E+0000	-7.22705773357148E-0004
 3.57227152263380E+0000	-9.59143378684075E-0004
 3.57819744717671E+0000	-1.16277666732553E-0003
 3.58408978474751E+0000	-1.32827580829516E-0003
 3.58995344861561E+0000	-1.44996281699314E-0003
 3.59579465886654E+0000	-1.52222646662053E-0003
 3.60162105833239E+0000	-1.53996771784182E-0003
 3.60744168502941E+0000	-1.49899509511437E-0003
 3.61326688304297E+0000	-1.39635370004208E-0003
 3.61910821258519E+0000	-1.23062096973517E-0003
 3.62497838380560E+0000	-1.00223238094026E-0003
 3.63089119547702E+0000	-7.13915284500126E-0004
 3.63686140623271E+0000	-3.71312149116259E-0004
 3.64290439278795E+0000	 1.61414164075310E-0005
 3.64903534849064E+0000	 4.34080508756569E-0004
 3.65526766226783E+0000	 8.61977558835278E-0004
 3.66161008155258E+0000	 1.27231603787552E-0003
 3.66806253943532E+0000	 1.63121063684949E-0003
 3.67461147575550E+0000	 1.90193553078549E-0003
 3.68122710690400E+0000	 2.05222179828651E-0003
 3.68786602754426E+0000	 2.06362834075291E-0003
 3.69448029485524E+0000	 1.93807241355312E-0003
 3.70102909999486E+0000	 1.69690134914989E-0003
 3.70748664716620E+0000	 1.37307122131502E-0003
 3.71384323501080E+0000	 1.00160865015776E-0003
 3.72010146119412E+0000	 6.12926379871186E-0004
 3.72627106897206E+0000	 2.30113075154789E-0004
 3.73236468078794E+0000	-1.30961960315765E-0004
 3.73839505596109E+0000	-4.60227728309455E-0004
 3.74437367975327E+0000	-7.51670333997606E-0004
 3.75031028709946E+0000	-1.00175872878242E-0003
 3.75621296911703E+0000	-1.20822530856367E-0003
 3.76208859701843E+0000	-1.36924616129984E-0003
 3.76794336830605E+0000	-1.48299561571609E-0003
 3.77378333715749E+0000	-1.54750846866869E-0003
 3.77961484553176E+0000	-1.56076037950735E-0003
 3.78544482435425E+0000	-1.52087485623658E-0003
 3.79128097727668E+0000	-1.42638425845374E-0003
 3.79713188467812E+0000	-1.27650577078947E-0003
 3.80300706973657E+0000	-1.07143135653046E-0003
 3.80891705359700E+0000	-8.12665091957411E-0004
 3.81487339567826E+0000	-5.03467893470230E-0004
 3.82088866681907E+0000	-1.49485810875883E-0004
 3.82697623051975E+0000	 2.40364507237484E-0004
 3.83314960346184E+0000	 6.52725114468745E-0004
 3.83942103991923E+0000	 1.06845310660760E-0003
 3.84579890516217E+0000	 1.46153175314783E-0003
 3.85228357987012E+0000	 1.79920548790773E-0003
 3.85886245692854E+0000	 2.04487238316113E-0003
 3.86550626971106E+0000	 2.16501983155289E-0003
 3.87217047893710E+0000	 2.13918341368055E-0003
 3.87880395601966E+0000	 1.96809251127547E-0003
 3.88536178844961E+0000	 1.67420260016899E-0003
 3.89181498689369E+0000	 1.29390301164410E-0003
 3.89815264383700E+0000	 8.66787047925169E-0004
 3.90437808234793E+0000	 4.27703596786964E-0004
 3.91050310041712E+0000	 3.37022128140248E-0006
 3.91654312963332E+0000	-3.87686130190613E-0004
 3.92251412787516E+0000	-7.33657988881257E-0004
 3.92843095821853E+0000	-1.02764522306111E-0003
 3.93430675844608E+0000	-1.26604202635429E-0003
 3.94015289019243E+0000	-1.44728899783214E-0003
 3.94597919322443E+0000	-1.57099729778340E-0003
 3.95179437202791E+0000	-1.63739860946389E-0003
 3.95760640541680E+0000	-1.64705970135630E-0003
 3.96342291165709E+0000	-1.60079621159554E-0003
 3.96925143457827E+0000	-1.49972108684305E-0003
 3.97509964501988E+0000	-1.34537116424250E-0003
 3.98097547485191E+0000	-1.13987309831441E-0003
 3.98688721292346E+0000	-8.86136422310925E-0004
 3.99284358907305E+0000	-5.88093020452151E-0004
 3.99885385038931E+0000	-2.51032996339698E-0004
 4.00492778966441E+0000	 1.17890343867287E-0004
 4.01107561447585E+0000	 5.08911248293999E-0004
 4.01730744403062E+0000	 9.08625757194788E-0004
 4.02363210463703E+0000	 1.29879083079947E-0003
 4.03005482984925E+0000	 1.65533726382880E-0003
 4.03657363412694E+0000	 1.94845930091050E-0003
 4.04317483327195E+0000	 2.14513587440577E-0003
 4.04982962850678E+0000	 2.21527344015659E-0003
 4.05649506606730E+0000	 2.14076073547693E-0003
 4.06312167853367E+0000	 1.92331278133596E-0003
 4.06966544501571E+0000	 1.58562585306875E-0003
 4.07609751434040E+0000	 1.16449203422516E-0003
 4.08240694876954E+0000	 7.00471571632484E-0004
 4.08859736569141E+0000	 2.29792500857290E-0004
 4.09468134271967E+0000	-2.19353580234887E-0004
 4.10067553184904E+0000	-6.27103288700397E-0004
 4.10659745689677E+0000	-9.80573195201564E-0004
 4.11246380747162E+0000	-1.27211376721670E-0003
 4.11828973436854E+0000	-1.49774422533929E-0003
 4.12408872201226E+0000	-1.65594453728603E-0003
 4.12987275719586E+0000	-1.74680684150985E-0003
 4.13565262472784E+0000	-1.77149410218396E-0003
 4.14143822833327E+0000	-1.73194482543301E-0003
 4.14723887399633E+0000	-1.63076484967555E-0003
 4.15306347832584E+0000	-1.47124957976486E-0003
 4.15892068618281E+0000	-1.25748264377756E-0003
 4.16481890315859E+0000	-9.94464060822933E-0004
 4.17076626748859E+0000	-6.88237077638333E-0004
 4.17677059638312E+0000	-3.46009859277095E-0004
 4.18283933465669E+0000	 2.36962294397594E-0005
 4.18897949906370E+0000	 4.10804769224803E-0004
 4.19519754190412E+0000	 8.03265400026014E-0004
 4.20149895397253E+0000	 1.18640889520261E-0003
 4.20788731791213E+0000	 1.54215726185626E-0003
 4.21436248685320E+0000	 1.84843532161049E-0003
 4.22091774997408E+0000	 2.07951604198794E-0003
 4.22753646070597E+0000	 2.20835761491514E-0003
 4.23418970569176E+0000	 2.21174848886758E-0003
 4.24083754480885E+0000	 2.07756384542675E-0003
 4.24743550099959E+0000	 1.81090396427200E-0003
 4.25394446344420E+0000	 1.43488065729972E-0003
 4.26033890072573E+0000	 9.84863996133700E-0004
 4.26660942584987E+0000	 4.99663350901272E-0004
 4.27276010806668E+0000	 1.43066248309537E-0005
 4.27880360680277E+0000	-4.43505031494964E-0004
 4.28475672699878E+0000	-8.53881255838631E-0004
 4.29063739552868E+0000	-1.20364393148866E-0003
 4.29646298992052E+0000	-1.48477877407724E-0003
 4.30224960804934E+0000	-1.69300569455477E-0003
 4.30801189448641E+0000	-1.82666099704102E-0003
 4.31376315881307E+0000	-1.88591008387451E-0003
 4.31951562286310E+0000	-1.87225064637578E-0003
 4.32528069697339E+0000	-1.78825563421555E-0003
 4.33106921918362E+0000	-1.63750724684151E-0003
 4.33689160967622E+0000	-1.42467366595045E-0003
 4.34275790662671E+0000	-1.15567617829112E-0003
 4.34867766634080E+0000	-8.37888297194960E-0004
 4.35465973337759E+0000	-4.80306422126391E-0004
 4.36071191337583E+0000	-9.36412153561022E-0005
 4.36684060356915E+0000	 3.09693174471372E-0004
 4.37305043685559E+0000	 7.15668876426568E-0004
 4.37934395439767E+0000	 1.10874156701694E-0003
 4.38572122937394E+0000	 1.47187261101876E-0003
 4.39217924909399E+0000	 1.78647647662599E-0003
 4.39871081486662E+0000	 2.03250765154844E-0003
 4.40530287711697E+0000	 2.18919743888733E-0003
 4.41193470072788E+0000	 2.23713909059332E-0003
 4.41857699490091E+0000	 2.16214866091290E-0003
 4.42519364954731E+0000	 1.96024201560471E-0003
 4.43174699852989E+0000	 1.64146421115855E-0003
 4.43820518958767E+0000	 1.22980411099084E-0003
 4.44454815778618E+0000	 7.58500251761750E-0004
 4.45076945799719E+0000	 2.63151263257688E-0004
 4.45687414053609E+0000	-2.24047107234026E-0004
 4.46287483353354E+0000	-6.77297269500102E-0004
 4.46878802530323E+0000	-1.07774350321587E-0003
 4.47463142626295E+0000	-1.41264588202252E-0003
 4.48042244230818E+0000	-1.67409928176409E-0003
 4.48617746573242E+0000	-1.85780110119383E-0003
 4.49191167374410E+0000	-1.96206336851752E-0003
 4.49763910712888E+0000	-1.98710785403637E-0003
 4.50337288247574E+0000	-1.93462421019898E-0003
 4.50912544372420E+0000	-1.80755815427344E-0003
 4.51490878498155E+0000	-1.61009742554281E-0003
 4.52073458630372E+0000	-1.34782224422535E-0003
 4.52661420724848E+0000	-1.02797798029459E-0003
 4.53255848851802E+0000	-6.59809385853146E-0004
 4.53857732860510E+0000	-2.54870968603964E-0004
 4.54467903731900E+0000	 1.72794517785914E-0004
 4.55086952283711E+0000	 6.06722614202300E-0004
 4.55715143181740E+0000	 1.02842090167260E-0003
 4.56352340250317E+0000	 1.41809533566024E-0003
 4.56997956610313E+0000	 1.75561267983943E-0003
 4.57650932204292E+0000	 2.02154208242610E-0003
 4.58309727323077E+0000	 2.19818277095746E-0003
 4.58972317665412E+0000	 2.27068417244849E-0003
 4.59636197341005E+0000	 2.22856281457327E-0003
 4.60298438966786E+0000	 2.06785318532458E-0003
 4.60955892655155E+0000	 1.79355700840905E-0003
 4.61605567489198E+0000	 1.42115816728540E-0003
 4.62245107568851E+0000	 9.75695573774954E-0004
 4.62873157071401E+0000	 4.88076913960266E-0004
 4.63489451990702E+0000	-9.87934463953573E-0006
 4.64094648663792E+0000	-4.89601085527958E-0004
 4.64690025428483E+0000	-9.28009550352373E-0004
 4.65277192639229E+0000	-1.30799045252220E-0003
 4.65857878411086E+0000	-1.61779770831619E-0003
 4.66433798483731E+0000	-1.85005257593822E-0003
 4.67006591843791E+0000	-2.00074008788972E-0003
 4.67577799560230E+0000	-2.06838078252406E-0003
 4.68148868957351E+0000	-2.05342902962869E-0003
 4.68721170938070E+0000	-1.95789672001272E-0003
 4.69296022178548E+0000	-1.78518770162193E-0003
 4.69874705680759E+0000	-1.54012880887318E-0003
 4.70458483267159E+0000	-1.22918262674217E-0003
 4.71048592734306E+0000	-8.60816354106800E-0004
 4.71646221421517E+0000	-4.45974444795805E-0004
 4.72252448116174E+0000	 1.44275290267156E-0006
 4.72868148204244E+0000	 4.64252525462391E-0004
 4.73493864656504E+0000	 9.22031565121924E-0004
 4.74129660760007E+0000	 1.35176018521111E-0003
 4.74774987322967E+0000	 1.72922685796687E-0003
 4.75428609524783E+0000	 2.03113552861215E-0003
 4.76088633226670E+0000	 2.23753773051214E-0003
 4.76752638133919E+0000	 2.33396866521715E-0003
 4.77417878410927E+0000	 2.31275791942380E-0003
 4.78081487667941E+0000	 2.17345819555181E-0003
 4.78740653963197E+0000	 1.92281644727357E-0003
 4.79392789061593E+0000	 1.57466795471460E-0003
 4.80035735093018E+0000	 1.14952135040903E-0003
 4.80667992938814E+0000	 6.73155424535400E-0004
 4.81288882734087E+0000	 1.73980066452705E-0004
 4.81898553767122E+0000	-3.20152404492096E-0004
 4.82497845417946E+0000	-7.84599466643695E-0004
 4.83088072397438E+0000	-1.19939663527798E-0003
 4.83670814229705E+0000	-1.54957562797780E-0003
 4.84247753972760E+0000	-1.82474115256292E-0003
 4.84820575441382E+0000	-2.01833391382445E-0003
 4.85390909080652E+0000	-2.12686728612053E-0003
 4.85960311731103E+0000	-2.14928235507308E-0003
 4.86530267423386E+0000	-2.08647514887228E-0003
 4.87102199786627E+0000	-1.94100780750874E-0003
 4.87677489231503E+0000	-1.71700342993619E-0003
 4.88257489035029E+0000	-1.42022509291164E-0003
 4.88843533808545E+0000	-1.05833996190536E-0003
 4.89436931924924E+0000	-6.41358804732950E-0004
 4.90038931053821E+0000	-1.82209361988821E-0004
 4.90650644447848E+0000	 3.02660264756921E-0004
 4.91272927572159E+0000	 7.92847655822883E-0004
 4.91906203724454E+0000	 1.26404486316322E-0003
 4.92550257210235E+0000	 1.68896512604413E-0003
 4.93204044053789E+0000	 2.03948903284649E-0003
 4.93865603062177E+0000	 2.29003605012904E-0003
 4.94532154399827E+0000	 2.42149332403811E-0003
 4.95200411167269E+0000	 2.42434688221278E-0003
 4.95867012653902E+0000	 2.29969825552101E-0003
 4.96528910855554E+0000	 2.05795753845645E-0003
 4.97183592269592E+0000	 1.71632285970168E-0003
 4.97829148382204E+0000	 1.29642480821322E-0003
 4.98464286910617E+0000	 8.22651432541787E-0004
 4.99088344885881E+0000	 3.20774081859612E-0004
 4.99701291399919E+0000	-1.83587821338443E-0004
 5.00303680040410E+0000	-6.66622022535990E-0004
 5.00896540173954E+0000	-1.10769430758435E-0003
 5.01481234122865E+0000	-1.49011406671054E-0003
 5.02059318216002E+0000	-1.80127192020538E-0003
 5.02632432962187E+0000	-2.03233978270630E-0003
 5.03202229798023E+0000	-2.17776844434983E-0003
 5.03770330211632E+0000	-2.23476216651883E-0003
 5.04338308726172E+0000	-2.20283433716981E-0003
 5.04907691292170E+0000	-2.08349229523464E-0003
 5.05479962189522E+0000	-1.88006981052033E-0003
 5.06056573843312E+0000	-1.59771566826224E-0003
 5.06638954177246E+0000	-1.24354662241395E-0003
 5.07228504928470E+0000	-8.26972497209919E-0004
 5.07826581765767E+0000	-3.60188953858041E-0004
 5.08434443717017E+0000	 1.41204396269960E-0004
 5.09053157040534E+0000	 6.57580399268858E-0004
 5.09683440603200E+0000	 1.16489883237639E-0003
 5.10325451026973E+0000	 1.63495569643588E-0003
 5.10978531981925E+0000	 2.03678544604502E-0003
 5.11640996155899E+0000	 2.33968295903742E-0003
 5.12310059487457E+0000	 2.51784044889076E-0003
 5.12982056858152E+0000	 2.55553247297407E-0003
 5.13652963596030E+0000	 2.45065553373349E-0003
 5.14319046120201E+0000	 2.21463752990563E-0003
 5.14977354643294E+0000	 1.86882779692261E-0003
 5.15625894435471E+0000	 1.43960415544662E-0003
 5.16263538648817E+0000	 9.54498964817137E-0004
 5.16889851519595E+0000	 4.40101313234647E-0004
 5.17504939489872E+0000	-7.88206849082906E-0005
 5.18109352483767E+0000	-5.79776754997449E-0004
 5.18704007777915E+0000	-1.04297941268829E-0003
 5.19290111785062E+0000	-1.45172390497292E-0003
 5.19869076509836E+0000	-1.79259062573071E-0003
 5.20442440708187E+0000	-2.05541409840262E-0003
 5.21011806098874E+0000	-2.23306632956124E-0003
 5.21578793124785E+0000	-2.32115038295283E-0003
 5.22145015152696E+0000	-2.31769532755372E-0003
 5.22712066930967E+0000	-2.22291683903026E-0003
 5.23281522194947E+0000	-2.03908136220171E-0003
 5.23854935368471E+0000	-1.77049454119435E-0003
 5.24433842368335E+0000	-1.42362635535554E-0003
 5.25019754905296E+0000	-1.00738149693636E-0003
 5.25614140991835E+0000	-5.33516385609861E-0004
 5.26218381602903E+0000	-1.71824532526974E-0005
 5.26833690401161E+0000	 5.22476064359114E-0004
 5.27460982407984E+0000	 1.06183601846936E-0003
 5.28100682459152E+0000	 1.57272311439402E-0003
 5.28752479983768E+0000	 2.02320202673691E-0003
 5.29415067388675E+0000	 2.37976591722798E-0003
 5.30085948558980E+0000	 2.61135523304070E-0003
 5.30761461797850E+0000	 2.69502707624438E-0003
 5.31437163507636E+0000	 2.62171430055627E-0003
 5.32108559195053E+0000	 2.39915191656018E-0003
 5.32771895694741E+0000	 2.04979796230836E-0003
 5.33424638948130E+0000	 1.60478037559679E-0003
 5.34065500604664E+0000	 1.09732719730865E-0003
 5.34694172197575E+0000	 5.58395315460303E-0004
 5.35311002497225E+0000	 1.49233331074163E-0005
 5.35916753161815E+0000	-5.10274997102497E-0004
 5.36512453268011E+0000	-9.98045796562698E-0004
 5.37099319977442E+0000	-1.43244081411053E-0003
 5.37678709778318E+0000	-1.80042085395755E-0003
 5.38252080609688E+0000	-2.09166506324365E-0003
 5.38820959261342E+0000	-2.29841085009867E-0003
 5.39386914890461E+0000	-2.41529220957523E-0003
 5.39951540242707E+0000	-2.43918567548570E-0003
 5.40516440611975E+0000	-2.36909282271138E-0003
 5.41083228827037E+0000	-2.20609080204830E-0003
 5.41653523260889E+0000	-1.95337732527216E-0003
 5.42228944869020E+0000	-1.61642989469690E-0003
 5.42811108172560E+0000	-1.20329219544323E-0003
 5.43401599528314E+0000	-7.24990536842123E-0004
 5.44001933801468E+0000	-1.96062881608145E-0004
 5.44613478089260E+0000	 3.64859160102230E-0004
 5.45237330061547E+0000	 9.34551261672545E-0004
 5.45874142056727E+0000	 1.48502700893583E-0003
 5.46523894021940E+0000	 1.98406041066809E-0003
 5.47185639568421E+0000	 2.39682521328738E-0003
 5.47857278075513E+0000	 2.68904936468351E-0003
 5.48535447301531E+0000	 2.83191319556080E-0003
 5.49215685593847E+0000	 2.80825619537312E-0003
 5.49893000680621E+0000	 2.61806874365574E-0003
 5.50562764630319E+0000	 2.27988247868255E-0003
 5.51221540352841E+0000	 1.82626830322305E-0003
 5.51867434713925E+0000	 1.29577522744421E-0003
 5.52499934101508E+0000	 7.25667754488472E-0004
 5.53119484589027E+0000	 1.47948547315894E-0004
 5.53727083259093E+0000	-4.11585863104242E-0004
 5.54323998140428E+0000	-9.32657062564315E-0004
 5.54911616524639E+0000	-1.39936430035633E-0003
 5.55491378440201E+0000	-1.79918617170743E-0003
 5.56064753726700E+0000	-2.12228914733124E-0003
 5.56633236433239E+0000	-2.36110668563675E-0003
 5.57198344100249E+0000	-2.51010228947261E-0003
 5.57761617809431E+0000	-2.56564696807865E-0003
 5.58324622413894E+0000	-2.52597484265496E-0003
 5.58888946992327E+0000	-2.39120780365147E-0003
 5.59456204864101E+0000	-2.16345616991084E-0003
 5.60028031297695E+0000	-1.84700918688440E-0003
 5.60606075604006E+0000	-1.44862971385375E-0003
 5.61191982558687E+0000	-9.77962232960991E-0004
 5.61787355882770E+0000	-4.48049301375876E-0004
 5.62393693909049E+0000	 1.24079260527283E-0004
 5.63012285515348E+0000	 7.16840100480000E-0004
 5.63644055544099E+0000	 1.30374582366937E-0003
 5.64289357407482E+0000	 1.85357933599812E-0003
 5.64947728558171E+0000	 2.33147382032565E-0003
 5.65617646667999E+0000	 2.70124251144319E-0003
 5.66296344535012E+0000	 2.92920783176981E-0003
 5.66979777451159E+0000	 2.98966020771603E-0003
 5.67662902114315E+0000	 2.87137866854481E-0003
 5.68340403096100E+0000	 2.58270719517180E-0003
 5.69007711896648E+0000	 2.15132873710487E-0003
 5.69661816528935E+0000	 1.61753915226205E-0003
 5.70301460030347E+0000	 1.02473480884969E-0003
 5.70926798864561E+0000	 4.12060840582348E-0004
 5.71538871066971E+0000	-1.88833342102029E-0004
 5.72139145549131E+0000	-7.53894666965030E-0004
 5.72729238980611E+0000	-1.26533168032861E-0003
 5.73310776026862E+0000	-1.71003180461733E-0003
 5.73885340006426E+0000	-2.07826081995741E-0003
 5.74454469629986E+0000	-2.36277025638493E-0003
 5.75019673844866E+0000	-2.55826304723928E-0003
 5.75582450156344E+0000	-2.66112125953027E-0003
 5.76144300208347E+0000	-2.66930958850665E-0003
 5.76706740743360E+0000	-2.58239547951685E-0003
 5.77271309694288E+0000	-2.40165311966361E-0003
 5.77839567264967E+0000	-2.13023766125945E-0003
 5.78413091223515E+0000	-1.77342739696909E-0003
 5.78993464650516E+0000	-1.33893712556181E-0003
 5.79582253058142E+0000	-8.37307394278197E-0004
 5.80180965824197E+0000	-2.82370456828425E-0004
 5.80790993951900E+0000	 3.08223236583681E-0004
 5.81413512766305E+0000	 9.12480767532317E-0004
 5.82049336838625E+0000	 1.50369987945365E-0003
 5.82698719852555E+0000	 2.05054301215156E-0003
 5.83361107167603E+0000	 2.51794291674976E-0003
 5.84034869556188E+0000	 2.86926883095276E-0003
 5.84717073156126E+0000	 3.07021755375170E-0003
 5.85403403078812E+0000	 3.09485184492665E-0003
 5.86088461678808E+0000	 2.93318946058685E-0003
 5.86766621706847E+0000	 2.59701728497126E-0003
 5.87433208998061E+0000	 2.11905152446948E-0003
 5.88085371125943E+0000	 1.54448999079289E-0003
 5.88722194270561E+0000	 9.20054718791216E-0004
 5.89344232388005E+0000	 2.86269869871753E-0004
 5.89952884269750E+0000	-3.25391235455544E-0004
 5.90549904719205E+0000	-8.92035291457093E-0004
 5.91137115579554E+0000	-1.39755442622862E-0003
 5.91716273152584E+0000	-1.83073505518906E-0003
 5.92289029831595E+0000	-2.18375981063690E-0003
 5.92856942421536E+0000	-2.45119132456338E-0003
 5.93421497894554E+0000	-2.62936790161220E-0003
 5.93984140902342E+0000	-2.71610169892725E-0003
 5.94546295875412E+0000	-2.71057876085397E-0003
 5.95109381320718E+0000	-2.61338395031639E-0003
 5.95674816307478E+0000	-2.42659812135241E-0003
 5.96244020161128E+0000	-2.15393470680609E-0003
 5.96818406803498E+0000	-1.80089871129505E-0003
 5.97399375283377E+0000	-1.37496679292759E-0003
 5.97988297532927E+0000	-8.85807070282631E-0004
 5.98586502314460E+0000	-3.45581183520670E-0004
 5.99195249517738E+0000	 2.30612957725229E-0004
 5.99815681222716E+0000	 8.24118465157971E-0004
 6.00448727606372E+0000	 1.41196487429109E-0003
 6.01094942149995E+0000	 1.96619926933898E-0003
 6.01754247400345E+0000	 2.45374785886419E-0003
 6.02425593328445E+0000	 2.83750639693966E-0003
 6.03106576196907E+0000	 3.07963985132395E-0003
 6.03793172200906E+0000	 3.14812546572122E-0003
 6.04479901086794E+0000	 3.02622396567340E-0003
 6.05160714042560E+0000	 2.72085888820371E-0003
 6.05830392880944E+0000	 2.26333455069609E-0003
 6.06485659992070E+0000	 1.70035397893245E-0003
 6.07125396828797E+0000	 1.08128622635817E-0003
 6.07750132669057E+0000	 4.48968895783472E-0004
 6.08361333594815E+0000	-1.63735270448480E-0004
 6.08960843287234E+0000	-7.33444631912908E-0004
 6.09550554932879E+0000	-1.24421668178113E-0003
 6.10132262281755E+0000	-1.68539500108033E-0003
 6.10707617528181E+0000	-2.04990311960007E-0003
 6.11278141717615E+0000	-2.33308213682882E-0003
 6.11845254426330E+0000	-2.53199106314045E-0003
 6.12410304738393E+0000	-2.64504312907853E-0003
 6.12974595281881E+0000	-2.67185731365822E-0003
 6.13539396970055E+0000	-2.61322782852838E-0003
 6.14105955516463E+0000	-2.47114155731395E-0003
 6.14675492758773E+0000	-2.24880000403981E-0003
 6.15249206941906E+0000	-1.95062915117469E-0003
 6.15828276431818E+0000	-1.58229157245375E-0003
 6.16413870245870E+0000	-1.15075234700043E-0003
 6.17007165234546E+0000	-6.64488448882327E-0004
 6.17609362935662E+0000	-1.33953665165753E-0004
 6.18221689472113E+0000	 4.27607562310621E-0004
 6.18845351536675E+0000	 1.00298762671253E-0003
 6.19481413928774E+0000	 1.56963660875613E-0003
 6.20130563143920E+0000	 2.09847428996215E-0003
 6.20792733049505E+0000	 2.55364094267457E-0003
 6.21466610198249E+0000	 2.89441087337743E-0003
 6.22149149995258E+0000	 3.08085183328961E-0003
 6.22835439118121E+0000	 3.08388574690689E-0003
 6.23519336594683E+0000	 2.89661665598055E-0003
 6.24194904815781E+0000	 2.53942814223290E-0003
 6.24857863835745E+0000	 2.05377419201236E-0003
 6.25506194525075E+0000	 1.48887519440738E-0003
 6.26139806357494E+0000	 8.90085945241891E-0004
 6.26759807332321E+0000	 2.93332505804571E-0004
 6.27367850763176E+0000	-2.75436127345576E-0004
 6.27965721033612E+0000	-7.98444977871926E-0004
