-1.40073379458090E-0003	-2.19948874966194E-0003
 4.34707661619414E-0003	-1.91409081120080E-0003
 1.01452353747353E-0002	-1.55995463803126E-0003
 1.60059782525349E-0002	-1.14320429904509E-0003
 2.19418865990460E-0002	-6.72217856607924E-0004
 2.79654631654455E-0002	-1.58210257003557E-0004
 3.40884657330031E-0002	 3.84263946904178E-0004
 4.03210414303686E-0002	 9.36933550094945E-0004
 4.66706727173106E-0002	 1.47752330516553E-0003
 5.31407671297655E-0002	 1.97949481280433E-0003
 5.97284613220263E-0002	 2.41202210978428E-0003
 6.64212996630544E-0002	 2.74112646895811E-0003
 7.31935594358529E-0002	 2.93355750638126E-0003
 8.00049518684281E-0002	 2.96415606713644E-0003
 8.68049426937150E-0002	 2.82426637970827E-0003
 9.35425813205675E-0002	 2.52603809468546E-0003
 1.00177008933074E-0001	 2.09946070388974E-0003
 1.06683408872241E-0001	 1.58424640116128E-0003
 1.13053133670131E-0001	 1.02126959412087E-0003
 1.19290129175721E-0001	 4.46699004098990E-0004
 1.25406323119610E-0001	-1.10628194080334E-0004
 1.31417634291586E-0001	-6.29461913611891E-0004
 1.37341175112054E-0001	-1.09514110651046E-0003
 1.43193585935473E-0001	-1.49816875802257E-0003
 1.48990211579135E-0001	-1.83281666645066E-0003
 1.54744826861673E-0001	-2.09594895851267E-0003
 1.60469693021731E-0001	-2.28610867860346E-0003
 1.66175804860502E-0001	-2.40285398105938E-0003
 1.71873242486378E-0001	-2.44631850556791E-0003
 1.77571569663209E-0001	-2.41697505153782E-0003
 1.83280231107926E-0001	-2.31558597944176E-0003
 1.89008904161389E-0001	-2.14332152030874E-0003
 1.94767764446001E-0001	-1.90201939838347E-0003
 2.00567634465873E-0001	-1.59455057163365E-0003
 2.06419998682409E-0001	-1.22525165522363E-0003
 2.12336886043416E-0001	-8.00389655271366E-0004
 2.18330635341312E-0001	-3.28645240020055E-0004
 2.24413553904694E-0001	 1.78357028774897E-0004
 2.30597421294868E-0001	 7.05387954997065E-0004
 2.36892633915552E-0001	 1.23272807682992E-0003
 2.43306545755551E-0001	 1.73513467997845E-0003
 2.49840435410270E-0001	 2.18126650629642E-0003
 2.56485015675443E-0001	 2.53499733086493E-0003
 2.63215988321024E-0001	 2.76038776125211E-0003
 2.69993129673507E-0001	 2.83043283183987E-0003
 2.76766000281421E-0001	 2.73595582146590E-0003
 2.83484883947025E-0001	 2.48900008739599E-0003
 2.90111107593231E-0001	 2.11853056894334E-0003
 2.96621904440482E-0001	 1.66177687180804E-0003
 3.03009580371823E-0001	 1.15609494646551E-0003
 3.09277606277687E-0001	 6.33904141336492E-0004
 3.15436191554880E-0001	 1.20733745523044E-0004
 3.21498694009179E-0001	-3.64665205882395E-0004
 3.27479223565948E-0001	-8.09208915314782E-0004
 3.33391293647996E-0001	-1.20408881291544E-0003
 3.39247226938026E-0001	-1.54347250123064E-0003
 3.45058046456828E-0001	-1.82344558132226E-0003
 3.50833655610403E-0001	-2.04122815100100E-0003
 3.56583174547660E-0001	-2.19465539938294E-0003
 3.62315340189564E-0001	-2.28189778499179E-0003
 3.68038900168755E-0001	-2.30138908215113E-0003
 3.73762948277799E-0001	-2.25192254527950E-0003
 3.79497167948208E-0001	-2.13286916336596E-0003
 3.85251970855676E-0001	-1.94447229599867E-0003
 3.91038536171866E-0001	-1.68818193664459E-0003
 3.96868768643013E-0001	-1.36700880043118E-0003
 4.02755197515927E-0001	-9.85903196388465E-0004
 4.08710826329132E-0001	-5.52197396026129E-0004
 4.14748898885531E-0001	-7.61887577933177E-0005
 4.20882444501059E-0001	 4.28042339756615E-0004
 4.27123297518078E-0001	 9.41560954162090E-0004
 4.33480122984812E-0001	 1.43951479260522E-0003
 4.39955064820034E-0001	 1.89090107036087E-0003
 4.46539377904049E-0001	 2.26058589883204E-0003
 4.53209949453351E-0001	 2.51478162816050E-0003
 4.59929813966241E-0001	 2.62913402344595E-0003
 4.66654326483550E-0001	 2.59559190606177E-0003
 4.73340571247619E-0001	 2.42388787589700E-0003
 4.79955117950658E-0001	 2.13716964304685E-0003
 4.86477186105693E-0001	 1.76504605973291E-0003
 4.92897723954140E-0001	 1.33750398734402E-0003
 4.99216448728445E-0001	 8.81184811656052E-0004
 5.05438578624084E-0001	 4.17899608262815E-0004
 5.11572167507529E-0001	-3.53498423391253E-0005
 5.17626315933240E-0001	-4.65588356088303E-0004
 5.23610180569749E-0001	-8.62858308477322E-0004
 5.29532573365591E-0001	-1.21928780432480E-0003
 5.35401938089657E-0001	-1.52836863540211E-0003
 5.41226534980692E-0001	-1.78447890303104E-0003
 5.47014709429165E-0001	-1.98263692518404E-0003
 5.52775157097184E-0001	-2.11844802348718E-0003
 5.58517130063252E-0001	-2.18819207770246E-0003
 5.64250559177128E-0001	-2.18899686274609E-0003
 5.69986093549763E-0001	-2.11905089470671E-0003
 5.75735074522515E-0001	-1.97782651606560E-0003
 5.81509467498961E-0001	-1.76630408410448E-0003
 5.87321772240193E-0001	-1.48720874725576E-0003
 5.93184919967142E-0001	-1.14529327007346E-0003
 5.99112136452612E-0001	-7.47723413735133E-0004
 6.05116690488006E-0001	-3.04635260120435E-0004
 6.11211347828338E-0001	 1.70097327049142E-0004
 6.17407236624833E-0001	 6.57982650186206E-0004
 6.23711806416200E-0001	 1.13531446969156E-0003
 6.30125843019729E-0001	 1.57366495840835E-0003
 6.36640283470774E-0001	 1.94244924159812E-0003
 6.43234585090074E-0001	 2.21383998579596E-0003
 6.49878500031617E-0001	 2.36855445341925E-0003
 6.56537291641673E-0001	 2.39965112527418E-0003
 6.63177968086326E-0001	 2.31242895210790E-0003
 6.69773696244343E-0001	 2.12117104451895E-0003
 6.76305395738350E-0001	 1.84497528688223E-0003
 6.82761247404882E-0001	 1.50434486523427E-0003
 6.89135246524589E-0001	 1.11904947249549E-0003
 6.95425599903915E-0001	 7.07109741473347E-0004
 7.01633393038663E-0001	 2.84552873008612E-0004
 7.07761679159131E-0001	-1.34428246498823E-0004
 7.13814955155652E-0001	-5.37197767231297E-0004
 7.19798905098472E-0001	-9.12441350381646E-0004
 7.25720291686392E-0001	-1.25002945248045E-0003
 7.31586908213939E-0001	-1.54098100754515E-0003
 7.37407534958320E-0001	-1.77750548576535E-0003
 7.43191869445657E-0001	-1.95309176899499E-0003
 7.48950422541705E-0001	-2.06261236839671E-0003
 7.54694389247963E-0001	-2.10242095844155E-0003
 7.60435510658478E-0001	-2.07043584825807E-0003
 7.66185942198738E-0001	-1.96621599383500E-0003
 7.71958136658266E-0001	-1.79104695999814E-0003
 7.77764740514593E-0001	-1.54806351490845E-0003
 7.83618485212324E-0001	-1.24244511290254E-0003
 7.89532023382655E-0001	-8.81726057498487E-0004
 7.95517607271747E-0001	-4.76246955867658E-0004
 8.01586442694395E-0001	-3.97074368898625E-0005
 8.07747524146811E-0001	 4.10369987647691E-0004
 8.14005865850640E-0001	 8.52676894530048E-0004
 8.20360401508060E-0001	 1.26322433241648E-0003
 8.26802379742703E-0001	 1.61787263616427E-0003
 8.33315380880047E-0001	 1.89584325371943E-0003
 8.39877477880864E-0001	 2.08280703661104E-0003
 8.46464684997170E-0001	 2.17209311908103E-0003
 8.53053998044311E-0001	 2.16381504074808E-0003
 8.59624968868987E-0001	 2.06303606619967E-0003
 8.66160032115952E-0001	 1.87819521721274E-0003
 8.72644378848791E-0001	 1.62020571236481E-0003
 8.79065915757635E-0001	 1.30199336414508E-0003
 8.85415425664304E-0001	 9.38129781842893E-0004
 8.91686823372723E-0001	 5.44351639696993E-0004
 8.97877340873950E-0001	 1.36912059010809E-0004
 9.03987508489972E-0001	-2.68162436704763E-0004
 9.10020896993866E-0001	-6.55772817997460E-0004
 9.15983683375854E-0001	-1.01229633445275E-0003
 9.21884139517400E-0001	-1.32594562149711E-0003
 9.27732124889290E-0001	-1.58695724107777E-0003
 9.33538631155397E-0001	-1.78765105956521E-0003
 9.39315401295261E-0001	-1.92240402829357E-0003
 9.45074629564285E-0001	-1.98757835912379E-0003
 9.50828736890176E-0001	-1.98143905545395E-0003
 9.56590207719864E-0001	-1.90408973373495E-0003
 9.62371468366499E-0001	-1.75745033356204E-0003
 9.68184780524177E-0001	-1.54529751934780E-0003
 9.74042111178162E-0001	-1.27338653234851E-0003
 9.79954917136431E-0001	-9.49663205142068E-0004
 9.85933752901254E-0001	-5.84540702953134E-0004
 9.91987597490553E-0001	-1.91140728313298E-0004
 9.98122847353663E-0001	 2.14712487617709E-0004
 1.00434209401403E+0000	 6.15043537234348E-0004
 1.01064308477736E+0000	 9.91043329667171E-0004
 1.01701846491871E+0000	 1.32500461807197E-0003
 1.02345669139429E+0000	 1.60219288062077E-0003
 1.02994380254983E+0000	 1.81177124742203E-0003
 1.03646506021707E+0000	 1.94645269997519E-0003
 1.04300558908542E+0000	 2.00149815735532E-0003
 1.04955000749409E+0000	 1.97410799980643E-0003
 1.05608184483283E+0000	 1.86378873392753E-0003
 1.06258361590593E+0000	 1.67343825746248E-0003
 1.06903788576841E+0000	 1.41038972814639E-0003
 1.07542902932736E+0000	 1.08671053784959E-0003
 1.08174503413621E+0000	 7.18471396752387E-0004
 1.08797871398226E+0000	 3.24196631182383E-0004
 1.09412802825243E+0000	-7.69733017532633E-0005
 1.10019561173296E+0000	-4.66881660094018E-0004
 1.10618785624296E+0000	-8.29440469307927E-0004
 1.11211388260470E+0000	-1.15118872243027E-0003
 1.11798461477422E+0000	-1.42145280129934E-0003
 1.12381204302622E+0000	-1.63226302477708E-0003
 1.12960868561249E+0000	-1.77815203231877E-0003
 1.13538722070380E+0000	-1.85592273618095E-0003
 1.14116024568961E+0000	-1.86444080006167E-0003
 1.14694011807596E+0000	-1.80448178395801E-0003
 1.15273883448314E+0000	-1.67864617733740E-0003
 1.15856790596071E+0000	-1.49134453556819E-0003
 1.16443818505655E+0000	-1.24884442019139E-0003
 1.17035959390079E+0000	-9.59351883345899E-0004
 1.17634070388900E+0000	-6.33064051989302E-0004
 1.18238814966952E+0000	-2.82077734107654E-0004
 1.18850594962770E+0000	 7.99985401856870E-0005
 1.19469494748435E+0000	 4.38838182600340E-0004
 1.20095269806555E+0000	 7.80513860289732E-0004
 1.20727402858286E+0000	 1.09255991821088E-0003
 1.21365212502786E+0000	 1.36443586718145E-0003
 1.22007952687766E+0000	 1.58709150699984E-0003
 1.22654829845118E+0000	 1.75195217824206E-0003
 1.23304910983098E+0000	 1.85018009227032E-0003
 1.23956972923612E+0000	 1.87305588379058E-0003
 1.24609395800701E+0000	 1.81371221355826E-0003
 1.25260195433325E+0000	 1.66961688800759E-0003
 1.25907221956759E+0000	 1.44466469162810E-0003
 1.26548464825419E+0000	 1.14983244243394E-0003
 1.27182348977543E+0000	 8.02043450311193E-0004
 1.27807918288601E+0000	 4.21752431415624E-0004
 1.28424869351275E+0000	 3.02340286274905E-0005
 1.29033468560474E+0000	-3.52598573753303E-0004
 1.29634414645181E+0000	-7.09517497966960E-0004
 1.30228697949505E+0000	-1.02653451816316E-0003
 1.30817483152609E+0000	-1.29293935415334E-0003
 1.31402022766591E+0000	-1.50106521247768E-0003
 1.31983598620816E+0000	-1.64595511921405E-0003
 1.32563484691908E+0000	-1.72503420260810E-0003
 1.33142923931109E+0000	-1.73784164632016E-0003
 1.33723112401042E+0000	-1.68584064868605E-0003
 1.34305185165715E+0000	-1.57230140422422E-0003
 1.34890199519488E+0000	-1.40223609357247E-0003
 1.35479112215954E+0000	-1.18235059744257E-0003
 1.36072748807325E+0000	-9.20960529083660E-0004
 1.36671766039121E+0000	-6.27800270261899E-0004
 1.37276613565374E+0000	-3.13647405942553E-0004
 1.37887508634944E+0000	 1.02768642325668E-0005
 1.38504442447233E+0000	 3.33055862700176E-0004
 1.39127231023105E+0000	 6.44725813418631E-0004
 1.39755600761511E+0000	 9.36463217229735E-0004
 1.40389267432192E+0000	 1.20006225127128E-0003
 1.41027950427758E+0000	 1.42683362813001E-0003
 1.41671282245586E+0000	 1.60651740594731E-0003
 1.42318625101616E+0000	 1.72704083398625E-0003
 1.42968868851774E+0000	 1.77575496571273E-0003
 1.43620322735424E+0000	 1.74213785852100E-0003
 1.44270795707169E+0000	 1.62110533791987E-0003
 1.44917878853645E+0000	 1.41551982166726E-0003
 1.45559337692307E+0000	 1.13670309099913E-0003
 1.46193463016911E+0000	 8.02726702947244E-0004
 1.46819261594692E+0000	 4.35332060677254E-0004
 1.47436463170612E+0000	 5.67595048234722E-0005
 1.48045401193999E+0000	-3.12604786278090E-0004
 1.48646846240305E+0000	-6.55519262087928E-0004
 1.49241848313003E+0000	-9.58320494297427E-0004
 1.49831612632680E+0000	-1.21083356198131E-0003
 1.50417412295646E+0000	-1.40603926246183E-0003
 1.51000531487961E+0000	-1.53968029304675E-0003
 1.51582230064021E+0000	-1.60990559942833E-0003
 1.52163720514211E+0000	-1.61699338894128E-0003
 1.52746149815956E+0000	-1.56315381351346E-0003
 1.53330580629612E+0000	-1.45238604864592E-0003
 1.53917968533947E+0000	-1.29034692374353E-0003
 1.54509134600060E+0000	-1.08417709943116E-0003
 1.55104735878620E+0000	-8.42227730312787E-0004
 1.55705240476958E+0000	-5.73643594397033E-0004
 1.56310918086349E+0000	-2.87802079529833E-0004
 1.56921858445180E+0000	 6.30750195775281E-0006
 1.57538024799277E+0000	 3.00568736880306E-0004
 1.58159333839651E+0000	 5.87820663254271E-0004
 1.58785731868004E+0000	 8.61336322306057E-0004
 1.59417221763830E+0000	 1.11373754546646E-0003
 1.60053800275405E+0000	 1.33572695575287E-0003
 1.60695294689153E+0000	 1.51529601203850E-0003
 1.61341135754517E+0000	 1.63812193455913E-0003
 1.61990154402725E+0000	 1.68956859950922E-0003
 1.62640515332749E+0000	 1.65802285656081E-0003
 1.63289867599563E+0000	 1.53846743659787E-0003
 1.63935696168925E+0000	 1.33477183365822E-0003
 1.64575751074982E+0000	 1.05964017316629E-0003
 1.65208391180538E+0000	 7.32308782884792E-0004
 1.65832738771900E+0000	 3.75120625800286E-0004
 1.66448647192593E+0000	 1.03136303280890E-0005
 1.67056555586333E+0000	-3.42185711489769E-0004
 1.67657312115172E+0000	-6.65862121170498E-0004
 1.68252016643486E+0000	-9.47893020765456E-0004
 1.68841901580390E+0000	-1.17896833096972E-0003
 1.69428250195318E+0000	-1.35292103409161E-0003
 1.70012343809330E+0000	-1.46633361888930E-0003
 1.70595427554378E+0000	-1.51820101721688E-0003
 1.71178685365509E+0000	-1.50967201620322E-0003
 1.71763216988652E+0000	-1.44385138214912E-0003
 1.72350012559641E+0000	-1.32561854084338E-0003
 1.72939923690562E+0000	-1.16140387064415E-0003
 1.73533634008530E+0000	-9.58863266526063E-0004
 1.74131636390202E+0000	-7.26412743265056E-0004
 1.74734227525693E+0000	-4.72635382854493E-0004
 1.75341530626790E+0000	-2.05652837999703E-0004
 1.75953551276384E+0000	 6.73578691484360E-0005
 1.76570258402183E+0000	 3.40273094826660E-0004
 1.77191665433007E+0000	 6.07579486587830E-0004
 1.77817874158320E+0000	 8.63378783224242E-0004
 1.78449044465253E+0000	 1.10009595523606E-0003
 1.79085270506606E+0000	 1.30738477088505E-0003
 1.79726376047810E+0000	 1.47185291977236E-0003
 1.80371683882492E+0000	 1.57815265973810E-0003
 1.81019853262382E+0000	 1.61159236485376E-0003
 1.81668886706790E+0000	 1.56171698320648E-0003
 1.82316354942176E+0000	 1.42560036111973E-0003
 1.82959787179715E+0000	 1.20944897321822E-0003
 1.83597086427138E+0000	 9.27816727674039E-0004
 1.84226821926503E+0000	 6.00875943024301E-0004
 1.84848327497936E+0000	 2.50977792336254E-0004
 1.85461632457621E+0000	-1.00303057012351E-0004
 1.86067304102633E+0000	-4.34059259564740E-0004
 1.86666275202526E+0000	-7.34908535683697E-0004
 1.87259697615023E+0000	-9.91140883565209E-0004
 1.87848834140812E+0000	-1.19449293083943E-0003
 1.88434984785780E+0000	-1.33978971017539E-0003
 1.89019437749055E+0000	-1.42458992494851E-0003
 1.89603434767711E+0000	-1.44889183318782E-0003
 1.90188141991652E+0000	-1.41490193969374E-0003
 1.90774620225953E+0000	-1.32683074205158E-0003
 1.91363791954755E+0000	-1.19065555013193E-0003
 1.91956407069862E+0000	-1.01378256373423E-0003
 1.92553014304077E+0000	-8.04557345353967E-0004
 1.93153949619123E+0000	-5.71624003901597E-0004
 1.93759353593337E+0000	-3.23217895091469E-0004
 1.94369224352118E+0000	-6.65698634005466E-0005
 1.94983500058496E+0000	 1.92347846820690E-0004
 1.95602149001519E+0000	 4.48545716051420E-0004
 1.96225233297021E+0000	 6.97175127435930E-0004
 1.96852911324091E+0000	 9.32303962082888E-0004
 1.97485356583582E+0000	 1.14569921372155E-0003
 1.98122594171386E+0000	 1.32613247774694E-0003
 1.98764287248087E+0000	 1.45972466300048E-0003
 1.99409540128857E+0000	 1.53165183857912E-0003
 2.00056807208837E+0000	 1.52907211409066E-0003
 2.00703982085166E+0000	 1.44449379417128E-0003
 2.01348675713483E+0000	 1.27835579535161E-0003
 2.01988603556816E+0000	 1.03974772300916E-0003
 2.02621946926783E+0000	 7.44991042487245E-0004
 2.03247573113585E+0000	 4.14755986761924E-0004
 2.03865077260569E+0000	 7.08759329424540E-0005
 2.04474687796873E+0000	-2.66189303603918E-0004
 2.05077109561150E+0000	-5.78875063016590E-0004
 2.05673365154358E+0000	-8.53140590590367E-0004
 2.06264664898477E+0000	-1.07852138202106E-0003
 2.06852311836593E+0000	-1.24790004478047E-0003
 2.07437635981030E+0000	-1.35719339238361E-0003
 2.08021947996994E+0000	-1.40505982645782E-0003
 2.08606502542158E+0000	-1.39266098113866E-0003
 2.09192463373610E+0000	-1.32346137089409E-0003
 2.09780865451988E+0000	-1.20301384905326E-0003
 2.10372573670745E+0000	-1.03865747535167E-0003
 2.10968243460623E+0000	-8.39056267737204E-0004
 2.11568294321784E+0000	-6.13545958795810E-0004
 2.12172910598081E+0000	-3.71338949887384E-0004
 2.12782080729869E+0000	-1.20747688466780E-0004
 2.13395674646986E+0000	 1.31329325166645E-0004
 2.14013541729368E+0000	 3.79423873357473E-0004
 2.14635596922676E+0000	 6.18914957598143E-0004
 2.15261858721278E+0000	 8.44961661448067E-0004
 2.15892412974342E+0000	 1.05127791007148E-0003
 2.16527297289917E+0000	 1.22920046266456E-0003
 2.17166326388081E+0000	 1.36750955509168E-0003
 2.17808904844282E+0000	 1.45333893876584E-0003
 2.18453894329243E+0000	 1.47422737775209E-0003
 2.19099604388355E+0000	 1.42092219465248E-0003
 2.19743944585174E+0000	 1.29010292499150E-0003
 2.20384714568445E+0000	 1.08603586529583E-0003
 2.21019946263097E+0000	 8.20495032080644E-0004
 2.21648187514267E+0000	 5.10989434165864E-0004
 2.22268648300471E+0000	 1.78022746401087E-0004
 2.22881198461732E+0000	-1.57645829688721E-0004
 2.23486263056244E+0000	-4.77052424860442E-0004
 2.24084677960774E+0000	-7.64197453063804E-0004
 2.24677551746870E+0000	-1.00649550234622E-0003
 2.25266154586456E+0000	-1.19478453846566E-0003
 2.25851836631988E+0000	-1.32313378789805E-0003
 2.26435969423369E+0000	-1.38860404091125E-0003
 2.27019901119255E+0000	-1.39103572857193E-0003
 2.27604916636145E+0000	-1.33287968393322E-0003
 2.28192195721768E+0000	-1.21903873088059E-0003
 2.28782765450403E+0000	-1.05665238267743E-0003
 2.29377448893349E+0000	-8.54737320560657E-0004
 2.29976818544306E+0000	-6.23608032429893E-0004
 2.30581169532201E+0000	-3.74063725548815E-0004
 2.31190529538767E+0000	-1.16442264758658E-0004
 2.31804714976184E+0000	 1.40229191040853E-0004
 2.32423425765265E+0000	 3.88695176673825E-0004
 2.33046351007786E+0000	 6.23331003745484E-0004
 2.33673246651944E+0000	 8.39399131635969E-0004
 2.34303951649450E+0000	 1.03195172255200E-0003
 2.34938329106351E+0000	 1.19479431228847E-0003
 2.35576144523763E+0000	 1.31994499301900E-0003
 2.36216915610906E+0000	 1.39790698884782E-0003
 2.36859782459225E+0000	 1.41885871874440E-0003
 2.37503449688342E+0000	 1.37458716436396E-0003
 2.38146239046493E+0000	 1.26069938376429E-0003
 2.38786259953488E+0000	 1.07844746128929E-0003
 2.39421663276013E+0000	 8.35521650903514E-0004
 2.40050907402093E+0000	 5.45476499183061E-0004
 2.40672957837709E+0000	 2.25970559301285E-0004
 2.41287372392076E+0000	-1.03556205484426E-0004
 2.41894275074287E+0000	-4.24052847269670E-0004
 2.42494259069497E+0000	-7.18426123147866E-0004
 2.43088265695171E+0000	-9.72422424355787E-0004
 2.43677471492943E+0000	-1.17497391968328E-0003
 2.44263197012045E+0000	-1.31822452063047E-0003
 2.44846837900805E+0000	-1.39741553795823E-0003
 2.45429812474019E+0000	-1.41074634314436E-0003
 2.46013517627614E+0000	-1.35926439539779E-0003
 2.46599284945126E+0000	-1.24678682525439E-0003
 2.47188330483130E+0000	-1.07980946970636E-0003
 2.47781695361245E+0000	-8.67319518923056E-0004
 2.48380180456753E+0000	-6.20405464524030E-0004
 2.48984286817213E+0000	-3.51575471641324E-0004
 2.49594181006556E+0000	-7.37776186645665E-0005
 2.50209705715323E+0000	 2.00738428928418E-0004
 2.50830444953708E+0000	 4.61428845816140E-0004
 2.51455831012126E+0000	 6.99998244298114E-0004
 2.52085258330582E+0000	 9.10280998801959E-0004
 2.52718162347268E+0000	 1.08753839482503E-0003
 2.53354035312833E+0000	 1.22750384639800E-0003
 2.53992377807511E+0000	 1.32560251740049E-0003
 2.54632609279105E+0000	 1.37667798973098E-0003
 2.55273973134106E+0000	 1.37536075678305E-0003
 2.55915471498917E+0000	 1.31701536747237E-0003
 2.56555856992756E+0000	 1.19905194348541E-0003
 2.57193696944859E+0000	 1.02227600392961E-0003
 2.57827508113692E+0000	 7.91878840952947E-0004
 2.58455936472759E+0000	 5.17697212368672E-0004
 2.59077935394457E+0000	 2.13569820450094E-0004
 2.59692892587223E+0000	-1.04051146630425E-0004
 2.60300678086786E+0000	-4.17807281126796E-0004
 2.60901618325407E+0000	-7.11003334053853E-0004
 2.61496423347805E+0000	-9.68763085891960E-0004
 2.62086097299044E+0000	-1.17872271377325E-0003
 2.62671853112983E+0000	-1.33135774833976E-0003
 2.63255040827393E+0000	-1.42008473417919E-0003
 2.63837090326232E+0000	-1.44126302522152E-0003
 2.64419464182730E+0000	-1.39418351213816E-0003
 2.65003613656564E+0000	-1.28108693203870E-0003
 2.65590930040786E+0000	-1.10720804676834E-0003
 2.66182684503769E+0000	-8.80792588678525E-0004
 2.66779953088793E+0000	-6.12984806653238E-0004
 2.67383530559801E+0000	-3.17449746953743E-0004
 2.67993847097398E+0000	-9.60687191592314E-0006
 2.68610912031841E+0000	 2.94554105777941E-0004
 2.69234311419001E+0000	 5.79924939783325E-0004
 2.69863273830867E+0000	 8.33657508891950E-0004
 2.70496792432323E+0000	 1.04606641838759E-0003
 2.71133765724783E+0000	 1.21081067702327E-0003
 2.71773112487011E+0000	 1.32441630936602E-0003
 2.72413833210255E+0000	 1.38545559635236E-0003
 2.73055017002378E+0000	 1.39375013028197E-0003
 2.73695811384111E+0000	 1.34984367553885E-0003
 2.74335376816875E+0000	 1.25483840821830E-0003
 2.74972845494335E+0000	 1.11059310602082E-0003
 2.75607302255668E+0000	 9.20218771682782E-0004
 2.76237803047695E+0000	 6.88722009855229E-0004
 2.76863437259554E+0000	 4.23552921185339E-0004
 2.77483423578453E+0000	 1.34792781231336E-0004
 2.78097213084904E+0000	-1.65171870194317E-0004
 2.78704569376478E+0000	-4.62440617520248E-0004
 2.79305606502230E+0000	-7.42641231638137E-0004
 2.79900783048245E+0000	-9.91967768693445E-0004
 2.80490863936161E+0000	-1.19803476451804E-0003
 2.81076865786069E+0000	-1.35048122881827E-0003
 2.81659999081607E+0000	-1.44134847784813E-0003
 2.82241614865239E+0000	-1.46530284970783E-0003
 2.82823158050025E+0000	-1.41978481807960E-0003
 2.83406124781932E+0000	-1.30515237880709E-0003
 2.83992017871760E+0000	-1.12485706932426E-0003
 2.84582292259050E+0000	-8.85648426968959E-0004
 2.85178282286608E+0000	-5.97747216104448E-0004
 2.85781105459881E+0000	-2.74862704460567E-0004
 2.86391545018384E+0000	 6.61290211151454E-0005
 2.87009926824939E+0000	 4.06041390167876E-0004
 2.87636021827525E+0000	 7.24875382846696E-0004
 2.88269014666225E+0000	 1.00384556157973E-0003
 2.88907569941223E+0000	 1.22753084869715E-0003
 2.89549996443549E+0000	 1.38556359034783E-0003
 2.90194470420609E+0000	 1.47336143020476E-0003
 2.90839256256649E+0000	 1.49175405029734E-0003
 2.91482869696968E+0000	 1.44574631348993E-0003
 2.92124155736264E+0000	 1.34288187684125E-0003
 2.92762282692696E+0000	 1.19168554034215E-0003
 2.93396675506746E+0000	 1.00054140985259E-0003
 2.94026922505367E+0000	 7.77178708991465E-0004
 2.94652690366854E+0000	 5.28739305847737E-0004
 2.95273673042939E+0000	 2.62241845621511E-0004
 2.95889585657048E+0000	-1.48248291538025E-0005
 2.96500198768940E+0000	-2.94038671724893E-0004
 2.97105396613258E+0000	-5.65886551471800E-0004
 2.97705238375705E+0000	-8.19960774991452E-0004
 2.98300004738570E+0000	-1.04544360123753E-0003
 2.98890220107175E+0000	-1.23174713384925E-0003
 2.99476649951855E+0000	-1.36917102853236E-0003
 3.00060279127253E+0000	-1.44948178792057E-0003
 3.00642279374695E+0000	-1.46637725536186E-0003
 3.01223972868669E+0000	-1.41585284742681E-0003
 3.01806795039297E+0000	-1.29651750453811E-0003
 3.02392255446416E+0000	-1.10991354358775E-0003
 3.02981891204010E+0000	-8.60877202760787E-0004
 3.03577204011466E+0000	-5.57936761524338E-0004
 3.04179570091907E+0000	-2.13680805616438E-0004
 3.04790114023184E+0000	 1.55060564007278E-0004
 3.05409545618754E+0000	 5.27481557325742E-0004
 3.06037976990889E+0000	 8.79842025635110E-0004
 3.06674764266746E+0000	 1.18754977018318E-0003
 3.07318444075474E+0000	 1.42824276712149E-0003
 3.07966834613624E+0000	 1.58528297682082E-0003
 3.08617322318789E+0000	 1.65055714686585E-0003
 3.09267268857473E+0000	 1.62546051200384E-0003
 3.09914404971976E+0000	 1.51963607178372E-0003
 3.10557083655844E+0000	 1.34805664740049E-0003
 3.11194341036771E+0000	 1.12765211679950E-0003
 3.11825799384181E+0000	 8.74568052246539E-0004
 3.12451490062708E+0000	 6.02572007370766E-0004
 3.13071669109477E+0000	 3.22573766650799E-0004
 3.13686669888668E+0000	 4.29421862767521E-0005
 3.14296810246280E+0000	-2.29745231425944E-0004
 3.14902354632966E+0000	-4.89822469800948E-0004
 3.15503522792572E+0000	-7.31748399560993E-0004
 3.16100531651017E+0000	-9.49565700677747E-0004
 3.16693654108293E+0000	-1.13668589185814E-0003
 3.17283278098865E+0000	-1.28600349157836E-0003
 3.17869952539260E+0000	-1.39027144207100E-0003
 3.18454413041243E+0000	-1.44262880271965E-0003
 3.19037587088208E+0000	-1.43717391145219E-0003
 3.19620582997700E+0000	-1.36951387011269E-0003
 3.20204668053301E+0000	-1.23727158399920E-0003
 3.20791239039022E+0000	-1.04057229193204E-0003
 3.21381784284982E+0000	-7.82549745489658E-0004
 3.21977831423429E+0000	-4.69903244922129E-0004
 3.22580870251803E+0000	-1.13497049993561E-0004
 3.23192236565308E+0000	 2.71084912101073E-0004
 3.23812943239505E+0000	 6.63244738957766E-0004
 3.24443454929091E+0000	 1.03772649266020E-0003
 3.25083430965511E+0000	 1.36616368957365E-0003
 3.25731511161627E+0000	 1.62029255581451E-0003
 3.26385271235552E+0000	 1.77673071512225E-0003
 3.27041469959168E+0000	 1.82209356248153E-0003
 3.27696591751319E+0000	 1.75624954189298E-0003
 3.28347502151218E+0000	 1.59191115371656E-0003
 3.28991944223841E+0000	 1.35070730439928E-0003
 3.29628710926431E+0000	 1.05776973181501E-0003
 3.30257524121814E+0000	 7.37096980750319E-0004
 3.30878764418200E+0000	 4.08812221889917E-0004
 3.31493186403458E+0000	 8.82312781749562E-0005
 3.32101690132333E+0000	-2.13872021607359E-0004
 3.32705166539427E+0000	-4.90398321606900E-0004
 3.33304409528115E+0000	-7.36845120083667E-0004
 3.33900081794607E+0000	-9.50239008293935E-0004
 3.34492722650766E+0000	-1.12820689450686E-0003
 3.35082787089798E+0000	-1.26827810996854E-0003
 3.35670704309993E+0000	-1.36748338072045E-0003
 3.36256942434823E+0000	-1.42227588044585E-0003
 3.36842066691702E+0000	-1.42874519862522E-0003
 3.37426781869235E+0000	-1.38304878358635E-0003
 3.38011955207562E+0000	-1.28196891298100E-0003
 3.38598620508820E+0000	-1.12352076941093E-0003
 3.39187966260971E+0000	-9.07574779728579E-0004
 3.39781309471936E+0000	-6.36493481808621E-0004
 3.40380053329547E+0000	-3.15803365522855E-0004
 3.40985621662442E+0000	 4.50854358466160E-0005
 3.41599357417968E+0000	 4.32145446223447E-0004
 3.42222367738527E+0000	 8.26123290712529E-0004
 3.42855299505009E+0000	 1.20238384805164E-0003
 3.43498047321848E+0000	 1.53179682050906E-0003
 3.44149446303378E+0000	 1.78344152949184E-0003
 3.44807085088435E+0000	 1.92960797798598E-0003
 3.45467433579185E+0000	 1.95232505656949E-0003
 3.46126397605854E+0000	 1.84881426835734E-0003
 3.46780152245198E+0000	 1.63269302473700E-0003
 3.47425875790315E+0000	 1.32994810243150E-0003
 3.48062072226064E+0000	 9.71998484655206E-0004
 3.48688463823793E+0000	 5.89305274861881E-0004
 3.49305650662706E+0000	 2.07489497799101E-0004
 3.49914740765120E+0000	-1.54038578238639E-0004
 3.50517056441093E+0000	-4.81840807987932E-0004
 3.51113937807636E+0000	-7.67474683119313E-0004
 3.51706626783268E+0000	-1.00630806996555E-0003
 3.52296208891892E+0000	-1.19636680713009E-0003
 3.52883596047466E+0000	-1.33730565256907E-0003
 3.53469540018352E+0000	-1.42954320883928E-0003
 3.54054669494703E+0000	-1.47359968988193E-0003
 3.54639543474643E+0000	-1.46968066187339E-0003
 3.55224711890744E+0000	-1.41753649108775E-0003
 3.55810773395643E+0000	-1.31659393397676E-0003
 3.56398421449093E+0000	-1.16631827222811E-0003
 3.56988472973457E+0000	-9.66740897699895E-0004
 3.57581877238903E+0000	-7.19087585495916E-0004
 3.58179704587952E+0000	-4.26461598049010E-0004
 3.58783114215330E+0000	-9.45589750429446E-0005
 3.59393297464161E+0000	 2.67594910797412E-0004
 3.60011388453711E+0000	 6.46914014589038E-0004
 3.60638328373643E+0000	 1.02561657567047E-0003
 3.61274666783342E+0000	 1.38092413738895E-0003
 3.61920292054875E+0000	 1.68558440314674E-0003
 3.62574121224604E+0000	 1.90998391933974E-0003
 3.63233859861619E+0000	 2.02656461656467E-0003
 3.63896029635788E+0000	 2.01628129129653E-0003
 3.64556434965360E+0000	 1.87487327128165E-0003
 3.65211000324127E+0000	 1.61540023079549E-0003
 3.65856609113504E+0000	 1.26507303557256E-0003
 3.66491550233804E+0000	 8.58136617051228E-0004
 3.67115474893654E+0000	 4.28637635091273E-0004
 3.67729052168967E+0000	 5.71988855071939E-0006
 3.68333562839219E+0000	-3.88218392711883E-0004
 3.68930568805807E+0000	-7.37448843930163E-0004
 3.69521690973522E+0000	-1.03195049375295E-0003
 3.70108477584042E+0000	-1.26621185567471E-0003
 3.70692334541806E+0000	-1.43809168186518E-0003
 3.71274495455425E+0000	-1.54782772633239E-0003
 3.71856018068952E+0000	-1.59720155174741E-0003
 3.72437800237591E+0000	-1.58885546286819E-0003
 3.73020611459875E+0000	-1.52577349761565E-0003
 3.73605135771399E+0000	-1.41095423558747E-0003
 3.74192019980138E+0000	-1.24730306096597E-0003
 3.74781919533581E+0000	-1.03775235435504E-0003
 3.75375534032762E+0000	-7.85588384851327E-0004
 3.75973625773792E+0000	-4.94936818911535E-0004
 3.76577016954132E+0000	-1.71344436652146E-0004
 3.77186563200673E+0000	 1.77605678606134E-0004
 3.77803101888327E+0000	 5.41700344763051E-0004
 3.78427372644594E+0000	 9.07574192780273E-0004
 3.79059904258486E+0000	 1.25832906449988E-0003
 3.79700858546750E+0000	 1.57344434287088E-0003
 3.80349824532575E+0000	 1.82930542320738E-0003
 3.81005580657938E+0000	 2.00091513526832E-0003
 3.81665902795758E+0000	 2.06539101766674E-0003
 3.82327570723876E+0000	 2.00719749263364E-0003
 3.82986725906503E+0000	 1.82353886252468E-0003
 3.83639564163601E+0000	 1.52703765764588E-0003
 3.84283089954022E+0000	 1.14365408509231E-0003
 3.84915581799349E+0000	 7.06745957591163E-0004
 3.85536626486720E+0000	 2.50382663491588E-0004
 3.86146844289807E+0000	-1.95451893932471E-0004
 3.86747517269444E+0000	-6.07058143617254E-0004
 3.87340265443607E+0000	-9.67276369204575E-0004
 3.87926819387476E+0000	-1.26474505901734E-0003
 3.88508881110954E+0000	-1.49284028601564E-0003
 3.89088047735636E+0000	-1.64863910308662E-0003
 3.89665774753909E+0000	-1.73202809933764E-0003
 3.90243363331871E+0000	-1.74497200641540E-0003
 3.90821963065098E+0000	-1.69092451395982E-0003
 3.91402585974805E+0000	-1.57436819225270E-0003
 3.91986129153572E+0000	-1.40048834243850E-0003
 3.92573402832533E+0000	-1.17499993452014E-0003
 3.93165158732818E+0000	-9.04146615192618E-0004
 3.93762111676840E+0000	-5.94872221151125E-0004
 3.94364946795654E+0000	-2.55132283910438E-0004
 3.94974306057986E+0000	 1.05724182298931E-0004
 3.95590751369780E+0000	 4.76600066153886E-0004
 3.96214706339346E+0000	 8.44424037464927E-0004
 3.96846382887471E+0000	 1.19412553531728E-0003
 3.97485699066045E+0000	 1.50883473092458E-0003
 3.98132189016725E+0000	 1.77031356904066E-0003
 3.98784899989918E+0000	 1.95971081742855E-0003
 3.99442279680130E+0000	 2.05892813580824E-0003
 4.00102094172578E+0000	 2.05298500311998E-0003
 4.00761468564133E+0000	 1.93340753979390E-0003
 4.01417148974802E+0000	 1.70171596322105E-0003
 4.02065986176673E+0000	 1.37121347750864E-0003
 4.02705479576661E+0000	 9.65640101142561E-0004
 4.03334149499399E+0000	 5.14997214830247E-0004
 4.03951611679168E+0000	 5.04484326887172E-0005
 4.04558403354930E+0000	-3.99748003317122E-0004
 4.05155700818933E+0000	-8.12449597291396E-0004
 4.05745047090336E+0000	-1.17022271665080E-0003
 4.06328144816727E+0000	-1.46096578887920E-0003
 4.06906720667354E+0000	-1.67713131124829E-0003
 4.07482446048747E+0000	-1.81488943223347E-0003
 4.08056895559211E+0000	-1.87338724600603E-0003
 4.08631528506746E+0000	-1.85414786856636E-0003
 4.09207684018488E+0000	-1.76060541629138E-0003
 4.09786584338562E+0000	-1.59776170791161E-0003
 4.10369343076812E+0000	-1.37195886432911E-0003
 4.10956975317105E+0000	-1.09077444615684E-0003
 4.11550404955183E+0000	-7.63049607259064E-0004
 4.12150462322700E+0000	-3.99045190901310E-0004
 4.12757863642019E+0000	-1.06800952992567E-0005
 4.13373165260049E+0000	 3.88254662764431E-0004
 4.13996691976751E+0000	 7.82071659937161E-0004
 4.14628450441887E+0000	 1.15353048505780E-0003
 4.15268051364544E+0000	 1.48464059134581E-0003
 4.15914668242947E+0000	 1.75782386373966E-0003
 4.16567045877395E+0000	 1.95714773501277E-0003
 4.17223543952463E+0000	 2.06934713253568E-0003
 4.17882185224100E+0000	 2.08463609963085E-0003
 4.18540699063346E+0000	 1.99762579399605E-0003
 4.19196597108885E+0000	 1.80860506044616E-0003
 4.19847338534538E+0000	 1.52490232904630E-0003
 4.20490599726298E+0000	 1.16148730345924E-0003
 4.21124580695655E+0000	 7.40020842013674E-0004
 4.21748232465888E+0000	 2.86336295011700E-0004
 4.22361324400290E+0000	-1.72797092404327E-0004
 4.22964355168241E+0000	-6.12538490566616E-0004
 4.23558373625589E+0000	-1.01181125849748E-0003
 4.24144783617617E+0000	-1.35405624501075E-0003
 4.24725179333162E+0000	-1.62720703396527E-0003
 4.25301226866510E+0000	-1.82325531269710E-0003
 4.25874588457983E+0000	-1.93768327051157E-0003
 4.26446878679690E+0000	-1.96892146023898E-0003
 4.27019641610489E+0000	-1.91790183867812E-0003
 4.27594340486485E+0000	-1.78772566366983E-0003
 4.28172353979314E+0000	-1.58344594263766E-0003
 4.28754974950945E+0000	-1.31196295903502E-0003
 4.29343407642901E+0000	-9.82037881546522E-0004
 4.29938757561848E+0000	-6.04430486957294E-0004
 4.30542005319932E+0000	-1.92146394673594E-0004
 4.31153953189873E+0000	 2.39279035360077E-0004
 4.31775134795964E+0000	 6.71633202248609E-0004
 4.32405689229616E+0000	 1.08430056562682E-0003
 4.33045223954472E+0000	 1.45527818506450E-0003
 4.33692719163256E+0000	 1.76307070788431E-0003
 4.34346536388867E+0000	 1.98915243546384E-0003
 4.35004559468272E+0000	 2.12019786376920E-0003
 4.35664424248067E+0000	 2.14924251781246E-0003
 4.36323743037934E+0000	 2.07555170026396E-0003
 4.36980252745155E+0000	 1.90375171623959E-0003
 4.37631888634745E+0000	 1.64299709913032E-0003
 4.38276836851891E+0000	 1.30650878121635E-0003
 4.38913611206589E+0000	 9.11246206323431E-0004
 4.39541155224132E+0000	 4.77257344343000E-0004
 4.40158931949633E+0000	 2.64624800923365E-0005
 4.40766958807782E+0000	-4.18974598870776E-0004
 4.41365770678690E+0000	-8.38274320658171E-0004
 4.41956326801668E+0000	-1.21328364743665E-0003
 4.42539893717512E+0000	-1.52916903091568E-0003
 4.43117933456606E+0000	-1.77461519925393E-0003
 4.43692013431847E+0000	-1.94169519178895E-0003
 4.44263742218784E+0000	-2.02558386833360E-0003
 4.44834727958577E+0000	-2.02424280487497E-0003
 4.45406553251497E+0000	-1.93815257571086E-0003
 4.45980760286250E+0000	-1.77012929824337E-0003
 4.46558840876007E+0000	-1.52524042472875E-0003
 4.47142226830720E+0000	-1.21082749597964E-0003
 4.47732275755089E+0000	-8.36644591716850E-0004
 4.48330245208050E+0000	-4.15118659947274E-0004
 4.48937244178292E+0000	 3.82888346403280E-0005
 4.49554146896645E+0000	 5.04718149920848E-0004
 4.50181455459148E+0000	 9.61793537032049E-0004
 4.50819113667466E+0000	 1.38418488350843E-0003
 4.51466312349601E+0000	 1.74535362047433E-0003
 4.52121376023070E+0000	 2.02068142371757E-0003
 4.52781838131380E+0000	 2.19136389751667E-0003
 4.53444743873033E+0000	 2.24757347777787E-0003
 4.54107083953808E+0000	 2.18941005159951E-0003
 4.54766177222578E+0000	 2.02539096751885E-0003
 4.55419873144381E+0000	 1.76962657180607E-0003
 4.56066574527146E+0000	 1.43915390203949E-0003
 4.56705165031986E+0000	 1.05221755106665E-0003
 4.57334926962609E+0000	 6.27473277065586E-0004
 4.57955492991232E+0000	 1.83681616299251E-0004
 4.58566833276515E+0000	-2.60549912008008E-0004
 4.59169255576772E+0000	-6.87208716823542E-0004
 4.59763393978962E+0000	-1.07949034025224E-0003
 4.60350174818574E+0000	-1.42242634268183E-0003
 4.60930763515545E+0000	-1.70337001620554E-0003
 4.61506504041990E+0000	-1.91226948918266E-0003
 4.62078862374427E+0000	-2.04174834834511E-0003
 4.62649380502088E+0000	-2.08706373488491E-0003
 4.63219642431495E+0000	-2.04601998574455E-0003
 4.63791250095321E+0000	-1.91890061258671E-0003
 4.64365805300541E+0000	-1.70845998223495E-0003
 4.64944893211059E+0000	-1.41999818629376E-0003
 4.65530062537692E+0000	-1.06153167105601E-0003
 4.66122796701438E+0000	-6.44066717903348E-0004
 4.66724467778811E+0000	-1.81973844910076E-0004
 4.67336260576380E+0000	 3.06573710125151E-0004
 4.67959049547042E+0000	 7.99232595188561E-0004
 4.68593213449958E+0000	 1.26952193992070E-0003
 4.69238395078651E+0000	 1.68783189849494E-0003
 4.69893267537462E+0000	 2.02405983244812E-0003
 4.70555437499594E+0000	 2.25202498913375E-0003
 4.71221628854770E+0000	 2.35457445070441E-0003
 4.71888170318239E+0000	 2.32712283018011E-0003
 4.72551609471023E+0000	 2.17772820170699E-0003
 4.73209185919035E+0000	 1.92385044889188E-0003
 4.73859013683176E+0000	 1.58776551218425E-0003
 4.74500011193916E+0000	 1.19267457964242E-0003
 4.75131710452925E+0000	 7.60412783756610E-0004
 4.75754060592961E+0000	 3.10627936666435E-0004
 4.76367285596475E+0000	-1.39136618271288E-0004
 4.76971808509048E+0000	-5.73030683697803E-0004
 4.77568226155481E+0000	-9.76554369491109E-0004
 4.78157308158344E+0000	-1.33645240865259E-0003
 4.78739998037955E+0000	-1.64082844041694E-0003
 4.79317405184016E+0000	-1.87937226343769E-0003
 4.79890786818007E+0000	-2.04359536258108E-0003
 4.80461524478289E+0000	-2.12701997554661E-0003
 4.81031100096384E+0000	-2.12531936011845E-0003
 4.81601074553828E+0000	-2.03643912525387E-0003
 4.82173068755211E+0000	-1.86073974678556E-0003
 4.82748744775494E+0000	-1.60119592207211E-0003
 4.83329782758585E+0000	-1.26367652447922E-0003
 4.83917847739903E+0000	-8.57313842503796E-0004
 4.84514538965649E+0000	-3.94953022867821E-0004
 4.85121311919307E+0000	 1.06353948104550E-0004
 4.85739359835745E+0000	 6.24900892686765E-0004
 4.86369439183636E+0000	 1.13414086486197E-0003
 4.87011631097745E+0000	 1.60319547759120E-0003
 4.87665064451574E+0000	 1.99873802307385E-0003
 4.88327695993776E+0000	 2.28886840462323E-0003
 4.88996313624273E+0000	 2.44874811045748E-0003
 4.89666901323822E+0000	 2.46617424088389E-0003
 4.90335313472247E+0000	 2.34429753957817E-0003
 4.90997982166734E+0000	 2.09991037585220E-0003
 4.91652359605452E+0000	 1.75842426255323E-0003
 4.92296997318812E+0000	 1.34821585869222E-0003
 4.92931366176073E+0000	 8.96409543313136E-0004
 4.93555579595818E+0000	 4.26695517849823E-0004
 4.94170136602938E+0000	-4.12007343227247E-0005
 4.94775737398616E+0000	-4.91072187099116E-0004
 4.95373179648554E+0000	-9.09406794673997E-0004
 4.95963319905316E+0000	-1.28459838319573E-0003
 4.96547075471496E+0000	-1.60640413946943E-0003
 4.97125443209147E+0000	-1.86569561159716E-0003
 4.97699519071820E+0000	-2.05444769723601E-0003
 4.98270510800962E+0000	-2.16587644454274E-0003
 4.98839742708545E+0000	-2.19465270232482E-0003
 4.99408654431768E+0000	-2.13715562343439E-0003
 4.99978795509594E+0000	-1.99176483491685E-0003
 5.00551815777818E+0000	-1.75921193591859E-0003
 5.01129448881679E+0000	-1.44301867335538E-0003
 5.01713483199862E+0000	-1.05004105587297E-0003
 5.02305711459471E+0000	-5.91114836719024E-0004
 5.02907847641764E+0000	-8.17547332694153E-0005
 5.03521398055228E+0000	 4.57209134014415E-0004
 5.04147474105814E+0000	 9.99280910041660E-0004
 5.04786541358644E+0000	 1.51261873125625E-0003
 5.05438122765834E+0000	 1.96160439394711E-0003
 5.06100526475648E+0000	 2.31030441083111E-0003
 5.06770742147879E+0000	 2.52797714168740E-0003
 5.07444674674535E+0000	 2.59543619447559E-0003
 5.08117759713564E+0000	 2.50960090149725E-0003
 5.08785760760924E+0000	 2.28373961343271E-0003
 5.09445409902264E+0000	 1.94330601882069E-0003
 5.10094677386640E+0000	 1.51972068554815E-0003
 5.10732693531472E+0000	 1.04478313397980E-0003
 5.11359480082203E+0000	 5.47076237699682E-0004
 5.11975640768658E+0000	 5.03969573183189E-0005
 5.12582097978028E+0000	-4.26357250443756E-0004
 5.13179908061200E+0000	-8.68488255511602E-0004
 5.13770155755143E+0000	-1.26449295105400E-0003
 5.14353912598657E+0000	-1.60509553798973E-0003
 5.14932238625702E+0000	-1.88250327456039E-0003
 5.15506207377530E+0000	-2.08994998291683E-0003
 5.16076938850193E+0000	-2.22150976944629E-0003
 5.16645630948474E+0000	-2.27212533497519E-0003
 5.17213585201313E+0000	-2.23779386425876E-0003
 5.17782225607503E+0000	-2.11587427690193E-0003
 5.18353110202581E+0000	-1.90550729216557E-0003
 5.18927933543566E+0000	-1.60816284711959E-0003
 5.19508515191617E+0000	-1.22833999319292E-0003
 5.20096764780448E+0000	-7.74434354921764E-0004
 5.20694608999320E+0000	-2.59745355839947E-0004
 5.21303861433858E+0000	 2.96496872812075E-0004
 5.21926016368320E+0000	 8.68359949036771E-0004
 5.22561958700019E+0000	 1.42317607334910E-0003
 5.23211612328570E+0000	 1.92292483538973E-0003
 5.23873604720179E+0000	 2.32771761796362E-0003
 5.24545095202787E+0000	 2.60157581358961E-0003
 5.25221944477361E+0000	 2.71943680612782E-0003
 5.25899300888923E+0000	 2.67278270246641E-0003
 5.26572439329144E+0000	 2.47108097268551E-0003
 5.27237508475489E+0000	 2.13836446667957E-0003
 5.27891921834796E+0000	 1.70702546426646E-0003
 5.28534372137343E+0000	 1.21168156832348E-0003
 5.29164611598287E+0000	 6.84782719156182E-0004
 5.29783150439210E+0000	 1.54223954918349E-0004
 5.30390969005092E+0000	-3.57454668258281E-0004
 5.30989287460444E+0000	-8.32828914057265E-0004
 5.31579406208573E+0000	-1.25878768823209E-0003
 5.32162613248157E+0000	-1.62552780624446E-0003
 5.32740146035043E+0000	-1.92559131371813E-0003
 5.33313192298868E+0000	-2.15308744929128E-0003
 5.33882914872740E+0000	-2.30315984530156E-0003
 5.34450488407280E+0000	-2.37170415251350E-0003
 5.35017139507385E+0000	-2.35531263003184E-0003
 5.35584185171677E+0000	-2.25141726486773E-0003
 5.36153066516701E+0000	-2.05861518098632E-0003
 5.36725375047605E+0000	-1.77718099554593E-0003
 5.37302866847990E+0000	-1.40979113248389E-0003
 5.37887455734474E+0000	-9.62493639345797E-0004
 5.38481169563779E+0000	-4.45935945884771E-0004
 5.39086045415607E+0000	 1.23217635922911E-0004
 5.39703933275266E+0000	 7.20926813139618E-0004
 5.40336183919843E+0000	 1.31502247754094E-0003
 5.40983230721155E+0000	 1.86595092847746E-0003
 5.41644148368407E+0000	 2.33001811621645E-0003
 5.42316365670296E+0000	 2.66557090325800E-0003
 5.42995752982262E+0000	 2.84105032847878E-0003
 5.43677198209852E+0000	 2.84201719674455E-0003
 5.44355518943734E+0000	 2.67378344266247E-0003
 5.45026328310070E+0000	 2.35845590280950E-0003
 5.45686525231050E+0000	 1.92847697266333E-0003
 5.46334361018743E+0000	 1.41999243546438E-0003
 5.46969244706328E+0000	 8.68037937730741E-0004
 5.47591459994924E+0000	 3.03772087341440E-0004
 5.48201887225629E+0000	-2.46762666903521E-0004
 5.48801765482566E+0000	-7.62864378336838E-0004
 5.49392507354876E+0000	-1.22874841494732E-0003
 5.49975569855094E+0000	-1.63276248681525E-0003
 5.50552377982425E+0000	-1.96647242356211E-0003
 5.51124292146312E+0000	-2.22378969768432E-0003
 5.51692608377832E+0000	-2.40024659435362E-0003
 5.52258580600110E+0000	-2.49247083888373E-0003
 5.52823456063355E+0000	-2.49787556597725E-0003
 5.53388517323754E+0000	-2.41456315796883E-0003
 5.53955126059135E+0000	-2.24144025356983E-0003
 5.54524764903628E+0000	-1.97855242198573E-0003
 5.55099072703324E+0000	-1.62766538206397E-0003
 5.55679865432559E+0000	-1.19313696312547E-0003
 5.56269128694247E+0000	-6.83125020903637E-0004
 5.56868957918203E+0000	-1.11131467695002E-0004
 5.57481410994385E+0000	 5.02260366870481E-0004
 5.58108233393332E+0000	 1.12790071060261E-0003
 5.58750436959806E+0000	 1.72774518447374E-0003
 5.59407785049412E+0000	 2.25696151116755E-0003
 5.60078355579948E+0000	 2.66944896642555E-0003
 5.60758442453315E+0000	 2.92624252396664E-0003
 5.61442986498114E+0000	 3.00406318520067E-0003
 5.62126464374750E+0000	 2.90017329328959E-0003
 5.62803877153804E+0000	 2.63125831947545E-0003
 5.63471429834027E+0000	 2.22749752322028E-0003
 5.64126738756792E+0000	 1.72532124949580E-0003
 5.64768693639455E+0000	 1.16172097658225E-0003
 5.65397186963566E+0000	 5.70849565691250E-0004
 5.66012840207850E+0000	-1.76687436576576E-0005
 5.66616765157059E+0000	-5.79394393496300E-0004
 5.67210364965651E+0000	-1.09506613644268E-0003
 5.67795178064151E+0000	-1.55013782340014E-0003
 5.68372767925217E+0000	-1.93404137249798E-0003
 5.68944656935833E+0000	-2.23935205886814E-0003
 5.69512297643885E+0000	-2.46099482966415E-0003
 5.70077072434433E+0000	-2.59557877294845E-0003
 5.70640313042189E+0000	-2.64090352621662E-0003
 5.71203332903225E+0000	-2.59565524712306E-0003
 5.71767467074759E+0000	-2.45930023950326E-0003
 5.72334115585310E+0000	-2.23218790627222E-0003
 5.72904786058886E+0000	-1.91588743049751E-0003
 5.73481129659582E+0000	-1.51379928419355E-0003
 5.74064960034690E+0000	-1.03209378410337E-0003
 5.74658237220261E+0000	-4.81014599303279E-0004
 5.75262987643100E+0000	 1.23493352774095E-0004
 5.75881121443501E+0000	 7.58075007948850E-0004
 5.76514112115130E+0000	 1.39079258916415E-0003
 5.77162544189791E+0000	 1.98155967644309E-0003
 5.77825628194095E+0000	 2.48537119470305E-0003
 5.78500889656210E+0000	 2.85868561067836E-0003
 5.79184251573635E+0000	 3.06752933629083E-0003
 5.79870578594518E+0000	 3.09440838319921E-0003
 5.80554524625577E+0000	 2.94126944133406E-0003
 5.81231376218540E+0000	 2.62751254448444E-0003
 5.81897603273195E+0000	 2.18440323467904E-0003
 5.82551017428979E+0000	 1.64865057695233E-0003
 5.83190647503677E+0000	 1.05733233479747E-0003
 5.83816500258267E+0000	 4.44711293715516E-0004
 5.84429307353493E+0000	-1.59494902568350E-0004
 5.85030291629576E+0000	-7.30867832003622E-0004
 5.85620964630075E+0000	-1.25033359265231E-0003
 5.86202966017687E+0000	-1.70369811412206E-0003
 5.86777950959312E+0000	-2.08088758911389E-0003
 5.87347523284151E+0000	-2.37509602337040E-0003
 5.87913206181238E+0000	-2.58198590860250E-0003
 5.88476440421800E+0000	-2.69902392973284E-0003
 5.89038601226638E+0000	-2.72498673811981E-0003
 5.89601027037556E+0000	-2.65964773402451E-0003
 5.90165055325193E+0000	-2.50365001253600E-0003
 5.90732061514454E+0000	-2.25857668645293E-0003
 5.91303496732453E+0000	-1.92724174993832E-0003
 5.91880917995154E+0000	-1.51423583841665E-0003
 5.92466000247642E+0000	-1.02676117330622E-0003
 5.93060513290174E+0000	-4.75759824176838E-0004
 5.93666239411772E+0000	 1.22751284886757E-0004
 5.94284804511044E+0000	 7.46409888843042E-0004
 5.94917407374960E+0000	 1.36584412234320E-0003
 5.95564471093663E+0000	 1.94537072051416E-0003
 5.96225302303886E+0000	 2.44566089015802E-0003
 5.96897883999266E+0000	 2.82826958494865E-0003
 5.97578895851843E+0000	 3.06108539360547E-0003
 5.98263983045844E+0000	 3.12351267070996E-0003
 5.98948256032906E+0000	 3.01030237207683E-0003
 5.99626956886619E+0000	 2.73274627205648E-0003
 6.00296112292813E+0000	 2.31632693328128E-0003
 6.00952951270483E+0000	 1.79562890483750E-0003
 6.01596005134135E+0000	 1.20863651021499E-0003
 6.02224968825007E+0000	 5.92097501084788E-0004
 6.02840443893453E+0000	-2.14996408954265E-0005
 6.03443651405308E+0000	-6.05435627032033E-0004
 6.04036170093768E+0000	-1.13907131321382E-0003
 6.04619730872597E+0000	-1.60735444254615E-0003
 6.05196077123112E+0000	-1.99991589633417E-0003
 6.05766884030438E+0000	-2.31006248668765E-0003
 6.06333722902754E+0000	-2.53385240463268E-0003
 6.06898056121530E+0000	-2.66933814866994E-0003
 6.07461251411193E+0000	-2.71600024915418E-0003
 6.08024607653161E+0000	-2.67436853503674E-0003
 6.08589387116216E+0000	-2.54582360144546E-0003
 6.09156850268302E+0000	-2.33257826217285E-0003
 6.09728289206886E+0000	-2.03784852553531E-0003
 6.10305054278548E+0000	-1.66622875234983E-0003
 6.10888565880034E+0000	-1.22427839359950E-0003
 6.11480300331364E+0000	-7.21298584837856E-0004
 6.12081736534766E+0000	-1.70216020862360E-0004
 6.12694251786555E+0000	 4.11602215346481E-0004
 6.13318964476572E+0000	 1.00187622547796E-0003
 6.13956539270983E+0000	 1.57357597899860E-0003
 6.14606986586244E+0000	 2.09586679709205E-0003
 6.15269482567538E+0000	 2.53575826510599E-0003
 6.15942209272430E+0000	 2.86042839986294E-0003
 6.16622225935968E+0000	 3.04068909628334E-0003
 6.17305484891430E+0000	 3.05612525164627E-0003
 6.17987188740251E+0000	 2.90086039076196E-0003
 6.18662529229341E+0000	 2.58679035228992E-0003
 6.19327523305232E+0000	 2.14172139969445E-0003
 6.19979561319117E+0000	 1.60326586556106E-0003
 6.20617515354043E+0000	 1.01168245765107E-0003
 6.21241514303290E+0000	 4.04270890483348E-0004
 6.21852573960289E+0000	-1.87780742600260E-0004
 6.22452228582049E+0000	-7.40393141013100E-0004
 6.23042239651839E+0000	-1.23618529568377E-0003
 6.23624400903123E+0000	-1.66338501972024E-0003
 6.24200426961959E+0000	-2.01456981912517E-0003
 6.24771902500027E+0000	-2.28551183356447E-0003
 6.25340270421413E+0000	-2.47423333974807E-0003
 6.25906843439254E+0000	-2.58028977555643E-0003
 6.26472829072663E+0000	-2.60426319732732E-0003
 6.27039362001478E+0000	-2.54744544883425E-0003
 6.27607539662429E+0000	-2.41169861086080E-0003
