 2.92919100397188E-0004	 2.56643380440274E-0003
 6.98045526305795E-0003	 2.41871314399718E-0003
 1.36071900745077E-0002	 2.14690659548949E-0003
 2.01447244553215E-0002	 1.77769682993274E-0003
 2.65772271394914E-0002	 1.34275592810506E-0003
 3.29003799944689E-0002	 8.72975849241817E-0004
 3.91182313306400E-0002	 3.94923880245004E-0004
 4.52397611028859E-0002	-7.03643649065284E-0005
 5.12762206898951E-0002	-5.07050892333630E-0004
 5.72394975471662E-0002	-9.03511211749286E-0004
 6.31413074486904E-0002	-1.25128900497993E-0003
 6.89929044617442E-0002	-1.54425335849228E-0003
 7.48050514167052E-0002	-1.77801392153136E-0003
 8.05880865039956E-0002	-1.94955380284988E-0003
 8.63519997180259E-0002	-2.05701326803681E-0003
 9.21064844887588E-0002	-2.09956125560543E-0003
 9.78609614058786E-0002	-2.07730512214209E-0003
 1.03624591821586E-0001	-1.99120505024219E-0003
 1.09406314204427E-0001	-1.84297983049332E-0003
 1.15214943405855E-0001	-1.63501884810753E-0003
 1.21059364784073E-0001	-1.37035085490883E-0003
 1.26948822346565E-0001	-1.05275539868209E-0003
 1.32893238964588E-0001	-6.87121235637255E-0004
 1.38903424390989E-0001	-2.80137628642987E-0004
 1.44990941742328E-0001	 1.58668117164644E-0004
 1.51167343450117E-0001	 6.15673157811243E-0004
 1.57442500330094E-0001	 1.07202378834116E-0003
 1.63821920596603E-0001	 1.50323703101065E-0003
 1.70303405000986E-0001	 1.88035355363895E-0003
 1.76874094538741E-0001	 2.17326891611711E-0003
 1.83509515472749E-0001	 2.35598503035484E-0003
 1.90175865973592E-0001	 2.41220792561041E-0003
 1.96835322279087E-0001	 2.33901961060896E-0003
 2.03452542875712E-0001	 2.14706129581740E-0003
 2.09999999731712E-0001	 1.85731155569754E-0003
 2.16460507331636E-0001	 1.49601545647194E-0003
 2.22826781803062E-0001	 1.08982049599752E-0003
 2.29099117907311E-0001	 6.62544029022056E-0004
 2.35282614512107E-0001	 2.33848315175600E-0004
 2.41384912369591E-0001	-1.80719561935566E-0004
 2.47414747727588E-0001	-5.69053794125418E-0004
 2.53381201264448E-0001	-9.21708808720662E-0004
 2.59293387446329E-0001	-1.23125976460676E-0003
 2.65160362956091E-0001	-1.49185915012423E-0003
 2.70991116368712E-0001	-1.69895360069337E-0003
 2.76794574044635E-0001	-1.84910273237062E-0003
 2.82579604140011E-0001	-1.93985018269672E-0003
 2.88355027023748E-0001	-1.96961494724237E-0003
 2.94129654019761E-0001	-1.93759174160215E-0003
 2.99912380138529E-0001	-1.84367215468884E-0003
 3.05712348431503E-0001	-1.68842297716518E-0003
 3.11539180586707E-0001	-1.47317961082481E-0003
 3.17403229865596E-0001	-1.20032242809450E-0003
 3.23315762990000E-0001	-8.73792820774647E-0004
 3.29288926050338E-0001	-4.99865597698944E-0004
 3.35335307936306E-0001	-8.81184340180868E-0005
 3.41466903443546E-0001	 3.47581641229464E-0004
 3.47693341013295E-0001	 7.88422751038238E-0004
 3.54019451628518E-0001	 1.21084331394769E-0003
 3.60442663720511E-0001	 1.58812114034338E-0003
 3.66951175200467E-0001	 1.89354260020181E-0003
 3.73523955133456E-0001	 2.10456025496983E-0003
 3.80133005992391E-0001	 2.20663002800501E-0003
 3.86747301033621E-0001	 2.19543188778255E-0003
 3.93337192305998E-0001	 2.07689306793397E-0003
 3.99878097555920E-0001	 1.86520715770427E-0003
 4.06352604339846E-0001	 1.57959424918702E-0003
 4.12750696856189E-0001	 1.24089270314805E-0003
 4.19068537039856E-0001	 8.68980666652522E-0004
 4.25306670515979E-0001	 4.81445589107966E-0004
 4.31468414163289E-0001	 9.32914856880627E-0005
 4.37558758730554E-0001	-2.82803080391326E-0004
 4.43583757660373E-0001	-6.36089853595421E-0004
 4.49550223823987E-0001	-9.57426728976136E-0004
 4.55465568788477E-0001	-1.23906718426661E-0003
 4.61337690441461E-0001	-1.47453000832883E-0003
 4.67174877107971E-0001	-1.65850523951145E-0003
 4.72985730924472E-0001	-1.78676858520500E-0003
 4.78779126306974E-0001	-1.85609745708263E-0003
 4.84564220186315E-0001	-1.86420033836035E-0003
 4.90350523354627E-0001	-1.80968734102087E-0003
 4.96148026506296E-0001	-1.69212268498878E-0003
 5.01967349774124E-0001	-1.51220551470749E-0003
 5.07819852948413E-0001	-1.27211825896376E-0003
 5.13717610565670E-0001	-9.76056573753458E-0004
 5.19673129317254E-0001	-6.30907947460069E-0004
 5.25698676186747E-0001	-2.46973255922152E-0004
 5.31805116849218E-0001	 1.61474547983773E-0004
 5.38000274500369E-0001	 5.76108889841684E-0004
 5.44287044183628E-0001	 9.75303657381260E-0004
 5.50661789735349E-0001	 1.33593025922761E-0003
 5.57113697364224E-0001	 1.63598472463147E-0003
 5.63625495108364E-0001	 1.85734485409012E-0003
 5.70175338790046E-0001	 1.98785188303888E-0003
 5.76739245035809E-0001	 2.02233190857209E-0003
 5.83293556268369E-0001	 1.96262470809336E-0003
 5.89817160214362E-0001	 1.81674500173150E-0003
 5.96293140072492E-0001	 1.59727056899208E-0003
 6.02709484296626E-0001	 1.31930960328928E-0003
 6.09058810277278E-0001	 9.98659494102648E-0004
 6.15337505382903E-0001	 6.50615903312194E-0004
 6.21544814131098E-0001	 2.89457813942610E-0004
 6.27682174150878E-0001	-7.16684064363462E-0005
 6.33752816246986E-0001	-4.20753831485944E-0004
 6.39761506979268E-0001	-7.46959317633182E-0004
 6.45714326956572E-0001	-1.04068112698524E-0003
 6.51618446833466E-0001	-1.29360767864571E-0003
 6.57481912669392E-0001	-1.49873795683175E-0003
 6.63313466849449E-0001	-1.65036063500384E-0003
 6.69122424461015E-0001	-1.74401355499084E-0003
 6.74918612627238E-0001	-1.77645359699265E-0003
 6.80712366519688E-0001	-1.74567204950856E-0003
 6.86514558905612E-0001	-1.65099197396901E-0003
 6.92336618870583E-0001	-1.49327847291105E-0003
 6.98190472522352E-0001	-1.27527530303071E-0003
 7.04088320321349E-0001	-1.00204857263033E-0003
 7.10042161008195E-0001	-6.81469240639000E-0004
 7.16062993951833E-0001	-3.24602808929635E-0004
 7.22159699821660E-0001	 5.41907676360900E-0005
 7.28337731428526E-0001	 4.37673362673360E-0004
 7.34597922308651E-0001	 8.06811039698333E-0004
 7.40935833023479E-0001	 1.14243538835250E-0003
 7.47341935759695E-0001	 1.42707937430986E-0003
 7.53802552511765E-0001	 1.64645341872561E-0003
 7.60301105822100E-0001	 1.79029573836619E-0003
 7.66819303062974E-0001	 1.85277187273755E-0003
 7.73338273904074E-0001	 1.83269862131400E-0003
 7.79839858008087E-0001	 1.73353645164744E-0003
 7.86307942714760E-0001	 1.56286323493340E-0003
 7.92729429762197E-0001	 1.33129811818877E-0003
 7.99094548156534E-0001	 1.05125942133130E-0003
 8.05396656733028E-0001	 7.35991245195548E-0004
 8.11631900799500E-0001	 3.98980211971904E-0004
 8.17798957777343E-0001	 5.35990603758568E-0005
 8.23898872269820E-0001	-2.87214480665768E-0004
 8.29934877019606E-0001	-6.11303208304031E-0004
 8.35912137697183E-0001	-9.07612242983672E-0004
 8.41837438058396E-0001	-1.16642604614847E-0003
 8.47718859765695E-0001	-1.37950198039785E-0003
 8.53565503469970E-0001	-1.54012256345190E-0003
 8.59387273038051E-0001	-1.64310600793094E-0003
 8.65194723226946E-0001	-1.68481563956672E-0003
 8.70998955019562E-0001	-1.66320467577306E-0003
 8.76811527139148E-0001	-1.57792640379242E-0003
 8.82644335015737E-0001	-1.43052672484267E-0003
 8.88509393950497E-0001	-1.22471155175685E-0003
 8.94418459645947E-0001	-9.66644702983891E-0004
 9.00382436457843E-0001	-6.65186799129982E-0004
 9.06410572010766E-0001	-3.31943283620468E-0004
 9.12509522554168E-0001	 1.90266963948848E-0005
 9.18682483296833E-0001	 3.71941538849992E-0004
 9.24928654914526E-0001	 7.10426774607943E-0004
 9.31243263481524E-0001	 1.01879438657339E-0003
 9.37618112675346E-0001	 1.28309719368964E-0003
 9.44042352289650E-0001	 1.49171556305668E-0003
 9.50503085660132E-0001	 1.63559567239919E-0003
 9.56985747769593E-0001	 1.70851251745753E-0003
 9.63474574273539E-0001	 1.70755678212175E-0003
 9.69953483432854E-0001	 1.63359557473864E-0003
 9.76407263869328E-0001	 1.49126623535619E-0003
 9.82822604669925E-0001	 1.28838081709459E-0003
 9.89188636696675E-0001	 1.03506230333390E-0003
 9.95497068141485E-0001	 7.43001965936441E-0004
 1.00174220511920E+0000	 4.24939181790517E-0004
 1.00792101589174E+0000	 9.42153629158206E-0005
 1.01403318197102E+0000	-2.35737863554635E-0004
 1.02008101615488E+0000	-5.51966305479300E-0004
 1.02606920928428E+0000	-8.42512790460646E-0004
 1.03200446256364E+0000	-1.09680418851266E-0003
 1.03789509174216E+0000	-1.30589033848236E-0003
 1.04375066481517E+0000	-1.46256957847451E-0003
 1.04958169811085E+0000	-1.56145027004311E-0003
 1.05539940921179E+0000	-1.59899286804985E-0003
 1.06121550806184E+0000	-1.57356800496808E-0003
 1.06704199258128E+0000	-1.48555483795569E-0003
 1.07289090122196E+0000	-1.33748531700013E-0003
 1.07877396867241E+0000	-1.13421068207766E-0003
 1.08470214194450E+0000	-8.83029564251830E-0004
 1.09068495029184E+0000	-5.93683320387981E-0004
 1.09672978532637E+0000	-2.78112051114167E-0004
 1.10284122458576E+0000	 5.01023361206231E-0005
 1.10902058636295E+0000	 3.76584953900048E-0004
 1.11526587849068E+0000	 6.87148216287203E-0004
 1.12157215802879E+0000	 9.68637351298257E-0004
 1.12793210046128E+0000	 1.20941987067491E-0003
 1.13433645534414E+0000	 1.39953590478949E-0003
 1.14077420961003E+0000	 1.53080228785053E-0003
 1.14723263214604E+0000	 1.59719395241354E-0003
 1.15369760182598E+0000	 1.59550545382933E-0003
 1.16015443686458E+0000	 1.52590801214668E-0003
 1.16658899102636E+0000	 1.39199612746799E-0003
 1.17298855270757E+0000	 1.20031267727680E-0003
 1.17934231952868E+0000	 9.59706683058267E-0004
 1.18564160904257E+0000	 6.80832760880806E-0004
 1.19188007403677E+0000	 3.75786595335186E-0004
 1.19805399312086E+0000	 5.76812892084068E-0005
 1.20416249951527E+0000	-2.59948869627927E-0004
 1.21020759599204E+0000	-5.63848593948539E-0004
 1.21619392758774E+0000	-8.41693758618518E-0004
 1.22212839358868E+0000	-1.08258911406236E-0003
 1.22801970483361E+0000	-1.27739262883691E-0003
 1.23387795849627E+0000	-1.41890383360338E-0003
 1.23971425996684E+0000	-1.50196780066907E-0003
 1.24554039247011E+0000	-1.52353988221058E-0003
 1.25136851661422E+0000	-1.48274516564884E-0003
 1.25721086710343E+0000	-1.38095204137995E-0003
 1.26307940328262E+0000	-1.22185650448727E-0003
 1.26898537219342E+0000	-1.01154206781781E-0003
 1.27493876662457E+0000	-7.58447375199968E-0004
 1.28094770927953E+0000	-4.73156263697843E-0004
 1.28701785721623E+0000	-1.67943573428199E-0004
 1.29315196940058E+0000	 1.43922687137184E-0004
 1.29934977337335E+0000	 4.49018581536417E-0004
 1.30560817545140E+0000	 7.34547174019510E-0004
 1.31192170335250E+0000	 9.88873880444988E-0004
 1.31828294480220E+0000	 1.20175861284809E-0003
 1.32468277787192E+0000	 1.36444623567878E-0003
 1.33111041482950E+0000	 1.46989542738267E-0003
 1.33755353765600E+0000	 1.51328453493365E-0003
 1.34399881749494E+0000	 1.49260259981580E-0003
 1.35043280182133E+0000	 1.40893886876368E-0003
 1.35684281292989E+0000	 1.26627246754409E-0003
 1.36321750849787E+0000	 1.07096012673453E-0003
 1.36954709971270E+0000	 8.31290328182654E-0004
 1.37582350865597E+0000	 5.57258912363099E-0004
 1.38204069253824E+0000	 2.60405415530250E-0004
 1.38819509454302E+0000	-4.65368834178042E-0005
 1.39428600348285E+0000	-3.50258021498059E-0004
 1.40031564637498E+0000	-6.37634765075079E-0004
 1.40628899382447E+0000	-8.96454770476027E-0004
 1.41221337309239E+0000	-1.11598137436180E-0003
 1.41809800386373E+0000	-1.28733527770095E-0003
 1.42395353460412E+0000	-1.40372791034614E-0003
 1.42979161346639E+0000	-1.46059651036680E-0003
 1.43562449729151E+0000	-1.45568505356421E-0003
 1.44146468234296E+0000	-1.38910310518586E-0003
 1.44732452559243E+0000	-1.26337752336817E-0003
 1.45321581811514E+0000	-1.08348637273234E-0003
 1.45914928114160E+0000	-8.56832423990195E-0004
 1.46513398806918E+0000	-5.93086955846305E-0004
 1.47117676941377E+0000	-3.03832826891203E-0004
 1.47728171151353E+0000	-1.97646899040478E-0006
 1.48344987752187E+0000	 2.99020591130091E-0004
 1.48967932995628E+0000	 5.85954364671944E-0004
 1.49596542395041E+0000	 8.46567231843670E-0004
 1.50230122823169E+0000	 1.07001058692240E-0003
 1.50867790482868E+0000	 1.24712221945082E-0003
 1.51508498982793E+0000	 1.37067905712086E-0003
 1.52151070019847E+0000	 1.43575335891272E-0003
 1.52794246372635E+0000	 1.44009878141371E-0003
 1.53436770200080E+0000	 1.38430790855230E-0003
 1.54077461834421E+0000	 1.27155258024784E-0003
 1.54715266285971E+0000	 1.10702775233851E-0003
 1.55349259296398E+0000	 8.97455185808072E-0004
 1.55978638089640E+0000	 6.50907176101287E-0004
 1.56602730767838E+0000	 3.76884381704874E-0004
 1.57221036862692E+0000	 8.63483274096400E-0005
 1.57833283154713E+0000	-2.08546528968028E-0004
 1.58439467685874E+0000	-4.95050803790509E-0004
 1.59039874350990E+0000	-7.60588151528103E-0004
 1.59635057119606E+0000	-9.93495222250610E-0004
 1.60225803641055E+0000	-1.18361163281941E-0003
 1.60813089559911E+0000	-1.32269249052060E-0003
 1.61398031340343E+0000	-1.40467262433517E-0003
 1.61981841219644E+0000	-1.42582841837066E-0003
 1.62565784834116E+0000	-1.38487920442959E-0003
 1.63151139928980E+0000	-1.28305808727025E-0003
 1.63739153061168E+0000	-1.12416312493632E-0003
 1.64330990686455E+0000	-9.14572237437136E-0004
 1.64927682344364E+0000	-6.63173039855836E-0004
 1.65530057407880E+0000	-3.81135734629714E-0004
 1.66138682367618E+0000	-8.14635581432954E-0005
 1.66753810277665E+0000	 2.21695610291124E-0004
 1.67375354239672E+0000	 5.13913990092001E-0004
 1.68002891047123E+0000	 7.81397877383415E-0004
 1.68635692283591E+0000	 1.01181975142388E-0003
 1.69272774441634E+0000	 1.19499846286687E-0003
 1.69912961419833E+0000	 1.32342981093136E-0003
 1.70554959669989E+0000	 1.39267574241435E-0003
 1.71197448504904E+0000	 1.40153690335669E-0003
 1.71839177275658E+0000	 1.35185886643243E-0003
 1.72479044121748E+0000	 1.24790777363641E-0003
 1.73116128212660E+0000	 1.09549862236630E-0003
 1.73749669473118E+0000	 9.01256168821029E-0004
 1.74379021503771E+0000	 6.72323975707118E-0004
 1.75003618271308E+0000	 4.16540139626095E-0004
 1.75622981832967E+0000	 1.42803057498842E-0004
 1.76236769241391E+0000	-1.38731591613285E-0004
 1.76844834090332E+0000	-4.16831775224989E-0004
 1.77447274787582E+0000	-6.79724981372058E-0004
 1.78044453827323E+0000	-9.15815108209209E-0004
 1.78636987628379E+0000	-1.11439202554322E-0003
 1.79225715623279E+0000	-1.26621783333972E-0003
 1.79811658773937E+0000	-1.36395714202844E-0003
 1.80395974888110E+0000	-1.40247122844237E-0003
 1.80979914442892E+0000	-1.37901549166027E-0003
 1.81564777562793E+0000	-1.29337945628563E-0003
 1.82151870439999E+0000	-1.14799773397009E-0003
 1.82742457765682E+0000	-9.48040117806484E-0004
 1.83337707119083E+0000	-7.01458578533819E-0004
 1.83938622616504E+0000	-4.18932753206291E-0004
 1.84545969105299E+0000	-1.13627361200942E-0004
 1.85160194224580E+0000	 1.99324705974518E-0004
 1.85781361372196E+0000	 5.03657442561858E-0004
 1.86409108965560E+0000	 7.83094320864866E-0004
 1.87042649271828E+0000	 1.02265262687262E-0003
 1.87680815265036E+0000	 1.20996946848732E-0003
 1.88322157954812E+0000	 1.33644886673030E-0003
 1.88965087864901E+0000	 1.39799615740917E-0003
 1.89608040750182E+0000	 1.39511463062333E-0003
 1.90249632414337E+0000	 1.33225411338675E-0003
 1.90888761353109E+0000	 1.21654177783981E-0003
 1.91524631772502E+0000	 1.05628993494555E-0003
 1.92156700861061E+0000	 8.59782738220367E-0004
 1.92784585213065E+0000	 6.34699790425461E-0004
 1.93407973801767E+0000	 3.88225042034762E-0004
 1.94026584065031E+0000	 1.27594670106851E-0004
 1.94640172285290E+0000	-1.39298844857589E-0004
 1.95248584233047E+0000	-4.03570424252374E-0004
 1.95851818915532E+0000	-6.55413151346278E-0004
 1.96450080273066E+0000	-8.84524330510921E-0004
 1.97043803142337E+0000	-1.08072771406750E-0003
 1.97633652205997E+0000	-1.23462626214436E-0003
 1.98220500338044E+0000	-1.33817550817758E-0003
 1.98805394789435E+0000	-1.38513530244732E-0003
 1.99389518013418E+0000	-1.37140700067730E-0003
 1.99974146915391E+0000	-1.29528783787954E-0003
 2.00560611210939E+0000	-1.15767990224710E-0003
 2.01150248761942E+0000	-9.62282889381302E-0004
 2.01744353430945E+0000	-7.15778079875381E-0004
 2.02344109733784E+0000	-4.27974237184382E-0004
 2.02950509477912E+0000	-1.11836659805209E-0004
 2.03564249886831E+0000	 2.16729840597153E-0004
 2.04185620961771E+0000	 5.39501768009196E-0004
 2.04814400979949E+0000	 8.37097482462103E-0004
 2.05449790265057E+0000	 1.09071684580948E-0003
 2.06090419900625E+0000	 1.28431272845317E-0003
 2.06734465732317E+0000	 1.40678438938965E-0003
 2.07379869716229E+0000	 1.45355179306090E-0003
 2.08024623827495E+0000	 1.42688746919818E-0003
 2.08667033202752E+0000	 1.33478635749258E-0003
 2.09305877247863E+0000	 1.18876574961264E-0003
 2.09940433185356E+0000	 1.00140361427620E-0003
 2.10570384354367E+0000	 7.84396763443754E-0004
 2.11195670856191E+0000	 5.47556919919161E-0004
 2.11816342799959E+0000	 2.98744109208613E-0004
 2.12432457859541E+0000	 4.44562948029015E-0005
 2.13044040062666E+0000	-2.09310363097951E-0004
 2.13651094899135E+0000	-4.56283385267918E-0004
 2.14253661454493E+0000	-6.89451710417346E-0004
 2.14851877203503E+0000	-9.01001447350254E-0004
 2.15446034462087E+0000	-1.08259999055822E-0003
 2.16036615943169E+0000	-1.22590222441097E-0003
 2.16624306151424E+0000	-1.32313900743893E-0003
 2.17209982164893E+0000	-1.36768132423038E-0003
 2.17794690329603E+0000	-1.35452580513397E-0003
 2.18379615031827E+0000	-1.28069494377349E-0003
 2.18966043337337E+0000	-1.14557657272461E-0003
 2.19555326012983E+0000	-9.51240148972026E-0004
 2.20148831850034E+0000	-7.02762736812670E-0004
 2.20747888680068E+0000	-4.08572891687677E-0004
 2.21353701811703E+0000	-8.07703256115007E-0005
 2.21967240565134E+0000	 2.64700992051890E-0004
 2.22589089095249E+0000	 6.08251781420824E-0004
 2.23219272436189E+0000	 9.27535394761105E-0004
 2.23857094646334E+0000	 1.19933947425933E-0003
 2.24501057291471E+0000	 1.40256889682189E-0003
 2.25148940943407E+0000	 1.52185981390884E-0003
 2.25798094294529E+0000	 1.55066919688058E-0003
 2.26445875047734E+0000	 1.49243214267975E-0003
 2.27090086386256E+0000	 1.35910503883522E-0003
 2.27729246642069E+0000	 1.16775238540733E-0003
 2.28362628664750E+0000	 9.36694611330061E-0004
 2.28990119629883E+0000	 6.82542726509611E-0004
 2.29612001911467E+0000	 4.18655628229442E-0004
 2.30228740440109E+0000	 1.54876887216732E-0004
 2.30840823088659E+0000	-1.01882451809408E-0004
 2.31448668383772E+0000	-3.46656193061723E-0004
 2.32052596217066E+0000	-5.75374066883415E-0004
 2.32652848055605E+0000	-7.83987338881973E-0004
 2.33249638950306E+0000	-9.67907862747032E-0004
 2.33843222626950E+0000	-1.12181084393961E-0003
 2.34433952946565E+0000	-1.23977257510858E-0003
 2.35022329858869E+0000	-1.31565581065666E-0003
 2.35609024469903E+0000	-1.34363021242336E-0003
 2.36194883922559E+0000	-1.31872707571935E-0003
 2.36780920547997E+0000	-1.23736541553353E-0003
 2.37368290487099E+0000	-1.09783166185673E-0003
 2.37958265158083E+0000	-9.00732066675975E-0004
 2.38552195361023E+0000	-6.49457225243307E-0004
 2.39151463032970E+0000	-3.50696679194746E-0004
 2.39757410195085E+0000	-1.50096259091793E-0005
 2.40371229707745E+0000	 3.42620281185527E-0004
 2.40993801419120E+0000	 7.02459996473234E-0004
 2.41625467218490E+0000	 1.04034960113155E-0003
 2.42265769887418E+0000	 1.32927637599472E-0003
 2.42913238676568E+0000	 1.54273761607303E-0003
 2.43565364823877E+0000	 1.65975001166595E-0003
 2.44218898891158E+0000	 1.67002907732809E-0003
 2.44870451232246E+0000	 1.57682552214414E-0003
 2.45517163187634E+0000	 1.39565272962994E-0003
 2.46157151820275E+0000	 1.14956388493444E-0003
 2.46789594246351E+0000	 8.63495216372419E-0004
 2.47414533182433E+0000	 5.59943124546256E-0004
 2.48032572050041E+0000	 2.56770394200867E-0004
 2.48644588204485E+0000	-3.32216881002332E-0005
 2.49251519777426E+0000	-3.01673029742233E-0004
 2.49854232603657E+0000	-5.43586592256294E-0004
 2.50453454439313E+0000	-7.56152809956971E-0004
 2.51049760772632E+0000	-9.37670932171047E-0004
 2.51643598435128E+0000	-1.08667543393923E-0003
 2.52235334620790E+0000	-1.20133416257507E-0003
 2.52825318970645E+0000	-1.27915319753297E-0003
 2.53413946438052E+0000	-1.31698402745126E-0003
 2.54001710392420E+0000	-1.31128477453365E-0003
 2.54589239329425E+0000	-1.25855552458081E-0003
 2.55177315430013E+0000	-1.15586328754127E-0003
 2.55766877050111E+0000	-1.00139559018187E-0003
 2.56359008585415E+0000	-7.95020735683337E-0004
 2.56954919665726E+0000	-5.38871228996790E-0004
 2.57555911520997E+0000	-2.37991289321416E-0004
 2.58163321940099E+0000	 9.89136853108335E-0005
 2.58778432161963E+0000	 4.58639387004227E-0004
 2.59402311718114E+0000	 8.22704114520529E-0004
 2.60035577872049E+0000	 1.16702944849279E-0003
 2.60678070475368E+0000	 1.46283053052209E-0003
 2.61328511205634E+0000	 1.67968714525369E-0003
 2.61984322912480E+0000	 1.79128040369271E-0003
 2.62641840870128E+0000	 1.78254606559221E-0003
 2.63297000001567E+0000	 1.65483823713240E-0003
 2.63946243370879E+0000	 1.42572985623666E-0003
 2.64587197694983E+0000	 1.12342473625827E-0003
 2.65218851777329E+0000	 7.79213992909925E-0004
 2.65841324836811E+0000	 4.21550394054367E-0004
 2.66455473297139E+0000	 7.30622992196792E-0005
 2.67062525903817E+0000	-2.50047915369049E-0004
 2.67663820190748E+0000	-5.37300048302605E-0004
 2.68260639436870E+0000	-7.82746928164263E-0004
 2.68854124876941E+0000	-9.83731490971177E-0004
 2.69445238922593E+0000	-1.13976106284443E-0003
 2.70034763030978E+0000	-1.25154985646919E-0003
 2.70623320428160E+0000	-1.32024707547131E-0003
 2.71211416975115E+0000	-1.34687008852785E-0003
 2.71799493605662E+0000	-1.33196593311592E-0003
 2.72387982729123E+0000	-1.27551299196120E-0003
 2.72977360738695E+0000	-1.17704838932829E-0003
 2.73568190374652E+0000	-1.03597946082034E-0003
 2.74161149700479E+0000	-8.52026207562024E-0004
 2.74757047274050E+0000	-6.25753252790814E-0004
 2.75356824084570E+0000	-3.59178782342256E-0004
 2.75961540951127E+0000	-5.64803176740778E-0005
 2.76572344899960E+0000	 2.75165147982441E-0004
 2.77190399624058E+0000	 6.24591218683409E-0004
 2.77816754937993E+0000	 9.75588460192016E-0004
 2.78452123849818E+0000	 1.30610926121446E-0003
 2.79096548713771E+0000	 1.58845571847953E-0003
 2.79748997384856E+0000	 1.79160008279375E-0003
 2.80407053313219E+0000	 1.88665141923166E-0003
 2.81066981888804E+0000	 1.85487469054334E-0003
 2.81724372382026E+0000	 1.69480322905152E-0003
 2.82375169721813E+0000	 1.42380850831056E-0003
 2.83016557443743E+0000	 1.07276979836866E-0003
 2.83647277054228E+0000	 6.77378933813238E-0004
 2.84267415643629E+0000	 2.70792987620961E-0004
 2.84877959591981E+0000	-1.20243023425210E-0004
 2.85480367158259E+0000	-4.76303496991755E-0004
 2.86076261544203E+0000	-7.84571594407850E-0004
 2.86667244525063E+0000	-1.03756838236697E-0003
 2.87254796573882E+0000	-1.23186669938266E-0003
 2.87840230360653E+0000	-1.36698289638086E-0003
 2.88424675332524E+0000	-1.44447145536402E-0003
 2.89009081080423E+0000	-1.46719309421874E-0003
 2.89594233629672E+0000	-1.43872671488338E-0003
 2.90180781774371E+0000	-1.36291359374193E-0003
 2.90769271072063E+0000	-1.24353847168582E-0003
 2.91360182421268E+0000	-1.08415699365439E-0003
 2.91953971572419E+0000	-8.88072351347882E-0004
 2.92551106243528E+0000	-6.58454608081260E-0004
 2.93152098475424E+0000	-3.98595115178074E-0004
 2.93757530321425E+0000	-1.12300776037823E-0004
 2.94368069550657E+0000	 1.95546715270002E-0004
 2.94984467765376E+0000	 5.18228236288346E-0004
 2.95607525900996E+0000	 8.46200594797812E-0004
 2.96238002518588E+0000	 1.16595055728527E-0003
 2.96876432995412E+0000	 1.45895786803989E-0003
 2.97522834929045E+0000	 1.70139945804764E-0003
 2.98176321317164E+0000	 1.86566970696122E-0003
 2.98834751765852E+0000	 1.92485789676705E-0003
 2.99494683198816E+0000	 1.86012595512274E-0003
 3.00151864147588E+0000	 1.66823129388423E-0003
 3.00802194177822E+0000	 1.36454774837155E-0003
 3.01442667119599E+0000	 9.79162808825367E-0004
 3.02071817222972E+0000	 5.48604985539205E-0004
 3.02689599750001E+0000	 1.08011916663508E-0004
 3.03296971633475E+0000	-3.13455311188301E-0004
 3.03895450540742E+0000	-6.94012220835367E-0004
 3.04486785127208E+0000	-1.01876764839937E-0003
 3.05072751567375E+0000	-1.27852767150661E-0003
 3.05655044480215E+0000	-1.46854067890561E-0003
 3.06235225985603E+0000	-1.58743844882464E-0003
 3.06814706298383E+0000	-1.63642016170666E-0003
 3.07394739662912E+0000	-1.61864521327861E-0003
 3.07976426863396E+0000	-1.53878193903168E-0003
 3.08560720000515E+0000	-1.40266456195938E-0003
 3.09148427619035E+0000	-1.21702093266357E-0003
 3.09740219629969E+0000	-9.89241187285319E-0004
 3.10336632718966E+0000	-7.27162266408379E-0004
 3.10938078591746E+0000	-4.38852184699852E-0004
 3.11544859076449E+0000	-1.32401532770409E-0004
 3.12157192183120E+0000	 1.84226962349465E-0004
 3.12775249567432E+0000	 5.03188329125525E-0004
 3.13399197346128E+0000	 8.16453246815619E-0004
 3.14029220220784E+0000	 1.11511584928900E-0003
 3.14665497393622E+0000	 1.38834004596673E-0003
 3.15308093901472E+0000	 1.62220660939832E-0003
 3.15956741898109E+0000	 1.79905444188336E-0003
 3.16610527897615E+0000	 1.89825197868333E-0003
 3.17267587437537E+0000	 1.89937258355889E-0003
 3.17925011038804E+0000	 1.78787825566422E-0003
 3.18579169244869E+0000	 1.56141099655842E-0003
 3.19226446359438E+0000	 1.23310272532934E-0003
 3.19864049602934E+0000	 8.29440973035448E-0004
 3.20490484096306E+0000	 3.83913620920238E-0004
 3.21105555076308E+0000	-6.98922570453291E-0005
 3.21710059616027E+0000	-5.02940952736325E-0004
 3.22305404062375E+0000	-8.92632408992961E-0004
 3.22893290657536E+0000	-1.22278503915649E-0003
 3.23475511275743E+0000	-1.48274949167816E-0003
 3.24053831533842E+0000	-1.66633264734313E-0003
 3.24629935102851E+0000	-1.77085155628737E-0003
 3.25205402375221E+0000	-1.79641852017106E-0003
 3.25781705563617E+0000	-1.74545777243735E-0003
 3.26360208614363E+0000	-1.62241804885714E-0003
 3.26942164147254E+0000	-1.43363478996666E-0003
 3.27528701671401E+0000	-1.18728826786517E-0003
 3.28120802831702E+0000	-8.93388354608646E-0004
 3.28719262030584E+0000	-5.63691683908335E-0004
 3.29324636094976E+0000	-2.11435268118670E-0004
 3.29937195224578E+0000	 1.49217020032185E-0004
 3.30556896509058E+0000	 5.04032314012681E-0004
 3.31183403527130E+0000	 8.39714774677905E-0004
 3.31816162272824E+0000	 1.14470870047893E-0003
 3.32454513843934E+0000	 1.40938090524166E-0003
 3.33097791820743E+0000	 1.62535991595976E-0003
 3.33745339715329E+0000	 1.78424413840162E-0003
 3.34396405905782E+0000	 1.87636899039229E-0003
 3.35049928492089E+0000	 1.89060407146142E-0003
 3.35704297800725E+0000	 1.81602099399264E-0003
 3.36357250340313E+0000	 1.64551654131882E-0003
 3.37006041829840E+0000	 1.38013305417735E-0003
 3.37647910950294E+0000	 1.03173586831868E-0003
 3.38280643142569E+0000	 6.22223393897923E-0004
 3.38902964176030E+0000	 1.79582720673169E-0004
 3.39514624055122E+0000	-2.67077575223104E-0004
 3.40116229386728E+0000	-6.91428767939830E-0004
 3.40708973207932E+0000	-1.07195355130348E-0003
 3.41294381639863E+0000	-1.39241043979834E-0003
 3.41874128837897E+0000	-1.64140716049886E-0003
 3.42449923309142E+0000	-1.81164947846565E-0003
 3.43023448827476E+0000	-1.89919896311202E-0003
 3.43596340494284E+0000	-1.90289148047651E-0003
 3.44170179949780E+0000	-1.82396660320226E-0003
 3.44746497565811E+0000	-1.66591269602995E-0003
 3.45326771602127E+0000	-1.43451348885606E-0003
 3.45912414568230E+0000	-1.13806565430865E-0003
 3.46504736221690E+0000	-7.87704102292702E-0004
 3.47104872772401E+0000	-3.97707658149738E-0004
 3.47713676703483E+0000	 1.44385373639638E-0005
 3.48331576164014E+0000	 4.28539144285483E-0004
 3.48958439265190E+0000	 8.23042025432214E-0004
 3.49593506963630E+0000	 1.17727788494900E-0003
 3.50235460687495E+0000	 1.47406251960439E-0003
 3.50882639119828E+0000	 1.70161290393273E-0003
 3.51533327118914E+0000	 1.85379489191211E-0003
 3.52185979326596E+0000	 1.92858657350975E-0003
 3.52839272100094E+0000	 1.92572442749778E-0003
 3.53491979569359E+0000	 1.84496873965623E-0003
 3.54142769792851E+0000	 1.68602903251821E-0003
 3.54790062088087E+0000	 1.45025629811344E-0003
 3.55432059115885E+0000	 1.14319513888502E-0003
 3.56066972645686E+0000	 7.76492922923836E-0004
 3.56693345699173E+0000	 3.67952132454434E-0004
 3.57310318347043E+0000	-6.03878904035881E-0005
 3.57917733117426E+0000	-4.85174179107624E-0004
 3.58516077818314E+0000	-8.84439082194498E-0004
 3.59106333812905E+0000	-1.23934677502666E-0003
 3.59689805577669E+0000	-1.53491169958789E-0003
 3.60267978695110E+0000	-1.75998511131602E-0003
 3.60842422229004E+0000	-1.90687087885932E-0003
 3.61414732534839E+0000	-1.97084523767408E-0003
 3.61986508317231E+0000	-1.94974633160168E-0003
 3.62559345786846E+0000	-1.84372137069117E-0003
 3.63134843648012E+0000	-1.65517718922347E-0003
 3.63714607843331E+0000	-1.38896073642880E-0003
 3.64300244319255E+0000	-1.05278114620477E-0003
 3.64893324343144E+0000	-6.57851711886907E-0004
 3.65495302352114E+0000	-2.19648407761097E-0004
 3.66107365408088E+0000	 2.41480360230211E-0004
 3.66730206023582E+0000	 7.00359422443246E-0004
 3.67363750142863E+0000	 1.12839396537470E-0003
 3.68006940822654E+0000	 1.49687051669013E-0003
 3.68657732375651E+0000	 1.78176077441327E-0003
 3.69313399745530E+0000	 1.96821137660766E-0003
 3.69971081092347E+0000	 2.05231766848883E-0003
 3.70628291424533E+0000	 2.03920309275392E-0003
 3.71283166427073E+0000	 1.93883679924464E-0003
 3.71934396723517E+0000	 1.76212588576300E-0003
 3.72580991480040E+0000	 1.51897764232234E-0003
 3.73222050197749E+0000	 1.21849805926671E-0003
 3.73856659214921E+0000	 8.70438914177320E-0004
 3.74483937566369E+0000	 4.86695597347174E-0004
 3.75103180401977E+0000	 8.19410262695742E-0005
 3.75714013029607E+0000	-3.26892319844282E-0004
 3.76316483654205E+0000	-7.21951979044829E-0004
 3.76911069447645E+0000	-1.08600930101421E-0003
 3.77498614288975E+0000	-1.40369452338661E-0003
 3.78080235322964E+0000	-1.66220679239095E-0003
 3.78657231052310E+0000	-1.85154088999373E-0003
 3.79231009559859E+0000	-1.96439558312723E-0003
 3.79803042598399E+0000	-1.99594132451845E-0003
 3.80374843510527E+0000	-1.94358867102205E-0003
 3.80947963423171E+0000	-1.80685777666296E-0003
 3.81523998657238E+0000	-1.58742215292707E-0003
 3.82104600716258E+0000	-1.28938734087468E-0003
 3.82691476932726E+0000	-9.19857253087306E-0004
 3.83286363670470E+0000	-4.89816699244118E-0004
 3.83890944830397E+0000	-1.52790315281253E-0005
 3.84506679849773E+0000	 4.81549295465768E-0004
 3.85134510038471E+0000	 9.71708862348518E-0004
 3.85774456281482E+0000	 1.42063000723219E-0003
 3.86425229640601E+0000	 1.79218906601340E-0003
 3.87084108579076E+0000	 2.05575004868435E-0003
 3.87747324765069E+0000	 2.19367052922271E-0003
 3.88410899278046E+0000	 2.20493165865889E-0003
 3.89071497559973E+0000	 2.10254328839762E-0003
 3.89726862691294E+0000	 1.90687510297872E-0003
 3.90375749129429E+0000	 1.63919822858037E-0003
 3.91017585378216E+0000	 1.31807830706818E-0003
 3.91652124330167E+0000	 9.58699729531794E-0004
 3.92279219454868E+0000	 5.73914894868816E-0004
 3.92898749859906E+0000	 1.75747950512803E-0004
 3.93510654112245E+0000	-2.23490600370334E-0004
 3.94115011676354E+0000	-6.10826990223656E-0004
 3.94712117592139E+0000	-9.72927291199763E-0004
 3.95302519058493E+0000	-1.29678647441012E-0003
 3.95887008807583E+0000	-1.57047063370134E-0003
 3.96466588132219E+0000	-1.78368434983981E-0003
 3.97042418187847E+0000	-1.92808297502036E-0003
 3.97615775024076E+0000	-1.99736290218167E-0003
 3.98188017326475E+0000	-1.98721816445973E-0003
 3.98760569951101E+0000	-1.89526364469238E-0003
 3.99334922237946E+0000	-1.72101828208909E-0003
 3.99912637252017E+0000	-1.46603381668931E-0003
 4.00495365193479E+0000	-1.13425305948651E-0003
 4.01084849582531E+0000	-7.32682964285875E-0004
 4.01682906640266E+0000	-2.72454049554656E-0004
 4.02291345278254E+0000	 2.29734920037572E-0004
 4.02911779543481E+0000	 7.50006113765691E-0004
 4.03545281119591E+0000	 1.25622585588821E-0003
 4.04191863972082E+0000	 1.70890426126928E-0003
 4.04849937884161E+0000	 2.06596042967159E-0003
 4.05516084376223E+0000	 2.29194960828279E-0003
 4.06185545512737E+0000	 2.36846988291648E-0003
 4.06853382028810E+0000	 2.29921493083371E-0003
 4.07515655263532E+0000	 2.10598355154037E-0003
 4.08169977360847E+0000	 1.81906631679588E-0003
 4.08815360117784E+0000	 1.46841856363539E-0003
 4.09451728327463E+0000	 1.07901178305588E-0003
 4.10079446133017E+0000	 6.69989409683911E-0004
 4.10699005692045E+0000	 2.55868835776878E-0004
 4.11310884783038E+0000	-1.51684493266712E-0004
 4.11915525651907E+0000	-5.42338674991342E-0004
 4.12513379606886E+0000	-9.06166535966727E-0004
 4.13104970924438E+0000	-1.23333055303161E-0003
 4.13690948861647E+0000	-1.51422740229375E-0003
 4.14272113592768E+0000	-1.73986878211095E-0003
 4.14849416340517E+0000	-1.90229759633946E-0003
 4.15423942506796E+0000	-1.99491516176122E-0003
 4.15996888850643E+0000	-2.01268029872862E-0003
 4.16569543816832E+0000	-1.95220509850876E-0003
 4.17143276565661E+0000	-1.81180834557121E-0003
 4.17719536682585E+0000	-1.59160458776313E-0003
 4.18299863235035E+0000	-1.29371670893224E-0003
 4.18885898027061E+0000	-9.22710518364047E-0004
 4.19479392014028E+0000	-4.86360569458724E-0004
 4.20082183658661E+0000	 3.14987410107725E-0006
 4.20696111434426E+0000	 5.27565454106528E-0004
 4.21322801373740E+0000	 1.06065410317370E-0003
 4.21963260838807E+0000	 1.56688168399992E-0003
 4.22617261202894E+0000	 2.00247263360578E-0003
 4.23282680459474E+0000	 2.32132468766854E-0003
 4.23955270846450E+0000	 2.48653419881956E-0003
 4.24629355016621E+0000	 2.48296115416925E-0003
 4.25299327906207E+0000	 2.32214509625177E-0003
 4.25961054464986E+0000	 2.03562850198604E-0003
 4.26612375420715E+0000	 1.66237116783111E-0003
 4.27252774151429E+0000	 1.23850346919673E-0003
 4.27882730955125E+0000	 7.92677365770130E-0004
 4.28503162591036E+0000	 3.45732806938092E-0004
 4.29115072373214E+0000	-8.76286948021682E-0005
 4.29719386782707E+0000	-4.96735051116539E-0004
 4.30316917287607E+0000	-8.73141951428967E-0004
 4.30908392325146E+0000	-1.20939546386531E-0003
 4.31494518310553E+0000	-1.49837826940025E-0003
 4.32076041361188E+0000	-1.73313861809335E-0003
 4.32653793299386E+0000	-1.90704246331277E-0003
 4.33228716338479E+0000	-2.01408180583273E-0003
 4.33801869103398E+0000	-2.04920776386879E-0003
 4.34374421032136E+0000	-2.00861499479515E-0003
 4.34947642963780E+0000	-1.88996211532337E-0003
 4.35522900117201E+0000	-1.69255767012412E-0003
 4.36101650957426E+0000	-1.41757216311584E-0003
 4.36685452120767E+0000	-1.06835982190619E-0003
 4.37275965095216E+0000	-6.50995088787799E-0004
 4.37874953142363E+0000	-1.75146822204379E-0004
 4.38484244436991E+0000	 3.44592923400578E-0004
 4.39105617128169E+0000	 8.86902860900859E-0004
 4.39740536769691E+0000	 1.42175117869751E-0003
 4.40389669458456E+0000	 1.90930572295307E-0003
 4.41052172308215E+0000	 2.30199809488049E-0003
 4.41725016151474E+0000	 2.55253115322542E-0003
 4.42402934032979E+0000	 2.62778466473736E-0003
 4.43079495835873E+0000	 2.52175771655099E-0003
 4.43748914141107E+0000	 2.25754401470057E-0003
 4.44407411554804E+0000	 1.87660153799356E-0003
 4.45053456810676E+0000	 1.42411871415421E-0003
 4.45687185597896E+0000	 9.39095304775172E-0004
 4.46309643950724E+0000	 4.50896856462297E-0004
 4.46922212834424E+0000	-2.01017868841270E-0005
 4.47526275796889E+0000	-4.60323340176931E-0004
 4.48123071726659E+0000	-8.60659521610577E-0004
 4.48713663071731E+0000	-1.21455993705864E-0003
 4.49298968112378E+0000	-1.51668146601472E-0003
 4.49879822829641E+0000	-1.76208416636955E-0003
 4.50457048970261E+0000	-1.94589539505657E-0003
 4.51031512993716E+0000	-2.06332788112983E-0003
 4.51604167988889E+0000	-2.10992205591479E-0003
 4.52176077329139E+0000	-2.08189418020904E-0003
 4.52748423614718E+0000	-1.97650696867633E-0003
 4.53322508585449E+0000	-1.79242580271403E-0003
 4.53899749400580E+0000	-1.53006826063180E-0003
 4.54481674672120E+0000	-1.19199161870436E-0003
 4.55069920274263E+0000	-7.83393182337216E-0004
 4.55666219713178E+0000	-3.12824171534568E-0004
 4.56272375024715E+0000	 2.06766331097883E-0004
 4.56890179030056E+0000	 7.56566272706059E-0004
 4.57521236551939E+0000	 1.31007873363125E-0003
 4.58166608469499E+0000	 1.83147580158833E-0003
 4.58826216489822E+0000	 2.27564586178164E-0003
 4.59498087668336E+0000	 2.59266619323857E-0003
 4.60177849664829E+0000	 2.73901515208299E-0003
 4.60859153251709E+0000	 2.69292066071595E-0003
 4.61535254398884E+0000	 2.46411425166752E-0003
 4.62200891279489E+0000	 2.08954265899194E-0003
 4.62853247491480E+0000	 1.61858129314393E-0003
 4.63491736538037E+0000	 1.09871743651325E-0003
 4.64117214226804E+0000	 5.68037794990328E-0004
 4.64731219067795E+0000	 5.38317079782924E-0005
 4.65335466345765E+0000	-4.25738373587872E-0004
 4.65931580467317E+0000	-8.59135449436144E-0004
 4.66520986951309E+0000	-1.23913006872535E-0003
 4.67104897912728E+0000	-1.56097392754429E-0003
 4.67684348868661E+0000	-1.82109779559958E-0003
 4.68260261052992E+0000	-2.01629082513260E-0003
 4.68833511963545E+0000	-2.14330038480298E-0003
 4.69405001691424E+0000	-2.19877774936851E-0003
 4.69975706847444E+0000	-2.17948064968416E-0003
 4.70546718488328E+0000	-2.08264114041685E-0003
 4.71119264551351E+0000	-1.90642444613267E-0003
 4.71694719764758E+0000	-1.65043798019794E-0003
 4.72274606227480E+0000	-1.31628951274012E-0003
 4.72860585868853E+0000	-9.08230471152547E-0004
 4.73454441843545E+0000	-4.33949567944695E-0004
 4.74058038983688E+0000	 9.44019405895541E-0005
 4.74673242182715E+0000	 6.58886556820461E-0004
 4.75301754327461E+0000	 1.23418917925324E-0003
 4.75944814610900E+0000	 1.78609143518637E-0003
 4.76602694147775E+0000	 2.27104334736920E-0003
 4.77274000965958E+0000	 2.63896669780355E-0003
 4.77955049134441E+0000	 2.84191658834594E-0003
 4.78639879720232E+0000	 2.84846645880090E-0003
 4.79321435811276E+0000	 2.65685755732123E-0003
 4.79993487385828E+0000	 2.29660878644667E-0003
 4.80652083763566E+0000	 1.81669074453713E-0003
 4.81295791296301E+0000	 1.26954048563585E-0003
 4.81925048398527E+0000	 7.00193460406767E-0004
 4.82541328148551E+0000	 1.42470274367913E-0004
 4.83146499099473E+0000	-3.80386893404959E-0004
 4.83742448602894E+0000	-8.53408632421338E-0004
 4.84330901420187E+0000	-1.26743814531713E-0003
 4.84913356849784E+0000	-1.61705972255787E-0003
 4.85491092356535E+0000	-1.89901290321123E-0003
 4.86065204032006E+0000	-2.11105350989828E-0003
 4.86636666998457E+0000	-2.25120870440030E-0003
 4.87206404457498E+0000	-2.31738449612173E-0003
 4.87775356340385E+0000	-2.30728575454616E-0003
 4.88344540336774E+0000	-2.21859929676234E-0003
 4.88915100628105E+0000	-2.04938300481348E-0003
 4.89488342482864E+0000	-1.79861052061656E-0003
 4.90065752725849E+0000	-1.46684484435909E-0003
 4.90649005793273E+0000	-1.05704851829006E-0003
 4.91239951880086E+0000	-5.75571364072930E-0004
 4.91840577016958E+0000	-3.33742808686769E-0005
 4.92452914147983E+0000	 5.52474103756256E-0004
 4.93078869371798E+0000	 1.15709929812486E-0003
 4.93719912276555E+0000	 1.74627677812600E-0003
 4.94376580264381E+0000	 2.27597964326252E-0003
 4.95047808187383E+0000	 2.69483316591084E-0003
 4.95730283890051E+0000	 2.95179003037228E-0003
 4.96418320931313E+0000	 3.00949670487983E-0003
 4.97104775804165E+0000	 2.85822438806889E-0003
 4.97782858556756E+0000	 2.52067375694118E-0003
 4.98447786703399E+0000	 2.04315634617808E-0003
 4.99097353360419E+0000	 1.47988926888644E-0003
 4.99731479609977E+0000	 8.80325132386865E-0004
 5.00351396962340E+0000	 2.83393765731338E-0004
 5.00958941521335E+0000	-2.83028424168887E-0004
 5.01556100594254E+0000	-8.00277083212774E-0004
 5.02144771979455E+0000	-1.25652979788200E-0003
 5.02726659514841E+0000	-1.64467866105522E-0003
 5.03303246322221E+0000	-1.96063770337072E-0003
 5.03875811211326E+0000	-2.20206379076799E-0003
 5.04445470076454E+0000	-2.36742929692598E-0003
 5.05013232417081E+0000	-2.45540229481643E-0003
 5.05580066142583E+0000	-2.46451197513060E-0003
 5.06146964470419E+0000	-2.39308517882680E-0003
 5.06715009122491E+0000	-2.23943553762743E-0003
 5.07285425113852E+0000	-2.00228094429440E-0003
 5.07859623873483E+0000	-1.68136991800144E-0003
 5.08439231973966E+0000	-1.27831799239701E-0003
 5.09026100776109E+0000	-7.97686330360707E-0004
 5.09622286284252E+0000	-2.48360171087154E-0004
 5.10229977219903E+0000	 3.54726694583934E-0004
 5.10851332787145E+0000	 9.88581681017062E-0004
 5.11488174867682E+0000	 1.62021766598167E-0003
 5.12141481245809E+0000	 2.20575587532822E-0003
 5.12810689826848E+0000	 2.69238161776731E-0003
 5.13493001962891E+0000	 3.02539648887259E-0003
 5.14183133928132E+0000	 3.16100517899043E-0003
 5.14874029004785E+0000	 3.08068160042226E-0003
 5.15558516558570E+0000	 2.79834958128116E-0003
 5.16231055696387E+0000	 2.35463025517726E-0003
 5.16888582071042E+0000	 1.80243860419414E-0003
 5.17530300947896E+0000	 1.19340611557992E-0003
 5.18156961929595E+0000	 5.70424395801689E-0004
 5.18770137815577E+0000	-3.42322318331589E-0005
 5.19371717790347E+0000	-5.97814143852502E-0004
 5.19963613489151E+0000	-1.10504811824971E-0003
 5.20547612641531E+0000	-1.54610764092666E-0003
 5.21125320886119E+0000	-1.91491897907357E-0003
 5.21698153549726E+0000	-2.20783570864133E-0003
 5.22267356444893E+0000	-2.42263228152966E-0003
 5.22834044951866E+0000	-2.55776787327266E-0003
 5.23399255341767E+0000	-2.61189455321147E-0003
 5.23964003682824E+0000	-2.58360255202308E-0003
 5.24529347680646E+0000	-2.47140231531999E-0003
 5.25096446773283E+0000	-2.27394141561625E-0003
 5.25666616213535E+0000	-1.99045339956843E-0003
 5.26241371229388E+0000	-1.62144430055441E-0003
 5.26822456350488E+0000	-1.16964378500981E-0003
 5.27411850849534E+0000	-6.41273890858564E-0004
 5.28011732131866E+0000	-4.76951006278789E-0005
 5.28624363806859E+0000	 5.92573521802589E-0004
 5.29251856916238E+0000	 1.25168727550551E-0003
 5.29895745540689E+0000	 1.89089102918268E-0003
 5.30556357561532E+0000	 2.46103266042090E-0003
 5.31232097739571E+0000	 2.90729286715799E-0003
 5.31918986902150E+0000	 3.17940468077310E-0003
 5.32610931385533E+0000	 3.24518077063729E-0003
 5.33300917066586E+0000	 3.10076176491394E-0003
 5.33982650896993E+0000	 2.77089815291479E-0003
 5.34651770038276E+0000	 2.29919002978673E-0003
 5.35306130071451E+0000	 1.73505316856443E-0003
 5.35945386580455E+0000	 1.12406417474142E-0003
 5.36570354978163E+0000	 5.03565109587765E-0004
 5.37182464170614E+0000	-9.79776481710797E-0005
 5.37783389602642E+0000	-6.59861306750404E-0004
 5.38374838142873E+0000	-1.16753978945332E-0003
 5.38958435066564E+0000	-1.61107459547133E-0003
 5.39535674233101E+0000	-1.98381542498793E-0003
 5.40107907259107E+0000	-2.28133197303024E-0003
 5.40676357928012E+0000	-2.50057857003512E-0003
 5.41242153851499E+0000	-2.63927525282658E-0003
 5.41806369910165E+0000	-2.69549967341296E-0003
 5.42370078751068E+0000	-2.66749093074576E-0003
 5.42934403790556E+0000	-2.55366674647862E-0003
 5.43500570426776E+0000	-2.35285349217230E-0003
 5.44069951511237E+0000	-2.06473079008024E-0003
 5.44644102902027E+0000	-1.69050303533345E-0003
 5.45224782971822E+0000	-1.23382724772202E-0003
 5.45813944936317E+0000	-7.02037909399915E-0004
 5.46413681843103E+0000	-1.07686871563352E-0004
 5.47026091892532E+0000	 5.29690697113136E-0004
 5.47653022663390E+0000	 1.18193489436567E-0003
 5.48295663676525E+0000	 1.81154642902766E-0003
 5.48954014894972E+0000	 2.37318695840445E-0003
 5.49626377186845E+0000	 2.81866633172576E-0003
 5.50309133620945E+0000	 3.10545243230439E-0003
 5.50997080119773E+0000	 3.20635600030185E-0003
 5.51684326049012E+0000	 3.11616707604415E-0003
 5.52365434571872E+0000	 2.85179446466635E-0003
 5.53036303043822E+0000	 2.44606408663000E-0003
 5.53694481876618E+0000	 1.93889385615300E-0003
 5.54339004903180E+0000	 1.36990828486659E-0003
 5.54970001204385E+0000	 7.74186151576005E-0004
 5.55588304647330E+0000	 1.80668032699114E-0004
 5.56195147898495E+0000	-3.87882031719409E-0004
 5.56791948089567E+0000	-9.14193653627933E-0004
 5.57380166998810E+0000	-1.38553735290211E-0003
 5.57961227971629E+0000	-1.79272408471950E-0003
 5.58536475729697E+0000	-2.12917305162322E-0003
 5.59107168259905E+0000	-2.39011528656739E-0003
 5.59674491788746E+0000	-2.57197381682029E-0003
 5.60239590996691E+0000	-2.67194246994611E-0003
 5.60803607586883E+0000	-2.68777029148374E-0003
 5.61367721351261E+0000	-2.61774719195352E-0003
 5.61933188949562E+0000	-2.46088079014914E-0003
 5.62501376392509E+0000	-2.21725597852620E-0003
 5.63073781121448E+0000	-1.88857618167721E-0003
 5.63652037975771E+0000	-1.47889249237081E-0003
 5.64237899867520E+0000	-9.95521389083479E-0004
 5.64833179078894E+0000	-4.50113900518271E-0004
 5.65439631026488E+0000	 1.40254748075815E-0004
 5.66058764445713E+0000	 7.52266468914373E-0004
 5.66691578214999E+0000	 1.35628809466656E-0003
 5.67338259631860E+0000	 1.91758872789405E-0003
 5.67997919546308E+0000	 2.39915822314973E-0003
 5.68668456205633E+0000	 2.76591024885215E-0003
 5.69346616305579E+0000	 2.98954672389947E-0003
 5.70028282793051E+0000	 3.05309735477103E-0003
 5.70708974505698E+0000	 2.95392688790916E-0003
 5.71384457225099E+0000	 2.70398306759335E-0003
 5.72051276930635E+0000	 2.32698505887862E-0003
 5.72707055711667E+0000	 1.85375562843275E-0003
 5.73350529021671E+0000	 1.31747044990779E-0003
 5.73981405637074E+0000	 7.49950026189968E-0004
 5.74600143169792E+0000	 1.79297677368310E-0004
 5.75207705769584E+0000	-3.71225558429362E-0004
 5.75805347344542E+0000	-8.83349396932751E-0004
 5.76394444952421E+0000	-1.34329326116106E-0003
 5.76976389866570E+0000	-1.74094289718254E-0003
 5.77552530834661E+0000	-2.06896752622789E-0003
 5.78124157328037E+0000	-2.32204775062135E-0003
 5.78692509162150E+0000	-2.49629963242823E-0003
 5.79258800496775E+0000	-2.58891985491454E-0003
 5.79824248980955E+0000	-2.59804165455141E-0003
 5.80390103495466E+0000	-2.52277596986820E-0003
 5.80957665893344E+0000	-2.36341015221571E-0003
 5.81528303008935E+0000	-2.12174025299989E-0003
 5.82103444967981E+0000	-1.80151427254843E-0003
 5.82684564879137E+0000	-1.40895438438083E-0003
 5.83273134341093E+0000	-9.53299359934969E-0004
 5.83870550618131E+0000	-4.47265133239366E-0004
 5.84478036787162E+0000	 9.27196116357364E-0005
 5.85096525734824E+0000	 6.46641498033384E-0004
 5.85726547355093E+0000	 1.19143670470165E-0003
 5.86368134736313E+0000	 1.70181089937243E-0003
 5.87020743648111E+0000	 2.15116230689917E-0003
 5.87683158563912E+0000	 2.51267238278862E-0003
 5.88353378638411E+0000	 2.76108475976649E-0003
 5.89028552230780E+0000	 2.87575755705934E-0003
 5.89705091139373E+0000	 2.84470734187550E-0003
 5.90379043550902E+0000	 2.66808126685094E-0003
 5.91046646409696E+0000	 2.35919326444499E-0003
 5.91704859067512E+0000	 1.94243786240218E-0003
 5.92351699185921E+0000	 1.44894042389907E-0003
 5.92986310782920E+0000	 9.11581162576816E-0004
 5.93608806115100E+0000	 3.60896313078276E-0004
 5.94219988537535E+0000	-1.77343482774166E-0004
 5.94821066555244E+0000	-6.82888405413990E-0004
 5.95413428247090E+0000	-1.14061554478528E-0003
 5.95998497063037E+0000	-1.53959597535590E-0003
 5.96577658853610E+0000	-1.87207631971367E-0003
 5.97152238519249E+0000	-2.13262046123935E-0003
 5.97723505244197E+0000	-2.31749960629545E-0003
 5.98292690423211E+0000	-2.42432939713188E-0003
 5.98861007872913E+0000	-2.45191421158263E-0003
 5.99429670089020E+0000	-2.40024938724620E-0003
 5.99999896886402E+0000	-2.27063485147999E-0003
 6.00572914124624E+0000	-2.06585719675972E-0003
 6.01149941120827E+0000	-1.79039564712217E-0003
 6.01732166711719E+0000	-1.45060082359957E-0003
 6.02320716537972E+0000	-1.05479205583466E-0003
 6.02916617930646E+0000	-6.13236224797594E-0004
 6.03520771804943E+0000	-1.38027556758526E-0004
 6.04133938803887E+0000	 3.57017328701582E-0004
 6.04756734761540E+0000	 8.56251864529325E-0004
 6.05389608776830E+0000	 1.34171760398021E-0003
 6.06032757459212E+0000	 1.79238420510943E-0003
 6.06685933574670E+0000	 2.18367545578549E-0003
 6.07348157854427E+0000	 2.48828621018245E-0003
 6.08017436729746E+0000	 2.67924298822516E-0003
 6.08690672267775E+0000	 2.73518472846517E-0003
 6.09363927120100E+0000	 2.64618968291117E-0003
 6.10033035441569E+0000	 2.41742381274297E-0003
 6.10694339739431E+0000	 2.06864258040133E-0003
 6.11345256137546E+0000	 1.62975044144368E-0003
 6.11984481568779E+0000	 1.13455348415660E-0003
 6.12611856653323E+0000	 6.15245147045330E-0004
 6.13228039759500E+0000	 9.91013951981104E-0005
 6.13834161402051E+0000	-3.92567763177423E-0004
 6.14431557810425E+0000	-8.43984099937808E-0004
 6.15021606970734E+0000	-1.24383802459840E-0003
 6.15605648422336E+0000	-1.58416879509930E-0003
 6.16184956871411E+0000	-1.85945556776964E-0003
 6.16760743933713E+0000	-2.06598654461570E-0003
 6.17334170673343E+0000	-2.20147633996882E-0003
 6.17906360934765E+0000	-2.26486939478840E-0003
 6.18478410467588E+0000	-2.25626571103417E-0003
 6.19051389898498E+0000	-2.17691323305220E-0003
 6.19626341627749E+0000	-2.02921952306745E-0003
 6.20204272573524E+0000	-1.81674382748491E-0003
 6.20786146735634E+0000	-1.54414562929492E-0003
 6.21372883332235E+0000	-1.21709631080229E-0003
 6.21965366260730E+0000	-8.42211027462663E-0004
 6.22564466650326E+0000	-4.27118224255373E-0004
 6.23171070758716E+0000	 1.91771454073561E-0005
 6.23786091406086E+0000	 4.85511163737119E-0004
 6.24410427224764E+0000	 9.57376837349357E-0004
 6.25044828467075E+0000	 1.41562869070248E-0003
 6.25689642585503E+0000	 1.83573603339738E-0003
 6.26344461069780E+0000	 2.18856778825845E-0003
 6.27007774168617E+0000	 2.44362113728188E-0003
 6.27676822564182E+0000	 2.57470360602504E-0003
