 2.07406273594477E-0003	-9.27815530855883E-0004
 7.96406263113991E-0003	-1.29283296516858E-0003
 1.37996398242526E-0002	-1.59730919251943E-0003
 1.95939433179875E-0002	-1.83644314607039E-0003
 2.53593206480485E-0002	-2.00758038939751E-0003
 3.11072587577839E-0002	-2.10966270260429E-0003
 3.68484733879407E-0002	-2.14281039372593E-0003
 4.25930853647949E-0002	-2.10805560814126E-0003
 4.83508215119309E-0002	-2.00722654725092E-0003
 5.41311856966094E-0002	-1.84296187758287E-0003
 5.99435626172622E-0002	-1.61881934093457E-0003
 6.57972382135431E-0002	-1.33943838598004E-0003
 7.17013381189605E-0002	-1.01072384574206E-0003
 7.76646936762652E-0002	-6.40030825727001E-0004
 8.36956442961503E-0002	-2.36342843850808E-0004
 8.98017811092526E-0002	 1.89555686105332E-0004
 9.59896303136457E-0002	 6.24896792597568E-0004
 1.02264244135102E-0001	 1.05469296161042E-0003
 1.08628572083004E-0001	 1.46139704813321E-0003
 1.15082325862576E-0001	 1.82452756983132E-0003
 1.21619992655718E-0001	 2.12070638640255E-0003
 1.28228067471471E-0001	 2.32509492987648E-0003
 1.34882711669080E-0001	 2.41527683876459E-0003
 1.41550201050146E-0001	 2.37728728897711E-0003
 1.48191855567022E-0001	 2.21102812742872E-0003
 1.54771953470798E-0001	 1.93140537503521E-0003
 1.61264437201959E-0001	 1.56424757056363E-0003
 1.67655370788548E-0001	 1.13978653807211E-0003
 1.73941519300117E-0001	 6.87176984010890E-0004
 1.80127267241707E-0001	 2.31503055003026E-0004
 1.86221640284612E-0001	-2.07155094802716E-0004
 1.92236078624274E-0001	-6.13536594034886E-0004
 1.98182944003412E-0001	-9.76566959941200E-0004
 2.04074573249071E-0001	-1.28859624533989E-0003
 2.09922727953004E-0001	-1.54463828690506E-0003
 2.15738344070097E-0001	-1.74167803151564E-0003
 2.21531506554750E-0001	-1.87809677174673E-0003
 2.27311574151713E-0001	-1.95324929739604E-0003
 2.33087379046845E-0001	-1.96720214479451E-0003
 2.38867437372437E-0001	-1.92061529131193E-0003
 2.44660129852342E-0001	-1.81473208588836E-0003
 2.50473838562095E-0001	-1.65144098241107E-0003
 2.56317044581750E-0001	-1.43338633712620E-0003
 2.62198395171931E-0001	-1.16412532123197E-0003
 2.68126739112092E-0001	-8.48343295533295E-0004
 2.74111112599741E-0001	-4.92145504092601E-0004
 2.80160642063345E-0001	-1.03442482132297E-0004
 2.86284309124757E-0001	 3.07551798012442E-0004
 2.92490475126861E-0001	 7.27691641810651E-0004
 2.98785967996154E-0001	 1.14017368484558E-0003
 3.05174432209869E-0001	 1.52393620972279E-0003
 3.11653716333202E-0001	 1.85380374562974E-0003
 3.18212641165803E-0001	 2.10242318584593E-0003
 3.24828653542566E-0001	 2.24483620499323E-0003
 3.31468763662082E-0001	 2.26493731787853E-0003
 3.38095032449810E-0001	 2.16072383242428E-0003
 3.44672556984044E-0001	 1.94490571482132E-0003
 3.51175719208981E-0001	 1.64054555792039E-0003
 3.57590151544276E-0001	 1.27479438956474E-0003
 3.63911198243381E-0001	 8.73939952099353E-0004
 3.70141080530220E-0001	 4.60835236448055E-0004
 3.76286296867292E-0001	 5.41208010255529E-0005
 3.82355711578412E-0001	-3.31647680608773E-0004
 3.88359245897296E-0001	-6.85512464377646E-0004
 3.94307009264212E-0001	-9.99493166664225E-0004
 4.00208774250691E-0001	-1.26792848965089E-0003
 4.06073737663609E-0001	-1.48685445840188E-0003
 4.11910504973188E-0001	-1.65348740000533E-0003
 4.17727218690123E-0001	-1.76585482840279E-0003
 4.23531750715581E-0001	-1.82257968758121E-0003
 4.29331899550082E-0001	-1.82279242286433E-0003
 4.35135564422015E-0001	-1.76613472846670E-0003
 4.40950893555804E-0001	-1.65282889237353E-0003
 4.46786412404609E-0001	-1.48380678480295E-0003
 4.52651129889662E-0001	-1.26090948495121E-0003
 4.58554604666811E-0001	-9.87174820203964E-0004
 4.64506937672990E-0001	-6.67227294417938E-0004
 4.70518642417346E-0001	-3.07780174094455E-0004
 4.76600319570534E-0001	 8.17445960051595E-0005
 4.82762010322646E-0001	 4.88493827096398E-0004
 4.89012025650017E-0001	 8.95460402815085E-0004
 4.95355016486772E-0001	 1.28108399534825E-0003
 5.01789247499014E-0001	 1.61984837317619E-0003
 5.08303686450060E-0001	 1.88476655964531E-0003
 5.14876497712388E-0001	 2.05213267685716E-0003
 5.21476865771763E-0001	 2.10729868262804E-0003
 5.28070529716985E-0001	 2.04856244491987E-0003
 5.34626636590524E-0001	 1.88676175009095E-0003
 5.41122460953610E-0001	 1.64108772448917E-0003
 5.47544496122228E-0001	 1.33393509978022E-0003
 5.53886986800134E-0001	 9.87152468175222E-0004
 5.60149722437091E-0001	 6.20203376240278E-0004
 5.66336150653319E-0001	 2.49596849925299E-0004
 5.72452006358032E-0001	-1.11111163334851E-0004
 5.78504316309451E-0001	-4.51084651480061E-0004
 5.84500669539106E-0001	-7.61836727116447E-0004
 5.90448734310382E-0001	-1.03676735351743E-0003
 5.96356020174301E-0001	-1.27068590285960E-0003
 6.02229847008676E-0001	-1.45940452098718E-0003
 6.08077447473880E-0001	-1.59945705324116E-0003
 6.13906125746639E-0001	-1.68795154113239E-0003
 6.19723420138689E-0001	-1.72253204847107E-0003
 6.25537248838073E-0001	-1.70142013910930E-0003
 6.31356037233458E-0001	-1.62352053850228E-0003
 6.37188825977875E-0001	-1.48859365229158E-0003
 6.43045347013856E-0001	-1.29750774264157E-0003
 6.48936039806024E-0001	-1.05258316179364E-0003
 6.54871966955097E-0001	-7.58034827291610E-0004
 6.60864573410011E-0001	-4.20511773440777E-0004
 6.66925206198608E-0001	-4.97191158755361E-0005
 6.73064266246823E-0001	 3.40935802607308E-0004
 6.79289825091377E-0001	 7.33847311171733E-0004
 6.85605596902166E-0001	 1.10725500524708E-0003
 6.92008463450065E-0001	 1.43644868870665E-0003
 6.98486377142318E-0001	 1.69669956441002E-0003
 7.05018069948595E-0001	 1.86772221821568E-0003
 7.11575707104339E-0001	 1.93811467834738E-0003
 7.18129966831124E-0001	 1.90748240713222E-0003
 7.24655215497392E-0001	 1.78510200315702E-0003
 7.31132465269291E-0001	 1.58625119413816E-0003
 7.37549639469739E-0001	 1.32844115070724E-0003
 7.43900297596368E-0001	 1.02896871321406E-0003
 7.50182136739513E-0001	 7.03817882560189E-0004
 7.56395852936287E-0001	 3.67287400145474E-0004
 7.62544326754597E-0001	 3.18598707172644E-0005
 7.68631953596824E-0001	-2.91822447356387E-0004
 7.74664063626517E-0001	-5.94842514001971E-0004
 7.80646486998732E-0001	-8.69750860950106E-0004
 7.86585318452094E-0001	-1.11024116544797E-0003
 7.92486870099394E-0001	-1.31086085053053E-0003
 7.98357747484212E-0001	-1.46682410504190E-0003
 8.04204974934746E-0001	-1.57394138888858E-0003
 8.10036120855706E-0001	-1.62864520911637E-0003
 8.15859403667483E-0001	-1.62808748092891E-0003
 8.21683774666122E-0001	-1.57029758217113E-0003
 8.27518971903535E-0001	-1.45440526487093E-0003
 8.33375526791547E-0001	-1.28093891774829E-0003
 8.39264690786517E-0001	-1.05220654823155E-0003
 8.45198235877964E-0001	-7.72757894572076E-0004
 8.51188066018692E-0001	-4.49911913763696E-0004
 8.57245552393484E-0001	-9.43050087322962E-0005
 8.63380481343350E-0001	 2.79651012172405E-0004
 8.69599522221009E-0001	 6.53639740236280E-0004
 8.75904272930553E-0001	 1.00604441021583E-0003
 8.82289306709970E-0001	 1.31374943410558E-0003
 8.88741124605634E-0001	 1.55528167812680E-0003
 8.95239054992583E-0001	 1.71460073663929E-0003
 9.01758392829552E-0001	 1.78398861591690E-0003
 9.08274670016299E-0001	 1.76459445457172E-0003
 9.14767148727745E-0001	 1.66454328164622E-0003
 9.21220314541581E-0001	 1.49595283951274E-0003
 9.27623589977801E-0001	 1.27241385591269E-0003
 9.33970319837281E-0001	 1.00758904773576E-0003
 9.40256877705165E-0001	 7.14656559471035E-0004
 9.46482106595907E-0001	 4.06054288253664E-0004
 9.52646908554718E-0001	 9.32383756604707E-0005
 9.58753804251549E-0001	-2.13519779869463E-0004
 9.64806465931815E-0001	-5.05183027501557E-0004
 9.70809337959022E-0001	-7.73820089379215E-0004
 9.76767433843175E-0001	-1.01238484994942E-0003
 9.82686309569040E-0001	-1.21452038818713E-0003
 9.88572146591249E-0001	-1.37446312110742E-0003
 9.94431866947405E-0001	-1.48706113449817E-0003
 1.00027323022533E+0000	-1.54788313931226E-0003
 1.00610489438101E+0000	-1.55339028327151E-0003
 1.01193643836095E+0000	-1.50115809810724E-0003
 1.01777834138975E+0000	-1.39015182168750E-0003
 1.02364189937245E+0000	-1.22106468683210E-0003
 1.02953904139469E+0000	-9.96723652968593E-0004
 1.03548199254585E+0000	-7.22552003627243E-0004
 1.04148271327147E+0000	-4.07051675891854E-0004
 1.04755203332361E+0000	-6.22207582147128E-0005
 1.05369841006100E+0000	 2.96260939136201E-0004
 1.05992632679643E+0000	 6.49359192772525E-0004
 1.06623457163919E+0000	 9.75880507884168E-0004
 1.07261498507531E+0000	 1.25475350675758E-0003
 1.07905249528940E+0000	 1.46811081893380E-0003
 1.08552696078603E+0000	 1.60418274323508E-0003
 1.09201641110628E+0000	 1.65874224667691E-0003
 1.09850037635222E+0000	 1.63450407646083E-0003
 1.10496200011507E+0000	 1.53905653233272E-0003
 1.11138854712755E+0000	 1.38256480576932E-0003
 1.11777086986254E+0000	 1.17617664933840E-0003
 1.12410266651474E+0000	 9.31276026197913E-0004
 1.13037999561234E+0000	 6.59193456167629E-0004
 1.13660102530800E+0000	 3.70969688874564E-0004
 1.14276579303092E+0000	 7.70580996256192E-0005
 1.14887585578371E+0000	-2.12919381679557E-0004
 1.15493389710922E+0000	-4.90237576749870E-0004
 1.16094343251630E+0000	-7.46955406692808E-0004
 1.16690869805929E+0000	-9.75735227765718E-0004
 1.17283470328782E+0000	-1.16971963640546E-0003
 1.17872736448054E+0000	-1.32253371926730E-0003
 1.18459363252453E+0000	-1.42841128311704E-0003
 1.19044156707434E+0000	-1.48240628776322E-0003
 1.19628034678388E+0000	-1.48065202487704E-0003
 1.20212022201621E+0000	-1.42065225327511E-0003
 1.20797240973971E+0000	-1.30160909979698E-0003
 1.21384890982843E+0000	-1.12479955988821E-0003
 1.21976219830191E+0000	-8.94002598548316E-0004
 1.22572473332477E+0000	-6.15952762367818E-0004
 1.23174819948172E+0000	-3.00752671778170E-0004
 1.23784242638754E+0000	 3.78890412107557E-0005
 1.24401397772405E+0000	 3.82814739016895E-0004
 1.25026456165578E+0000	 7.14261397548827E-0004
 1.25658967764488E+0000	 1.01162963224261E-0003
 1.26297816294227E+0000	 1.25609597391784E-0003
 1.26941322759423E+0000	 1.43341894824759E-0003
 1.27587494908586E+0000	 1.53587439625852E-0003
 1.28234335322707E+0000	 1.56251662240384E-0003
 1.28880087622070E+0000	 1.51785650780706E-0003
 1.29523350589260E+0000	 1.40983883445475E-0003
 1.30163074320573E+0000	 1.24807922103065E-0003
 1.30798502079703E+0000	 1.04280696142343E-0003
 1.31429114695718E+0000	 8.04392178435855E-0004
 1.32054596905957E+0000	 5.43103857047434E-0004
 1.32674814541853E+0000	 2.68866425499681E-0004
 1.33289786699168E+0000	-8.98226650190262E-0006
 1.33899650634139E+0000	-2.81812768489599E-0004
 1.34504630343330E+0000	-5.41641898928231E-0004
 1.35105021216633E+0000	-7.80947016599103E-0004
 1.35701194548246E+0000	-9.92490982583792E-0004
 1.36293615650544E+0000	-1.16927308719994E-0003
 1.36882864739924E+0000	-1.30464497591388E-0003
 1.37469651744141E+0000	-1.39255943195223E-0003
 1.38054821316553E+0000	-1.42789195496120E-0003
 1.38639348568814E+0000	-1.40678904815090E-0003
 1.39224327309805E+0000	-1.32702869184756E-0003
 1.39810951100093E+0000	-1.18840335232349E-0003
 1.40400484486114E+0000	-9.93140703794661E-0004
 1.40994218732567E+0000	-7.46358442774143E-0004
 1.41593404350463E+0000	-4.56507744297149E-0004
 1.42199152926761E+0000	-1.35695927859246E-0004
 1.42812305227145E+0000	 2.00303240313672E-0004
 1.43433274550272E+0000	 5.32619847573619E-0004
 1.44061896274258E+0000	 8.40705015356462E-0004
 1.44697340532117E+0000	 1.10465533152949E-0003
 1.45338152513134E+0000	 1.30803393597652E-0003
 1.45982446053362E+0000	 1.44026952194633E-0003
 1.46628197647161E+0000	 1.49767345532075E-0003
 1.47273530038739E+0000	 1.48277379630204E-0003
 1.47916891575112E+0000	 1.40253299817291E-0003
 1.48557109652031E+0000	 1.26638075567213E-0003
 1.49193358507318E+0000	 1.08471790661587E-0003
 1.49825096945282E+0000	 8.68038995763899E-0004
 1.50452010858329E+0000	 6.26483990052487E-0004
 1.51073967458937E+0000	 3.69584441605352E-0004
 1.51690974000875E+0000	 1.06103796285560E-0004
 1.52303136780308E+0000	-1.55998895346238E-0004
 1.52910626104471E+0000	-4.09436116989873E-0004
 1.53513657860646E+0000	-6.47322817530929E-0004
 1.54112497995675E+0000	-8.62889910326839E-0004
 1.54707486569071E+0000	-1.04931907688248E-0003
 1.55299070254109E+0000	-1.19978134615297E-0003
 1.55887830835157E+0000	-1.30767460342628E-0003
 1.56474501740525E+0000	-1.36699335940663E-0003
 1.57059970821821E+0000	-1.37275391218942E-0003
 1.57645271565955E+0000	-1.32142735729586E-0003
 1.58231565284947E+0000	-1.21137239548142E-0003
 1.58820114298499E+0000	-1.04328507640389E-0003
 1.59412242271918E+0000	-8.20681210684485E-0004
 1.60009274282553E+0000	-5.50395501190004E-0004
 1.60612447452435E+0000	-2.43019535110052E-0004
 1.61222785201660E+0000	 8.68873782023370E-0005
 1.61840937428344E+0000	 4.21076862294178E-0004
 1.62467008360102E+0000	 7.38690966310873E-0004
 1.63100421742203E+0000	 1.01834348022381E-0003
 1.63739893814816E+0000	 1.24101991018481E-0003
 1.64383568143319E+0000	 1.39303375231440E-0003
 1.65029297464623E+0000	 1.46793517358456E-0003
 1.65674975972816E+0000	 1.46663465782788E-0003
 1.66318802973083E+0000	 1.39591803415375E-0003
 1.66959413998958E+0000	 1.26622509734250E-0003
 1.67595890940087E+0000	 1.08956975961664E-0003
 1.68227701356224E+0000	 8.78042033570563E-0004
 1.68854613545463E+0000	 6.42915681279995E-0004
 1.69476612625753E+0000	 3.94202395120440E-0004
 1.70093825342426E+0000	 1.40505111619717E-0004
 1.70706455377955E+0000	-1.10898511555547E-0004
 1.71314733400857E+0000	-3.53769996833041E-0004
 1.71918889293345E+0000	-5.82474805670233E-0004
 1.72519152287874E+0000	-7.91510105371938E-0004
 1.73115777619816E+0000	-9.75141440988561E-0004
 1.73709089820392E+0000	-1.12726642911647E-0003
 1.74299528224628E+0000	-1.24154375381959E-0003
 1.74887682131618E+0000	-1.31174052603904E-0003
 1.75474309327129E+0000	-1.33220644859179E-0003
 1.76060338012506E+0000	-1.29839163649366E-0003
 1.76646855322708E+0000	-1.20736555384061E-0003
 1.77235084882498E+0000	-1.05833659957393E-0003
 1.77826352352140E+0000	-8.53193171784835E-0004
 1.78422033295116E+0000	-5.97076366680681E-0004
 1.79023473711425E+0000	-2.98946371320281E-0004
 1.79631872488004E+0000	 2.79829187915493E-0005
 1.80248120263253E+0000	 3.66184801984343E-0004
 1.80872605244684E+0000	 6.94488533317423E-0004
 1.81505025607136E+0000	 9.89825629327417E-0004
 1.82144281565088E+0000	 1.23013468498246E-0003
 1.82788529738212E+0000	 1.39790500153618E-0003
 1.83435433710200E+0000	 1.48319316931859E-0003
 1.84082545785081E+0000	 1.48488080038570E-0003
 1.84727680571902E+0000	 1.40975259816595E-0003
 1.85369159360458E+0000	 1.27005530345144E-0003
 1.86005890005611E+0000	 1.08066950727468E-0003
 1.86637320471161E+0000	 8.56747866817621E-0004
 1.87263326567596E+0000	 6.12144303699989E-0004
 1.87884081466764E+0000	 3.58590699292507E-0004
 1.88499933411369E+0000	 1.05445084277657E-0004
 1.89111303219548E+0000	-1.40155065678766E-0004
 1.89718607182192E+0000	-3.72855059820535E-0004
 1.90322210008089E+0000	-5.88461441641130E-0004
 1.90922411519514E+0000	-7.83253195944031E-0004
 1.91519466735754E+0000	-9.53367173828607E-0004
 1.92113632134300E+0000	-1.09439580865304E-0003
 1.92705224580061E+0000	-1.20128368304810E-0003
 1.93294677516031E+0000	-1.26852568344332E-0003
 1.93882582689453E+0000	-1.29059544356139E-0003
 1.94469712422310E+0000	-1.26250379337176E-0003
 1.95057023210613E+0000	-1.18040626637620E-0003
 1.95645643667458E+0000	-1.04222266973265E-0003
 1.96236848260378E+0000	-8.48271431599839E-0004
 1.96832014081078E+0000	-6.01936593758813E-0004
 1.97432552603373E+0000	-3.10363283722596E-0004
 1.98039804091478E+0000	 1.48918064300077E-0005
 1.98654882416338E+0000	 3.57450272647325E-0004
 1.99278468022201E+0000	 6.96294543552054E-0004
 1.99910572910684E+0000	 1.00701038367323E-0003
 2.00550343639712E+0000	 1.26445838782113E-0003
 2.01196005956338E+0000	 1.44673086066701E-0003
 2.01845042015138E+0000	 1.53937202297812E-0003
 2.02494595390209E+0000	 1.53819856139629E-0003
 2.03141968350768E+0000	 1.44945488842719E-0003
 2.03785023901174E+0000	 1.28740364189557E-0003
 2.04422378594534E+0000	 1.07064513447235E-0003
 2.05053391790795E+0000	 8.18609898985082E-0004
 2.05678027610268E+0000	 5.49046459912951E-0004
 2.06296670245020E+0000	 2.76650757891680E-0004
 2.06909945593042E+0000	 1.26172413119980E-0005
 2.07518573531467E+0000	-2.35189138252590E-0004
 2.08123257805868E+0000	-4.61682569969153E-0004
 2.08724614030745E+0000	-6.63791701751167E-0004
 2.09323135410472E+0000	-8.39601648671589E-0004
 2.09919195288601E+0000	-9.87519721942122E-0004
 2.10513082661083E+0000	-1.10559052889664E-0003
 2.11105061593849E+0000	-1.19107426297816E-0003
 2.11695440834363E+0000	-1.24035287298754E-0003
 2.12284638936729E+0000	-1.24915564124278E-0003
 2.12873233804654E+0000	-1.21303317028276E-0003
 2.13461991528641E+0000	-1.12798546990690E-0003
 2.14051874364066E+0000	-9.91167888860901E-0004
 2.14644029415413E+0000	-8.01637640195813E-0004
 2.15239757697244E+0000	-5.61137719499200E-0004
 2.15840458595417E+0000	-2.74922832691337E-0004
 2.16447538902934E+0000	 4.74044992377817E-0005
 2.17062271312387E+0000	 3.91177764885228E-0004
 2.17685589801151E+0000	 7.36368176497877E-0004
 2.18317827260004E+0000	 1.05820355136077E-0003
 2.18958442056539E+0000	 1.32929770431053E-0003
 2.19605838682434E+0000	 1.52359570091665E-0003
 2.20257421614509E+0000	 1.62154196286231E-0003
 2.20909962661383E+0000	 1.61468630688888E-0003
 2.21560197291733E+0000	 1.50755217834826E-0003
 2.22205414461007E+0000	 1.31583239532098E-0003
 2.22843816091855E+0000	 1.06199766491029E-0003
 2.23474579320696E+0000	 7.70427228309899E-0004
 2.24097702455167E+0000	 4.63668725099160E-0004
 2.24713760401328E+0000	 1.60337640487162E-0004
 2.25323662577566E+0000	-1.25600062430720E-0004
 2.25928456242640E+0000	-3.84656380917956E-0004
 2.26529183686549E+0000	-6.11178188550101E-0004
 2.27126787249382E+0000	-8.02489910544286E-0004
 2.27722054388102E+0000	-9.57956218578302E-0004
 2.28315597950431E+0000	-1.07804322625438E-0003
 2.28907869066941E+0000	-1.16345270276780E-0003
 2.29499199236932E+0000	-1.21441945175398E-0003
 2.30089864517496E+0000	-1.23026466298945E-0003
 2.30680160527470E+0000	-1.20926902720074E-0003
 2.31270475087317E+0000	-1.14887418893604E-0003
 2.31861347074012E+0000	-1.04616531033452E-0003
 2.32453504343743E+0000	-8.98557386756367E-0004
 2.33047877737516E+0000	-7.04611773743381E-0004
 2.33645589939597E+0000	-4.64934939289923E-0004
 2.34247916344468E+0000	-1.83135809019287E-0004
 2.34856210467313E+0000	 1.33184421856987E-0004
 2.35471780548405E+0000	 4.71492669767614E-0004
 2.36095700971949E+0000	 8.13653634583193E-0004
 2.36728550115658E+0000	 1.13596744955063E-0003
 2.37370097399155E+0000	 1.41057869855002E-0003
 2.38019024089344E+0000	 1.60890309845177E-0003
 2.38672832651720E+0000	 1.70706215509121E-0003
 2.39328102235229E+0000	 1.69190127817956E-0003
 2.39981102722659E+0000	 1.56489304095614E-0003
 2.40628545231684E+0000	 1.34171782219838E-0003
 2.41268142391468E+0000	 1.04776693663504E-0003
 2.41898794234296E+0000	 7.12039594043192E-0004
 2.42520448982813E+0000	 3.62007041394475E-0004
 2.43133806962888E+0000	 2.05907495022032E-0005
 2.43740013467080E+0000	-2.94927213264908E-0004
 2.44340411892588E+0000	-5.72765190835590E-0004
 2.44936370536470E+0000	-8.05914212155048E-0004
 2.45529170343193E+0000	-9.91211655265292E-0004
 2.46119936482662E+0000	-1.12839176327257E-0003
 2.46709601528910E+0000	-1.21916687849505E-0003
 2.47298894542031E+0000	-1.26635207355738E-0003
 2.47888354828408E+0000	-1.27305585477663E-0003
 2.48478370110510E+0000	-1.24199136955346E-0003
 2.49069236331410E+0000	-1.17498877104991E-0003
 2.49661231838068E+0000	-1.07278911885475E-0003
 2.50254694698530E+0000	-9.35167422215478E-0004
 2.50850090547274E+0000	-7.61380494157553E-0004
 2.51448060033274E+0000	-5.50888474879400E-0004
 2.52049438128585E+0000	-3.04275587215183E-0004
 2.52655239849283E+0000	-2.42963510863532E-0005
 2.53266606521354E+0000	 2.83020053886821E-0004
 2.53884703349983E+0000	 6.07293436416337E-0004
 2.54510554981386E+0000	 9.32911627025208E-0004
 2.55144807180666E+0000	 1.23868435192014E-0003
 2.55787421170390E+0000	 1.49861295212920E-0003
 2.56437356222654E+0000	 1.68450873324319E-0003
 2.57092373512917E+0000	 1.77087506028977E-0003
 2.57749146162511E+0000	 1.74127868111770E-0003
 2.58403780822386E+0000	 1.59373560363594E-0003
 2.59052614009876E+0000	 1.34210579897291E-0003
 2.59692931222111E+0000	 1.01249479904678E-0003
 2.60323309047980E+0000	 6.36717635676468E-0004
 2.60943546299052E+0000	 2.46045837271678E-0004
 2.61554356776120E+0000	-1.32803684432053E-0004
 2.62157016375855E+0000	-4.79289750314788E-0004
 2.62753072822986E+0000	-7.79063999727800E-0004
 2.63344144873830E+0000	-1.02322457734059E-0003
 2.63931796622827E+0000	-1.20735063352106E-0003
 2.64517462541505E+0000	-1.33056884038452E-0003
 2.65102403226772E+0000	-1.39471902379254E-0003
 2.65687680015585E+0000	-1.40360024780716E-0003
 2.66274144185707E+0000	-1.36225804976473E-0003
 2.66862441828127E+0000	-1.27629285893853E-0003
 2.67453037849732E+0000	-1.15121168068410E-0003
 2.68046261387550E+0000	-9.91892412958670E-0004
 2.68642370387578E+0000	-8.02261143581854E-0004
 2.69241626841911E+0000	-5.85278095825274E-0004
 2.69844368939466E+0000	-3.43283168534414E-0004
 2.70451064509409E+0000	-7.86842353302938E-0005
 2.71062331907594E+0000	 2.05091253496213E-0004
 2.71678917953350E+0000	 5.02499630413249E-0004
 2.72301625002240E+0000	 8.04778909320793E-0004
 2.72931179668351E+0000	 1.09901607754448E-0003
 2.73568036755955E+0000	 1.36764916477563E-0003
 2.74212121623205E+0000	 1.58883268783321E-0003
 2.74862545057895E+0000	 1.73825830270635E-0003
 2.75517384043190E+0000	 1.79293063303401E-0003
 2.76173683624362E+0000	 1.73664776801301E-0003
 2.76827816935799E+0000	 1.56547773042416E-0003
 2.77476167913280E+0000	 1.29044272682027E-0003
 2.78115865695508E+0000	 9.35580456221647E-0004
 2.78745242137145E+0000	 5.32325362026094E-0004
 2.79363881886660E+0000	 1.13134749096367E-0004
 2.79972376647101E+0000	-2.93176289097331E-0004
 2.80571979569674E+0000	-6.63681594886829E-0004
 2.81164297672157E+0000	-9.81737044414299E-0004
 2.81751071975494E+0000	-1.23639735568124E-0003
 2.82334039952434E+0000	-1.42151266004264E-0003
 2.82914855841442E+0000	-1.53484846591804E-0003
 2.83495044769776E+0000	-1.57734872505106E-0003
 2.84075973498189E+0000	-1.55254001142681E-0003
 2.84658828129407E+0000	-1.46602187159622E-0003
 2.85244595702748E+0000	-1.32497594834133E-0003
 2.85834051978828E+0000	-1.13764165713086E-0003
 2.86427761409068E+0000	-9.12745482318248E-0004
 2.87026096070639E+0000	-6.58928759140335E-0004
 2.87629276951210E+0000	-3.84277154737927E-0004
 2.88237433558826E+0000	-9.60836892112615E-0005
 2.88850669113219E+0000	 1.99049995951623E-0004
 2.89469112816494E+0000	 4.94751090358255E-0004
 2.90092940827751E+0000	 7.84130833764667E-0004
 2.90722352817522E+0000	 1.05891590472031E-0003
 2.91357497681477E+0000	 1.30865471305828E-0003
 2.91998347310987E+0000	 1.52022482351527E-0003
 2.92644523445786E+0000	 1.67792743181273E-0003
 2.93295098188406E+0000	 1.76454751008540E-0003
 2.93948423093108E+0000	 1.76375678995450E-0003
 2.94602087142731E+0000	 1.66386737756634E-0003
 2.95253114436688E+0000	 1.46203703339515E-0003
 2.95898425416425E+0000	 1.16705926796017E-0003
 2.96535417616298E+0000	 7.98984462986349E-0004
 2.97162418293984E+0000	 3.85475931514409E-0004
 2.97778841056862E+0000	-4.33257073030793E-0005
 2.98385063427852E+0000	-4.59260250278619E-0004
 2.98982161469925E+0000	-8.38797728069033E-0004
 2.99571634301794E+0000	-1.16395357281234E-0003
 3.00155188008210E+0000	-1.42210466644478E-0003
 3.00734592324254E+0000	-1.60533197391841E-0003
 3.01311595709787E+0000	-1.70969008436995E-0003
 3.01887877708223E+0000	-1.73459099680266E-0003
 3.02465020180833E+0000	-1.68235248675744E-0003
 3.03044484135887E+0000	-1.55788755878852E-0003
 3.03627583901826E+0000	-1.36847422505397E-0003
 3.04215455119413E+0000	-1.12352709590403E-0003
 3.04809017869288E+0000	-8.34290431690100E-0004
 3.05408941105455E+0000	-5.13392511964074E-0004
 3.06015618135623E+0000	-1.74249835380353E-0004
 3.06629162949063E+0000	 1.69620214624802E-0004
 3.07249432232270E+0000	 5.05256629676048E-0004
 3.07876069282048E+0000	 8.20742694662531E-0004
 3.08508558051414E+0000	 1.10542902770600E-0003
 3.09146272223609E+0000	 1.34987522080293E-0003
 3.09788505286637E+0000	 1.54556437817423E-0003
 3.10434469574479E+0000	 1.68449885424741E-0003
 3.11083254525570E+0000	 1.75886081035945E-0003
 3.11733743389160E+0000	 1.76103726682544E-0003
 3.12384511426439E+0000	 1.68438216664373E-0003
 3.13033763779947E+0000	 1.52493227059391E-0003
 3.13679391727991E+0000	 1.28378090257509E-0003
 3.14319194280718E+0000	 9.69139496462795E-0004
 3.14951221610209E+0000	 5.96870243995429E-0004
 3.15574108835589E+0000	 1.88916470265797E-0004
 3.16187266053179E+0000	-2.29783262534114E-0004
 3.16790878257622E+0000	-6.34608761250176E-0004
 3.17385765568700E+0000	-1.00373379038102E-0003
 3.17973191165244E+0000	-1.31941174334495E-0003
 3.18554684356971E+0000	-1.56828844681520E-0003
 3.19131908540814E+0000	-1.74115563823854E-0003
 3.19706575754750E+0000	-1.83250173920040E-0003
 3.20280396567530E+0000	-1.84008211461157E-0003
 3.20855051055448E+0000	-1.76461456777491E-0003
 3.21432167869037E+0000	-1.60962927477466E-0003
 3.22013300613483E+0000	-1.38145516616537E-0003
 3.22599892933652E+0000	-1.08929070758076E-0003
 3.23193226134976E+0000	-7.45275139049733E-0004
 3.23794346826991E+0000	-3.64444564041244E-0004
 3.24403977856222E+0000	 3.55657210617468E-0005
 3.25022423877718E+0000	 4.35208018528690E-0004
 3.25649492119385E+0000	 8.14182359187404E-0004
 3.26284456262104E+0000	 1.15303742705564E-0003
 3.26926091789084E+0000	 1.43499630661318E-0003
 3.27572797891250E+0000	 1.64758442455160E-0003
 3.28222790440829E+0000	 1.78352871120415E-0003
 3.28874312225177E+0000	 1.84055055255314E-0003
 3.29525786319474E+0000	 1.82012900227970E-0003
 3.30175859046030E+0000	 1.72583443468819E-0003
 3.30823334281545E+0000	 1.56206543371231E-0003
 3.31467057647205E+0000	 1.33379214195139E-0003
 3.32105834635515E+0000	 1.04735165499452E-0003
 3.32738447708583E+0000	 7.11752921586788E-0004
 3.33363782083007E+0000	 3.39641641538291E-0004
 3.33981007574643E+0000	-5.27478005066796E-0005
 3.34589734171078E+0000	-4.46751684929085E-0004
 3.35190080932807E+0000	-8.23070689169124E-0004
 3.35782649408472E+0000	-1.16352689898890E-0003
 3.36368433936754E+0000	-1.45232308687681E-0003
 3.36948711981672E+0000	-1.67669138599036E-0003
 3.37524945792864E+0000	-1.82706336863487E-0003
 3.38098708998287E+0000	-1.89697452740131E-0003
 3.38671638502578E+0000	-1.88289085743198E-0003
 3.39245405190181E+0000	-1.78408493117118E-0003
 3.39821694341011E+0000	-1.60263299483689E-0003
 3.40402185867952E+0000	-1.34356271574662E-0003
 3.40988523924382E+0000	-1.01514695236185E-0003
 3.41582264642793E+0000	-6.29300060879080E-0004
 3.42184790355532E+0000	-2.01976267379204E-0004
 3.42797180540630E+0000	 2.46616483130619E-0004
 3.43420037721239E+0000	 6.92287454086299E-0004
 3.44053286200944E+0000	 1.10801975760123E-0003
 3.44695996326071E+0000	 1.46637924086338E-0003
 3.45346326300205E+0000	 1.74316950458430E-0003
 3.46001679036045E+0000	 1.92152570695853E-0003
 3.46659095419390E+0000	 1.99482481930942E-0003
 3.47315763113327E+0000	 1.96687446289288E-0003
 3.47969427602497E+0000	 1.84921463295621E-0003
 3.48618550427006E+0000	 1.65699917963213E-0003
 3.49262216080580E+0000	 1.40540947202984E-0003
 3.49899905935036E+0000	 1.10776580356898E-0003
 3.50531273656734E+0000	 7.75393186348330E-0004
 3.51156008014559E+0000	 4.18601735544250E-0004
 3.51773807584311E+0000	 4.79537449826777E-0005
 3.52384443185628E+0000	-3.24856656609533E-0004
 3.52987857266980E+0000	-6.86843204314210E-0004
 3.53584249013593E+0000	-1.02423819896246E-0003
 3.54174114864277E+0000	-1.32337084881908E-0003
 3.54758241354819E+0000	-1.57156673339753E-0003
 3.55337665738372E+0000	-1.75784170360423E-0003
 3.55913624571790E+0000	-1.87332652649586E-0003
 3.56487505590647E+0000	-1.91147545580338E-0003
 3.57060810322109E+0000	-1.86816069707158E-0003
 3.57635128152644E+0000	-1.74175565664568E-0003
 3.58212118025599E+0000	-1.53329014032514E-0003
 3.58793490889367E+0000	-1.24673689419518E-0003
 3.59380983285987E+0000	-8.89464529529363E-0004
 3.59976309125846E+0000	-4.72859528281979E-0004
 3.60581072479709E+0000	-1.30619913013037E-0005
 3.61196620483746E+0000	 4.68353107829027E-0004
 3.61823817394876E+0000	 9.44119419500105E-0004
 3.62462740842802E+0000	 1.38210470997233E-0003
 3.63112357500145E+0000	 1.74808104599364E-0003
 3.63770328273548E+0000	 2.01095293337568E-0003
 3.64433154577202E+0000	 2.14952302044795E-0003
 3.65096771220623E+0000	 2.15786981490199E-0003
 3.65757394923574E+0000	 2.04604116914399E-0003
 3.66412214238384E+0000	 1.83547719235214E-0003
 3.67059627091165E+0000	 1.55201746776195E-0003
 3.67699058442202E+0000	 1.22006738790873E-0003
 3.68330587148764E+0000	 8.59618954737465E-0004
 3.68954589403687E+0000	 4.85840319267235E-0004
 3.69571497819622E+0000	 1.10156835439343E-0004
 3.70181690343817E+0000	-2.58175422961615E-0004
 3.70785482050155E+0000	-6.10663634930106E-0004
 3.71383179039022E+0000	-9.38677504809450E-0004
 3.71975154052075E+0000	-1.23313395282739E-0003
 3.72561912898208E+0000	-1.48466150763969E-0003
 3.73144135426870E+0000	-1.68404506706394E-0003
 3.73722689007012E+0000	-1.82275384613282E-0003
 3.74298621625663E+0000	-1.89342156799526E-0003
 3.74873144558959E+0000	-1.89023092480874E-0003
 3.75447612789640E+0000	-1.80921953835310E-0003
 3.76023507492570E+0000	-1.64856098080350E-0003
 3.76602420749328E+0000	-1.40888704099328E-0003
 3.77186038734346E+0000	-1.09371585224317E-0003
 3.77776115567130E+0000	-7.10040149389097E-0004
 3.78374425017214E+0000	-2.69107358379623E-0004
 3.78982670521577E+0000	 2.12628687029175E-0004
 3.79602326036568E+0000	 7.12524397580551E-0004
 3.80234376211033E+0000	 1.20112219890810E-0003
 3.80878940693737E+0000	 1.64270255210655E-0003
 3.81534835792530E+0000	 1.99827343775047E-0003
 3.82199266103756E+0000	 2.23203331634365E-0003
 3.82867963379365E+0000	 2.32040153650871E-0003
 3.83535966730378E+0000	 2.25947060596448E-0003
 3.84198780211839E+0000	 2.06581726605200E-0003
 3.84853282983826E+0000	 1.76982713691810E-0003
 3.85497977915543E+0000	 1.40604352682409E-0003
 3.86132680403900E+0000	 1.00568911285888E-0003
 3.86758001995249E+0000	 5.93257510336461E-0004
 3.87374896153269E+0000	 1.86299879620139E-0004
 3.87984361003850E+0000	-2.03175079528654E-0004
 3.88587290615677E+0000	-5.66851987215824E-0004
 3.89184434298660E+0000	-8.98426871423387E-0004
 3.89776423263654E+0000	-1.19235390581286E-0003
 3.90363831475451E+0000	-1.44309125434114E-0003
 3.90947245472650E+0000	-1.64480830807112E-0003
 3.91527326022095E+0000	-1.79145211939760E-0003
 3.92104852752099E+0000	-1.87704429737533E-0003
 3.92680750182288E+0000	-1.89609019346717E-0003
 3.93256098395660E+0000	-1.84401965850205E-0003
 3.93832133374883E+0000	-1.71762590088879E-0003
 3.94410241166559E+0000	-1.51551089730757E-0003
 3.94991947431114E+0000	-1.23857465920097E-0003
 3.95578900274233E+0000	-8.90600266150681E-0004
 3.96172839664234E+0000	-4.78987467705524E-0004
 3.96775540760021E+0000	-1.56705952956414E-0005
 3.97388710414900E+0000	 4.81795877644129E-0004
 3.98013806342253E+0000	 9.89131412544147E-0004
 3.98651742354542E+0000	 1.47463675711918E-0003
 3.99302460157956E+0000	 1.89985827697966E-0003
 3.99964428986957E+0000	 2.22311477591954E-0003
 4.00634306813148E+0000	 2.40714012756361E-0003
 4.01307151752147E+0000	 2.42964162161483E-0003
 4.01977401335101E+0000	 2.29150566073198E-0003
 4.02640244543892E+0000	 2.01658724735839E-0003
 4.03292603708836E+0000	 1.64282132601222E-0003
 4.03933292157972E+0000	 1.21078742052675E-0003
 4.04562560475310E+0000	 7.55674683768066E-0004
 4.05181478834961E+0000	 3.04158093473976E-0004
 4.05791438043911E+0000	-1.25337175390573E-0004
 4.06393839731912E+0000	-5.20894980663963E-0004
 4.06989942928786E+0000	-8.75086248425480E-0004
 4.07580814823661E+0000	-1.18319076506528E-0003
 4.08167344320705E+0000	-1.44182816268193E-0003
 4.08750290458979E+0000	-1.64801945663132E-0003
 4.09330346728241E+0000	-1.79864998010401E-0003
 4.09908207722310E+0000	-1.89028118244134E-0003
 4.10484628669349E+0000	-1.91924222819803E-0003
 4.11060472339561E+0000	-1.88192464977351E-0003
 4.11636741519783E+0000	-1.77521032006915E-0003
 4.12214597856791E+0000	-1.59698494619117E-0003
 4.12795368693177E+0000	-1.34671963833513E-0003
 4.13380542310335E+0000	-1.02613250145749E-0003
 4.13971748878948E+0000	-6.39962184715103E-0004
 4.14570719551723E+0000	-1.96888611751128E-0004
 4.15179209481649E+0000	 2.89387629106154E-0004
 4.15798862154174E+0000	 7.98968276542452E-0004
 4.16430983870148E+0000	 1.30471025663125E-0003
 4.17076196156702E+0000	 1.77186914505313E-0003
 4.17733963374858E+0000	 2.15953037993247E-0003
 4.18402095213663E+0000	 2.42538594621838E-0003
 4.19076511419566E+0000	 2.53474844031191E-0003
 4.19751670099002E+0000	 2.47159556569005E-0003
 4.20421770397468E+0000	 2.24540726084987E-0003
 4.21082182132499E+0000	 1.88826903967138E-0003
 4.21730283489514E+0000	 1.44389850874626E-0003
 4.22365415419601E+0000	 9.55848416249310E-0004
 4.22988300447726E+0000	 4.60272311678467E-0004
 4.23600391720977E+0000	-1.62543312314282E-0005
 4.24203390610639E+0000	-4.55873703469269E-0004
 4.24798963400366E+0000	-8.47470011876653E-0004
 4.25388605835893E+0000	-1.18462676118963E-0003
 4.25973599270226E+0000	-1.46390358041822E-0003
 4.26555019602963E+0000	-1.68350599388207E-0003
 4.27133776305062E+0000	-1.84232179448897E-0003
 4.27710668307752E+0000	-1.93928618251627E-0003
 4.28286447800621E+0000	-1.97304669211701E-0003
 4.28861884647100E+0000	-1.94190203569372E-0003
 4.29437825226543E+0000	-1.84398368971492E-0003
 4.30015240978567E+0000	-1.67764320533780E-0003
 4.30595263576756E+0000	-1.44201062697917E-0003
 4.31179204608976E+0000	-1.13770307797559E-0003
 4.31768556886940E+0000	-7.67682508424793E-0004
 4.32364971375441E+0000	-3.38276012104742E-0004
 4.32970198064703E+0000	 1.39636012053303E-0004
 4.33585971467442E+0000	 6.49312719148314E-0004
 4.34213813870993E+0000	 1.16690897366342E-0003
 4.34854727707734E+0000	 1.66073150929310E-0003
 4.35508765938637E+0000	 2.09182970100895E-0003
 4.36174531799141E+0000	 2.41718430713010E-0003
 4.36848791544842E+0000	 2.59669072924629E-0003
 4.37526537900452E+0000	 2.60349276573628E-0003
 4.38201796978184E+0000	 2.43367179686377E-0003
 4.38869011475647E+0000	 2.10897454619073E-0003
 4.39524285861190E+0000	 1.66985803844345E-0003
 4.40165850969246E+0000	 1.16332777099395E-0003
 4.40793748273213E+0000	 6.32587333217939E-0004
 4.41409176253156E+0000	 1.11857179188772E-0004
 4.42013885937271E+0000	-3.74439480359798E-0004
 4.42609771600015E+0000	-8.10265813060067E-0004
 4.43198644195684E+0000	-1.18593736306393E-0003
 4.43782128448154E+0000	-1.49622365884826E-0003
 4.44361631947476E+0000	-1.73880992233821E-0003
 4.44938353953686E+0000	-1.91311593740527E-0003
 4.45513317046573E+0000	-2.01941257865362E-0003
 4.46087413576743E+0000	-2.05818949934410E-0003
 4.46661462449022E+0000	-2.02975648711705E-0003
 4.47236272189123E+0000	-1.93408224593062E-0003
 4.47812705377605E+0000	-1.77088089380615E-0003
 4.48391738701632E+0000	-1.53995179334886E-0003
 4.48974512544860E+0000	-1.24177159122235E-0003
 4.49562363670445E+0000	-8.78336841807483E-0004
 4.50156832829311E+0000	-4.54261523556394E-0004
 4.50759634566540E+0000	 2.18675920404401E-0005
 4.51372568439228E+0000	 5.35914702236138E-0004
 4.51997341070845E+0000	 1.06656345839589E-0003
 4.52635264141416E+0000	 1.58407108532200E-0003
 4.53286811073498E+0000	 2.05028462456591E-0003
 4.53951079926843E+0000	 2.42122711837961E-0003
 4.54625335587282E+0000	 2.65346650255205E-0003
 4.55304940454955E+0000	 2.71404663814121E-0003
 4.55983966491382E+0000	 2.59079770324411E-0003
 4.56656442373918E+0000	 2.29742172004461E-0003
 4.57317687587080E+0000	 1.86956877877803E-0003
 4.57965062334497E+0000	 1.35409544989055E-0003
 4.58597919189901E+0000	 7.97785553609512E-0004
 4.59217057558556E+0000	 2.40183870994551E-0004
 4.59824092587455E+0000	-2.88860641402187E-0004
 4.60420968635956E+0000	-7.68646071476973E-0004
 4.61009660271148E+0000	-1.18586230977430E-0003
 4.61592018223614E+0000	-1.53269405676291E-0003
 4.62169705231879E+0000	-1.80520433235257E-0003
 4.62744181140354E+0000	-2.00207446436976E-0003
 4.63316713807536E+0000	-2.12364538113970E-0003
 4.63888404918194E+0000	-2.17118460971352E-0003
 4.64460227041934E+0000	-2.14632881784169E-0003
 4.65033071303749E+0000	-2.05068991573383E-0003
 4.65607805032432E+0000	-1.88564692212931E-0003
 4.66185336870517E+0000	-1.65236746847140E-0003
 4.66766684136860E+0000	-1.35210976614803E-0003
 4.67353034459256E+0000	-9.86852263532295E-0004
 4.67945790698106E+0000	-5.60291624177479E-0004
 4.68546583575816E+0000	-7.92418404901050E-0005
 4.69157227970329E+0000	 4.44560808357798E-0004
 4.69779585376360E+0000	 9.92348020629889E-0004
 4.70415281404372E+0000	 1.53629293397434E-0003
 4.71065233253692E+0000	 2.03852392306022E-0003
 4.71729009786061E+0000	 2.45287375818329E-0003
 4.72404214232488E+0000	 2.73123249915077E-0003
 4.73086281962837E+0000	 2.83463142622480E-0003
 4.73769072690170E+0000	 2.74527086669093E-0003
 4.74446199771516E+0000	 2.47284965302315E-0003
 4.75112471264487E+0000	 2.05111388858956E-0003
 4.75764735593644E+0000	 1.52711589594046E-0003
 4.76401914613083E+0000	 9.49579098194722E-0004
 4.77024508431640E+0000	 3.61074373616391E-0004
 4.77633972295060E+0000	-2.05144464283103E-0004
 4.78232207816194E+0000	-7.25108365711044E-0004
 4.78821232349987E+0000	-1.18264488472577E-0003
 4.79402997637513E+0000	-1.56757114047755E-0003
 4.79979306631000E+0000	-1.87408725838940E-0003
 4.80551785952324E+0000	-2.09951409533896E-0003
 4.81121886540625E+0000	-2.24334845057132E-0003
 4.81690897839168E+0000	-2.30655569861966E-0003
 4.82259969721413E+0000	-2.29102302452403E-0003
 4.82830141744832E+0000	-2.19912494234099E-0003
 4.83402381878257E+0000	-2.03339180506848E-0003
 4.83977636947366E+0000	-1.79631303558939E-0003
 4.84556894963648E+0000	-1.49034263762648E-0003
 4.85141255647516E+0000	-1.11819919004501E-0003
 4.85732000253689E+0000	-6.83563618437594E-0004
 4.86330645086429E+0000	-1.92277001197351E-0004
 4.86938953212465E+0000	 3.45876927520384E-0004
 4.87558862771390E+0000	 9.14790743746206E-0004
 4.88192267039044E+0000	 1.48927449102851E-0003
 4.88840564209557E+0000	 2.03274100141609E-0003
 4.89503933645101E+0000	 2.49725830856029E-0003
 4.90180480294269E+0000	 2.82890684750776E-0003
 4.90865728795341E+0000	 2.98017240442296E-0003
 4.91553105922651E+0000	 2.92566018351472E-0003
 4.92235503527802E+0000	 2.67161867204202E-0003
 4.92907073764874E+0000	 2.25250341359842E-0003
 4.93564242894369E+0000	 1.71807388012526E-0003
 4.94205708173096E+0000	 1.11995869639489E-0003
 4.94831853829670E+0000	 5.03227483128468E-0004
 4.95444072807059E+0000	-9.67372752115223E-0005
 4.96044237213502E+0000	-6.54071933213363E-0004
 4.96634361339901E+0000	-1.15087063652711E-0003
 4.97216417485937E+0000	-1.57535440389563E-0003
 4.97792250994148E+0000	-1.92025979370817E-0003
 4.98363551958184E+0000	-2.18158415731082E-0003
 4.98931855721533E+0000	-2.35766741972340E-0003
 4.99498556038291E+0000	-2.44853585724109E-0003
 5.00064923031896E+0000	-2.45542592739452E-0003
 5.00632123729195E+0000	-2.38042023662747E-0003
 5.01201246716233E+0000	-2.22615388586690E-0003
 5.01773334610676E+0000	-1.99558496358958E-0003
 5.02349428384962E+0000	-1.69186583395985E-0003
 5.02930625705531E+0000	-1.31839778726630E-0003
 5.03518151024174E+0000	-8.79193790511250E-0004
 5.04113427860799E+0000	-3.79705401431978E-0004
 5.04718132675175E+0000	 1.71716813857543E-0004
 5.05334192378523E+0000	 7.61585324860569E-0004
 5.05963659876163E+0000	 1.36825692925479E-0003
 5.06608365982137E+0000	 1.95859412690181E-0003
 5.07269235240977E+0000	 2.48589819837236E-0003
 5.07945275478660E+0000	 2.89250046539562E-0003
 5.08632645113877E+0000	 3.12099186523898E-0003
 5.09324675614903E+0000	 3.13319849318908E-0003
 5.10013429951209E+0000	 2.92606225257462E-0003
 5.10692009445929E+0000	 2.53171890399093E-0003
 5.11356055153561E+0000	 2.00274122970652E-0003
 5.12003853971645E+0000	 1.39505871857155E-0003
 5.12635626731914E+0000	 7.57426905015368E-0004
 5.13252710792547E+0000	 1.27893306691097E-0004
 5.13856955462207E+0000	-4.65757680654831E-0004
 5.14450358320082E+0000	-1.00411473697075E-0003
 5.15034875825616E+0000	-1.47409361876221E-0003
 5.15612339985352E+0000	-1.86720866418443E-0003
 5.16184433441626E+0000	-2.17825856526298E-0003
 5.16752693902184E+0000	-2.40438408021483E-0003
 5.17318531299478E+0000	-2.54441732555464E-0003
 5.17883248855441E+0000	-2.59844082393420E-0003
 5.18448064250390E+0000	-2.56748502373545E-0003
 5.19014130647383E+0000	-2.45330916338103E-0003
 5.19582559986346E+0000	-2.25823295214807E-0003
 5.20154452716485E+0000	-1.98501818899737E-0003
 5.20730938503190E+0000	-1.63684136368439E-0003
 5.21313230669121E+0000	-1.21744829829012E-0003
 5.21902692350707E+0000	-7.31633913869268E-0004
 5.22500903550076E+0000	-1.86235118980034E-0004
 5.23109703582972E+0000	 4.08152399544692E-0004
 5.23731159152216E+0000	 1.03456418093922E-0003
 5.24367370378341E+0000	 1.66623138303027E-0003
 5.25019984874849E+0000	 2.26313329141091E-0003
 5.25689307899933E+0000	 2.77101616310416E-0003
 5.26373141141012E+0000	 3.12744441296909E-0003
 5.27066058532006E+0000	 3.27836302170029E-0003
 5.27760173113468E+0000	 3.19953035011631E-0003
 5.28447456697764E+0000	 2.90689067432962E-0003
 5.29122021882963E+0000	 2.44696217615668E-0003
 5.29780910672015E+0000	 1.87725031657629E-0003
 5.30423558877052E+0000	 1.25110113115327E-0003
 5.31050866194171E+0000	 6.11352362935470E-0004
 5.31664444571129E+0000	-1.01597504210959E-0005
 5.32266156904131E+0000	-5.90775368249748E-0004
 5.32857875260065E+0000	-1.11478626528254E-0003
 5.33441371693302E+0000	-1.57151226787735E-0003
 5.34018281439619E+0000	-1.95382914591246E-0003
 5.34590102938712E+0000	-2.25711002639899E-0003
 5.35158214791584E+0000	-2.47849688273583E-0003
 5.35723898777149E+0000	-2.61641858024824E-0003
 5.36288363340560E+0000	-2.67028278427488E-0003
 5.36852765428586E+0000	-2.64028168392598E-0003
 5.37418231169717E+0000	-2.52726636694964E-0003
 5.37985877984668E+0000	-2.33266514989885E-0003
 5.38556842073267E+0000	-2.05845039723346E-0003
 5.39132315302639E+0000	-1.70719743363705E-0003
 5.39713593545902E+0000	-1.28232582780409E-0003
 5.40302133594240E+0000	-7.88661779728100E-0004
 5.40899606714471E+0000	-2.33501020240640E-0004
 5.41507921675743E+0000	 3.71634411188302E-0004
 5.42129165145613E+0000	 1.00841820728020E-0003
 5.42765370917648E+0000	 1.64848760631052E-0003
 5.43417997476729E+0000	 2.25055443614873E-0003
 5.44087040394281E+0000	 2.76050152183387E-0003
 5.44769985940640E+0000	 3.11869506424211E-0003
 5.45461340584269E+0000	 3.27655560459543E-0003
 5.46153605664762E+0000	 3.21529097226386E-0003
 5.46839472854854E+0000	 2.95245913298162E-0003
 5.47513714915982E+0000	 2.53124325461001E-0003
 5.48173691796668E+0000	 2.00306685649433E-0003
 5.48818801674889E+0000	 1.41524316150495E-0003
 5.49449682391031E+0000	 8.06147283924692E-0004
 5.50067594262842E+0000	 2.05001064058375E-0004
 5.50674044759088E+0000	-3.66618243942438E-0004
 5.51270588057504E+0000	-8.92997459422107E-0004
 5.51858730125417E+0000	-1.36274131151140E-0003
 5.52439893257931E+0000	-1.76757260883379E-0003
 5.53015412426423E+0000	-2.10146029607474E-0003
 5.53586546994721E+0000	-2.36001999194222E-0003
 5.54154498115267E+0000	-2.54012400015065E-0003
 5.54720426554568E+0000	-2.63966003783044E-0003
 5.55285468951873E+0000	-2.65738551297793E-0003
 5.55850753062576E+0000	-2.59283739516640E-0003
 5.56417414417478E+0000	-2.44627790537285E-0003
 5.56986617790623E+0000	-2.21868393788875E-0003
 5.57559586491327E+0000	-1.91182201389696E-0003
 5.58137640291412E+0000	-1.52848705631222E-0003
 5.58722238248714E+0000	-1.07301655749368E-0003
 5.59315015103699E+0000	-5.52213279713448E-0004
 5.59917788095175E+0000	 2.31968783414632E-0005
 5.60532493289791E+0000	 6.36521563364920E-0004
 5.61160987547090E+0000	 1.26267027969975E-0003
 5.61804637820351E+0000	 1.86612814164865E-0003
 5.62463661801514E+0000	 2.40117391526649E-0003
 5.63136367115125E+0000	 2.81705684443095E-0003
 5.63818754396175E+0000	 3.06944669345405E-0003
 5.64505049011371E+0000	 3.13409069409004E-0003
 5.65189131182478E+0000	 3.01375176264853E-0003
 5.65865989708206E+0000	 2.73360265137886E-0003
 5.66532376915358E+0000	 2.33007540661424E-0003
 5.67186670312010E+0000	 1.84113996951610E-0003
 5.67828418728137E+0000	 1.30117918000825E-0003
 5.68457918752705E+0000	 7.39349316033109E-0004
 5.69075915442809E+0000	 1.79584571305966E-0004
 5.69683408010545E+0000	-3.58818146883286E-0004
 5.70281527594344E+0000	-8.60463082339188E-0004
 5.70871464302380E+0000	-1.31313914051309E-0003
 5.71454427656252E+0000	-1.70720512187001E-0003
 5.72031627996857E+0000	-2.03510974265957E-0003
 5.72604269339811E+0000	-2.29104207867012E-0003
 5.73173547441254E+0000	-2.47068449110794E-0003
 5.73740650110641E+0000	-2.57103245170617E-0003
 5.74306759563408E+0000	-2.59025224699484E-0003
 5.74873058444867E+0000	-2.52756472570978E-0003
 5.75440741813963E+0000	-2.38316688494969E-0003
 5.76011036684881E+0000	-2.15822875854237E-0003
 5.76585228592420E+0000	-1.85502605647466E-0003
 5.77164691038156E+0000	-1.47728420581299E-0003
 5.77750908540545E+0000	-1.03081099742379E-0003
 5.78345477174262E+0000	-5.24473781098081E-0004
 5.78950057814427E+0000	 2.84866734792811E-0005
 5.79566248151693E+0000	 6.08961010527168E-0004
 5.80195336822658E+0000	 1.19074142980332E-0003
 5.80837925497243E+0000	 1.74045087899237E-0003
 5.81493481315622E+0000	 2.21988686697542E-0003
 5.82160012765852E+0000	 2.59159195926471E-0003
 5.82834139016484E+0000	 2.82649653793436E-0003
 5.83511658410083E+0000	 2.91002312816343E-0003
 5.84188352337677E+0000	 2.84324733907015E-0003
 5.84860592170421E+0000	 2.63942747722484E-0003
 5.85525568293819E+0000	 2.31923780615773E-0003
 5.86181280168531E+0000	 1.90721252622493E-0003
 5.86826471302950E+0000	 1.42951667013590E-0003
 5.87460564191231E+0000	 9.12245539648676E-0004
 5.88083572652310E+0000	 3.79942399341202E-0004
 5.88695982349184E+0000	-1.45492884650321E-0004
 5.89298620368435E+0000	-6.45357208603122E-0004
 5.89892539103622E+0000	-1.10423052522702E-0003
 5.90478926646944E+0000	-1.50977929883657E-0003
 5.91059043265374E+0000	-1.85244173378043E-0003
 5.91634178072061E+0000	-2.12508941368955E-0003
 5.92205620156876E+0000	-2.32270167796102E-0003
 5.92774640805740E+0000	-2.44206131041987E-0003
 5.93342485646499E+0000	-2.48147769949426E-0003
 5.93910376583001E+0000	-2.44055483915696E-0003
 5.94479523030790E+0000	-2.32003610057912E-0003
 5.95051140440537E+0000	-2.12176831490712E-0003
 5.95626471738116E+0000	-1.84882946178175E-0003
 5.96206804528440E+0000	-1.50585405771539E-0003
 5.96793474079513E+0000	-1.09956601970189E-0003
 5.97387839578673E+0000	-6.39486938405363E-0004
 5.97991219638508E+0000	-1.38720976447636E-0004
 5.98604774538348E+0000	 3.85383626714939E-0004
 5.99229331752396E+0000	 9.11027509926255E-0004
 5.99865174278027E+0000	 1.41263806225363E-0003
 6.00511848656486E+0000	 1.86276651782658E-0003
 6.01168079782254E+0000	 2.23505285499614E-0003
 6.01831855546986E+0000	 2.50734515715633E-0003
 6.02500645563939E+0000	 2.66374505659306E-0003
 6.03171626055515E+0000	 2.69518558972839E-0003
 6.03841822882200E+0000	 2.59947737540643E-0003
 6.04508231982651E+0000	 2.38188006601325E-0003
 6.05168038149204E+0000	 2.05583567164179E-0003
 6.05818932727152E+0000	 1.64241815401181E-0003
 6.06459384120583E+0000	 1.16782005805373E-0003
 6.07088726146155E+0000	 6.59793142625093E-0004
 6.07707060197589E+0000	 1.44521400595899E-0004
 6.08315061196945E+0000	-3.55267669327965E-0004
 6.08913777332707E+0000	-8.21004865023492E-0004
 6.09504468792969E+0000	-1.23822489188927E-0003
 6.10088493237295E+0000	-1.59615512080355E-0003
 6.10667229780574E+0000	-1.88718499957086E-0003
 6.11242031440132E+0000	-2.10632492697234E-0003
 6.11814198935504E+0000	-2.25070078704561E-0003
 6.12384971415437E+0000	-2.31911240915785E-0003
 6.12955530708475E+0000	-2.31168441212080E-0003
 6.13527015287821E+0000	-2.22963911000587E-0003
 6.14100539030068E+0000	-2.07521531420930E-0003
 6.14677208781505E+0000	-1.85174206657621E-0003
 6.15258134298030E+0000	-1.56385486002273E-0003
 6.15844424556521E+0000	-1.21781808167738E-0003
 6.16437165704765E+0000	-8.21894954348309E-0004
 6.17037377922595E+0000	-3.86686278182409E-0004
 6.17645951462819E+0000	 7.46582738242059E-0005
 6.18263566922280E+0000	 5.46461481725255E-0004
 6.18890611699904E+0000	 1.01085416095868E-0003
 6.19527110446696E+0000	 1.44841258884183E-0003
 6.20172682648825E+0000	 1.83892386667327E-0003
 6.20826516070365E+0000	 2.16202001903489E-0003
 6.21487313228336E+0000	 2.39767823241832E-0003
 6.22153177655516E+0000	 2.52722138203469E-0003
 6.22821499152303E+0000	 2.53582870100082E-0003
 6.23489014735699E+0000	 2.41667297966200E-0003
 6.24152196151588E+0000	 2.17477519399338E-0003
 6.24807874133825E+0000	 1.82771032194870E-0003
 6.25453783301787E+0000	 1.40220725033312E-0003
 6.26088774268682E+0000	 9.28632042608489E-0004
 6.26712698869145E+0000	 4.36148647523670E-0004
 6.27326138209897E+0000	-5.00815999340959E-0005
 6.27930126442680E+0000	-5.09858135210236E-0004
