 7.00834688739436E-0004	-1.94511365954198E-0003
 6.46815205633854E-0003	-2.04420122806556E-0003
 1.22244894225580E-0002	-2.07904259663540E-0003
 1.79791296866826E-0002	-2.04862045860957E-0003
 2.37414904971366E-0002	-1.95258050960475E-0003
 2.95213754238014E-0002	-1.79125450329403E-0003
 3.53292436555911E-0002	-1.56585564973302E-0003
 4.11764303615951E-0002	-1.27887308634625E-0003
 4.70752295327028E-0002	-9.34678841026509E-0004
 5.30387200627322E-0002	-5.40335854096964E-0004
 5.90801774171368E-0002	-1.06539536608404E-0004
 6.52118928185947E-0002	 3.51486840474616E-0004
 7.14432827502673E-0002	 8.13498799802044E-0004
 7.77784080440915E-0002	 1.25467218871440E-0003
 8.42134702493302E-0002	 1.64749745008313E-0003
 9.07353074260540E-0002	 1.96518967563948E-0003
 9.73218805695613E-0002	 2.18582560760531E-0003
 1.03944931511984E-0001	 2.29579264453342E-0003
 1.10573937732273E-0001	 2.29140857798428E-0003
 1.17180096973429E-0001	 2.17849346914766E-0003
 1.23739413118283E-0001	 1.97036634207365E-0003
 1.30234385094935E-0001	 1.68496332414060E-0003
 1.36654147131132E-0001	 1.34189241790209E-0003
 1.42993393413528E-0001	 9.60226245582583E-0004
 1.49250846572426E-0001	 5.57421013147527E-0004
 1.55427995841616E-0001	 1.49141064172224E-0004
 1.61528386156860E-0001	-2.50556350750308E-0004
 1.67557301528760E-0001	-6.29104819977482E-0004
 1.73521545743045E-0001	-9.75490686224419E-0004
 1.79429143905267E-0001	-1.28037773301739E-0003
 1.85288967710254E-0001	-1.53614961002057E-0003
 1.91110381880100E-0001	-1.73681310973454E-0003
 1.96903003198106E-0001	-1.87779921434507E-0003
 2.02676609161108E-0001	-1.95574344273159E-0003
 2.08441179844818E-0001	-1.96832468004003E-0003
 2.14207025163050E-0001	-1.91421649754236E-0003
 2.19984939089711E-0001	-1.79317801990440E-0003
 2.25786321769999E-0001	-1.60629254601166E-0003
 2.31623208285357E-0001	-1.35635052989904E-0003
 2.37508132245207E-0001	-1.04836027185409E-0003
 2.43453735061572E-0001	-6.90140751018817E-0004
 2.49472023041029E-0001	-2.92892251591095E-0004
 2.55573207891213E-0001	 1.28450555216553E-0004
 2.61764186874364E-0001	 5.55368309310214E-0004
 2.68046941963866E-0001	 9.66692155311335E-0004
 2.74417370044679E-0001	 1.34039616645088E-0003
 2.80865071407439E-0001	 1.65590469596516E-0003
 2.87374251219386E-0001	 1.89623209136834E-0003
 2.93925340606952E-0001	 2.04938086231334E-0003
 3.00496746156580E-0001	 2.10894213082992E-0003
 3.07066466904969E-0001	 2.07419946854558E-0003
 3.13613661034893E-0001	 1.94986603749076E-0003
 3.20120105332802E-0001	 1.74529794668561E-0003
 3.26571174857885E-0001	 1.47319399907223E-0003
 3.32956096268794E-0001	 1.14821085653219E-0003
 3.39267710682637E-0001	 7.85949172016868E-0004
 3.45502194066449E-0001	 4.02343842952659E-0004
 3.51658921629913E-0001	 1.31642648985516E-0005
 3.57740325484493E-0001	-3.66585747490709E-0004
 3.63751543578486E-0001	-7.23303449786056E-0004
 3.69699840533250E-0001	-1.04525944587875E-0003
 3.75593949161049E-0001	-1.32278541861361E-0003
 3.81443506604809E-0001	-1.54820473799238E-0003
 3.87258680826507E-0001	-1.71562511563127E-0003
 3.93049989873323E-0001	-1.82072043443736E-0003
 3.98828258584725E-0001	-1.86058851007555E-0003
 4.04604640177473E-0001	-1.83372346945952E-0003
 4.10390636631935E-0001	-1.74010717408083E-0003
 4.16198063344932E-0001	-1.58140626641647E-0003
 4.22038908920442E-0001	-1.36125135101443E-0003
 4.27925039315657E-0001	-1.08555994619183E-0003
 4.33867696845159E-0001	-7.62834752226140E-0004
 4.39876768899707E-0001	-4.04323116403749E-0004
 4.45959871525589E-0001	-2.38832920063051E-0005
 4.52121411781807E-0001	 3.62582691580705E-0004
 4.58361906274512E-0001	 7.38145616774022E-0004
 4.64677824590598E-0001	 1.08610633787190E-0003
 4.71062005543694E-0001	 1.39110336704962E-0003
 4.77504357140328E-0001	 1.63975431714512E-0003
 4.83992397155482E-0001	 1.82088187199279E-0003
 4.90511445103258E-0001	 1.92574016726994E-0003
 4.97044762364564E-0001	 1.94861808998432E-0003
 5.03574149233122E-0001	 1.88771340568474E-0003
 5.10081154403642E-0001	 1.74574186778725E-0003
 5.16548509151727E-0001	 1.52987980645458E-0003
 5.22961307152503E-0001	 1.25115220149883E-0003
 5.29307825693452E-0001	 9.23608123683600E-0004
 5.35580131735665E-0001	 5.63400947615521E-0004
 5.41774472711268E-0001	 1.87688385667320E-0004
 5.47891268576484E-0001	-1.86608075257690E-0004
 5.53934612739125E-0001	-5.43927512193072E-0004
 5.59911432717687E-0001	-8.70814266240544E-0004
 5.65830590461558E-0001	-1.15620826089749E-0003
 5.71702145366498E-0001	-1.39139403783692E-0003
 5.77536862943205E-0001	-1.56979209906271E-0003
 5.83345937796390E-0001	-1.68674436041779E-0003
 5.89140848976436E-0001	-1.73937590793023E-0003
 5.94933264441945E-0001	-1.72655516683513E-0003
 6.00734930853424E-0001	-1.64893960182431E-0003
 6.06557504466483E-0001	-1.50907870958600E-0003
 6.12412291192105E-0001	-1.31153738409258E-0003
 6.18309873582146E-0001	-1.06298966005637E-0003
 6.24259622378673E-0001	-7.72212947999423E-0004
 6.30269133917420E-0001	-4.49898526871737E-0004
 6.36343701488279E-0001	-1.08213808636572E-0004
 6.42485984891572E-0001	 2.39865186929765E-0004
 6.48696021101093E-0001	 5.81296700918595E-0004
 6.54971570806948E-0001	 9.03531999109705E-0004
 6.61308570647610E-0001	 1.19467990046912E-0003
 6.67701324782220E-0001	 1.44331424220479E-0003
 6.74142187005052E-0001	 1.63827758708235E-0003
 6.80620856874118E-0001	 1.76897100810419E-0003
 6.87123812020334E-0001	 1.82638962843848E-0003
 6.93634474557149E-0001	 1.80464662410468E-0003
 7.00134305733548E-0001	 1.70233261370726E-0003
 7.06604471531437E-0001	 1.52317457533056E-0003
 7.13027560383691E-0001	 1.27592875298481E-0003
 7.19389086807470E-0001	 9.73706938453470E-0004
 7.25678694372111E-0001	 6.32847172692173E-0004
 7.31890884520977E-0001	 2.71388999909142E-0004
 7.38025061425691E-0001	-9.26029180511208E-0005
 7.44084902716855E-0001	-4.42470061435116E-0004
 7.50077339064328E-0001	-7.63859104354218E-0004
 7.56011502418407E-0001	-1.04506657771168E-0003
 7.61897880232222E-0001	-1.27700350741386E-0003
 7.67747738227366E-0001	-1.45299648692594E-0003
 7.73572757298445E-0001	-1.56858060676645E-0003
 7.79384791355474E-0001	-1.62135503831084E-0003
 7.85195663818725E-0001	-1.61090917136814E-0003
 7.91016948142446E-0001	-1.53879454751370E-0003
 7.96859703268562E-0001	-1.40850546214800E-0003
 8.02734154485319E-0001	-1.22542622961751E-0003
 8.08649329913167E-0001	-9.96698954422163E-0004
 8.14612691532301E-0001	-7.30966392333216E-0004
 8.20629837874528E-0001	-4.37965797457286E-0004
 8.26704383051033E-0001	-1.28008431372987E-0004
 8.32838092660809E-0001	 1.88531399302526E-0004
 8.39031250499980E-0001	 5.01527376818533E-0004
 8.45283070642296E-0001	 8.01056632034998E-0004
 8.51591858799310E-0001	 1.07701337223301E-0003
 8.57954671981972E-0001	 1.31863226968437E-0003
 8.64366454107100E-0001	 1.51434190288758E-0003
 8.70818956595841E-0001	 1.65233416248117E-0003
 8.77300008358839E-0001	 1.72193824649296E-0003
 8.83793656795744E-0001	 1.71543739253058E-0003
 8.90281297992578E-0001	 1.62968240238554E-0003
 8.96743450263839E-0001	 1.46700125168405E-0003
 9.03161701231649E-0001	 1.23529531817564E-0003
 9.09520529847867E-0001	 9.47418414760723E-0004
 9.15808787717092E-0001	 6.19911949540795E-0004
 9.22020554603236E-0001	 2.71241236562963E-0004
 9.28155156877278E-0001	-8.00950852134566E-0005
 9.34216439373402E-0001	-4.17119093560472E-0004
 9.40211649397999E-0001	-7.25318259955332E-0004
 9.46150318008536E-0001	-9.93003801763998E-0004
 9.52043363497881E-0001	-1.21128708801634E-0003
 9.57902459739143E-0001	-1.37389477311046E-0003
 9.63739604625586E-0001	-1.47696750679851E-0003
 9.69566796377192E-0001	-1.51889975948312E-0003
 9.75395743779828E-0001	-1.50021810720964E-0003
 9.81237568889375E-0001	-1.42346611314370E-0003
 9.87102491351139E-0001	-1.29305569504618E-0003
 9.92999509112124E-0001	-1.11504773592353E-0003
 9.98936113923236E-0001	-8.96835408660901E-0004
 1.00491810275354E+0000	-6.46727206220901E-0004
 1.01094955818029E+0000	-3.73471372752388E-0004
 1.01703304776615E+0000	-8.58258809949457E-0005
 1.02317001242618E+0000	 2.07674591638945E-0004
 1.02936119242700E+0000	 4.98626269106475E-0004
 1.03560684604229E+0000	 7.78333848431696E-0004
 1.04190653084669E+0000	 1.03723771751882E-0003
 1.04825836711607E+0000	 1.26452043204119E-0003
 1.05465794034041E+0000	 1.44824971182368E-0003
 1.06109723445342E+0000	 1.57627390109198E-0003
 1.06756409424488E+0000	 1.63778554178798E-0003
 1.07404257090616E+0000	 1.62513438397992E-0003
 1.08051413914007E+0000	 1.53534077836907E-0003
 1.08695946053832E+0000	 1.37094658492718E-0003
 1.09336033490517E+0000	 1.14011840281091E-0003
 1.09970158182806E+0000	 8.56013933374366E-0004
 1.10597256790725E+0000	 5.35433910647709E-0004
 1.11216803012192E+0000	 1.96955394286098E-0004
 1.11828800595770E+0000	-1.41008675097597E-0004
 1.12433702557399E+0000	-4.61749201544927E-0004
 1.13032295808693E+0000	-7.51167861219252E-0004
 1.13625588430541E+0000	-9.98112033270254E-0004
 1.14214719239719E+0000	-1.19435006636878E-0003
 1.14800892121834E+0000	-1.33439427792027E-0003
 1.15385328422145E+0000	-1.41529907276297E-0003
 1.15969228890851E+0000	-1.43647880788581E-0003
 1.16553738920228E+0000	-1.39953499418075E-0003
 1.17139914371594E+0000	-1.30805726387748E-0003
 1.17728688768849E+0000	-1.16736006023699E-0003
 1.18320845482744E+0000	-9.84130730535976E-0004
 1.18917000465111E+0000	-7.65991659973690E-0004
 1.19517601573314E+0000	-5.21018793333006E-0004
 1.20122948358311E+0000	-2.57307196037887E-0004
 1.20733230006356E+0000	 1.72880658567956E-0005
 1.21348569449741E+0000	 2.95118259426586E-0004
 1.21969053002141E+0000	 5.68387519936802E-0004
 1.22594724096915E+0000	 8.28604662867565E-0004
 1.23225530400699E+0000	 1.06610402240796E-0003
 1.23861232331678E+0000	 1.26994281879102E-0003
 1.24501299916296E+0000	 1.42839731437087E-0003
 1.25144835921546E+0000	 1.53008426313973E-0003
 1.25790559640904E+0000	 1.56549082671511E-0003
 1.26436865725473E+0000	 1.52852529430889E-0003
 1.27081946798099E+0000	 1.41772260384401E-0003
 1.27723956129434E+0000	 1.23690921137476E-0003
 1.28361189894264E+0000	 9.95244683949885E-0004
 1.28992267494422E+0000	 7.06548648757540E-0004
 1.29616275039963E+0000	 3.87895368210743E-0004
 1.30232833704623E+0000	 5.77265421627955E-0005
 1.30842079112762E+0000	-2.66028517250710E-0004
 1.31444573450435E+0000	-5.67380518187618E-0004
 1.32041190136641E+0000	-8.33085339799471E-0004
 1.32633004521086E+0000	-1.05292208292293E-0003
 1.33221206363118E+0000	-1.21965191255530E-0003
 1.33807034775173E+0000	-1.32884261068751E-0003
 1.34391728978686E+0000	-1.37866540734129E-0003
 1.34976487266179E+0000	-1.36969590504109E-0003
 1.35562429060061E+0000	-1.30470221308414E-0003
 1.36150558724146E+0000	-1.18838292900648E-0003
 1.36741733509949E+0000	-1.02702191088544E-0003
 1.37336640768485E+0000	-8.28051678612635E-0004
 1.37935790473876E+0000	-5.99556988531202E-0004
 1.38539527390495E+0000	-3.49795462195724E-0004
 1.39148062269541E+0000	-8.68477638767760E-0005
 1.39761513579565E+0000	 1.81489010701138E-0004
 1.40379943100687E+0000	 4.47511284903873E-0004
 1.41003365609082E+0000	 7.03191685499282E-0004
 1.41631719666005E+0000	 9.39738378288103E-0004
 1.42264802296473E+0000	 1.14739762588139E-0003
 1.42902187401943E+0000	 1.31570506424830E-0003
 1.43543156888538E+0000	 1.43423083149787E-0003
 1.44186670284656E+0000	 1.49368558610609E-0003
 1.44831385440874E+0000	 1.48714516539953E-0003
 1.45475727713555E+0000	 1.41115932807462E-0003
 1.46117997838710E+0000	 1.26660014843033E-0003
 1.46756511563784E+0000	 1.05915482123549E-0003
 1.47389763764963E+0000	 7.99305305699241E-0004
 1.48016593839109E+0000	 5.01601946135496E-0004
 1.48636310418842E+0000	 1.83222888188525E-0004
 1.49248738392993E+0000	-1.37858299021964E-0004
 1.49854182788855E+0000	-4.44596794621739E-0004
 1.50453336478540E+0000	-7.22116647522600E-0004
 1.51047169415702E+0000	-9.58371621216049E-0004
 1.51636827174387E+0000	-1.14434956991840E-0003
 1.52223550059284E+0000	-1.27401315343753E-0003
 1.52808611739870E+0000	-1.34413315315110E-0003
 1.53393270947617E+0000	-1.35409813092374E-0003
 1.53978729543893E+0000	-1.30571942360925E-0003
 1.54566092874700E+0000	-1.20300880945991E-0003
 1.55156332124377E+0000	-1.05189039000614E-0003
 1.55750252120607E+0000	-8.59818207834763E-0004
 1.56348470442766E+0000	-6.35303827319466E-0004
 1.56951413511622E+0000	-3.87403812340611E-0004
 1.57559331922036E+0000	-1.25258601246350E-0004
 1.58172330971621E+0000	 1.42209731023415E-0004
 1.58790404917257E+0000	 4.06364111904677E-0004
 1.59413458668597E+0000	 6.58694036896023E-0004
 1.60041303177320E+0000	 8.90561403398436E-0004
 1.60673622548511E+0000	 1.09306049537098E-0003
 1.61309926480373E+0000	 1.25717120478478E-0003
 1.61949510321231E+0000	 1.37424283350737E-0003
 1.62591440137582E+0000	 1.43669128350815E-0003
 1.63234566533236E+0000	 1.43873999759136E-0003
 1.63877560907132E+0000	 1.37710515288027E-0003
 1.64518969684826E+0000	 1.25162533673812E-0003
 1.65157292388162E+0000	 1.06584016370069E-0003
 1.65791094130402E+0000	 8.27387624237480E-0004
 1.66419149046565E+0000	 5.47938480802686E-0004
 1.67040584017332E+0000	 2.42431360320197E-0004
 1.67654977361667E+0000	-7.23332845386791E-0005
 1.68262382630029E+0000	-3.79363663853066E-0004
 1.68863281204756E+0000	-6.62955158849691E-0004
 1.69458492471650E+0000	-9.09698696435672E-0004
 1.70049073914592E+0000	-1.10899158287182E-0003
 1.70636232120362E+0000	-1.25318234632440E-0003
 1.71221251743358E+0000	-1.33751507607155E-0003
 1.71805440142681E+0000	-1.35999705704009E-0003
 1.72390081662299E+0000	-1.32125111305393E-0003
 1.72976395722270E+0000	-1.22436050427842E-0003
 1.73565495334437E+0000	-1.07467929001002E-0003
 1.74158346190149E+0000	-8.79568082080977E-0004
 1.74755729980689E+0000	-6.48026272717235E-0004
 1.75358217697765E+0000	-3.90224744228222E-0004
 1.75966158032176E+0000	-1.16985627727690E-0004
 1.76579682340132E+0000	 1.60712544606687E-0004
 1.77198722129704E+0000	 4.32125149721932E-0004
 1.77823030111314E+0000	 6.86989488703390E-0004
 1.78452195012195E+0000	 9.15668455005345E-0004
 1.79085646323528E+0000	 1.10929617445222E-0003
 1.79722655798713E+0000	 1.26002632182070E-0003
 1.80362348822457E+0000	 1.36137893804133E-0003
 1.81003732262210E+0000	 1.40856100382917E-0003
 1.81645730333900E+0000	 1.39863607455582E-0003
 1.82287212376014E+0000	 1.33056447666586E-0003
 1.82927006458303E+0000	 1.20528654360068E-0003
 1.83563912905694E+0000	 1.02601456861853E-0003
 1.84196744250608E+0000	 7.98708270449423E-0004
 1.84824409484812E+0000	 5.32463554202736E-0004
 1.85446032755626E+0000	 2.39447608071089E-0004
 1.86061069361545E+0000	-6.58179346260794E-0005
 1.86669377482654E+0000	-3.67695147350929E-0004
 1.87271225668529E+0000	-6.50820896058780E-0004
 1.87867245072023E+0000	-9.01286721486995E-0004
 1.88458351883939E+0000	-1.10742370366537E-0003
 1.89045664731803E+0000	-1.26020210263137E-0003
 1.89630431680909E+0000	-1.35336106730010E-0003
 1.90213970908463E+0000	-1.38339728951597E-0003
 1.90797622399270E+0000	-1.34950506540118E-0003
 1.91382705331432E+0000	-1.25351152061036E-0003
 1.91970475932335E+0000	-1.09980825267170E-0003
 1.92562082409813E+0000	-8.95250362607891E-0004
 1.93158516394711E+0000	-6.48978796562323E-0004
 1.93760563384030E+0000	-3.72124814428453E-0004
 1.94368756892618E+0000	-7.73745977207796E-0005
 1.94983341625024E+0000	 2.21602184293672E-0004
 1.95604250228733E+0000	 5.10836293279623E-0004
 1.96231097239039E+0000	 7.76822768849989E-0004
 1.96863193656361E+0000	 1.00732673181869E-0003
 1.97499586255147E+0000	 1.19217690379429E-0003
 1.98139125532677E+0000	 1.32394903334984E-0003
 1.98780560820263E+0000	 1.39837651589457E-0003
 1.99422647295387E+0000	 1.41430960944066E-0003
 2.00064234584385E+0000	 1.37317556761895E-0003
 2.00704306891784E+0000	 1.27814674468200E-0003
 2.01341967230449E+0000	 1.13341072322022E-0003
 2.01976389070385E+0000	 9.43886171894280E-0004
 2.02606776167939E+0000	 7.15468579551345E-0004
 2.03232365659023E+0000	 4.55588126680737E-0004
 2.03852484990212E+0000	 1.73683809421536E-0004
 2.04466643467880E+0000	-1.18761987021577E-0004
 2.05074621297128E+0000	-4.08750766937943E-0004
 2.05676523013870E+0000	-6.82704235659133E-0004
 2.06272782549959E+0000	-9.27511057145902E-0004
 2.06864128205732E+0000	-1.13142163262404E-0003
 2.07451526027342E+0000	-1.28466794972973E-0003
 2.08036118732257E+0000	-1.37981885578693E-0003
 2.08619170181949E+0000	-1.41195155777688E-0003
 2.09202018102623E+0000	-1.37873028475548E-0003
 2.09786032857801E+0000	-1.28045989937847E-0003
 2.10372577683684E+0000	-1.12014886726605E-0003
 2.10962965163693E+0000	-9.03583221704742E-0004
 2.11558405248486E+0000	-6.39383612617291E-0004
 2.12159941577701E+0000	-3.38991339996578E-0004
 2.12768375195681E+0000	-1.65062379079508E-0005
 2.13384178266400E+0000	 3.11721277016919E-0004
 2.14007406100520E+0000	 6.27855642406203E-0004
 2.14637624887536E+0000	 9.13794429452033E-0004
 2.15273883277594E+0000	 1.15283976593157E-0003
 2.15914760370641E+0000	 1.33161636725125E-0003
 2.16558509083930E+0000	 1.44177113608258E-0003
 2.17203278380091E+0000	 1.48085791581038E-0003
 2.17847355453943E+0000	 1.45199361018554E-0003
 2.18489349427270E+0000	 1.36236366334880E-0003
 2.19128261503281E+0000	 1.22117217803657E-0003
 2.19763440018674E+0000	 1.03781939399602E-0003
 2.20394465941382E+0000	 8.20856180133531E-0004
 2.21021029987502E+0000	 5.77836834834323E-0004
 2.21642849433079E+0000	 3.15837143800157E-0004
 2.22259646727511E+0000	 4.22339283679486E-0005
 2.22871185474219E+0000	-2.34655871012635E-0004
 2.23477339674454E+0000	-5.05343976238185E-0004
 2.24078164934482E+0000	-7.59408782557188E-0004
 2.24673946910217E+0000	-9.86078953178106E-0004
 2.25265216955265E+0000	-1.17495350277737E-0003
 2.25852738783131E+0000	-1.31667476725511E-0003
 2.26437477073626E+0000	-1.40345709783814E-0003
 2.27020559047315E+0000	-1.42946047820164E-0003
 2.27603236157660E+0000	-1.39105108538167E-0003
 2.28186848361769E+0000	-1.28700775179780E-0003
 2.28772789563829E+0000	-1.11872683364041E-0003
 2.29362470011108E+0000	-8.90460031270795E-0004
 2.29957269279910E+0000	-6.09594740851130E-0004
 2.30558471750819E+0000	-2.86951467412065E-0004
 2.31167175522686E+0000	 6.29807783114649E-0005
 2.31784167248485E+0000	 4.22032144908319E-0004
 2.32409763297003E+0000	 7.68831698719465E-0004
 2.33043637670536E+0000	 1.08013267172008E-0003
 2.33684690774310E+0000	 1.33325810480073E-0003
 2.34331044300859E+0000	 1.50951748454336E-0003
 2.34980236683251E+0000	 1.59769879756493E-0003
 2.35629610550497E+0000	 1.59618036200359E-0003
 2.36276766307207E+0000	 1.51254565822323E-0003
 2.36919904341049E+0000	 1.36083949579180E-0003
 2.37557945969687E+0000	 1.15779561197049E-0003
 2.38190447367153E+0000	 9.19566675755747E-0004
 2.38817401068713E+0000	 6.59806043695293E-0004
 2.39439023871222E+0000	 3.89138881726622E-0004
 2.40055592515080E+0000	 1.15612574883009E-0004
 2.40667349803401E+0000	-1.54368462469728E-0004
 2.41274478844218E+0000	-4.15033761963827E-0004
 2.41877129559042E+0000	-6.60448936810962E-0004
 2.42475475051948E+0000	-8.84083973200068E-0004
 2.43069774779029E+0000	-1.07877430736493E-0003
 2.43660426505464E+0000	-1.23699706517441E-0003
 2.44247997663775E+0000	-1.35133118889180E-0003
 2.44833235283873E+0000	-1.41497358683985E-0003
 2.45417059221331E+0000	-1.42222563509713E-0003
 2.46000545123426E+0000	-1.36891744663495E-0003
 2.46584902332046E+0000	-1.25278052135711E-0003
 2.47171449131678E+0000	-1.07380512468754E-0003
 2.47761584344531E+0000	-8.34628530212110E-0004
 2.48356750426251E+0000	-5.40996615230279E-0004
 2.48958378635769E+0000	-2.02320461221132E-0004
 2.49567801540097E+0000	 1.67703431317202E-0004
 2.50186113746413E+0000	 5.50553562979920E-0004
 2.50813964140142E+0000	 9.22769554649264E-0004
 2.51451284453140E+0000	 1.25687341799927E-0003
 2.52097014148265E+0000	 1.52406915118159E-0003
 2.52748961724437E+0000	 1.69902909844710E-0003
 2.53403977574035E+0000	 1.76573920429804E-0003
 2.54058498976297E+0000	 1.72181580740462E-0003
 2.54709281736193E+0000	 1.57873031563159E-0003
 2.55353979816691E+0000	 1.35772814528675E-0003
 2.55991350139424E+0000	 1.08382788017605E-0003
 2.56621113069176E+0000	 7.80712017047912E-0004
 2.57243646123249E+0000	 4.67855480650886E-0004
 2.57859672225940E+0000	 1.59727667210512E-0004
 2.58470021906415E+0000	-1.33708211999202E-0004
 2.59075484845519E+0000	-4.05912097015517E-0004
 2.59676738052040E+0000	-6.52555195513388E-0004
 2.60274331719209E+0000	-8.70426869001161E-0004
 2.60868714834353E+0000	-1.05658935459991E-0003
 2.61460284313115E+0000	-1.20784098443902E-0003
 2.62049443013986E+0000	-1.32049602328065E-0003
 2.62636654497022E+0000	-1.39044311949079E-0003
 2.63222486287182E+0000	-1.41341159495095E-0003
 2.63807638009209E+0000	-1.38536405971673E-0003
 2.64392954803625E+0000	-1.30294632563468E-0003
 2.64979428847883E+0000	-1.16395420816910E-0003
 2.65568192171269E+0000	-9.67811030466896E-0004
 2.66160502342027E+0000	-7.16080785656955E-0004
 2.66757719109317E+0000	-4.13064098088844E-0004
 2.67361264446791E+0000	-6.65297253745697E-0005
 2.67972550279797E+0000	 3.11394708252974E-0004
 2.68592848250607E+0000	 7.03251043389181E-0004
 2.69223069399849E+0000	 1.08551056002337E-0003
 2.69863434035643E+0000	 1.42878153746949E-0003
 2.70513071253774E+0000	 1.70010660936610E-0003
 2.71169709483661E+0000	 1.86835137410061E-0003
 2.71829733930579E+0000	 1.91209575596084E-0003
 2.72488802990953E+0000	 1.82667044796158E-0003
 2.73142845519810E+0000	 1.62588428238064E-0003
 2.73788926080583E+0000	 1.33710665467615E-0003
 2.74425578168085E+0000	 9.92996449159667E-0004
 2.75052623350346E+0000	 6.24362362391735E-0004
 2.75670752423418E+0000	 2.56280304780776E-0004
 2.76281112464987E+0000	-9.28999875166507E-0005
 2.76885004317113E+0000	-4.10905020480655E-0004
 2.77483697089726E+0000	-6.90262478828234E-0004
 2.78078331243527E+0000	-9.26951823711179E-0004
 2.78669880800800E+0000	-1.11920392526165E-0003
 2.79259153783775E+0000	-1.26651716865246E-0003
 2.79846817486586E+0000	-1.36890424474849E-0003
 2.80433439344881E+0000	-1.42637188328497E-0003
 2.81019535837732E+0000	-1.43863102286506E-0003
 2.81605622572791E+0000	-1.40502471953707E-0003
 2.82192259691844E+0000	-1.32464619672182E-0003
 2.82780088504983E+0000	-1.19660727636968E-0003
 2.83369857537214E+0000	-1.02041606652793E-0003
 2.83962438113153E+0000	-7.96436042726408E-0004
 2.84558830219609E+0000	-5.26424462230162E-0004
 2.85160157764139E+0000	-2.14179350962373E-0004
 2.85767647632925E+0000	 1.33651003494364E-0004
 2.86382578360189E+0000	 5.06546133750095E-0004
 2.87006171871646E+0000	 8.88904305021183E-0004
 2.87639389601879E+0000	 1.25888964550670E-0003
 2.88282596709536E+0000	 1.58801700675533E-0003
 2.88935107460187E+0000	 1.84275052231076E-0003
 2.89594756808147E+0000	 1.98959110874275E-0003
 2.90257815050261E+0000	 2.00374954574300E-0003
 2.90919553646237E+0000	 1.87812478103918E-0003
 2.91575369158825E+0000	 1.62688569471097E-0003
 2.92221872036882E+0000	 1.28080163872085E-0003
 2.92857370352471E+0000	 8.77640973013805E-0004
 2.93481700047604E+0000	 4.53423616670283E-0004
 2.94095736718261E+0000	 3.75867636017699E-0005
 2.94700907575676E+0000	-3.48270802322095E-0004
 2.95298839617485E+0000	-6.89657568639883E-0004
 2.95891149230127E+0000	-9.77768345259016E-0004
 2.96479333384837E+0000	-1.20804398701896E-0003
 2.97064722950654E+0000	-1.37894988656712E-0003
 2.97648471344092E+0000	-1.49100794651156E-0003
 2.98231563188275E+0000	-1.54604979502982E-0003
 2.98814834928543E+0000	-1.54665238291231E-0003
 2.99399003060305E+0000	-1.49572962145344E-0003
 2.99984697030756E+0000	-1.39626666145822E-0003
 3.00572494149481E+0000	-1.25118964569363E-0003
 3.01162953940051E+0000	-1.06336313306097E-0003
 3.01756649868636E+0000	-8.35704953561886E-0004
 3.02354197266263E+0000	-5.71411676762032E-0004
 3.02956276775016E+0000	-2.74302968427487E-0004
 3.03563651514869E+0000	 5.06809399986896E-0005
 3.04177171948294E+0000	 3.96768757529193E-0004
 3.04797754037520E+0000	 7.54374101434752E-0004
 3.05426303954820E+0000	 1.10984519681273E-0003
 3.06063550068292E+0000	 1.44415789786918E-0003
 3.06709742715047E+0000	 1.73217049620605E-0003
 3.07364222944233E+0000	 1.94364002964567E-0003
 3.08024979398965E+0000	 2.04750898767369E-0003
 3.08688485252058E+0000	 2.01991963316750E-0003
 3.09350145544539E+0000	 1.85329807526830E-0003
 3.10005348146336E+0000	 1.56097242015816E-0003
 3.10650587649061E+0000	 1.17367122556332E-0003
 3.11284047494209E+0000	 7.30313756249619E-0004
 3.11905504624306E+0000	 2.68880664722279E-0004
 3.12515860606814E+0000	-1.78996421183943E-0004
 3.13116639695493E+0000	-5.89676945433236E-0004
 3.13709616890445E+0000	-9.46942051566338E-0004
 3.14296593370292E+0000	-1.24061515864809E-0003
 3.14879280431434E+0000	-1.46513617158133E-0003
 3.15459249268348E+0000	-1.61837521094128E-0003
 3.16037916141046E+0000	-1.70073363704252E-0003
 3.16616544651810E+0000	-1.71449270664310E-0003
 3.17196255135006E+0000	-1.66335190865617E-0003
 3.17778035970436E+0000	-1.55210504432240E-0003
 3.18362754196366E+0000	-1.38641259691805E-0003
 3.18951164228215E+0000	-1.17263657150265E-0003
 3.19543914665749E+0000	-9.17708144590559E-0004
 3.20141554695381E+0000	-6.29003911034098E-0004
 3.20744543463076E+0000	-3.14222560042243E-0004
 3.21353266961283E+0000	 1.87103296622988E-0005
 3.21968065292788E+0000	 3.61626835113316E-0004
 3.22589266302594E+0000	 7.05856014941323E-0004
 3.23217208851449E+0000	 1.04157932750339E-0003
 3.23852223329541E+0000	 1.35676221414112E-0003
 3.24494525585487E+0000	 1.63586691613756E-0003
 3.25143985637244E+0000	 1.85895304430393E-0003
 3.25799774252395E+0000	 2.00224576647597E-0003
 3.26459989811268E+0000	 2.04143579185864E-0003
 3.27121502234926E+0000	 1.95809951766267E-0003
 3.27780282853175E+0000	 1.74722051235906E-0003
 3.28432242089717E+0000	 1.42146901027541E-0003
 3.29074185077379E+0000	 1.00899100326458E-0003
 3.29704375522356E+0000	 5.46038596028439E-0004
 3.30322532423499E+0000	 6.89563218573742E-0005
 3.30929463543587E+0000	-3.91074968180621E-0004
 3.31526624301446E+0000	-8.10013994187674E-0004
 3.32115767755464E+0000	-1.17077799275864E-0003
 3.32698722124468E+0000	-1.46214240668031E-0003
 3.33277270987353E+0000	-1.67748629960187E-0003
 3.33853099621844E+0000	-1.81371736928675E-0003
 3.34427778294076E+0000	-1.87046774978786E-0003
 3.35002763253451E+0000	-1.84954903581381E-0003
 3.35579403515510E+0000	-1.75462316075515E-0003
 3.36158945809384E+0000	-1.59104050117058E-0003
 3.36742532261962E+0000	-1.36579504087356E-0003
 3.37331186688132E+0000	-1.08753796649234E-0003
 3.37925787110093E+0000	-7.66572865730932E-0004
 3.38527025818620E+0000	-4.14734641690750E-0004
 3.39135364886977E+0000	-4.50519429257094E-0005
 3.39751003381857E+0000	 3.28855332071601E-0004
 3.40373877373299E+0000	 6.93558977891592E-0004
 3.41003706712960E+0000	 1.03651606946208E-0003
 3.41640078251388E+0000	 1.34628564443260E-0003
 3.42282521480675E+0000	 1.61199077247520E-0003
 3.42930511173465E+0000	 1.82214308614728E-0003
 3.43583344438031E+0000	 1.96348916089492E-0003
 3.44239895341769E+0000	 2.02095754062183E-0003
 3.44898341277207E+0000	 1.97975261249442E-0003
 3.45556045685009E+0000	 1.82978649386492E-0003
 3.46209783666557E+0000	 1.57092810291706E-0003
 3.46856323563926E+0000	 1.21610536806305E-0003
 3.47493112467337E+0000	 7.90008632461021E-0004
 3.48118721815897E+0000	 3.24013883837634E-0004
 3.48732900309331E+0000	-1.49804305896317E-0004
 3.49336336803268E+0000	-6.03040578605452E-0004
 3.49930328710774E+0000	-1.01296831805909E-0003
 3.50516492910389E+0000	-1.36276180342412E-0003
 3.51096566764993E+0000	-1.64080756645547E-0003
 3.51672292823680E+0000	-1.83974970621603E-0003
 3.52245363287709E+0000	-1.95560796585600E-0003
 3.52817401162562E+0000	-1.98710133056052E-0003
 3.53389960873353E+0000	-1.93520734693442E-0003
 3.53964536244385E+0000	-1.80294760469864E-0003
 3.54542566631398E+0000	-1.59537738186728E-0003
 3.55125432793140E+0000	-1.31974889492894E-0003
 3.55714433607642E+0000	-9.85796568992011E-0004
 3.56310734534800E+0000	-6.06046688804222E-0004
 3.56915281637737E+0000	-1.95978752385777E-0004
 3.57528685094579E+0000	 2.26215969590317E-0004
 3.58151096255624E+0000	 6.40548226561297E-0004
 3.58782127078992E+0000	 1.02691422822062E-0003
 3.59420869819451E+0000	 1.36722288481731E-0003
 3.60066041426713E+0000	 1.64715595180545E-0003
 3.60716202130422E+0000	 1.85666959585942E-0003
 3.61369933525127E+0000	 1.98898101661935E-0003
 3.62025871490487E+0000	 2.03879094149103E-0003
 3.62682577730625E+0000	 2.00110642795962E-0003
 3.63338343039434E+0000	 1.87179179489238E-0003
 3.63991080265026E+0000	 1.64998493212939E-0003
 3.64638439415781E+0000	 1.34123129779576E-0003
 3.65278151063940E+0000	 9.59406520103837E-0004
 3.65908448218640E+0000	 5.26025987692262E-0004
 3.66528362915472E+0000	 6.71705219154380E-0005
 3.67137790323656E+0000	-3.90406432513051E-0004
 3.67737357573767E+0000	-8.22414649545098E-0004
 3.68328206328467E+0000	-1.20873598738899E-0003
 3.68911782413032E+0000	-1.53387395599872E-0003
 3.69489677248962E+0000	-1.78664106768983E-0003
 3.70063527783161E+0000	-1.95953602108007E-0003
 3.70634964038741E+0000	-2.04809860485071E-0003
 3.71205589577843E+0000	-2.05038927161204E-0003
 3.71776981918246E+0000	-1.96665693989570E-0003
 3.72350702451406E+0000	-1.79922068494332E-0003
 3.72928306594005E+0000	-1.55257744570719E-0003
 3.73511344086347E+0000	-1.23373933873026E-0003
 3.74101336555512E+0000	-8.52781298945842E-0004
 3.74699715706329E+0000	-4.23518885049502E-0004
 3.75307704131000E+0000	 3.58887596623470E-0005
 3.75926129270776E+0000	 5.02808633515460E-0004
 3.76555190495301E+0000	 9.51052648902781E-0004
 3.77194253059320E+0000	 1.35334223605155E-0003
 3.77841792333561E+0000	 1.68516204727637E-0003
 3.78495588502777E+0000	 1.92870590425441E-0003
 3.79153135047826E+0000	 2.07494658702400E-0003
 3.79812064568281E+0000	 2.12273978466415E-0003
 3.80470378255454E+0000	 2.07584281970887E-0003
 3.81126416725890E+0000	 1.93995975518850E-0003
 3.81778681604261E+0000	 1.72146810983908E-0003
 3.82425680549734E+0000	 1.42808175009090E-0003
 3.83065916925630E+0000	 1.07048849686656E-0003
 3.83698036541549E+0000	 6.63565872826595E-0004
 3.84321045456263E+0000	 2.26215504665638E-0004
 3.84934481411278E+0000	-2.20199225526425E-0004
 3.85538467140277E+0000	-6.54061648328893E-0004
 3.86133648639991E+0000	-1.05547860438744E-0003
 3.86721068834928E+0000	-1.40752975007946E-0003
 3.87302030879723E+0000	-1.69675113772723E-0003
 3.87877984914339E+0000	-1.91307192308861E-0003
 3.88450450152626E+0000	-2.04946988794958E-0003
 3.89020970655695E+0000	-2.10155334355273E-0003
 3.89591097697213E+0000	-2.06720193272005E-0003
 3.90162390641073E+0000	-1.94634516090508E-0003
 3.90736428540658E+0000	-1.74093041705579E-0003
 3.91314824239865E+0000	-1.45512348463918E-0003
 3.91899230412490E+0000	-1.09578085094380E-0003
 3.92491321966116E+0000	-6.73215361779612E-0004
 3.93092731643212E+0000	-2.02213068594125E-0004
 3.93704908363067E+0000	 2.96900312774641E-0004
 3.94328870771531E+0000	 7.97647730257501E-0004
 3.94964862232892E+0000	 1.26814300696359E-0003
 3.95611998692105E+0000	 1.67422346488521E-0003
 3.96268110968016E+0000	 1.98519572743265E-0003
 3.96929993203531E+0000	 2.18038991848607E-0003
 3.97594052062317E+0000	 2.25302777107387E-0003
 3.98257037086779E+0000	 2.20906953974328E-0003
 3.98916470392135E+0000	 2.06227139787703E-0003
 3.99570659600857E+0000	 1.82891444793121E-0003
 4.00218459600392E+0000	 1.52473697782777E-0003
 4.00859015078715E+0000	 1.16439247226890E-0003
 4.01491622086155E+0000	 7.62356775461794E-0004
 4.02115728242783E+0000	 3.33988437034745E-0004
 4.02731015686539E+0000	-1.04088261530600E-0004
 4.03337490576147E+0000	-5.34456364509817E-0004
 4.03935525598492E+0000	-9.39923330499281E-0004
 4.04525841636892E+0000	-1.30461068768503E-0003
 4.05109445512377E+0000	-1.61476885802967E-0003
 4.05687551227252E+0000	-1.85919580896901E-0003
 4.06261507089014E+0000	-2.02931241606299E-0003
 4.06832740720821E+0000	-2.11902199172326E-0003
 4.07402725283576E+0000	-2.12448375927522E-0003
 4.07972965250260E+0000	-2.04390408118972E-0003
 4.08544997871329E+0000	-1.87742446014191E-0003
 4.09120405316664E+0000	-1.62717323033221E-0003
 4.09700830739557E+0000	-1.29754800502142E-0003
 4.10287987734840E+0000	-8.95799966739609E-0004
 4.10883645490909E+0000	-4.32980401371466E-0004
 4.11489560545338E+0000	 7.47543577659065E-0005
 4.12107312666160E+0000	 6.04674267021888E-0004
 4.12737998935036E+0000	 1.12645180133127E-0003
 4.13381777731685E+0000	 1.60282274216000E-0003
 4.14037375083152E+0000	 1.99356157171459E-0003
 4.14701848370047E+0000	 2.26337903279026E-0003
 4.15370946821201E+0000	 2.39117559834650E-0003
 4.16040069754469E+0000	 2.37520278730923E-0003
 4.16705311837687E+0000	 2.23061125531627E-0003
 4.17364018349586E+0000	 1.98171140674804E-0003
 4.18014733265420E+0000	 1.65432166321366E-0003
 4.18656824912529E+0000	 1.27148357934344E-0003
 4.19290102427762E+0000	 8.52521847632619E-0004
 4.19914573066317E+0000	 4.13935540188414E-0004
 4.20530351191088E+0000	-2.92943673291034E-0005
 4.21137667398839E+0000	-4.62785941614924E-0004
 4.21736916229464E+0000	-8.72472410681670E-0004
 4.22328696480037E+0000	-1.24483908432038E-0003
 4.22913822434083E+0000	-1.56741328738717E-0003
 4.23493305640861E+0000	-1.82925447280452E-0003
 4.24068318694881E+0000	-2.02129654661179E-0003
 4.24640154628805E+0000	-2.13650711815793E-0003
 4.25210192072285E+0000	-2.16990237018130E-0003
 4.25779871541334E+0000	-2.11848673538867E-0003
 4.26350684442546E+0000	-1.98119083362119E-0003
 4.26924173947252E+0000	-1.75887839893251E-0003
 4.27501944991727E+0000	-1.45449523943708E-0003
 4.28085677942935E+0000	-1.07344392107606E-0003
 4.28677135275523E+0000	-6.24280773994414E-0004
 4.29278141025971E+0000	-1.19826366513700E-0004
 4.29890497344174E+0000	 4.21292740342884E-0004
 4.30515783443935E+0000	 9.72895057437174E-0004
 4.31154975506360E+0000	 1.50006740954533E-0003
 4.31807876594001E+0000	 1.96021930701477E-0003
 4.32472517215104E+0000	 2.30855940446989E-0003
 4.33144943595965E+0000	 2.50858307398800E-0003
 4.33819833899309E+0000	 2.54347446441176E-0003
 4.34491833547411E+0000	 2.42080517644896E-0003
 4.35156819489762E+0000	 2.16700385625392E-0003
 4.35812395551056E+0000	 1.81639272571737E-0003
 4.36457641090111E+0000	 1.40201577712230E-0003
 4.37092564672272E+0000	 9.51319355752477E-0004
 4.37717622631518E+0000	 4.85697536741139E-0004
 4.38333424701714E+0000	 2.18504818707687E-0005
 4.38940607885173E+0000	-4.26515400770338E-0004
 4.39539818687631E+0000	-8.47354730345684E-0004
 4.40131747207592E+0000	-1.22952928904359E-0003
 4.40717172252692E+0000	-1.56257841619529E-0003
 4.41296994105279E+0000	-1.83683980761301E-0003
 4.41872246968662E+0000	-2.04372798004212E-0003
 4.42444093792113E+0000	-2.17602398310393E-0003
 4.43013811011258E+0000	-2.22810134223087E-0003
 4.43582770920492E+0000	-2.19607613826466E-0003
 4.44152427226882E+0000	-2.07790908036239E-0003
 4.44724306730665E+0000	-1.87350749824087E-0003
 4.45300007807935E+0000	-1.58488638029160E-0003
 4.45881204097258E+0000	-1.21646031587456E-0003
 4.46469648291988E+0000	-7.75557093229320E-0004
 4.47067164242542E+0000	-2.73262515406269E-0004
 4.47675603190837E+0000	 2.74302696933792E-0004
 4.48296720229903E+0000	 8.44278763522039E-0004
 4.48931904505432E+0000	 1.40528191845871E-0003
 4.49581696356915E+0000	 1.91664195339808E-0003
 4.50245111669064E+0000	 2.33085171371821E-0003
 4.50919041041155E+0000	 2.60167548451720E-0003
 4.51598282303285E+0000	 2.69735928212137E-0003
 4.52276612420147E+0000	 2.61216246093610E-0003
 4.52948459971833E+0000	 2.36738942007230E-0003
 4.53610113011419E+0000	 2.00117318729430E-0003
 4.54259897812394E+0000	 1.55525905761402E-0003
 4.54897649034271E+0000	 1.06625293151443E-0003
 4.55524039587176E+0000	 5.62649695368444E-0004
 4.56140080169590E+0000	 6.54427546849701E-0005
 4.56746838618117E+0000	-4.09952066788848E-0004
 4.57345324749381E+0000	-8.51723487825956E-0004
 4.57936475228391E+0000	-1.25013964203026E-0003
 4.58521188493585E+0000	-1.59658294715679E-0003
 4.59100376061592E+0000	-1.88308984243697E-0003
 4.59675009608695E+0000	-2.10226919944064E-0003
 4.60246153941155E+0000	-2.24745410209690E-0003
 4.60814984230813E+0000	-2.31296115035434E-0003
 4.61382790916032E+0000	-2.29437488032484E-0003
 4.61950977376157E+0000	-2.18882329599856E-0003
 4.62521054805891E+0000	-1.99524973549074E-0003
 4.63094636864566E+0000	-1.71471253347193E-0003
 4.63673434400760E+0000	-1.35076161761777E-0003
 4.64259247729495E+0000	-9.09957395559783E-0004
 4.64853949412916E+0000	-4.02615420968530E-0004
 4.65459442044688E+0000	 1.56129443394791E-0004
 4.66077560424534E+0000	 7.44884184315428E-0004
 4.66709865397309E+0000	 1.33431706725956E-0003
 4.67357259001647E+0000	 1.88588353110198E-0003
 4.68019380441308E+0000	 2.35258334208049E-0003
 4.68693903584605E+0000	 2.68434776304895E-0003
 4.69376174454756E+0000	 2.83967152475485E-0003
 4.70059795700568E+0000	 2.79992389600273E-0003
 4.70738225153010E+0000	 2.57685697912710E-0003
 4.71406470962189E+0000	 2.20683485295717E-0003
 4.72061844824736E+0000	 1.73661294752926E-0003
 4.72703672822285E+0000	 1.21068331367196E-0003
 4.73332560231434E+0000	 6.65066136994192E-0004
 4.73949722887480E+0000	 1.26411552863956E-0004
 4.74556556689250E+0000	-3.86380731286568E-0004
 4.75154418635610E+0000	-8.59941244597696E-0004
 4.75744546559805E+0000	-1.28445469462294E-0003
 4.76328057957427E+0000	-1.65217888278076E-0003
 4.76905988838612E+0000	-1.95647400348978E-0003
 4.77479347856987E+0000	-2.19127872127318E-0003
 4.78049170082407E+0000	-2.35094059802653E-0003
 4.78616561568129E+0000	-2.43029887533865E-0003
 4.79182731424196E+0000	-2.42492582317527E-0003
 4.79749012096111E+0000	-2.33145819726817E-0003
 4.80316870432077E+0000	-2.14798514590198E-0003
 4.80887911932233E+0000	-1.87449301180929E-0003
 4.81463878791412E+0000	-1.51339421250263E-0003
 4.82046639401201E+0000	-1.07018518372710E-0003
 4.82638162770133E+0000	-5.54287904351644E-0004
 4.83240464929981E+0000	 1.98728095715196E-0005
 4.83855504113772E+0000	 6.31538629141584E-0004
 4.84484986229593E+0000	 1.25214277138400E-0003
 4.85130027092356E+0000	 1.84414212066267E-0003
 4.85790628212549E+0000	 2.36130835656087E-0003
 4.86465018913363E+0000	 2.75254226114259E-0003
 4.87149156896366E+0000	 2.97124114411039E-0003
 4.87836932083660E+0000	 2.98905598336729E-0003
 4.88521417986715E+0000	 2.80688157599871E-0003
 4.89196658077086E+0000	 2.45445874680199E-0003
 4.89858885923314E+0000	 1.97849912519815E-0003
 4.90506636204707E+0000	 1.42824358453688E-0003
 4.91140121860079E+0000	 8.46158053509363E-0004
 4.91760486806736E+0000	 2.64884332966458E-0004
 4.92369252391057E+0000	-2.92049251265083E-0004
 4.92967997659016E+0000	-8.08176505363729E-0004
 4.93558209469744E+0000	-1.27197158879637E-0003
 4.94141234995551E+0000	-1.67510349569482E-0003
 4.94718291080054E+0000	-2.01114855897908E-0003
 4.95290503173635E+0000	-2.27472834975680E-0003
 4.95858957081724E+0000	-2.46101564891065E-0003
 4.96424752533394E+0000	-2.56554586730080E-0003
 4.96989051544579E+0000	-2.58426883362829E-0003
 4.97553117943888E+0000	-2.51377997545929E-0003
 4.98118347108950E+0000	-2.35168524843510E-0003
 4.98686286292149E+0000	-2.09707920775666E-0003
 4.99258645434889E+0000	-1.75114376480246E-0003
 4.99837295955492E+0000	-1.31789840433765E-0003
 5.00424250673746E+0000	-8.05143111164710E-0004
 5.01021611776033E+0000	-2.25623208516637E-0004
 5.01631465529121E+0000	 4.01606537156780E-0004
 5.02255693139405E+0000	 1.04976654185827E-0003
 5.02895660977270E+0000	 1.68329110765532E-0003
 5.03551764309360E+0000	 2.25797917520969E-0003
 5.04222858406954E+0000	 2.72379372949290E-0003
 5.04905757084027E+0000	 3.03189416492606E-0003
 5.05595173575099E+0000	 3.14591924094739E-0003
 5.06284482226650E+0000	 3.05355507377953E-0003
 5.06967202883221E+0000	 2.77116730091916E-0003
 5.07638444508965E+0000	 2.33754105087256E-0003
 5.08295533447846E+0000	 1.80105072344865E-0003
 5.08937762573417E+0000	 1.20820011737090E-0003
 5.09565737781193E+0000	 5.97614997518405E-0004
 5.10180756707500E+0000	-1.23979006259129E-0006
 5.10784384219565E+0000	-5.66924399438359E-0004
 5.11378213669928E+0000	-1.08417354126678E-0003
 5.11963754544450E+0000	-1.54212385585152E-0003
 5.12542395929422E+0000	-1.93286838147541E-0003
 5.13115413681029E+0000	-2.25037113225450E-0003
 5.13684002188585E+0000	-2.48971575746742E-0003
 5.14249318572948E+0000	-2.64665325620939E-0003
 5.14812530771943E+0000	-2.71741209309322E-0003
 5.15374863413146E+0000	-2.69873159590210E-0003
 5.15937637546587E+0000	-2.58808061654645E-0003
 5.16502302058582E+0000	-2.38403291074229E-0003
 5.17070455284689E+0000	-2.08678840937584E-0003
 5.17643854370874E+0000	-1.69884987595939E-0003
 5.18224406960113E+0000	-1.22587764927663E-0003
 5.18814134859043E+0000	-6.77738143080764E-0004
 5.19415093151287E+0000	-6.97173924641158E-0005
 5.20029222707159E+0000	 5.76231096649793E-0004
 5.20658113294650E+0000	 1.23051064857929E-0003
 5.21302665455911E+0000	 1.85572683976607E-0003
 5.21962671333709E+0000	 2.40815045327160E-0003
 5.22636396482290E+0000	 2.84167813009148E-0003
 5.23320333038513E+0000	 3.11474750406254E-0003
 5.24009362677637E+0000	 3.19927705035594E-0003
 5.24697493764184E+0000	 3.08844765843558E-0003
 5.25379019810964E+0000	 2.79890367149272E-0003
 5.26049582013309E+0000	 2.36543461141092E-0003
 5.26706647210136E+0000	 1.83120418931317E-0003
 5.27349355596124E+0000	 1.23879358533609E-0003
 5.27978046713693E+0000	 6.25009127109937E-0004
 5.28593770963145E+0000	 1.92329724152337E-0005
 5.29197924361962E+0000	-5.56172610891707E-0004
 5.29792018071480E+0000	-1.08465151903347E-0003
 5.30377550422791E+0000	-1.55409525531803E-0003
 5.30955948183794E+0000	-1.95561527165845E-0003
 5.31528553007622E+0000	-2.28254369589827E-0003
 5.32096636531456E+0000	-2.52969217457991E-0003
 5.32661432069754E+0000	-2.69287108130489E-0003
 5.33224173583700E+0000	-2.76865487851027E-0003
 5.33786134782825E+0000	-2.75436739710934E-0003
 5.34348663241751E+0000	-2.64825513366375E-0003
 5.34913206054791E+0000	-2.44981950878665E-0003
 5.35481324263834E+0000	-2.16028860103866E-0003
 5.36054692647037E+0000	-1.78321860490343E-0003
 5.36635079439760E+0000	-1.32521511968662E-0003
 5.37224297836628E+0000	-7.96743195044442E-0004
 5.37824119254724E+0000	-2.12944750811335E-0004
 5.38436139759929E+0000	 4.05693990308692E-0004
 5.39061598021204E+0000	 1.03305809983971E-0003
 5.39701155044099E+0000	 1.63776539801761E-0003
 5.40354657339035E+0000	 2.18439833326397E-0003
 5.41020911545495E+0000	 2.63578860862756E-0003
 5.41697510783085E+0000	 2.95658359847285E-0003
 5.42380796508631E+0000	 3.11827929000213E-0003
 5.43066098444981E+0000	 3.10514757287613E-0003
 5.43748351118110E+0000	 2.91886219028595E-0003
 5.44422948018155E+0000	 2.57887286293310E-0003
 5.45086460738772E+0000	 2.11769803538210E-0003
 5.45736928522615E+0000	 1.57364071513456E-0003
 5.46373730097396E+0000	 9.84338045242754E-0004
 5.46997243291968E+0000	 3.82839998979929E-0004
 5.47608480165562E+0000	-2.03921007181601E-0004
 5.48208790014379E+0000	-7.55102006726377E-0004
 5.48799652967515E+0000	-1.25512869461885E-0003
 5.49382555883034E+0000	-1.69259469520540E-0003
 5.49958932616819E+0000	-2.05918308125253E-0003
 5.50530149640082E+0000	-2.34877147768696E-0003
 5.51097519900290E+0000	-2.55679138365084E-0003
 5.51662330769816E+0000	-2.67985385825982E-0003
 5.52225875221927E+0000	-2.71561720403668E-0003
 5.52789478639056E+0000	-2.66285303202611E-0003
 5.53354516453870E+0000	-2.52166186126443E-0003
 5.53922419719190E+0000	-2.29379308110930E-0003
 5.54494666563068E+0000	-1.98302922493050E-0003
 5.55072757693088E+0000	-1.59559367576104E-0003
 5.55658174574600E+0000	-1.14053091126952E-0003
 5.56252320734628E+0000	-6.29994834208257E-0004
 5.56856450311077E+0000	-7.93813862049089E-0005
 5.57471591830096E+0000	 4.92718951516741E-0004
 5.58098474345130E+0000	 1.06468908971641E-0003
 5.58737451405924E+0000	 1.61204194379504E-0003
 5.59388396536454E+0000	 2.10751266425616E-0003
 5.60050530200253E+0000	 2.52140137201878E-0003
 5.60722169272216E+0000	 2.82305545379848E-0003
 5.61400492887974E+0000	 2.98460096066731E-0003
 5.62081543315835E+0000	 2.98700166700091E-0003
 5.62760663513731E+0000	 2.82620683795386E-0003
 5.63433306003482E+0000	 2.51570756921528E-0003
 5.64095845116617E+0000	 2.08363921971242E-0003
 5.64746029630611E+0000	 1.56618039791963E-0003
 5.65382992148875E+0000	 1.00065782931992E-0003
 5.66006966832028E+0000	 4.20682306951522E-0004
 5.66618913695613E+0000	-1.46171868134533E-0004
 5.67220182692583E+0000	-6.78717495710782E-0004
 5.67812272602151E+0000	-1.16138173562346E-0003
 5.68396688089828E+0000	-1.58300928484167E-0003
 5.68974874595945E+0000	-1.93568478806890E-0003
 5.69548204774056E+0000	-2.21379704222087E-0003
 5.70117992734212E+0000	-2.41341657815916E-0003
 5.70685517952478E+0000	-2.53196785864075E-0003
 5.71252046859578E+0000	-2.56813140175628E-0003
 5.71818845595568E+0000	-2.52189628472925E-0003
 5.72387181587111E+0000	-2.39468800130145E-0003
 5.72958314385006E+0000	-2.18950979161095E-0003
 5.73533478032172E+0000	-1.91105002557344E-0003
 5.74113858780335E+0000	-1.56572313581734E-0003
 5.74700573580107E+0000	-1.16163320169136E-0003
 5.75294655838974E+0000	-7.08487322834649E-0004
 5.75897053573582E+0000	-2.17544439041989E-0004
 5.76508638513249E+0000	 2.98250997158056E-0004
 5.77130211066766E+0000	 8.23777154720938E-0004
 5.77762467092807E+0000	 1.34079809999008E-0003
 5.78405876210252E+0000	 1.82676626910234E-0003
 5.79060425117439E+0000	 2.25403227360746E-0003
 5.79725230438439E+0000	 2.59069536176874E-0003
 5.80398144526231E+0000	 2.80445713476144E-0003
 5.81075616394796E+0000	 2.86966138397318E-0003
 5.81753062425762E+0000	 2.77510589264649E-0003
 5.82425719215155E+0000	 2.52835895222622E-0003
 5.83089592916662E+0000	 2.15391653558788E-0003
 5.83742064652867E+0000	 1.68653594703114E-0003
 5.84381990880966E+0000	 1.16349116400927E-0003
 5.85009432079174E+0000	 6.18780556417465E-0004
 5.85625241910881E+0000	 8.02570596817760E-0005
 5.86230691010612E+0000	-4.30860715246791E-0004
 5.86827201227274E+0000	-8.99128940944707E-0004
 5.87416195202915E+0000	-1.31355389898131E-0003
 5.87999033538234E+0000	-1.66634408169629E-0003
 5.88577004832402E+0000	-1.95197949727682E-0003
 5.89151339211588E+0000	-2.16663749141142E-0003
 5.89723225520358E+0000	-2.30790547151951E-0003
 5.90293821959491E+0000	-2.37467130171582E-0003
 5.90864257511497E+0000	-2.36708766039798E-0003
 5.91435626323210E+0000	-2.28653493577865E-0003
 5.92008979673388E+0000	-2.13554199496864E-0003
 5.92585321006987E+0000	-1.91765808099729E-0003
 5.93165609274904E+0000	-1.63730207458840E-0003
 5.93750774393806E+0000	-1.29964931237306E-0003
 5.94341745453961E+0000	-9.10649397484581E-0004
 5.94939486688257E+0000	-4.77292316039593E-0004
 5.95545027899589E+0000	-8.23881707700668E-0006
 5.96159465463768E+0000	 4.85117900844397E-0004
 5.96783898801090E+0000	 9.87220531600352E-0004
 5.97419260205826E+0000	 1.47686130523282E-0003
 5.98066006311934E+0000	 1.92636853378753E-0003
 5.98723691980300E+0000	 2.30265090537477E-0003
 5.99390559131218E+0000	 2.57129549389406E-0003
 6.00063392904601E+0000	 2.70370424431125E-0003
 6.00737873237771E+0000	 2.68486158970341E-0003
 6.01409384359940E+0000	 2.51777797176951E-0003
 6.02073928257117E+0000	 2.22217840624166E-0003
 6.02728738420700E+0000	 1.82854115777748E-0003
 6.03372427568254E+0000	 1.37081086158394E-0003
 6.04004768756910E+0000	 8.80681257399542E-0004
 6.04626319359506E+0000	 3.84581849468064E-0004
 6.05238062315084E+0000	-9.69803562043195E-0005
 6.05841150257963E+0000	-5.48687921606697E-0004
 6.06436763509096E+0000	-9.59198593626484E-0004
 6.07026053634964E+0000	-1.32002842069986E-0003
 6.07610134410901E+0000	-1.62477071573160E-0003
 6.08190089092116E+0000	-1.86865119422215E-0003
 6.08766976205016E+0000	-2.04830511852648E-0003
 6.09341828400779E+0000	-2.16164634448067E-0003
 6.09915646795321E+0000	-2.20773727055645E-0003
 6.10489396385608E+0000	-2.18662310291254E-0003
 6.11064007998887E+0000	-2.09914048726969E-0003
 6.11640390370648E+0000	-1.94674248488246E-0003
 6.12219453337276E+0000	-1.73140063692636E-0003
 6.12802140137966E+0000	-1.45565367154297E-0003
 6.13389463437942E+0000	-1.12287294057937E-0003
 6.13982535677152E+0000	-7.37805918182159E-0004
 6.14582579323805E+0000	-3.07435243583384E-0004
 6.15190896320012E+0000	 1.57863772804436E-0004
 6.15808769540054E+0000	 6.43000994676157E-0004
 6.16437267745421E+0000	 1.12703865945441E-0003
 6.17076942422981E+0000	 1.58292552432580E-0003
 6.17727457996156E+0000	 1.97903426948084E-0003
 6.18387284979322E+0000	 2.28319273005977E-0003
 6.19053648316786E+0000	 2.46873165359012E-0003
 6.19722857802827E+0000	 2.52043559820064E-0003
 6.20390944286079E+0000	 2.43771358896931E-0003
 6.21054347374279E+0000	 2.23368765565883E-0003
 6.21710401225486E+0000	 1.93104064509582E-0003
 6.22357505475192E+0000	 1.55666722250200E-0003
 6.22995018976326E+0000	 1.13706628845192E-0003
 6.23623001241877E+0000	 6.95545757479810E-0004
 6.24241935913346E+0000	 2.51299392354286E-0004
 6.24852522844043E+0000	-1.80263046020236E-0004
 6.25455561735072E+0000	-5.86709836258929E-0004
 6.26051905506252E+0000	-9.57857436460353E-0004
 6.26642447305355E+0000	-1.28532529836917E-0003
 6.27228113532429E+0000	-1.56232899538043E-0003
 6.27809851635015E+0000	-1.78357068275831E-0003
