-1.01247150086478E-0003	-1.84088258505522E-0003
 4.79060671141321E-0003	-1.62944190660290E-0003
 1.06378274515183E-0002	-1.35961413430403E-0003
 1.65390636566214E-0002	-1.03981726150966E-0003
 2.25027323532645E-0002	-6.80051579664189E-0004
 2.85355813503985E-0002	-2.91628031214733E-0004
 3.46425845851271E-0002	 1.13098195349443E-0004
 4.08269073076017E-0002	 5.20901497857225E-0004
 4.70898280713969E-0002	 9.17724958579635E-0004
 5.34304800675921E-0002	 1.28864456889776E-0003
 5.98453352261631E-0002	 1.61792175754472E-0003
 6.63274757602375E-0002	 1.88934636204866E-0003
 7.28658131737122E-0002	 2.08703247042299E-0003
 7.94444928069886E-0002	 2.19675913064526E-0003
 8.60428155992345E-0002	 2.20786573044178E-0003
 9.26361372829975E-0002	 2.11549616992233E-0003
 9.91981241847396E-0002	 1.92252748390910E-0003
 1.05704115417404E-0001	 1.64015705200042E-0003
 1.12134459750820E-0001	 1.28652547888040E-0003
 1.18476520732114E-0001	 8.83861435007076E-0004
 1.24724888900076E-0001	 4.55396087126698E-0004
 1.30880325082069E-0001	 2.30480806976267E-0005
 1.36948259553334E-0001	-3.93868229014775E-0004
 1.42937390916571E-0001	-7.79161398642287E-0004
 1.48858564935399E-0001	-1.11984487545548E-0003
 1.54723921266871E-0001	-1.40600859483767E-0003
 1.60546250912173E-0001	-1.63059557711290E-0003
 1.66338515445906E-0001	-1.78914155222185E-0003
 1.72113488667759E-0001	-1.87951210265654E-0003
 1.77883483742288E-0001	-1.90165665190274E-0003
 1.83660131830956E-0001	-1.85738181050670E-0003
 1.89454188876188E-0001	-1.75012990188042E-0003
 1.95275367595886E-0001	-1.58473886333315E-0003
 2.01132217752536E-0001	-1.36716531388417E-0003
 2.07032098088905E-0001	-1.10417880227116E-0003
 2.12981281090896E-0001	-8.03078212774375E-0004
 2.18985193203452E-0001	-4.71522059731389E-0004
 2.25048722195701E-0001	-1.17572962204320E-0004
 2.31176449129868E-0001	 2.49989530008418E-0004
 2.37372626054301E-0001	 6.21128860503492E-0004
 2.43640748649868E-0001	 9.83935320511828E-0004
 2.49982661873916E-0001	 1.32416828040204E-0003
 2.56397258981062E-0001	 1.62522170475233E-0003
 2.62878958791081E-0001	 1.86875670348631E-0003
 2.69416269616074E-0001	 2.03619533267298E-0003
 2.75990922080387E-0001	 2.11117440277142E-0003
 2.82578274476528E-0001	 2.08275808904759E-0003
 2.89149646093690E-0001	 1.94855766282832E-0003
 2.95676436385958E-0001	 1.71631466909404E-0003
 3.02134634496187E-0001	 1.40289337028802E-0003
 3.08507895272039E-0001	 1.03107509581226E-0003
 3.14788339419194E-0001	 6.25700501361505E-0004
 3.20975561583415E-0001	 2.10557008996567E-0004
 3.27074848810037E-0001	-1.93494258482303E-0004
 3.33095358657277E-0001	-5.69340272740135E-0004
 3.39048584236330E-0001	-9.03763142952869E-0004
 3.44947173190437E-0001	-1.18721550452090E-0003
 3.50804068148155E-0001	-1.41341612928057E-0003
 3.56631910095350E-0001	-1.57888018792292E-0003
 3.62442642498108E-0001	-1.68244930844680E-0003
 3.68247259524553E-0001	-1.72485104728908E-0003
 3.74055656045329E-0001	-1.70829110691066E-0003
 3.79876559657568E-0001	-1.63606734276088E-0003
 3.85717550628384E-0001	-1.51219725801754E-0003
 3.91585193647299E-0001	-1.34107248326514E-0003
 3.97485301878938E-0001	-1.12718842620685E-0003
 4.03423320576237E-0001	-8.75027256852097E-0004
 4.09404761479671E-0001	-5.89174965726938E-0004
 4.15435564184070E-0001	-2.74715706603146E-0004
 4.21522233336063E-0001	 6.21225720804908E-0005
 4.27671612884373E-0001	 4.13175018303986E-0004
 4.33890205224805E-0001	 7.67569675080026E-0004
 4.40183013985955E-0001	 1.11119748488707E-0003
 4.46551977847148E-0001	 1.42666383546815E-0003
 4.52994165065769E-0001	 1.69396547119693E-0003
 4.59500031729904E-0001	 1.89212466935588E-0003
 4.66052272628878E-0001	 2.00193817074813E-0003
 4.72626089885192E-0001	 2.00965678145073E-0003
 4.79191675716546E-0001	 1.91063636146310E-0003
 4.85718785872412E-0001	 1.71128885293836E-0003
 4.92181823163869E-0001	 1.42809466999011E-0003
 4.98563343579809E-0001	 1.08409348781559E-0003
 5.04855002777534E-0001	 7.04592776360836E-0004
 5.11056459620088E-0001	 3.13682917622764E-0004
 5.17173353234056E-0001	-6.78532774394937E-0005
 5.23215211169942E-0001	-4.23418089524117E-0004
 5.29193686463884E-0001	-7.40677666666003E-0004
 5.35121222472260E-0001	-1.01119488629937E-0003
 5.41010117160093E-0001	-1.22985068153351E-0003
 5.46871919263483E-0001	-1.39419632570649E-0003
 5.52717083466138E-0001	-1.50381781323852E-0003
 5.58554820694189E-0001	-1.55975245144916E-0003
 5.64393096971358E-0001	-1.56397225930595E-0003
 5.70238755617944E-0001	-1.51893922002504E-0003
 5.76097755009188E-0001	-1.42724487822806E-0003
 5.81975516726875E-0001	-1.29136669529713E-0003
 5.87877359545215E-0001	-1.11359251240177E-0003
 5.93808958349552E-0001	-8.96165023194960E-0004
 5.99776731581752E-0001	-6.41671476831108E-0004
 6.05788044461943E-0001	-3.53657640998818E-0004
 6.11851122859647E-0001	-3.73963095566992E-0005
 6.17974595938726E-0001	 2.99300648143513E-0004
 6.24166617750558E-0001	 6.45374344401204E-0004
 6.30433563363443E-0001	 9.86099180882697E-0004
 6.36778362204431E-0001	 1.30316743383259E-0003
 6.43198625210850E-0001	 1.57551681197765E-0003
 6.49684871359471E-0001	 1.78115018763702E-0003
 6.56219428531970E-0001	 1.90011700318407E-0003
 6.62776907325753E-0001	 1.91841503009894E-0003
 6.69327042145839E-0001	 1.83170537897568E-0003
 6.75839611811645E-0001	 1.64705665033539E-0003
 6.82289644157063E-0001	 1.38156470747379E-0003
 6.88660767988033E-0001	 1.05849160377887E-0003
 6.94945865928930E-0001	 7.02811748951759E-0004
 7.01145697056180E-0001	 3.37744457164653E-0004
 7.07266672002610E-0001	-1.72167481911408E-0005
 7.13318640712810E-0001	-3.47020832347802E-0004
 7.19313075416230E-0001	-6.40967393477685E-0004
 7.25261734266291E-0001	-8.92172819742991E-0004
 7.31175769726606E-0001	-1.09683540837835E-0003
 7.37065211845306E-0001	-1.25344817187510E-0003
 7.42938752944600E-0001	-1.36205089431258E-0003
 7.48803765399456E-0001	-1.42357680967758E-0003
 7.54666493415252E-0001	-1.43932530843986E-0003
 7.60532371458124E-0001	-1.41057893825772E-0003
 7.66406430865959E-0001	-1.33838110040236E-0003
 7.72293754536337E-0001	-1.22349527618296E-0003
 7.78199925704544E-0001	-1.06656588604455E-0003
 7.84131399736074E-0001	-8.68485724308667E-0004
 7.90095720509676E-0001	-6.30947732076082E-0004
 7.96101509444554E-0001	-3.57131196211407E-0004
 8.02158167712317E-0001	-5.24514300111723E-0005
 8.08275242584566E-0001	 2.74718171077332E-0004
 8.14461421710175E-0001	 6.12473370158158E-0004
 8.20723149846484E-0001	 9.45120265835459E-0004
 8.27062924068126E-0001	 1.25344066709397E-0003
 8.33477426877459E-0001	 1.51573243059665E-0003
 8.39955842909756E-0001	 1.70989167354520E-0003
 8.46479025887113E-0001	 1.81667079346144E-0003
 8.53020477182858E-0001	 1.82370389319227E-0003
 8.59549786787564E-0001	 1.72895594264997E-0003
 8.66037877943900E-0001	 1.54178499892737E-0003
 8.72461993437391E-0001	 1.28080750872512E-0003
 8.78808429121376E-0001	 9.69629514702492E-0004
 8.85072547246853E-0001	 6.32440561738789E-0004
 8.91256987732335E-0001	 2.90865319619085E-0004
 8.97369280105489E-0001	-3.76338102415932E-0005
 9.03419630432187E-0001	-3.40156626548729E-0004
 9.09419184481243E-0001	-6.08034211917702E-0004
 9.15378807985038E-0001	-8.36118605922070E-0004
 9.21308333614902E-0001	-1.02191633211586E-0003
 9.27216205143693E-0001	-1.16470855611999E-0003
 9.33109445413675E-0001	-1.26475699224465E-0003
 9.38993869346581E-0001	-1.32266486537272E-0003
 9.44874459937154E-0001	-1.33893367646242E-0003
 9.50755830134826E-0001	-1.31373028273363E-0003
 9.56642704763359E-0001	-1.24686126597033E-0003
 9.62540365950122E-0001	-1.13794314802161E-0003
 9.68455008871366E-0001	-9.86750399933402E-0004
 9.74393956603979E-0001	-7.93712592573578E-0004
 9.80365689091990E-0001	-5.60520183362452E-0004
 9.86379649124411E-0001	-2.90790897182423E-0004
 9.92445789879728E-0001	 9.25712631918616E-0006
 9.98573822901332E-0001	 3.30195484666810E-0004
 1.00477212501151E+0000	 6.58946718742004E-0004
 1.01104628798143E+0000	 9.78682292331616E-0004
 1.01739736422997E+0000	 1.26928993224429E-0003
 1.02382000128594E+0000	 1.50870234868734E-0003
 1.03030091823500E+0000	 1.67537113353858E-0003
 1.03681855093589E+0000	 1.75190258897905E-0003
 1.04334485411575E+0000	 1.72912548617736E-0003
 1.04984956543483E+0000	 1.60893368982431E-0003
 1.05630569168438E+0000	 1.40422666064644E-0003
 1.06269392026687E+0000	 1.13576538258924E-0003
 1.06900434982607E+0000	 8.27541361825625E-0004
 1.07523564682773E+0000	 5.02645891386495E-0004
 1.08139281356973E+0000	 1.80680256155560E-0004
 1.08748471257860E+0000	-1.23304380198617E-0004
 1.09352196148343E+0000	-3.98809894155461E-0004
 1.09951537876772E+0000	-6.39302020156484E-0004
 1.10547496341403E+0000	-8.41342521018039E-0004
 1.11140934132737E+0000	-1.00363438418235E-0003
 1.11732560777903E+0000	-1.12610975224028E-0003
 1.12322948818231E+0000	-1.20916102759965E-0003
 1.12912572291470E+0000	-1.25308806758880E-0003
 1.13501857069025E+0000	-1.25779614603972E-0003
 1.14091233243941E+0000	-1.22273891096745E-0003
 1.14681182097014E+0000	-1.14707332080706E-0003
 1.15272272652730E+0000	-1.02998447692025E-0003
 1.15865184459436E+0000	-8.71139334839955E-0004
 1.16460714089523E+0000	-6.71230423595632E-0004
 1.17059763360120E+0000	-4.32572584910849E-0004
 1.17663307225431E+0000	-1.59718498866114E-0004
 1.18272338192207E+0000	 1.39943765213947E-0004
 1.18887782261220E+0000	 4.55669650198260E-0004
 1.19510380507017E+0000	 7.73024658256770E-0004
 1.20140533240749E+0000	 1.07393338146452E-0003
 1.20778113747742E+0000	 1.33740457270013E-0003
 1.21422280607857E+0000	 1.54129188610019E-0003
 1.22071354703502E+0000	 1.66534590163550E-0003
 1.22722863825349E+0000	 1.69529507816175E-0003
 1.23373840909154E+0000	 1.62672355015593E-0003
 1.24021341458501E+0000	 1.46682324410473E-0003
 1.24662985626195E+0000	 1.23281094330104E-0003
 1.25297295753392E+0000	 9.47730130083321E-0004
 1.25923739640132E+0000	 6.35701946941641E-0004
 1.26542556253076E+0000	 3.18358082733215E-0004
 1.27154498554456E+0000	 1.29928575612664E-0005
 1.27760590525537E+0000	-2.67891552617473E-0004
 1.28361938345769E+0000	-5.16195297132017E-0004
 1.28959600691878E+0000	-7.27413037696137E-0004
 1.29554511113170E+0000	-8.99664804556059E-0004
 1.30147444399812E+0000	-1.03271770170113E-0003
 1.30739019616830E+0000	-1.12710856974212E-0003
 1.31329731459842E+0000	-1.18345888105277E-0003
 1.31919999368205E+0000	-1.20204468774800E-0003
 1.32510222754913E+0000	-1.18263867031590E-0003
 1.33100832298398E+0000	-1.12459486648680E-0003
 1.33692330742924E+0000	-1.02712061449910E-0003
 1.34285319991102E+0000	-8.89679318092851E-0004
 1.34880513107504E+0000	-7.12479401501689E-0004
 1.35478730361773E+0000	-4.97016088333908E-0004
 1.36080878242398E+0000	-2.46640215168480E-0004
 1.36687909407087E+0000	 3.28672394893023E-0005
 1.37300759358414E+0000	 3.32742350222974E-0004
 1.37920252722936E+0000	 6.40768764920582E-0004
 1.38546970795354E+0000	 9.41032178231476E-0004
 1.39181077045267E+0000	 1.21416321814894E-0003
 1.39822114839698E+0000	 1.43846305116241E-0003
 1.40468827150143E+0000	 1.59232298773495E-0003
 1.41119094784609E+0000	 1.65801879618120E-0003
 1.41770107509101E+0000	 1.62609076677696E-0003
 1.42418805981001E+0000	 1.49848968235015E-0003
 1.43062463642537E+0000	 1.28863095613017E-0003
 1.43699159638135E+0000	 1.01809849869600E-0003
 1.44327963622436E+0000	 7.11697666085043E-0004
 1.44948839835087E+0000	 3.93041970385144E-0004
 1.45562400705559E+0000	 8.18441748922873E-0005
 1.46169638678510E+0000	-2.07104776333048E-0004
 1.46771704632775E+0000	-4.63824966637105E-0004
 1.47369750082560E+0000	-6.82449164511394E-0004
 1.47964827080704E+0000	-8.60286268106960E-0004
 1.48557835199635E+0000	-9.96834664940969E-0004
 1.49149506882333E+0000	-1.09285436771799E-0003
 1.49740423839748E+0000	-1.14958187961976E-0003
 1.50331056144953E+0000	-1.16815933299459E-0003
 1.50921813652314E+0000	-1.14932159682795E-0003
 1.51513098860091E+0000	-1.09334015717575E-0003
 1.52105352563434E+0000	-1.00018091752096E-0003
 1.52699087464565E+0000	-8.69815363525528E-0004
 1.53294908051846E+0000	-7.02632241196912E-0004
 1.53893516313058E+0000	-4.99914421186884E-0004
 1.54495702641382E+0000	-2.64358855389085E-0004
 1.55102320375552E+0000	-6.24232709985355E-0007
 1.55714240630819E+0000	 2.84108174661992E-0004
 1.56332280889700E+0000	 5.79591072506176E-0004
 1.56957097194028E+0000	 8.72073714763955E-0004
 1.57589029857791E+0000	 1.14418048605698E-0003
 1.58227904006385E+0000	 1.37548519375277E-0003
 1.58872817432390E+0000	 1.54427950386259E-0003
 1.59521999080980E+0000	 1.63087468649289E-0003
 1.60172863057487E+0000	 1.62206582842936E-0003
 1.60822349222709E+0000	 1.51523260535141E-0003
 1.61467491633096E+0000	 1.31991729926199E-0003
 1.62105985458790E+0000	 1.05574439252118E-0003
 1.62736510318704E+0000	 7.47717282289864E-0004
 1.63358736060104E+0000	 4.21207975461590E-0004
 1.63973111226725E+0000	 9.84007943629879E-0005
 1.64580582531850E+0000	-2.03386677478080E-0004
 1.65182344265707E+0000	-4.71959655899758E-0004
 1.65779652942582E+0000	-6.99711044149316E-0004
 1.66373705587944E+0000	-8.82754163827700E-0004
 1.66965568732020E+0000	-1.01997270659529E-0003
 1.67556146176757E+0000	-1.11210691346570E-0003
 1.68146177105943E+0000	-1.16094210102963E-0003
 1.68736257801444E+0000	-1.16865298056571E-0003
 1.69326879619073E+0000	-1.13734926144908E-0003
 1.69918474591484E+0000	-1.06884538142488E-0003
 1.70511460126548E+0000	-9.64642180083763E-0004
 1.71106276524306E+0000	-8.26079133395277E-0004
 1.71703414235266E+0000	-6.54608419547501E-0004
 1.72303429949308E+0000	-4.52154951282444E-0004
 1.72906950864410E+0000	-2.21543901684675E-0004
 1.73514665442925E+0000	 3.30131866031296E-0005
 1.74127297292165E+0000	 3.05381767141746E-0004
 1.74745556146734E+0000	 5.86934485893518E-0004
 1.75370055962747E+0000	 8.66003520492005E-0004
 1.76001187262743E+0000	 1.12750928598275E-0003
 1.76638936208389E+0000	 1.35309218311541E-0003
 1.77282666869066E+0000	 1.52225500686419E-0003
 1.77930931317783E+0000	 1.61501211343658E-0003
 1.78581426610973E+0000	 1.61603270794549E-0003
 1.79231220321841E+0000	 1.51916789729513E-0003
 1.79877253735557E+0000	 1.33024176336585E-0003
 1.80516944785535E+0000	 1.06634758663632E-0003
 1.81148624850051E+0000	 7.51863685318596E-0004
 1.81771659152508E+0000	 4.13259105456192E-0004
 1.82386297492660E+0000	 7.48512461475186E-0005
 1.82993402768962E+0000	-2.43558691585029E-0004
 1.83594181911473E+0000	-5.27394566524332E-0004
 1.84189976754501E+0000	-7.67003283247767E-0004
 1.84782122680732E+0000	-9.56898935194537E-0004
 1.85371862346637E+0000	-1.09488265089287E-0003
 1.85960299293694E+0000	-1.18119072549904E-0003
 1.86548380059741E+0000	-1.21773190171688E-0003
 1.87136897250922E+0000	-1.20744236643407E-0003
 1.87726507885180E+0000	-1.15378053724243E-0003
 1.88317761454335E+0000	-1.06037865140719E-0003
 1.88911131900255E+0000	-9.30853766993661E-0004
 1.89507048395299E+0000	-7.68760744957332E-0004
 1.90105921765034E+0000	-5.77657260157075E-0004
 1.90708165493802E+0000	-3.61255854905167E-0004
 1.91314210947517E+0000	-1.23656092100725E-0004
 1.91924515206464E+0000	 1.30334451384198E-0004
 1.92539557484600E+0000	 3.94779671845258E-0004
 1.93159817210882E+0000	 6.62097507961787E-0004
 1.93785723309573E+0000	 9.22482631622678E-0004
 1.94417560891745E+0000	 1.16338639184591E-0003
 1.95055323494777E+0000	 1.36932211672946E-0003
 1.95698515949927E+0000	 1.52245483660048E-0003
 1.96345953189226E+0000	 1.60451130633876E-0003
 1.96995654980598E+0000	 1.60023080482926E-0003
 1.97644961819582E+0000	 1.50168200049400E-0003
 1.98290928392962E+0000	 1.31167783114447E-0003
 1.98930886105633E+0000	 1.04433155443031E-0003
 1.99562934629013E+0000	 7.22222184957954E-0004
 2.00186166378499E+0000	 3.71624963023396E-0004
 2.00800604510802E+0000	 1.79896076916943E-0005
 2.01406972336033E+0000	-3.16989131537699E-0004
 2.02006427932909E+0000	-6.16580740159517E-0004
 2.02600342280775E+0000	-8.69038153653632E-0004
 2.03190143046674E+0000	-1.06702069846647E-0003
 2.03777216327148E+0000	-1.20682397911013E-0003
 2.04362850383463E+0000	-1.28762209258688E-0003
 2.04948207196316E+0000	-1.31080238588178E-0003
 2.05534311815213E+0000	-1.27941368418581E-0003
 2.06122052786392E+0000	-1.19772728233777E-0003
 2.06712188839105E+0000	-1.07090249679904E-0003
 2.07305358072923E+0000	-9.04742041240019E-0004
 2.07902087018719E+0000	-7.05513739998319E-0004
 2.08502798773782E+0000	-4.79809653253537E-0004
 2.09107821694260E+0000	-2.34421764302158E-0004
 2.09717401502574E+0000	 2.37597171916442E-0005
 2.10331718465152E+0000	 2.87783365676265E-0004
 2.10950907103181E+0000	 5.50544179661170E-0004
 2.11575070080236E+0000	 8.04507091678305E-0004
 2.12204272347820E+0000	 1.04124062761687E-0003
 2.12838498020042E+0000	 1.25084809945803E-0003
 2.13477554168105E+0000	 1.42152886576497E-0003
 2.14120919509051E+0000	 1.53967638889670E-0003
 2.14767568241685E+0000	 1.59101344493530E-0003
 2.15415845135415E+0000	 1.56307266809102E-0003
 2.16063498068026E+0000	 1.44868536534990E-0003
 2.16707939823428E+0000	 1.24922980814037E-0003
 2.17346693540640E+0000	 9.75953128799522E-0004
 2.17977849035561E+0000	 6.48450827537488E-0004
 2.18600341891402E+0000	 2.90984952028048E-0004
 2.19213983949475E+0000	-7.16394463417913E-0005
 2.19819308361198E+0000	-4.17190043634255E-0004
 2.20417343181378E+0000	-7.27633904388823E-0004
 2.21009399871199E+0000	-9.89545349567275E-0004
 2.21596913797784E+0000	-1.19380347858600E-0003
 2.22181339316940E+0000	-1.33500180887171E-0003
 2.22764087515643E+0000	-1.41082318899279E-0003
 2.23346492408385E+0000	-1.42149850427329E-0003
 2.23929793719108E+0000	-1.36938891443056E-0003
 2.24515127274571E+0000	-1.25869186715728E-0003
 2.25103516212181E+0000	-1.09524982706095E-0003
 2.25695857887146E+0000	-8.86423356893894E-0004
 2.26292903379504E+0000	-6.40971827110723E-0004
 2.26895229729288E+0000	-3.68869803135664E-0004
 2.27503209808243E+0000	-8.09883975304365E-0005
 2.28116989998923E+0000	 2.11393028248507E-0004
 2.28736488499529E+0000	 4.97199847616645E-0004
 2.29361423160115E+0000	 7.66154770952674E-0004
 2.29991365941810E+0000	 1.00914283320294E-0003
 2.30625805403072E+0000	 1.21817769372528E-0003
 2.31264187037744E+0000	 1.38594958600567E-0003
 2.31905901601936E+0000	 1.50516071955190E-0003
 2.32550208240018E+0000	 1.56806706574961E-0003
 2.33196111277824E+0000	 1.56673022080715E-0003
 2.33842247628064E+0000	 1.49431990747416E-0003
 2.34486865539453E+0000	 1.34734170186106E-0003
 2.35127958121417E+0000	 1.12803014065258E-0003
 2.35763545050792E+0000	 8.45750431761365E-0004
 2.36392006922529E+0000	 5.16547820912583E-0004
 2.37012339257514E+0000	 1.60929932863567E-0004
 2.37624243141264E+0000	-1.99147927249393E-0004
 2.38228060860779E+0000	-5.42968901155882E-0004
 2.38824624353200E+0000	-8.52782766404448E-0004
 2.39415087460708E+0000	-1.11454271398630E-0003
 2.40000784935337E+0000	-1.31794263728884E-0003
 2.40583132193980E+0000	-1.45609415145407E-0003
 2.41163562575778E+0000	-1.52509684298389E-0003
 2.41743492241662E+0000	-1.52365143428345E-0003
 2.42324301929174E+0000	-1.45278903963579E-0003
 2.42907325664310E+0000	-1.31574269245427E-0003
 2.43493837365478E+0000	-1.11795647674346E-0003
 2.44085026735845E+0000	-8.67198072103060E-0004
 2.44681956689091E+0000	-5.73701671097840E-0004
 2.45285497377316E+0000	-2.50217553334279E-0004
 2.45896238772335E+0000	 8.82052113588304E-0005
 2.46514396015195E+0000	 4.24887940374048E-0004
 2.47139736956932E+0000	 7.42741643307393E-0004
 2.47771570109565E+0000	 1.02591027402815E-0003
 2.48408820025284E+0000	 1.26141469483697E-0003
 2.49050181172927E+0000	 1.44020744667650E-0003
 2.49694297894746E+0000	 1.55721677686883E-0003
 2.50339898584615E+0000	 1.61043766603716E-0003
 2.50985834790646E+0000	 1.59962146695930E-0003
 2.51631027172546E+0000	 1.52529983299689E-0003
 2.52274368502872E+0000	 1.38866135485281E-0003
 2.52914654505313E+0000	 1.19233208936075E-0003
 2.53550598943616E+0000	 9.41630618282891E-0004
 2.54180946712591E+0000	 6.45592441659762E-0004
 2.54804646949064E+0000	 3.17142407581154E-0004
 2.55421016475091E+0000	-2.77754770416213E-0005
 2.56029832959490E+0000	-3.71785186723916E-0004
 2.56631337872993E+0000	-6.97794245484935E-0004
 2.57226169938916E+0000	-9.90349838746069E-0004
 2.57815267141887E+0000	-1.23643807811512E-0003
 2.58399770072587E+0000	-1.42578139827070E-0003
 2.58980944807311E+0000	-1.55080629792755E-0003
 2.59560130470015E+0000	-1.60646144596576E-0003
 2.60138708718451E+0000	-1.59002555730457E-0003
 2.60718088716997E+0000	-1.50099801989770E-0003
 2.61299699577297E+0000	-1.34112901435501E-0003
 2.61884981046133E+0000	-1.11461835418917E-0003
 2.62475361516702E+0000	-8.28483089302536E-0004
 2.63072210329330E+0000	-4.93047877091087E-0004
 2.63676750302160E+0000	-1.22432399134735E-0004
 2.64289920194158E+0000	 2.65212024715079E-0004
 2.64912191523970E+0000	 6.48102121807982E-0004
 2.65543375060333E+0000	 1.00229023930060E-0003
 2.66182492661021E+0000	 1.30439240485507E-0003
 2.66827808716043E+0000	 1.53512414542643E-0003
 2.67477069129383E+0000	 1.68241753811715E-0003
 2.68127885188968E+0000	 1.74271323929796E-0003
 2.68778105807601E+0000	 1.71988348394170E-0003
 2.69426033625104E+0000	 1.62255764705768E-0003
 2.70070445745239E+0000	 1.46129184187444E-0003
 2.70710482516594E+0000	 1.24668401429776E-0003
 2.71345502581716E+0000	 9.88737434592343E-0004
 2.71974978609311E+0000	 6.97151323021313E-0004
 2.72598463890161E+0000	 3.81973877363845E-0004
 2.73215621155724E+0000	 5.41083468397852E-0005
 2.73826281941501E+0000	-2.74613888727438E-0004
 2.74430500851685E+0000	-5.91809295065871E-0004
 2.75028581266636E+0000	-8.85184642851661E-0004
 2.75621067631793E+0000	-1.14320650443220E-0003
 2.76208713717789E+0000	-1.35562387789950E-0003
 2.76792441364493E+0000	-1.51378114649965E-0003
 2.77373302069726E+0000	-1.61074901611238E-0003
 2.77952448630529E+0000	-1.64134764865354E-0003
 2.78531119009648E+0000	-1.60214746940027E-0003
 2.79110630786034E+0000	-1.49152644798017E-0003
 2.79692381707912E+0000	-1.30985084273534E-0003
 2.80277849183948E+0000	-1.05983409305065E-0003
 2.80868578106944E+0000	-7.47111921084887E-0004
 2.81466141558896E+0000	-3.81037115222620E-0004
 2.82072053085883E+0000	 2.43815070281653E-0005
 2.82687605626074E+0000	 4.49632562188143E-0004
 2.83313620072320E+0000	 8.69450778942171E-0004
 2.83950122210711E+0000	 1.25395644348264E-0003
 2.84596041710789E+0000	 1.57198208944761E-0003
 2.85249110115341E+0000	 1.79657416917695E-0003
 2.85906125878193E+0000	 1.91097751063424E-0003
 2.86563569551645E+0000	 1.91215426286854E-0003
 2.87218302756096E+0000	 1.80986965187618E-0003
 2.87868028111137E+0000	 1.62218951638881E-0003
 2.88511383509591E+0000	 1.37013277190680E-0003
 2.89147770907584E+0000	 1.07374482007378E-0003
 2.89777094569142E+0000	 7.50249679118750E-0004
 2.90399532475242E+0000	 4.13804256190301E-0004
 2.91015388188533E+0000	 7.60797689221109E-0005
 2.91625020553045E+0000	-2.52945804221516E-0004
 2.92228827679666E+0000	-5.64336932682207E-0004
 2.92827258493799E+0000	-8.49821013864440E-0004
 2.93420830944067E+0000	-1.10166157644299E-0003
 2.94010145186192E+0000	-1.31269456458429E-0003
 2.94595888608911E+0000	-1.47643077883591E-0003
 2.95178835091040E+0000	-1.58715840806839E-0003
 2.95759842987436E+0000	-1.64002169051177E-0003
 2.96339855953362E+0000	-1.63108779298045E-0003
 2.96919909001162E+0000	-1.55743814057432E-0003
 2.97501139941563E+0000	-1.41733390611228E-0003
 2.98084803885845E+0000	-1.21051183325088E-0003
 2.98672285581844E+0000	-9.38668957942017E-0004
 2.99265100370705E+0000	-6.06192258800443E-0004
 2.99864868479692E+0000	-2.21171963487143E-0004
 3.00473238475892E+0000	 2.03322403635721E-0004
 3.01091725581727E+0000	 6.47881065741422E-0004
 3.01721428010566E+0000	 1.08581366797031E-0003
 3.02362612513626E+0000	 1.48363810044006E-0003
 3.03014252009421E+0000	 1.80437482372605E-0003
 3.03673748075834E+0000	 2.01439525694428E-0003
 3.04337145576642E+0000	 2.09218309114878E-0003
 3.04999932905362E+0000	 2.03456823150924E-0003
 3.05658080030766E+0000	 1.85643108329634E-0003
 3.06308767235884E+0000	 1.58437739834820E-0003
 3.06950546240425E+0000	 1.24870413119164E-0003
 3.07583081220721E+0000	 8.77488618484037E-0004
 3.08206753634188E+0000	 4.93857584309197E-0004
 3.08822320034450E+0000	 1.15604914477508E-0004
 3.09430683736642E+0000	-2.44032944035788E-0004
 3.10032769587782E+0000	-5.75280368985064E-0004
 3.10629469632269E+0000	-8.70824758096569E-0004
 3.11221629391466E+0000	-1.12506194756814E-0003
 3.11810053236258E+0000	-1.33358584111993E-0003
 3.12395516282518E+0000	-1.49286473180189E-0003
 3.12978777286051E+0000	-1.60003710951794E-0003
 3.13560591676069E+0000	-1.65277556066039E-0003
 3.14141726304325E+0000	-1.64919356751911E-0003
 3.14722978127216E+0000	-1.58779743399816E-0003
 3.15305198332260E+0000	-1.46750928703685E-0003
 3.15889321741328E+0000	-1.28780471680245E-0003
 3.16476398949298E+0000	-1.04901936262863E-0003
 3.17067625670906E+0000	-7.52883384043130E-0004
 3.17664359798499E+0000	-4.03341892449276E-0004
 3.18268110665340E+0000	-7.70751597762193E-0006
 3.18880475543009E+0000	 4.21855548636612E-0004
 3.19502985598300E+0000	 8.66657524975580E-0004
 3.20136814541826E+0000	 1.30009547643610E-0003
 3.20782322385249E+0000	 1.68762663571635E-0003
 3.21438499550744E+0000	 1.98979505852981E-0003
 3.22102563372618E+0000	 2.16964600115910E-0003
 3.22770105586750E+0000	 2.20319933931309E-0003
 3.23435990060473E+0000	 2.08769311723493E-0003
 3.24095624655839E+0000	 1.84194241650473E-0003
 3.24745888515063E+0000	 1.49876629311662E-0003
 3.25385337190265E+0000	 1.09498043381085E-0003
 3.26013867911213E+0000	 6.64101155130041E-0004
 3.26632221244683E+0000	 2.33129132264787E-0004
 3.27241561398790E+0000	-1.77763125665012E-0004
 3.27843203049814E+0000	-5.54206120770387E-0004
 3.28438462843235E+0000	-8.86294550176692E-0004
 3.29028592335202E+0000	-1.16740106585528E-0003
 3.29614755910121E+0000	-1.39327639967314E-0003
 3.30198029676410E+0000	-1.56141792024891E-0003
 3.30779407942696E+0000	-1.67063662583714E-0003
 3.31359811368390E+0000	-1.72074761604724E-0003
 3.31940095765001E+0000	-1.71232501287926E-0003
 3.32521063445297E+0000	-1.64648765176222E-0003
 3.33103480351884E+0000	-1.52471191370386E-0003
 3.33688102008963E+0000	-1.34869986418841E-0003
 3.34275709549799E+0000	-1.12036010577915E-0003
 3.34867153740323E+0000	-8.41979288155009E-0004
 3.35463400400986E+0000	-5.16668592039708E-0004
 3.36065565272160E+0000	-1.49159729263478E-0004
 3.36674919847770E+0000	 2.53002549589942E-0004
 3.37292840770818E+0000	 6.77885184944456E-0004
 3.37920663554909E+0000	 1.10736879404204E-0003
 3.38559392755169E+0000	 1.51562053812704E-0003
 3.39209239122612E+0000	 1.86893688603955E-0003
 3.39869047259733E+0000	 2.12871090230367E-0003
 3.40535871150294E+0000	 2.25897157717027E-0003
 3.41205117125376E+0000	 2.23721790100190E-0003
 3.41871477240085E+0000	 2.06303014596593E-0003
 3.42530264857993E+0000	 1.75838145466045E-0003
 3.43178383902211E+0000	 1.35951591010087E-0003
 3.43814524853630E+0000	 9.06298100139003E-0004
 3.44438788911570E+0000	 4.34567521101196E-0004
 3.45052149253022E+0000	-2.71022362055694E-0005
 3.45656006814499E+0000	-4.57582289639277E-0004
 3.46251907143088E+0000	-8.42014741222816E-0004
 3.46841390023694E+0000	-1.17037022635747E-0003
 3.47425923461874E+0000	-1.43620909517790E-0003
 3.48006882747907E+0000	-1.63576813908751E-0003
 3.48585549293779E+0000	-1.76734273948609E-0003
 3.49163115041754E+0000	-1.83088543123215E-0003
 3.49740685740486E+0000	-1.82773690013855E-0003
 3.50319281321846E+0000	-1.76041696251725E-0003
 3.50899835044134E+0000	-1.63242193405199E-0003
 3.51483195537456E+0000	-1.44800079822200E-0003
 3.52070137263923E+0000	-1.21191828678286E-0003
 3.52661384446120E+0000	-9.29257899011884E-0004
 3.53257650298524E+0000	-6.05363638523950E-0004
 3.53859687067593E+0000	-2.46049381374748E-0004
 3.54468333666212E+0000	 1.41798425793599E-0004
 3.55084537889268E+0000	 5.49146944820865E-0004
 3.55709320135935E+0000	 9.63297219051743E-0004
 3.56343636131108E+0000	 1.36613614301217E-0003
 3.56988093803540E+0000	 1.73273591680737E-0003
 3.57642507194918E+0000	 2.03144767882913E-0003
 3.58305369929657E+0000	 2.22714622100110E-0003
 3.58973513003573E+0000	 2.28873624125857E-0003
 3.59642331437210E+0000	 2.19924969631496E-0003
 3.60306730957642E+0000	 1.96313699509436E-0003
 3.60962376515118E+0000	 1.60550912000990E-0003
 3.61606536905519E+0000	 1.16388678536678E-0003
 3.62238200547117E+0000	 6.78158067521376E-0004
 3.62857682926421E+0000	 1.83645161873329E-0004
 3.63466106495117E+0000	-2.91676135778298E-0004
 3.64064982382273E+0000	-7.27157304272076E-0004
 3.64655948365266E+0000	-1.10826193873200E-0003
 3.65240633007652E+0000	-1.42515251488150E-0003
 3.65820599118712E+0000	-1.67150782426905E-0003
 3.66397329028615E+0000	-1.84367751914130E-0003
 3.66972227409345E+0000	-1.94014220330556E-0003
 3.67546627589436E+0000	-1.96120386936767E-0003
 3.68121793958814E+0000	-1.90882583423435E-0003
 3.68698917312425E+0000	-1.78654696805706E-0003
 3.69279103123858E+0000	-1.59940296011524E-0003
 3.69863355687773E+0000	-1.35379903853058E-0003
 3.70452564063720E+0000	-1.05730176957369E-0003
 3.71047498008102E+0000	-7.18361520062949E-0004
 3.71648821678324E+0000	-3.46043473317757E-0004
 3.72257127521023E+0000	 5.00829658896326E-0005
 3.72872981416866E+0000	 4.59706537942500E-0004
 3.73496954683106E+0000	 8.71035034341981E-0004
 3.74129603331341E+0000	 1.26954713236549E-0003
 3.74771345935855E+0000	 1.63650254242032E-0003
 3.75422198619629E+0000	 1.94790157109425E-0003
 3.76081370683125E+0000	 2.17510517331972E-0003
 3.76746835567750E+0000	 2.28855723152362E-0003
 3.77415147256116E+0000	 2.26506907783115E-0003
 3.78081809546144E+0000	 2.09634434412274E-0003
 3.78742216357154E+0000	 1.79377243723672E-0003
 3.79392710665418E+0000	 1.38590598823075E-0003
 3.80031192827892E+0000	 9.10316699663611E-0004
 3.80657103209525E+0000	 4.04941377629086E-0004
 3.81271020641737E+0000	-9.74324684378151E-0005
 3.81874194447279E+0000	-5.71116566074273E-0004
 3.82468184008460E+0000	-9.97207106126901E-0004
 3.83054639259893E+0000	-1.36236019263511E-0003
 3.83635191470361E+0000	-1.65747341453446E-0003
 3.84211412708608E+0000	-1.87661806782353E-0003
 3.84784811202313E+0000	-2.01630354789567E-0003
 3.85356841170198E+0000	-2.07504357147085E-0003
 3.85928914271359E+0000	-2.05315928168487E-0003
 3.86502405160127E+0000	-1.95275006571705E-0003
 3.87078646754692E+0000	-1.77776539347360E-0003
 3.87658912946858E+0000	-1.53411030508948E-0003
 3.88244388774868E+0000	-1.22971250562576E-0003
 3.88836131476314E+0000	-8.74478105899660E-0004
 3.89435030440426E+0000	-4.80082322441301E-0004
 3.90041778228227E+0000	-5.96002645818637E-0005
 3.90656864568197E+0000	 3.72914553373373E-0004
 3.91280595814849E+0000	 8.02686624786956E-0004
 3.91913122456323E+0000	 1.21406004555342E-0003
 3.92554433253295E+0000	 1.58981677766520E-0003
 3.93204260788343E+0000	 1.91022287018366E-0003
 3.93861858803211E+0000	 2.15257651939079E-0003
 3.94525677364495E+0000	 2.29249207662293E-0003
 3.95193082378050E+0000	 2.30801737604353E-0003
 3.95860376216943E+0000	 2.18623298958613E-0003
 3.96523313274416E+0000	 1.92945387235940E-0003
 3.97177982373907E+0000	 1.55695083018510E-0003
 3.97821606790897E+0000	 1.10062360362452E-0003
 3.98452873292303E+0000	 5.97310312748813E-0004
 3.99071772069637E+0000	 8.19102161791830E-0005
 3.99679194578810E+0000	-4.16449755000757E-0004
 4.00276530651473E+0000	-8.75400894853667E-0004
 4.00865377336938E+0000	-1.27867265508172E-0003
 4.01447370078524E+0000	-1.61485101482675E-0003
 4.02024105425384E+0000	-1.87616146469419E-0003
 4.02597119962068E+0000	-2.05752328071363E-0003
 4.03167898335781E+0000	-2.15592740616030E-0003
 4.03737892467902E+0000	-2.17010892307638E-0003
 4.04308540739959E+0000	-2.10046110349983E-0003
 4.04881279917295E+0000	-1.94913651706410E-0003
 4.05457544507514E+0000	-1.72028268592920E-0003
 4.06038749064370E+0000	-1.42035486630626E-0003
 4.06626249790448E+0000	-1.05843149751368E-0003
 4.07221284151841E+0000	-6.46430632831806E-0004
 4.07824892604759E+0000	-1.99103557731391E-0004
 4.08437835119197E+0000	 2.66301526848196E-0004
 4.09060523383299E+0000	 7.30716928613522E-0004
 4.09692988827338E+0000	 1.17410760480147E-0003
 4.10334888054823E+0000	 1.57616898831788E-0003
 4.10985513502138E+0000	 1.91658433728701E-0003
 4.11643751165691E+0000	 2.17494658550498E-0003
 4.12307944405226E+0000	 2.33107796393125E-0003
 4.12975704729934E+0000	 2.36688230691602E-0003
 4.13643828540758E+0000	 2.27035850621081E-0003
 4.14308526014156E+0000	 2.04068248403954E-0003
 4.14966019288542E+0000	 1.69142096316924E-0003
 4.15613276542900E+0000	 1.24923878278532E-0003
 4.16248508291252E+0000	 7.48406082180471E-0004
 4.16871232823097E+0000	 2.24123584103377E-0004
 4.17482007767049E+0000	-2.92409815841035E-0004
 4.18082048398332E+0000	-7.76221253513441E-0004
 4.18672895751650E+0000	-1.20868864070087E-0003
 4.19256193729136E+0000	-1.57659494475865E-0003
 4.19833568441333E+0000	-1.87088979095657E-0003
 4.20406580698178E+0000	-2.08557153918419E-0003
 4.20976723064326E+0000	-2.21684950228941E-0003
 4.21545440120262E+0000	-2.26261562846354E-0003
 4.22114157511377E+0000	-2.22220219578434E-0003
 4.22684310151507E+0000	-2.09638759349528E-0003
 4.23257362551964E+0000	-1.88761274696241E-0003
 4.23834815051713E+0000	-1.60037268107541E-0003
 4.24418189212923E+0000	-1.24174093125879E-0003
 4.25008984666128E+0000	-8.21959008761160E-0004
 4.25608599975437E+0000	-3.54971201666022E-0004
 4.26218214628822E+0000	 1.41288204034590E-0004
 4.26838641318266E+0000	 6.45104846032844E-0004
 4.27470176817541E+0000	 1.13189821781094E-0003
 4.28112495480551E+0000	 1.57582053262964E-0003
 4.28764621250363E+0000	 1.95166254086838E-0003
 4.29424971254674E+0000	 2.23649113826603E-0003
 4.30091414296665E+0000	 2.41075740179349E-0003
 4.30761290653742E+0000	 2.45934802362952E-0003
 4.31431423816469E+0000	 2.37346641110160E-0003
 4.32098254835136E+0000	 2.15353184954105E-0003
 4.32758215813097E+0000	 1.81171623488697E-0003
 4.33408281916882E+0000	 1.37191272528761E-0003
 4.34046455789255E+0000	 8.66221188576447E-0004
 4.34671956010394E+0000	 3.29411036045211E-0004
 4.35285082408965E+0000	-2.06136134523931E-0004
 4.35886900915590E+0000	-7.13439044589199E-0004
 4.36478911393680E+0000	-1.17181221256990E-0003
 4.37062790806393E+0000	-1.56637916198866E-0003
 4.37640232613734E+0000	-1.88698638371727E-0003
 4.38212866658190E+0000	-2.12703430790230E-0003
 4.38782234837128E+0000	-2.28247985957049E-0003
 4.39349801113246E+0000	-2.35110373106829E-0003
 4.39916980227458E+0000	-2.33205897258328E-0003
 4.40485174159500E+0000	-2.22568946003716E-0003
 4.41055808205004E+0000	-2.03360090031672E-0003
 4.41630359653875E+0000	-1.75896888627513E-0003
 4.42210371615051E+0000	-1.40706950311474E-0003
 4.42797442593557E+0000	-9.86008848894724E-0004
 4.43393179384138E+0000	-5.07594131467080E-0004
 4.43999098421609E+0000	 1.17888187200068E-0005
 4.44616463357974E+0000	 5.50561044728796E-0004
 4.45246061821099E+0000	 1.08202730107463E-0003
 4.45887957695888E+0000	 1.57562597730733E-0003
 4.46541296676288E+0000	 1.99956593078794E-0003
 4.47204254871902E+0000	 2.32440234461028E-0003
 4.47874164596141E+0000	 2.52646771299784E-0003
 4.48547755406875E+0000	 2.59019906770624E-0003
 4.49221411845042E+0000	 2.50934783321931E-0003
 4.49891421519721E+0000	 2.28774498917865E-0003
 4.50554272513782E+0000	 1.93979127396446E-0003
 4.51207028034252E+0000	 1.48980965532243E-0003
 4.51847681556613E+0000	 9.69372213535668E-0004
 4.52475337096889E+0000	 4.12983250408390E-0004
 4.53090145815211E+0000	-1.46348515640318E-0004
 4.53693063659735E+0000	-6.80228334421647E-0004
 4.54285552966965E+0000	-1.16622984139241E-0003
 4.54869322669923E+0000	-1.58785125848222E-0003
 4.55446145744823E+0000	-1.93370276630997E-0003
 4.56017752551437E+0000	-2.19643889976997E-0003
 4.56585782656600E+0000	-2.37173655542999E-0003
 4.57151776488017E+0000	-2.45745460940525E-0003
 4.57717192251609E+0000	-2.45302165506107E-0003
 4.58283437827615E+0000	-2.35906272849912E-0003
 4.58851910101365E+0000	-2.17726820916758E-0003
 4.59424035221808E+0000	-1.91051107807477E-0003
 4.60001302823811E+0000	-1.56322325835046E-0003
 4.60585285316144E+0000	-1.14204201128271E-0003
 4.61177629678145E+0000	-6.56724402395871E-0004
 4.61780003811440E+0000	-1.21282832315909E-0004
 4.62393974030473E+0000	 4.44815152749206E-0004
 4.63020790839470E+0000	 1.01574842674577E-0003
 4.63661079678705E+0000	 1.55939771583884E-0003
 4.64314486178820E+0000	 2.03917986782048E-0003
 4.64979402312147E+0000	 2.41813400973189E-0003
 4.65652936663465E+0000	 2.66459548258288E-0003
 4.66331206519308E+0000	 2.75751246048114E-0003
 4.67009852132066E+0000	 2.68942497161841E-0003
 4.67684574902444E+0000	 2.46662489602791E-0003
 4.68351571483976E+0000	 2.10741440516093E-0003
 4.69007850512762E+0000	 1.63938644240534E-0003
 4.69651440631368E+0000	 1.09601248785882E-0003
 4.70281461776754E+0000	 5.12765307137583E-0004
 4.70898037342654E+0000	-7.65552878973320E-0005
 4.71502080989304E+0000	-6.42506997219565E-0004
 4.72095034145833E+0000	-1.16133826901821E-0003
 4.72678624943980E+0000	-1.61514112389028E-0003
 4.73254685958404E+0000	-1.99126147653792E-0003
 4.73825036706157E+0000	-2.28139068699489E-0003
 4.74391420099095E+0000	-2.48062252758096E-0003
 4.74955477911231E+0000	-2.58662138135169E-0003
 4.75518752555554E+0000	-2.59895844474643E-0003
 4.76082706268318E+0000	-2.51863220800800E-0003
 4.76648751779060E+0000	-2.34778087040008E-0003
 4.77218289914837E+0000	-2.08960137070076E-0003
 4.77792749306876E+0000	-1.74850105881395E-0003
 4.78373621562253E+0000	-1.33051680098297E-0003
 4.78962481858690E+0000	-8.44037059474655E-0004
 4.79560979522982E+0000	-3.00845512953668E-0004
 4.80170775511411E+0000	 2.82552821058166E-0004
 4.80793395532964E+0000	 8.83504672211759E-0004
 4.81429966585848E+0000	 1.47214544322987E-0003
 4.82080829438224E+0000	 2.01157661577527E-0003
 4.82745093571297E+0000	 2.46044020487089E-0003
 4.83420315035695E+0000	 2.77856810891904E-0003
 4.84102535613161E+0000	 2.93468875537019E-0003
 4.84786791591955E+0000	 2.91320563493926E-0003
 4.85467923534060E+0000	 2.71699400810972E-0003
 4.86141354079847E+0000	 2.36551102076236E-0003
 4.86803594752433E+0000	 1.88993736641371E-0003
 4.87452442029655E+0000	 1.32758548028512E-0003
 4.88086937911264E+0000	 7.16972412589615E-0004
 4.88707184895972E+0000	 9.41191268739231E-0005
 4.89314089592912E+0000	-5.09781075825595E-0004
 4.89909095751588E+0000	-1.06941899914920E-0003
 4.90493950989678E+0000	-1.56543357889855E-0003
 4.91070529477495E+0000	-1.98385612361839E-0003
 4.91640712930052E+0000	-2.31527403217816E-0003
 4.92206320532824E+0000	-2.55395001316999E-0003
 4.92769074884108E+0000	-2.69702509808393E-0003
 4.93330592504099E+0000	-2.74385640901963E-0003
 4.93892390792337E+0000	-2.69549980000900E-0003
 4.94455906513595E+0000	-2.55433565110984E-0003
 4.95022522968440E+0000	-2.32384275027417E-0003
 4.95593603571620E+0000	-2.00854081795266E-0003
 4.96170528548518E+0000	-1.61413904978865E-0003
 4.96754728915040E+0000	-1.14794005823348E-0003
 4.97347707763972E+0000	-6.19550472823758E-0004
 4.97951032753857E+0000	-4.19323325087462E-0005
 4.98566275135767E+0000	 5.67228715733016E-0004
 4.99194860870927E+0000	 1.18400868507010E-0003
 4.99837795773766E+0000	 1.77705684291564E-0003
 5.00495249158770E+0000	 2.30768015621247E-0003
 5.01166058855267E+0000	 2.73254449798838E-0003
 5.01847355269657E+0000	 3.00994967450632E-0003
 5.02534594848227E+0000	 3.10876561263541E-0003
 5.03222172799077E+0000	 3.01654557324431E-0003
 5.03904442319824E+0000	 2.74268177718098E-0003
 5.04576694983578E+0000	 2.31517413697892E-0003
 5.05235726250454E+0000	 1.77331107660448E-0003
 5.05879916314043E+0000	 1.15995596020816E-0003
 5.06508992006398E+0000	 5.15837481840962E-0004
 5.07123671511893E+0000	-1.23659895618928E-0004
 5.07725320167458E+0000	-7.29741339326943E-0004
 5.08315671182693E+0000	-1.28020936836571E-0003
 5.08896622402523E+0000	-1.75881702313109E-0003
 5.09470100987820E+0000	-2.15435941443624E-0003
 5.10037981083700E+0000	-2.45973753993005E-0003
 5.10602039172777E+0000	-2.67111173123547E-0003
 5.11163934567241E+0000	-2.78718645665554E-0003
 5.11725206312465E+0000	-2.80862716948914E-0003
 5.12287281418651E+0000	-2.73759523094670E-0003
 5.12851492115922E+0000	-2.57739078738729E-0003
 5.13419101347362E+0000	-2.33220886428537E-0003
 5.13991335766544E+0000	-2.00703413653586E-0003
 5.14569424092470E+0000	-1.60771831694281E-0003
 5.15154635986584E+0000	-1.14129571515459E-0003
 5.15748312794629E+0000	-6.16594395853827E-0004
 5.16351876227262E+0000	-4.51891573278263E-0005
 5.16966793465318E+0000	 5.57295026569284E-0004
 5.17594466956974E+0000	 1.16962244360166E-0003
 5.18236008209666E+0000	 1.76345939164171E-0003
 5.18891861952878E+0000	 2.30272858317213E-0003
 5.19561300096197E+0000	 2.74511752428797E-0003
 5.20241929763608E+0000	 3.04717582511121E-0003
 5.20929511939321E+0000	 3.17319318584375E-0003
 5.21618395395061E+0000	 3.10517382500847E-0003
 5.22302568121975E+0000	 2.84879649978789E-0003
 5.22976875048817E+0000	 2.43165029178164E-0003
 5.23637817988677E+0000	 1.89506903854893E-0003
 5.24283706401163E+0000	 1.28451342003192E-0003
 5.24914349895584E+0000	 6.42501347110755E-0004
 5.25530600855503E+0000	 5.03859319367752E-0006
 5.26133941118772E+0000	-5.99374867318363E-0004
 5.26726174931883E+0000	-1.14935464285660E-0003
 5.27309223341206E+0000	-1.62967397727075E-0003
 5.27884995870527E+0000	-2.03017390687881E-0003
 5.28455315544428E+0000	-2.34473817208191E-0003
 5.29021878851924E+0000	-2.57040087875388E-0003
 5.29586238264223E+0000	-2.70659239177539E-0003
 5.30149800060996E+0000	-2.75450505227448E-0003
 5.30713834088748E+0000	-2.71655996530017E-0003
 5.31279494474321E+0000	-2.59597005868648E-0003
 5.31847851110428E+0000	-2.39641516597605E-0003
 5.32419930979511E+0000	-2.12186426196077E-0003
 5.32996766491187E+0000	-1.77659164514789E-0003
 5.33579445612100E+0000	-1.36543553184108E-0003
 5.34169156062858E+0000	-8.94342410458966E-0004
 5.34767212840488E+0000	-3.71233254592257E-0004
 5.35375053441026E+0000	 1.92785437235091E-0004
 5.35994176852939E+0000	 7.81886745624414E-0004
 5.36625991109638E+0000	 1.37381714101188E-0003
 5.37271526911599E+0000	 1.93847440955617E-0003
 5.37930991922215E+0000	 2.43774487583575E-0003
 5.38603216810573E+0000	 2.82811986535647E-0003
 5.39285199351279E+0000	 3.06745559586382E-0003
 5.39972105143709E+0000	 3.12529257065505E-0003
 5.40657999483030E+0000	 2.99258802127785E-0003
 5.41337123185344E+0000	 2.68495128498708E-0003
 5.42005059141025E+0000	 2.23717273310741E-0003
 5.42659244021535E+0000	 1.69302308357484E-0003
 5.43298825639737E+0000	 1.09611860127175E-0003
 5.43924208841335E+0000	 4.84596374005915E-0004
 5.44536585591725E+0000	-1.10829965713854E-0004
 5.45137570501735E+0000	-6.66859396055858E-0004
 5.45728952085576E+0000	-1.16674515501900E-0003
 5.46312533899964E+0000	-1.59918248955238E-0003
 5.46890037970674E+0000	-1.95720076623054E-0003
 5.47463050155206E+0000	-2.23715092489301E-0003
 5.48032994526264E+0000	-2.43780816115035E-0003
 5.48601129491609E+0000	-2.55958815335465E-0003
 5.49168561911442E+0000	-2.60387894494976E-0003
 5.49736276960210E+0000	-2.57250515020946E-0003
 5.50305181175641E+0000	-2.46735490998763E-0003
 5.50876154734244E+0000	-2.29020440302787E-0003
 5.51450107493476E+0000	-2.04276728283662E-0003
 5.52028032557935E+0000	-1.72698257967150E-0003
 5.52611051085829E+0000	-1.34554434470281E-0003
 5.53200441791543E+0000	-9.02676615054738E-0004
 5.53797646541806E+0000	-4.05164768082496E-0004
 5.54404238104985E+0000	 1.36349323599430E-0004
 5.55021827073429E+0000	 7.05852347622525E-0004
 5.55651874726143E+0000	 1.28042536898135E-0003
 5.56295376454562E+0000	 1.82921751212923E-0003
 5.56952407791827E+0000	 2.31394792301978E-0003
 5.57621612682307E+0000	 2.69234349971127E-0003
 5.58299863539670E+0000	 2.92542578235497E-0003
 5.58982424486894E+0000	 2.98730548770225E-0003
 5.59663778425782E+0000	 2.87298259826788E-0003
 5.60338809685662E+0000	 2.59928399692302E-0003
 5.61003729005436E+0000	 2.19856619607595E-0003
 5.61656380693789E+0000	 1.70964890709877E-0003
 5.62296047102750E+0000	 1.17052822897379E-0003
 5.62923055416460E+0000	 6.14359181321693E-0004
 5.63538396071566E+0000	 6.79944389845198E-0005
 5.64143424284207E+0000	-4.48040996284585E-0004
 5.64739646104879E+0000	-9.18897005734148E-0004
 5.65328572768700E+0000	-1.33445956857758E-0003
 5.65911628438101E+0000	-1.68831810328645E-0003
 5.66490100678059E+0000	-1.97674462268323E-0003
 5.67065125921749E+0000	-2.19775737638154E-0003
 5.67637703321207E+0000	-2.35032948742642E-0003
 5.68208730089535E+0000	-2.43379442956416E-0003
 5.68779050497818E+0000	-2.44748491553715E-0003
 5.69349510156602E+0000	-2.39061755227198E-0003
 5.69921007914567E+0000	-2.26240896868144E-0003
 5.70494539634117E+0000	-2.06239114673447E-0003
 5.71071230324395E+0000	-1.79089222562801E-0003
 5.71652352302565E+0000	-1.44966310059489E-0003
 5.72239326155397E+0000	-1.04264992334801E-0003
 5.72833697832709E+0000	-5.76922711397919E-0004
 5.73437079467769E+0000	-6.37510423886828E-0005
 5.74051034824865E+0000	 4.80256192210501E-0004
 5.74676886362931E+0000	 1.03218859313924E-0003
 5.75315428185469E+0000	 1.56254859401237E-0003
 5.75966561819156E+0000	 2.03643218384045E-0003
 5.76628942328710E+0000	 2.41703002526031E-0003
 5.77299812697295E+0000	 2.67164469537546E-0003
 5.77975226420438E+0000	 2.77875408632644E-0003
 5.78650696440289E+0000	 2.73296528391506E-0003
 5.79322019182487E+0000	 2.54517606182493E-0003
 5.79985897868020E+0000	 2.23826792803979E-0003
 5.80640178900344E+0000	 1.84118115980216E-0003
 5.81283780688588E+0000	 1.38395021445578E-0003
 5.81916483970029E+0000	 8.94527815720522E-0004
 5.82538695911201E+0000	 3.97094462081811E-0004
 5.83151231501714E+0000	-8.86197498186760E-0005
 5.83755126943563E+0000	-5.47308613490087E-0004
 5.84351494491260E+0000	-9.67566495827526E-0004
 5.84941425384473E+0000	-1.34106910487970E-0003
 5.85525941320914E+0000	-1.66166398491130E-0003
 5.86105987720994E+0000	-1.92455025274172E-0003
 5.86682456756843E+0000	-2.12567089012972E-0003
 5.87256226139002E+0000	-2.26137159063602E-0003
 5.87828201044214E+0000	-2.32831696422845E-0003
 5.88399350336902E+0000	-2.32361376985469E-0003
 5.88970732663711E+0000	-2.24507888002562E-0003
 5.89543511361321E+0000	-2.09160227945737E-0003
 5.90118958415366E+0000	-1.86357966665939E-0003
 5.90698446878299E+0000	-1.56341086514692E-0003
 5.91283428767953E+0000	-1.19606828616231E-0003
 5.91875392380084E+0000	-7.69726824045841E-0004
 5.92475790244235E+0000	-2.96407536289274E-0004
 5.93085928219073E+0000	 2.07480635593085E-0004
 5.93706809821835E+0000	 7.20909442804573E-0004
 5.94338940814584E+0000	 1.21861360063991E-0003
 5.94982119951087E+0000	 1.67243376615264E-0003
 5.95635271605906E+0000	 2.05385684613496E-0003
 5.96296401820674E+0000	 2.33759398236050E-0003
 5.96962748703164E+0000	 2.50536456457631E-0003
 5.97631122141127E+0000	 2.54854789216317E-0003
 5.98298322080297E+0000	 2.46870758768175E-0003
 5.98961489204238E+0000	 2.27614343528475E-0003
 5.99618315060197E+0000	 1.98750219690596E-0003
 6.00267131756058E+0000	 1.62334254311722E-0003
 6.00906925093573E+0000	 1.20593435235580E-0003
 6.01537287972979E+0000	 7.57307732693266E-0004
 6.02158317522301E+0000	 2.97701767485967E-0004
 6.02770475832791E+0000	-1.55351436724260E-0004
 6.03374451088796E+0000	-5.87237851927776E-0004
 6.03971051663990E+0000	-9.85946051581034E-0004
 6.04561146161579E+0000	-1.34152717781224E-0003
 6.05145643232291E+0000	-1.64559380420346E-0003
 6.05725495437178E+0000	-1.89099888963418E-0003
 6.06301711518033E+0000	-2.07171760906441E-0003
 6.06875366787331E+0000	-2.18288606556682E-0003
 6.07447607311799E+0000	-2.22093504567568E-0003
 6.08019647399263E+0000	-2.18377362723406E-0003
 6.08592761034229E+0000	-2.07100221885924E-0003
 6.09168267127501E+0000	-1.88415101909784E-0003
 6.09747506929481E+0000	-1.62694148786293E-0003
 6.10331810747469E+0000	-1.30555573426131E-0003
 6.10922451003567E+0000	-9.28876298649264E-0004
 6.11520580205104E+0000	-5.08634806840497E-0004
 6.12127155563707E+0000	-5.93941499733819E-0005
 6.12742855804712E+0000	 4.01704125800229E-0004
 6.13367998427526E+0000	 8.55468966546169E-0004
 6.14002466573766E+0000	 1.28147922067891E-0003
 6.14645655661757E+0000	 1.65918994852666E-0003
 6.15296453014720E+0000	 1.96928791212186E-0003
 6.15953264559088E+0000	 2.19516543930462E-0003
 6.16614092787758E+0000	 2.32427966534176E-0003
 6.17276652843675E+0000	 2.34919740751331E-0003
 6.17938509346509E+0000	 2.26830927680822E-0003
 6.18597234561925E+0000	 2.08627283847157E-0003
 6.19250599438557E+0000	 1.81401742740474E-0003
 6.19896779597041E+0000	 1.46791084239950E-0003
 6.20534513257644E+0000	 1.06794170621664E-0003
 6.21163150158998E+0000	 6.35396130362367E-0004
 6.21782588672135E+0000	 1.90824621538273E-0004
 6.22393153122996E+0000	-2.47199492094449E-0004
 6.22995470280747E+0000	-6.62549582622465E-0004
 6.23590376064132E+0000	-1.04155580152385E-0003
 6.24178854657996E+0000	-1.37285936036348E-0003
 6.24761999128148E+0000	-1.64727307487330E-0003
 6.25340982708631E+0000	-1.85768903062492E-0003
 6.25917034707007E+0000	-1.99902151761482E-0003
 6.26491418742544E+0000	-2.06816938941887E-0003
 6.27065412327715E+0000	-2.06399310552706E-0003
 6.27640286491999E+0000	-1.98730712631048E-0003
