 7.22713794596007E-0004	-1.74433454092775E-0003
 6.52274694437500E-0003	-1.85490043091788E-0003
 1.23094314982858E-0002	-1.90664183272851E-0003
 1.80913861489466E-0002	-1.89803287678837E-0003
 2.38774913217641E-0002	-1.82830267082602E-0003
 2.96770076752394E-0002	-1.69748167979977E-0003
 3.54997208057112E-0002	-1.50655512183727E-0003
 4.13560529759168E-0002	-1.25775935670898E-0003
 4.72570603057001E-0002	-9.55022936078656E-0004
 5.32142321625331E-0002	-6.04510683348845E-0004
 5.92390310012955E-0002	-2.15190055846339E-0004
 6.53421479430410E-0002	 2.00680817146014E-0004
 7.15324789153788E-0002	 6.27238089692895E-0004
 7.78158176065184E-0002	 1.04495768160062E-0003
 8.41932225089024E-0002	 1.43101245277127E-0003
 9.06590697923534E-0002	 1.76038924966555E-0003
 9.71991773199848E-0002	 2.00831318349468E-0003
 1.03790092137777E-0001	 2.15425918559608E-0003
 1.10400998820743E-0001	 2.18668274249148E-0003
 1.16998671265311E-0001	 2.10622165863255E-0003
 1.23553686979366E-0001	 1.92526382163147E-0003
 1.30044943687938E-0001	 1.66399305240847E-0003
 1.36460799437302E-0001	 1.34520530374993E-0003
 1.42797417296121E-0001	 9.90280063934680E-0004
 1.49056009186618E-0001	 6.17257148319889E-0004
 1.55240379046023E-0001	 2.40667331966841E-0004
 1.61355378692827E-0001	-1.27719400321273E-0004
 1.67406270500695E-0001	-4.77967911400731E-0004
 1.73398685590448E-0001	-8.01306261200470E-0004
 1.79338811896515E-0001	-1.08983172309672E-0003
 1.85233547765786E-0001	-1.33650662255011E-0003
 1.91090514480254E-0001	-1.53527635502412E-0003
 1.96917950520129E-0001	-1.68117050479195E-0003
 2.02724570406912E-0001	-1.77032663720553E-0003
 2.08519467482677E-0001	-1.79995107621142E-0003
 2.14312101235888E-0001	-1.76827521021377E-0003
 2.20112361881707E-0001	-1.67457672886560E-0003
 2.25930663696223E-0001	-1.51931984778685E-0003
 2.31777992586836E-0001	-1.30443593667513E-0003
 2.37665827142252E-0001	-1.03372547062551E-0003
 2.43605866644862E-0001	-7.13324514689230E-0004
 2.49609529062326E-0001	-3.52154819678534E-0004
 2.55687213619747E-0001	 3.77271657234006E-0005
 2.61847336050841E-0001	 4.40957323352476E-0004
 2.68095128652471E-0001	 8.38952050158979E-0004
 2.74431189617959E-0001	 1.21042497011444E-0003
 2.80849886982730E-0001	 1.53265183792922E-0003
 2.87338091749342E-0001	 1.78384309952345E-0003
 2.93875178624842E-0001	 1.94656595662521E-0003
 3.00435182653229E-0001	 2.01121594561581E-0003
 3.06990926375604E-0001	 1.97783377799047E-0003
 3.13518482810387E-0001	 1.85516057108294E-0003
 3.20000014125851E-0001	 1.65750214007813E-0003
 3.26424208709651E-0001	 1.40114209129134E-0003
 3.32784972607560E-0001	 1.10179204424561E-0003
 3.39079586542463E-0001	 7.73545030526571E-0004
 3.45307257329064E-0001	 4.28971099108479E-0004
 3.51468426671940E-0001	 7.96895469674577E-0005
 3.57564726416221E-0001	-2.63153367177140E-0004
 3.63599226729545E-0001	-5.88780996131831E-0004
 3.69576628226236E-0001	-8.87031504056923E-0004
 3.75503218854165E-0001	-1.14874846904361E-0003
 3.81386610226324E-0001	-1.36610713368322E-0003
 3.87235378531040E-0001	-1.53276810328871E-0003
 3.93058743445218E-0001	-1.64386470225485E-0003
 3.98866366178810E-0001	-1.69590096541423E-0003
 4.04668281614584E-0001	-1.68665697574666E-0003
 4.10474925233081E-0001	-1.61518229616167E-0003
 4.16297181594418E-0001	-1.48192279661064E-0003
 4.22146369107563E-0001	-1.28898298294869E-0003
 4.28034084645277E-0001	-1.04048454909095E-0003
 4.33971857213317E-0001	-7.42951070486965E-0004
 4.39970593924531E-0001	-4.05635186672201E-0004
 4.46039830779365E-0001	-4.07089555885233E-0005
 4.52186811458558E-0001	 3.36752212386339E-0004
 4.58415412304070E-0001	 7.09076674539475E-0004
 4.64724958536016E-0001	 1.05674528483183E-0003
 4.71109123700986E-0001	 1.35980306742257E-0003
 4.77555388702505E-0001	 1.60005502926302E-0003
 4.84045722839703E-0001	 1.76371612253865E-0003
 4.90558810240632E-0001	 1.84356426380698E-0003
 4.97073231519318E-0001	 1.83951745970649E-0003
 5.03570274277560E-0001	 1.75734578372864E-0003
 5.10035291307770E-0001	 1.60633604082279E-0003
 5.16457515117248E-0001	 1.39714246136788E-0003
 5.22829041410046E-0001	 1.14059489704394E-0003
 5.29143834783457E-0001	 8.47500900800645E-0004
 5.35397278470845E-0001	 5.28993638938829E-0004
 5.41586333732141E-0001	 1.96865703125864E-0004
 5.47710023052400E-0001	-1.36489792692311E-0004
 5.53769834335441E-0001	-4.58584266738526E-0004
 5.59769774280163E-0001	-7.57565604462176E-0004
 5.65716045723950E-0001	-1.02288058931630E-0003
 5.71616508809039E-0001	-1.24567662404840E-0003
 5.77480129400767E-0001	-1.41891500727883E-0003
 5.83316557417821E-0001	-1.53728369405405E-0003
 5.89135886527056E-0001	-1.59703715346701E-0003
 5.94948571682262E-0001	-1.59587671948722E-0003
 6.00765434920679E-0001	-1.53294535879232E-0003
 6.06597670052683E-0001	-1.40896365454914E-0003
 6.12456758786443E-0001	-1.22648812147292E-0003
 6.18354230422412E-0001	-9.90235039906212E-0004
 6.24301229475722E-0001	-7.07388325661459E-0004
 6.30307892819717E-0001	-3.87802272282808E-0004
 6.36382569770552E-0001	-4.40180876709101E-0005
 6.42530936443161E-0001	 3.08974560431140E-0004
 6.48755068344837E-0001	 6.54304289971924E-0004
 6.55052583567191E-0001	 9.74211693253331E-0004
 6.61416097673105E-0001	 1.25155150403822E-0003
 6.67833383091772E-0001	 1.47169815635045E-0003
 6.74288568359361E-0001	 1.62437044773087E-0003
 6.80764244696117E-0001	 1.70461581913559E-0003
 6.87243712473213E-0001	 1.71246068391556E-0003
 6.93712426129570E-0001	 1.65149933696584E-0003
 7.00158237398320E-0001	 1.52729809098781E-0003
 7.06570798771928E-0001	 1.34641797758298E-0003
 7.12940856294844E-0001	 1.11629577978039E-0003
 7.19260012727282E-0001	 8.45676762414190E-0004
 7.25521130892728E-0001	 5.45055039749614E-0004
 7.31719144586725E-0001	 2.26667909740301E-0004
 7.37851832220309E-0001	-9.61006928942591E-0005
 7.43920169737787E-0001	-4.09711092691130E-0004
 7.49928142945940E-0001	-7.01482911274366E-0004
 7.55882167426306E-0001	-9.60329033816540E-0004
 7.61790379403277E-0001	-1.17710141769773E-0003
 7.67662017274204E-0001	-1.34461768419172E-0003
 7.73507000735191E-0001	-1.45751679081111E-0003
 7.79335712132984E-0001	-1.51208905787582E-0003
 7.85158921452576E-0001	-1.50618366888603E-0003
 7.90987767818056E-0001	-1.43924584607813E-0003
 7.96833705237346E-0001	-1.31248817461313E-0003
 8.02708331468163E-0001	-1.12915911531120E-0003
 8.08623043216313E-0001	-8.94838501375007E-0004
 8.14588496136103E-0001	-6.17667976607128E-0004
 8.20613890089039E-0001	-3.08417969071315E-0004
 8.26706141150070E-0001	 1.96963399583083E-0005
 8.32869034415490E-0001	 3.51515158281668E-0004
 8.39102480396009E-0001	 6.70792257605270E-0004
 8.45402044748297E-0001	 9.61421794719155E-0004
 8.51758988341066E-0001	 1.20895237185595E-0003
 8.58161051081213E-0001	 1.40210134692436E-0003
 8.64593980148280E-0001	 1.53375800370226E-0003
 8.71043354863758E-0001	 1.60100740092237E-0003
 8.77495958212118E-0001	 1.60418129604455E-0003
 8.83940169520330E-0001	 1.54553738542575E-0003
 8.90365484156909E-0001	 1.42835212478925E-0003
 8.96761780508654E-0001	 1.25684386223274E-0003
 9.03119000666838E-0001	 1.03676598769300E-0003
 9.09427560575865E-0001	 7.76130530692909E-0004
 9.15679344614423E-0001	 4.85505337936347E-0004
 9.21868826677958E-0001	 1.77606229648585E-0004
 9.27993829106883E-0001	-1.33709076722679E-0004
 9.34055660376899E-0001	-4.34665919966281E-0004
 9.40058691646636E-0001	-7.12612614220747E-0004
 9.46009639498922E-0001	-9.56652607830416E-0004
 9.51916838896323E-0001	-1.15787043766148E-0003
 9.57789682007152E-0001	-1.30929021548741E-0003
 9.63638271186397E-0001	-1.40573276193284E-0003
 9.69473247888915E-0001	-1.44370000316448E-0003
 9.75305719410008E-0001	-1.42136060548433E-0003
 9.81147195039762E-0001	-1.33866197107744E-0003
 9.87009447557988E-0001	-1.19755373234050E-0003
 9.92904229492246E-0001	-1.00227316061722E-0003
 9.98842797539680E-0001	-7.59611754390974E-0004
 1.00483523626061E+0000	-4.79058120539836E-0004
 1.01088962381634E+0000	-1.72703497311381E-0004
 1.01701114131821E+0000	 1.45187563367504E-0004
 1.02320128036159E+0000	 4.58993833719347E-0004
 1.02945733995954E+0000	 7.52923258173326E-0004
 1.03577241823157E+0000	 1.01245136493660E-0003
 1.04213606727321E+0000	 1.22575624782396E-0003
 1.04853561750685E+0000	 1.38474523081488E-0003
 1.05495785792434E+0000	 1.48525980943257E-0003
 1.06139045707347E+0000	 1.52634630628858E-0003
 1.06782254905601E+0000	 1.50899404645747E-0003
 1.07424437753381E+0000	 1.43507086913319E-0003
 1.08064645844567E+0000	 1.30702873820810E-0003
 1.08701896644979E+0000	 1.12843296498868E-0003
 1.09335184218720E+0000	 9.04870247110286E-0004
 1.09963565159444E+0000	 6.44612901931186E-0004
 1.10586281370013E+0000	 3.58605688081371E-0004
 1.11202866589871E+0000	 5.97279914774153E-0005
 1.11813198265136E+0000	-2.38373897477918E-0004
 1.12417486844727E+0000	-5.22461928886338E-0004
 1.13016221304168E+0000	-7.80570458696535E-0004
 1.13610099828169E+0000	-1.00245876297466E-0003
 1.14199968644505E+0000	-1.17973462619702E-0003
 1.14786779284227E+0000	-1.30580764659334E-0003
 1.15371563724754E+0000	-1.37581605274779E-0003
 1.15955421168755E+0000	-1.38661817754317E-0003
 1.16539508541777E+0000	-1.33688867120984E-0003
 1.17125026927549E+0000	-1.22732193550756E-0003
 1.17713196743782E+0000	-1.06091555297753E-0003
 1.18305215425306E+0000	-8.43275736438880E-0004
 1.18902193529964E+0000	-5.82851785299414E-0004
 1.19505069544073E+0000	-2.90973721852439E-0004
 1.20114510728732E+0000	 1.84463852321725E-0005
 1.20730816212909E+0000	 3.29660545674080E-0004
 1.21353846431832E+0000	 6.26302042123142E-0004
 1.21983005857540E+0000	 8.92953055829940E-0004
 1.22617299626994E+0000	 1.11676925545735E-0003
 1.23255465871108E+0000	 1.28872621578275E-0003
 1.23896155018481E+0000	 1.40404891538270E-0003
 1.24538097623562E+0000	 1.46163573806035E-0003
 1.25180197924808E+0000	 1.46275570989006E-0003
 1.25821525551676E+0000	 1.40969303854231E-0003
 1.26461233569170E+0000	 1.30501698938921E-0003
 1.27098468748679E+0000	 1.15174751253782E-0003
 1.27732336186452E+0000	 9.54156657781971E-0004
 1.28361942218233E+0000	 7.18627269858623E-0004
 1.28986494194283E+0000	 4.54037087245033E-0004
 1.29605410066057E+0000	 1.71455865934709E-0004
 1.30218394522485E+0000	-1.16700463779056E-0004
 1.30825461857859E+0000	-3.97716536739924E-0004
 1.31426911628248E+0000	-6.59494339491890E-0004
 1.32023278564156E+0000	-8.91160467402883E-0004
 1.32615279414147E+0000	-1.08336074847918E-0003
 1.33203770865600E+0000	-1.22835139161188E-0003
 1.33789722109575E+0000	-1.32001966045570E-0003
 1.34374198389294E+0000	-1.35393287865117E-0003
 1.34958349037986E+0000	-1.32746628327412E-0003
 1.35543393283647E+0000	-1.24002346532526E-0003
 1.36130597392267E+0000	-1.09333924491270E-0003
 1.36721236674514E+0000	-8.91831907037833E-0004
 1.37316536083185E+0000	-6.42937790747648E-0004
 1.37917585183063E+0000	-3.57313402202963E-0004
 1.38525229083910E+0000	-4.87408119404465E-0005
 1.39139947543936E+0000	 2.66447726706039E-0004
 1.39761748270411E+0000	 5.70554838835413E-0004
 1.40390111517238E+0000	 8.46275757479679E-0004
 1.41024021836045E+0000	 1.07873227241160E-0003
 1.41662101308058E+0000	 1.25723864572967E-0003
 1.42302818829248E+0000	 1.37619232267697E-0003
 1.42944709985139E+0000	 1.43474179714573E-0003
 1.43586529715346E+0000	 1.43541202419530E-0003
 1.44227291258699E+0000	 1.38236205334108E-0003
 1.44866203291320E+0000	 1.28006681098615E-0003
 1.45502564334599E+0000	 1.13288599458193E-0003
 1.46135682375037E+0000	 9.45458092605607E-0004
 1.46764859982917E+0000	 7.23464635944608E-0004
 1.47389443243382E+0000	 4.74232477109811E-0004
 1.48008902037413E+0000	 2.06850985575552E-0004
 1.48622903163552E+0000	-6.82096345518280E-0005
 1.49231351864274E+0000	-3.39776491191313E-0004
 1.49834397227398E+0000	-5.96695188167007E-0004
 1.50432411497205E+0000	-8.28412449891178E-0004
 1.51025958690628E+0000	-1.02535664048684E-0003
 1.51615765251636E+0000	-1.17915383773354E-0003
 1.52202698663744E+0000	-1.28276620599569E-0003
 1.52787753402140E+0000	-1.33063546123734E-0003
 1.53372039940710E+0000	-1.31888252316755E-0003
 1.53956771584795E+0000	-1.24558309819027E-0003
 1.54543243933237E+0000	-1.11111979281794E-0003
 1.55132801259919E+0000	-9.18597802676445E-0004
 1.55726782837863E+0000	-6.74287520561506E-0004
 1.56326441528070E+0000	-3.88009818472291E-0004
 1.56932829437008E+0000	-7.33064440937393E-0005
 1.57546654351157E+0000	 2.52839499991075E-0004
 1.58168127910250E+0000	 5.70992777667309E-0004
 1.58796848694881E+0000	 8.61109729233819E-0004
 1.59431777699356E+0000	 1.10506503979764E-0003
 1.60071350419436E+0000	 1.28924816062793E-0003
 1.60713719276413E+0000	 1.40632573760896E-0003
 1.61357053337866E+0000	 1.45545236297144E-0003
 1.61999786606547E+0000	 1.44089697044546E-0003
 1.62640733940348E+0000	 1.36980645089511E-0003
 1.63279066128340E+0000	 1.25011946888302E-0003
 1.63914199959979E+0000	 1.08933899826884E-0003
 1.64545678812003E+0000	 8.94290531124200E-0004
 1.65173097206935E+0000	 6.71533515275361E-0004
 1.65796084244193E+0000	 4.27943139077843E-0004
 1.66414329884600E+0000	 1.71099407669234E-0004
 1.67027626622970E+0000	-9.06451072906886E-0005
 1.67635904966894E+0000	-3.48357617843249E-0004
 1.68239253735069E+0000	-5.92844180899926E-0004
 1.68837926208265E+0000	-8.14982613158550E-0004
 1.69432337756282E+0000	-1.00601163383931E-0003
 1.70023060859987E+0000	-1.15777142093724E-0003
 1.70610821127600E+0000	-1.26292562133497E-0003
 1.71196494622734E+0000	-1.31520531641854E-0003
 1.71781104248530E+0000	-1.30970536314421E-0003
 1.72365811854384E+0000	-1.24324683030363E-0003
 1.72951902514468E+0000	-1.11480865974586E-0003
 1.73540756725140E+0000	-9.26027811167127E-0004
 1.74133804223533E+0000	-6.81757590865396E-0004
 1.74732450193865E+0000	-3.90639609815100E-0004
 1.75337963014172E+0000	-6.55690019954379E-0005
 1.75951316674006E+0000	 2.76186172462311E-0004
 1.76572996275695E+0000	 6.13573046677265E-0004
 1.77202804880380E+0000	 9.23428238455061E-0004
 1.77839745961185E+0000	 1.18336044713590E-0003
 1.78482069183971E+0000	 1.37535229483425E-0003
 1.79127521777406E+0000	 1.48889027178621E-0003
 1.79773744934689E+0000	 1.52226894918356E-0003
 1.80418664722562E+0000	 1.48150020099968E-0003
 1.81060731880415E+0000	 1.37751038490310E-0003
 1.81698961542118E+0000	 1.22302447507192E-0003
 1.82332826841141E+0000	 1.03028358415082E-0003
 1.82962100475808E+0000	 8.09976102473654E-0004
 1.83586717173357E+0000	 5.71134910529551E-0004
 1.84206687147752E+0000	 3.21528288206045E-0004
 1.84822057402022E+0000	 6.81538489246240E-0005
 1.85432903838552E+0000	-1.82363619397522E-0004
 1.86039338363675E+0000	-4.23511262232386E-0004
 1.86641522469291E+0000	-6.48735189073352E-0004
 1.87239684672943E+0000	-8.51367297961447E-0004
 1.87834141140447E+0000	-1.02462760418750E-0003
 1.88425318259231E+0000	-1.16171192749811E-0003
 1.89013774956403E+0000	-1.25597500433902E-0003
 1.89600221979401E+0000	-1.30121272590268E-0003
 1.90185535239021E+0000	-1.29203914266560E-0003
 1.90770760641792E+0000	-1.22434768239999E-0003
 1.91357108283752E+0000	-1.09584632534790E-0003
 1.91945933559211E+0000	-9.06664138135224E-0004
 1.92538700670644E+0000	-6.60033121880503E-0004
 1.93136919897237E+0000	-3.63036359099292E-0004
 1.93742044943873E+0000	-2.73556684113685E-0005
 1.94355314443936E+0000	 3.30174956945100E-0004
 1.94977529719844E+0000	 6.87599527414496E-0004
 1.95608789543618E+0000	 1.01902737330504E-0003
 1.96248255787400E+0000	 1.29749844649903E-0003
 1.96894077783832E+0000	 1.49944944474212E-0003
 1.97543594871852E+0000	 1.60955980428477E-0003
 1.98193814150307E+0000	 1.62386408002010E-0003
 1.98841985017426E+0000	 1.54953356000213E-0003
 1.99486025736606E+0000	 1.40161074950635E-0003
 2.00124670013786E+0000	 1.19857787138117E-0003
 2.00757374154638E+0000	 9.58668199834861E-0004
 2.01384112265804E+0000	 6.97753942369570E-0004
 2.02005168870028E+0000	 4.28643542264558E-0004
 2.02620980337506E+0000	 1.61232382568157E-0004
 2.03232031670231E+0000	-9.69808705387542E-0005
 2.03838796323060E+0000	-3.40289137963615E-0004
 2.04441705553741E+0000	-5.64190578934364E-0004
 2.05041139234703E+0000	-7.64848832081379E-0004
 2.05637434937519E+0000	-9.38617571285073E-0004
 2.06230913508660E+0000	-1.08166597868353E-0003
 2.06821917753045E+0000	-1.18975402388427E-0003
 2.07410858410760E+0000	-1.25819700982322E-0003
 2.07998260265794E+0000	-1.28203322747440E-0003
 2.08584801583459E+0000	-1.25638060224126E-0003
 2.09171341726683E+0000	-1.17694926078581E-0003
 2.09758933855596E+0000	-1.04067315757503E-0003
 2.10348820881471E+0000	-8.46435830399898E-0004
 2.10942412036404E+0000	-5.95885530831959E-0004
 2.11541233613334E+0000	-2.94345775856598E-0004
 2.12146840738291E+0000	 4.81995809986447E-0005
 2.12760669754819E+0000	 4.16170663213136E-0004
 2.13383809709609E+0000	 7.87844459770993E-0004
 2.14016690337686E+0000	 1.13584522759466E-0003
 2.14658739881481E+0000	 1.42953512886069E-0003
 2.15308155272851E+0000	 1.63982638753616E-0003
 2.15961983031422E+0000	 1.74560411141838E-0003
 2.16616614674611E+0000	 1.73915468195309E-0003
 2.17268543776830E+0000	 1.62762496415707E-0003
 2.17915033650510E+0000	 1.42975431491527E-0003
 2.18554426340372E+0000	 1.17004019482394E-0003
 2.19186085454191E+0000	 8.73315451900361E-0004
 2.19810140270850E+0000	 5.61354352130074E-0004
 2.20427198238660E+0000	 2.51505529982035E-0004
 2.21038111506191E+0000	-4.33703537530247E-0005
 2.21643814723875E+0000	-3.14348311512302E-0004
 2.22245221129821E+0000	-5.55682861109176E-0004
 2.22843159502393E+0000	-7.64023423372160E-0004
 2.23438340115790E+0000	-9.37652474666264E-0004
 2.24031344393560E+0000	-1.07576047627451E-0003
 2.24622636891371E+0000	-1.17778295235505E-0003
 2.25212598650027E+0000	-1.24285164932481E-0003
 2.25801578552386E+0000	-1.26942796227368E-0003
 2.26389955872490E+0000	-1.25517910120958E-0003
 2.26978204698949E+0000	-1.19712718267575E-0003
 2.27566950576884E+0000	-1.09206185882804E-0003
 2.28157011537756E+0000	-9.37175657444114E-0004
 2.28749418452715E+0000	-7.30871201624009E-0004
 2.29345411335169E+0000	-4.73702992853628E-0004
 2.29946406784994E+0000	-1.69439954301329E-0004
 2.30553926047522E+0000	 1.73761458997050E-0004
 2.31169463971642E+0000	 5.42145973971765E-0004
 2.31794271488294E+0000	 9.15368443668280E-0004
 2.32429031374192E+0000	 1.26632768563007E-0003
 2.33073452589377E+0000	 1.56283188656286E-0003
 2.33725909608337E+0000	 1.77210964390843E-0003
 2.34383365941727E+0000	 1.86804024547243E-0003
 2.35041797341073E+0000	 1.83861885361879E-0003
 2.35697053154712E+0000	 1.68958856500934E-0003
 2.36345754109904E+0000	 1.44196211526770E-0003
 2.36985802644867E+0000	 1.12524481973159E-0003
 2.37616400516460E+0000	 7.70312070014668E-0004
 2.38237759423785E+0000	 4.04613333957400E-0004
 2.38850737304268E+0000	 5.00681671836494E-0005
 2.39456532798061E+0000	-2.77208869668453E-0004
 2.40056471424989E+0000	-5.66301595342789E-0004
 2.40651869196717E+0000	-8.10601358664526E-0004
 2.41243949103094E+0000	-1.00690084723382E-0003
 2.41833791191444E+0000	-1.15454934671298E-0003
 2.42422305446566E+0000	-1.25466506357311E-0003
 2.43010223781130E+0000	-1.30938605305321E-0003
 2.43598111757474E+0000	-1.32116395513053E-0003
 2.44186401675721E+0000	-1.29214266039060E-0003
 2.44775446465751E+0000	-1.22369720566792E-0003
 2.45365589454679E+0000	-1.11621881354736E-0003
 2.45957240522532E+0000	-9.69211473875884E-0004
 2.46550946530678E+0000	-7.81720687830499E-0004
 2.47147444255325E+0000	-5.53066710206095E-0004
 2.47747686447368E+0000	-2.83825859704121E-0004
 2.48352833369002E+0000	 2.29974042158590E-0005
 2.48964200223170E+0000	 3.60656442095578E-0004
 2.49583144060137E+0000	 7.17284541886661E-0004
 2.50210865036795E+0000	 1.07466696712247E-0003
 2.50848097440159E+0000	 1.40768163869916E-0003
 2.51494698694316E+0000	 1.68536147067940E-0003
 2.52149235382164E+0000	 1.87474132688457E-0003
 2.52808794783499E+0000	 1.94785754546037E-0003
 2.53469286884183E+0000	 1.88998226401356E-0003
 2.54126274912502E+0000	 1.70488217805610E-0003
 2.54775977848310E+0000	 1.41372184327043E-0003
 2.55415944144767E+0000	 1.04845192205828E-0003
 2.56045179641532E+0000	 6.43800091372986E-0004
 2.56663878455139E+0000	 2.31369656521879E-0004
 2.57273022716126E+0000	-1.63215527945374E-0004
 2.57874027382256E+0000	-5.20901554898205E-0004
 2.58468487337055E+0000	-8.28636115746678E-0004
 2.59058017619349E+0000	-1.07841145916183E-0003
 2.59644158345074E+0000	-1.26629792234566E-0003
 2.60228318530574E+0000	-1.39159405474714E-0003
 2.60811741637559E+0000	-1.45609357882341E-0003
 2.61395484104210E+0000	-1.46342205783908E-0003
 2.61980404912839E+0000	-1.41839352564810E-0003
 2.62567169006585E+0000	-1.32636363903251E-0003
 2.63156269505978E+0000	-1.19260180521524E-0003
 2.63748072413012E+0000	-1.02175688399080E-0003
 2.64342882706248E+0000	-8.17528684601502E-0004
 2.64941023818381E+0000	-5.82659232340821E-0004
 2.65542916246973E+0000	-3.19316200009732E-0004
 2.66149138096314E+0000	-2.98722817369276E-0005
 2.66760450961824E+0000	 2.81980384308795E-0004
 2.67377776099701E+0000	 6.09884496995980E-0004
 2.68002104952115E+0000	 9.43386162081234E-0004
 2.68634324972131E+0000	 1.26666419610049E-0003
 2.69274944293355E+0000	 1.55789115470680E-0003
 2.69923725428314E+0000	 1.79002619525694E-0003
 2.70579309764030E+0000	 1.93400980053893E-0003
 2.71239019609825E+0000	 1.96474381986656E-0003
 2.71899067401477E+0000	 1.86845531361989E-0003
 2.72555242618723E+0000	 1.64801733229926E-0003
 2.73203821100401E+0000	 1.32298532507346E-0003
 2.73842260601373E+0000	 9.24321484858105E-0004
 2.74469424037892E+0000	 4.87009330955213E-0004
 2.75085397216725E+0000	 4.39750664086229E-0005
 2.75691128179608E+0000	-3.77278905645923E-0004
 2.76288073520991E+0000	-7.55711273740555E-0004
 2.76877931681833E+0000	-1.07643046656687E-0003
 2.77462469577048E+0000	-1.32984792648133E-0003
 2.78043419690739E+0000	-1.51075959548592E-0003
 2.78622421245814E+0000	-1.61754930753551E-0003
 2.79200984802589E+0000	-1.65155336018768E-0003
 2.79780466911649E+0000	-1.61655069430261E-0003
 2.80362048011730E+0000	-1.51831254081083E-0003
 2.80946712536860E+0000	-1.36414126265684E-0003
 2.81535235264775E+0000	-1.16234706118003E-0003
 2.82128181608573E+0000	-9.21655507590490E-0004
 2.82725930211235E+0000	-6.50605067583883E-0004
 2.83328722150742E+0000	-3.57062740193851E-0004
 2.83936732217995E+0000	-4.80231361166428E-0005
 2.84550146889052E+0000	 2.70169664948638E-0004
 2.85169225397930E+0000	 5.91129579446462E-0004
 2.85794317853568E+0000	 9.07342899059104E-0004
 2.86425817178871E+0000	 1.20889322448453E-0003
 2.87064028177046E+0000	 1.48232742628489E-0003
 2.87708949814506E+0000	 1.71014392998989E-0003
 2.88359994884560E+0000	 1.87153167923775E-0003
 2.89015722409008E+0000	 1.94495433409578E-0003
 2.89673717289250E+0000	 1.91264104349474E-0003
 2.90330760779609E+0000	 1.76588520539208E-0003
 2.90983327254071E+0000	 1.50890372167512E-0003
 2.91628247371100E+0000	 1.15915370386128E-0003
 2.92263258821914E+0000	 7.43858890781093E-0004
 2.92887247036941E+0000	 2.94576145301338E-0004
 2.93500174386164E+0000	-1.57838556881528E-0004
 2.94102830477546E+0000	-5.86507282145498E-0004
 2.94696545285175E+0000	-9.69951813263242E-0004
 2.95282948407493E+0000	-1.29222591907395E-0003
 2.95863799450926E+0000	-1.54239934268676E-0003
 2.96440881801161E+0000	-1.71384811127902E-0003
 2.97015941022164E+0000	-1.80359594860197E-0003
 2.97590649227998E+0000	-1.81180268607247E-0003
 2.98166580609166E+0000	-1.74140809782205E-0003
 2.98745187632532E+0000	-1.59789086491310E-0003
 2.99327771632252E+0000	-1.38907344347952E-0003
 2.99915446043714E+0000	-1.12488691355693E-0003
 3.00509095911377E+0000	-8.17009982798164E-0004
 3.01109343098179E+0000	-4.78326469019754E-0004
 3.01716530696466E+0000	-1.22217186001329E-0004
 3.02330738865845E+0000	 2.38193914866279E-0004
 3.02951834872208E+0000	 5.90627920358405E-0004
 3.03579544013917E+0000	 9.23850556086618E-0004
 3.04213512627305E+0000	 1.22737274692926E-0003
 3.04853328660851E+0000	 1.49075458520350E-0003
 3.05498474740244E+0000	 1.70284590194869E-0003
 3.06148212498495E+0000	 1.85144891659783E-0003
 3.06801429907295E+0000	 1.92388021163285E-0003
 3.07456515560667E+0000	 1.90867651919387E-0003
 3.08111338725647E+0000	 1.79822325323268E-0003
 3.08763392115436E+0000	 1.59152887407360E-0003
 3.09410091101823E+0000	 1.29604898055398E-0003
 3.10049146387469E+0000	 9.27698260636576E-0004
 3.10678887030023E+0000	 5.08946410540652E-0004
 3.11298437166212E+0000	 6.57134657761812E-0005
 3.11907722263881E+0000	-3.75861164194051E-0004
 3.12507348071273E+0000	-7.91929573798187E-0004
 3.13098422656161E+0000	-1.16239942719517E-0003
 3.13682380847801E+0000	-1.47146786943748E-0003
 3.14260843268163E+0000	-1.70754477211969E-0003
 3.14835518035128E+0000	-1.86288718104891E-0003
 3.15408139139753E+0000	-1.93317805826357E-0003
 3.15980430029661E+0000	-1.91718371733644E-0003
 3.16554080228645E+0000	-1.81654837121335E-0003
 3.17130723897021E+0000	-1.63573199326003E-0003
 3.17711910718379E+0000	-1.38205829367254E-0003
 3.18299061398970E+0000	-1.06580198307048E-0003
 3.18893403372146E+0000	-7.00204415797486E-0004
 3.19495888401920E+0000	-3.01273004537597E-0004
 3.20107103289592E+0000	 1.12780944964926E-0004
 3.20727195639280E+0000	 5.22541014312010E-0004
 3.21355842166369E+0000	 9.08736008160041E-0004
 3.21992278895156E+0000	 1.25365719100223E-0003
 3.22635388544141E+0000	 1.54225248116288E-0003
 3.23283812398195E+0000	 1.76262647445898E-0003
 3.23936043439640E+0000	 1.90599236670637E-0003
 3.24590475863537E+0000	 1.96641758403494E-0003
 3.25245420235998E+0000	 1.94074659818121E-0003
 3.25899116462353E+0000	 1.82885761598856E-0003
 3.26549773691878E+0000	 1.63412594254208E-0003
 3.27195646731505E+0000	 1.36383551697531E-0003
 3.27835141386251E+0000	 1.02931764751941E-0003
 3.28466933453624E+0000	 6.45680993761340E-0004
 3.29090081684170E+0000	 2.31065799732197E-0004
 3.29704110750408E+0000	-1.94545297470814E-0004
 3.30309042946195E+0000	-6.10777979025235E-0004
 3.30905371803905E+0000	-9.98284772858274E-0004
 3.31493989986936E+0000	-1.33985936210351E-0003
 3.32076095586128E+0000	-1.62111557824263E-0003
 3.32653100367654E+0000	-1.83076078859853E-0003
 3.33226554796716E+0000	-1.96059248731715E-0003
 3.33798094615087E+0000	-2.00536976468043E-0003
 3.34369406385626E+0000	-1.96268657484490E-0003
 3.34942205267883E+0000	-1.83293352515824E-0003
 3.35518216176171E+0000	-1.61939608992645E-0003
 3.36099148114930E+0000	-1.32850090745735E-0003
 3.36686650336942E+0000	-9.70179653613537E-0004
 3.37282238645873E+0000	-5.58259990896905E-0004
 3.37887182808291E+0000	-1.10708542366930E-0004
 3.38502355232875E+0000	 3.50543855180913E-0004
 3.39128059904791E+0000	 8.00511608757239E-0004
 3.39763886314256E+0000	 1.21301149982630E-0003
 3.40408650992724E+0000	 1.56334448630398E-0003
 3.41060476173141E+0000	 1.83120552121376E-0003
 3.41717003242611E+0000	 2.00294713360731E-0003
 3.42375678500545E+0000	 2.07254512777735E-0003
 3.43034027021710E+0000	 2.04120281006322E-0003
 3.43689856083726E+0000	 1.91600438128528E-0003
 3.44341367977816E+0000	 1.70814284786483E-0003
 3.44987186555177E+0000	 1.43116912574922E-0003
 3.45626317219806E+0000	 1.09961477149827E-0003
 3.46258074070837E+0000	 7.28201288591541E-0004
 3.46882013398591E+0000	 3.31619325363223E-0004
 3.47497901306926E+0000	-7.53670861727399E-0005
 3.48105719490394E+0000	-4.77823677011067E-0004
 3.48705691652404E+0000	-8.60791580469074E-0004
 3.49298305754554E+0000	-1.20971239898085E-0003
 3.49884315209302E+0000	-1.51100604324119E-0003
 3.50464716523754E+0000	-1.75262769684557E-0003
 3.51040711822436E+0000	-1.92448647501808E-0003
 3.51613667897436E+0000	-2.01870065616408E-0003
 3.52185080635930E+0000	-2.02973627500486E-0003
 3.52756548534995E+0000	-1.95450897060043E-0003
 3.53329754063665E+0000	-1.79253177521160E-0003
 3.53906447549403E+0000	-1.54617821375749E-0003
 3.54488424588060E+0000	-1.22110752407023E-0003
 3.55077484073382E+0000	-8.26862417927743E-0004
 3.55675349967221E+0000	-3.77583884169238E-0004
 3.56283538026270E+0000	 1.07329732068961E-0004
 3.56903154447545E+0000	 6.02970031274883E-0004
 3.57534635733439E+0000	 1.07961205951437E-0003
 3.58177483763461E+0000	 1.50492473756695E-0003
 3.58830102875245E+0000	 1.84787674814090E-0003
 3.59489859943183E+0000	 2.08361778297554E-0003
 3.60153415815271E+0000	 2.19770705664165E-0003
 3.60817241382094E+0000	 2.18802364634682E-0003
 3.61478138577601E+0000	 2.06375740946333E-0003
 3.62133605453038E+0000	 1.84219380941174E-0003
 3.62781976958253E+0000	 1.54466999287286E-0003
 3.63422365007720E+0000	 1.19298369933134E-0003
 3.64054475523757E+0000	 8.07023779504841E-0004
 3.64678391754271E+0000	 4.03792290829078E-0004
 3.65294392796978E+0000	-2.46720069943746E-0006
 3.65902842005255E+0000	-3.99531109958804E-0004
 3.66504147780800E+0000	-7.76335000848867E-0004
 3.67098777589978E+0000	-1.12233480126507E-0003
 3.67687297309373E+0000	-1.42723975629185E-0003
 3.68270410937958E+0000	-1.68109303790472E-0003
 3.68848985914211E+0000	-1.87457433433523E-0003
 3.69424060679414E+0000	-1.99938308637088E-0003
 3.69996838931884E+0000	-2.04860636274224E-0003
 3.70568677648418E+0000	-2.01704083360365E-0003
 3.71141074525944E+0000	-1.90149318311263E-0003
 3.71715656928031E+0000	-1.70111639610315E-0003
 3.72294169950758E+0000	-1.41785241641627E-0003
 3.72878456050731E+0000	-1.05704778071834E-0003
 3.73470412387947E+0000	-6.28282659409860E-0004
 3.74071904600335E+0000	-1.46384908875490E-0004
 3.74684609401946E+0000	 3.67547367452220E-0004
 3.75309760843015E+0000	 8.85552833964818E-0004
 3.75947801671934E+0000	 1.37341775254339E-0003
 3.76598007714211E+0000	 1.79343013218864E-0003
 3.77258245528542E+0000	 2.10971823165463E-0003
 3.77925062653594E+0000	 2.29515785472081E-0003
 3.78594194974425E+0000	 2.33720606594165E-0003
 3.79261338468597E+0000	 2.23993037754912E-0003
 3.79922874817903E+0000	 2.02148273977856E-0003
 3.80576299830105E+0000	 1.70860800242975E-0003
 3.81220292161144E+0000	 1.33067186240675E-0003
 3.81854516096323E+0000	 9.15080510128266E-0004
 3.82479307353442E+0000	 4.84796371224709E-0004
 3.83095365607911E+0000	 5.77234949552592E-0005
 3.83703521565165E+0000	-3.52681398483853E-0004
 3.84304597671301E+0000	-7.36230220472174E-0004
 3.84899352609931E+0000	-1.08475064029722E-0003
 3.85488487074727E+0000	-1.39106207355378E-0003
 3.86072685288692E+0000	-1.64832148438090E-0003
 3.86652669338450E+0000	-1.84975452892684E-0003
 3.87229249612796E+0000	-1.98870282953923E-0003
 3.87803362526916E+0000	-2.05888035980324E-0003
 3.88376093895589E+0000	-2.05473914834578E-0003
 3.88948690888059E+0000	-1.97188234697840E-0003
 3.89522566798099E+0000	-1.80751136253014E-0003
 3.90099301275788E+0000	-1.56093775147236E-0003
 3.90680634789185E+0000	-1.23422195834835E-0003
 3.91268450039381E+0000	-8.33014513166169E-0004
 3.91864724419577E+0000	-3.67658590621482E-0004
 3.92471426349268E+0000	 1.45465879144665E-0004
 3.93090317541751E+0000	 6.82575935896356E-0004
 3.93722624749020E+0000	 1.21169942911182E-0003
 3.94368583785265E+0000	 1.69358473918172E-0003
 3.95026962509777E+0000	 2.08565103632421E-0003
 3.95694809530678E+0000	 2.34942028984652E-0003
 3.96367705916326E+0000	 2.45946570611244E-0003
 3.97040564546139E+0000	 2.40970912103739E-0003
 3.97708654358395E+0000	 2.21374236705389E-0003
 3.98368393850960E+0000	 1.89952377501277E-0003
 3.99017669630057E+0000	 1.50168028983419E-0003
 3.99655727189686E+0000	 1.05467033266181E-0003
 4.00282826037861E+0000	 5.88432510529303E-0004
 4.00899844556842E+0000	 1.26594641213231E-0004
 4.01507946973676E+0000	-3.13473085195194E-0004
 4.02108352980514E+0000	-7.19603677520235E-0004
 4.02702206840613E+0000	-1.08342206567156E-0003
 4.03290525423664E+0000	-1.39896985314736E-0003
 4.03874201851247E+0000	-1.66157084552978E-0003
 4.04454043895200E+0000	-1.86702606795923E-0003
 4.05030829756206E+0000	-2.01115583714941E-0003
 4.05605367610736E+0000	-2.08965869808958E-0003
 4.06178549596927E+0000	-2.09822707616380E-0003
 4.06751395472019E+0000	-2.03285057512687E-0003
 4.07325085088930E+0000	-1.89025166312034E-0003
 4.07900981034527E+0000	-1.66843041158729E-0003
 4.08480642484135E+0000	-1.36733592450547E-0003
 4.09065828039142E+0000	-9.89721900266488E-0004
 4.09658478341712E+0000	-5.42269632685087E-0004
 4.10260657593408E+0000	-3.70486172785081E-0005
 4.10874416622771E+0000	 5.06722809267594E-0004
 4.11501524282637E+0000	 1.06095750470749E-0003
 4.12143019844704E+0000	 1.58796032652923E-0003
 4.12798611829739E+0000	 2.04236713976648E-0003
 4.13466125566384E+0000	 2.37753185865110E-0003
 4.14141392833655E+0000	 2.55607891178660E-0003
 4.14818895919840E+0000	 2.56036004737526E-0003
 4.15492986137291E+0000	 2.39675776830292E-0003
 4.16159048947748E+0000	 2.09164631528910E-0003
 4.16814110619959E+0000	 1.68247702900426E-0003
 4.17456847498726E+0000	 1.20895534823955E-0003
 4.18087243087722E+0000	 7.07026485525407E-0004
 4.18706142943906E+0000	 2.05978200217607E-0004
 4.19314856125652E+0000	-2.72143362777292E-0004
 4.19914860596261E+0000	-7.11782862128796E-0004
 4.20507615633075E+0000	-1.10255100190321E-0003
 4.21094461362550E+0000	-1.43779429998170E-0003
 4.21676581514514E+0000	-1.71329821514992E-0003
 4.22255009321253E+0000	-1.92622555441085E-0003
 4.22830661554519E+0000	-2.07432586564928E-0003
 4.23404389438120E+0000	-2.15542295231341E-0003
 4.23977037505727E+0000	-2.16717240043449E-0003
 4.24549503253068E+0000	-2.10706873001751E-0003
 4.25122792381585E+0000	-1.97267367797348E-0003
 4.25698066553927E+0000	-1.76203963818249E-0003
 4.26276682136423E+0000	-1.47432046907074E-0003
 4.26860218160491E+0000	-1.11059546645118E-0003
 4.27450488139406E+0000	-6.74974168406449E-0004
 4.28049521423929E+0000	-1.76081539684649E-0004
 4.28659483139831E+0000	 3.70999495698840E-0004
 4.29282477181833E+0000	 9.42429701835006E-0004
 4.29920155398739E+0000	 1.50357642587345E-0003
 4.30573080631872E+0000	 2.00885134716179E-0003
 4.31239944483218E+0000	 2.40607187233614E-0003
 4.31917048083566E+0000	 2.64720711309768E-0003
 4.32598634887794E+0000	 2.70267978514478E-0003
 4.33278218677165E+0000	 2.57083763452677E-0003
 4.33950188519501E+0000	 2.27609857859216E-0003
 4.34610777580042E+0000	 1.85844615838109E-0003
 4.35258167109162E+0000	 1.36200188968517E-0003
 4.35892084892951E+0000	 8.27406003759968E-0004
 4.36513286881661E+0000	 2.88318862122365E-0004
 4.37123111886366E+0000	-2.29361156825676E-0004
 4.37723157344297E+0000	-7.06863496532333E-0004
 4.38315067278821E+0000	-1.13131961400339E-0003
 4.38900407972266E+0000	-1.49440324555469E-0003
 4.39480606468749E+0000	-1.79106247560359E-0003
 4.40056931950361E+0000	-2.01843458495047E-0003
 4.40630506005256E+0000	-2.17496759779844E-0003
 4.41202332713031E+0000	-2.25974843287445E-0003
 4.41773342561405E+0000	-2.27203577459181E-0003
 4.42344445636597E+0000	-2.21100092689938E-0003
 4.42916589958480E+0000	-2.07568354282408E-0003
 4.43490821007799E+0000	-1.86517018802684E-0003
 4.44068338795605E+0000	-1.57900742398464E-0003
 4.44650548881904E+0000	-1.21787545613350E-0003
 4.45239102225482E+0000	-7.84578916519383E-0004
 4.45835913196631E+0000	-2.85454507415391E-0004
 4.46443131784551E+0000	 2.67674331790080E-0004
 4.47063020647589E+0000	 8.54926054134944E-0004
 4.47697650854799E+0000	 1.44544371309676E-0003
 4.48348308088291E+0000	 1.99534469216859E-0003
 4.49014584520659E+0000	 2.44940175916562E-0003
 4.49693459325073E+0000	 2.75028293532855E-0003
 4.50379138283167E+0000	 2.85559450648394E-0003
 4.51064299390530E+0000	 2.75390134633079E-0003
 4.51742201925240E+0000	 2.46729625666029E-0003
 4.52408224076672E+0000	 2.03941510178738E-0003
 4.53060131479562E+0000	 1.51985484757174E-0003
 4.53697532185069E+0000	 9.53930075262209E-0004
 4.54321185602187E+0000	 3.78701979258013E-0004
 4.54932471004261E+0000	-1.77372013923685E-0004
 4.55533044404994E+0000	-6.93386672324196E-0004
 4.56124631734070E+0000	-1.15459358022015E-0003
 4.56708910014848E+0000	-1.55104755896622E-0003
 4.57287444937864E+0000	-1.87641575230485E-0003
 4.57861665052181E+0000	-2.12697702007735E-0003
 4.58432860138662E+0000	-2.30080436963105E-0003
 4.59002196225114E+0000	-2.39711207984380E-0003
 4.59570743026954E+0000	-2.41575193666844E-0003
 4.60139511587487E+0000	-2.35685402080468E-0003
 4.60709500691509E+0000	-2.22062170164740E-0003
 4.61281750498919E+0000	-2.00730389715771E-0003
 4.61857401165491E+0000	-1.71737907953328E-0003
 4.62437753223673E+0000	-1.35199814651892E-0003
 4.63024324820352E+0000	-9.13754274254252E-0004
 4.63618896969216E+0000	-4.07883986038387E-0004
 4.64223528285565E+0000	 1.55949728878297E-0004
 4.64840499355826E+0000	 7.61127142697708E-0004
 4.65472107651597E+0000	 1.38079073271474E-0003
 4.66120183468706E+0000	 1.97449210673191E-0003
 4.66785199696565E+0000	 2.48714235877872E-0003
 4.67465083955053E+0000	 2.85498472255809E-0003
 4.68154453892080E+0000	 3.02252814903760E-0003
 4.68845407562354E+0000	 2.96477828710630E-0003
 4.69529948570058E+0000	 2.69769656810512E-0003
 4.70202315488874E+0000	 2.26750440924734E-0003
 4.70859684865009E+0000	 1.73025971518259E-0003
 4.71501530549351E+0000	 1.13708795277651E-0003
 4.72128672229329E+0000	 5.28782667081208E-0004
 4.72742573603581E+0000	-6.40535400991090E-0005
 4.73344945071157E+0000	-6.19111975031135E-0004
 4.73937543179209E+0000	-1.12043866428611E-0003
 4.74522072953929E+0000	-1.55687814536434E-0003
 4.75100141841981E+0000	-1.92088130734071E-0003
 4.75673241474422E+0000	-2.20758471977580E-0003
 4.76242746269285E+0000	-2.41408936670729E-0003
 4.76809923396390E+0000	-2.53889206652000E-0003
 4.77375951344577E+0000	-2.58144024124148E-0003
 4.77941945970361E+0000	-2.54179464338793E-0003
 4.78508993883590E+0000	-2.42039911575481E-0003
 4.79078193354658E+0000	-2.21797251191627E-0003
 4.79650702584917E+0000	-1.93555510168648E-0003
 4.80227794177970E+0000	-1.57476020237116E-0003
 4.80810912864940E+0000	-1.13830396906961E-0003
 4.81401730242205E+0000	-6.30917717622443E-0004
 4.82002183291755E+0000	-6.07917613164012E-0005
 4.82614468018199E+0000	 5.58256819623870E-0004
 4.83240927912500E+0000	 1.20373640517862E-0003
 4.83883723812702E+0000	 1.84075842462107E-0003
 4.84544122490240E+0000	 2.41906053928664E-0003
 4.85221326566574E+0000	 2.87471380874443E-0003
 4.85911249219893E+0000	 3.14245455709639E-0003
 4.86606421209156E+0000	 3.17925589443677E-0003
 4.87297995155075E+0000	 2.98455398809147E-0003
 4.87978717409726E+0000	 2.59815818508252E-0003
 4.88644542846289E+0000	 2.07885888185810E-0003
 4.89294307644639E+0000	 1.48370985338642E-0003
 4.89928603268253E+0000	 8.58628250463310E-0004
 4.90548831217852E+0000	 2.37635113651523E-0004
 4.91156670471807E+0000	-3.54720860207219E-0004
 4.91753838069650E+0000	-9.00756868882602E-0004
 4.92341996493239E+0000	-1.38771242735693E-0003
 4.92922721708500E+0000	-1.80643100854528E-0003
 4.93497494545007E+0000	-2.15045380097443E-0003
 4.94067702396373E+0000	-2.41536218238417E-0003
 4.94634647362320E+0000	-2.59827740883574E-0003
 4.95199559733656E+0000	-2.69747189791810E-0003
 4.95763616585903E+0000	-2.71207076681727E-0003
 4.96327965694242E+0000	-2.64183703591662E-0003
 4.96893755246523E+0000	-2.48704673907289E-0003
 4.97462169785199E+0000	-2.24847422191526E-0003
 4.98034472283816E+0000	-1.92752413865038E-0003
 4.98612051071123E+0000	-1.52656596317156E-0003
 4.99196468064218E+0000	-1.04955140875280E-0003
 4.99789500401383E+0000	-5.03028119995014E-0004
 5.00393158521104E+0000	 1.02297666992015E-0004
 5.01009645004126E+0000	 7.49279617891936E-0004
 5.01641183289123E+0000	 1.41127706642518E-0003
 5.02289594877052E+0000	 2.04882251011572E-0003
 5.02955484953741E+0000	 2.60800402843055E-0003
 5.03637072786623E+0000	 3.02500607460338E-0003
 5.04329278903762E+0000	 3.24159680469129E-0003
 5.05024257388597E+0000	 3.22804307378211E-0003
 5.05713762235063E+0000	 2.99649641169081E-0003
 5.06391709970744E+0000	 2.59192352348486E-0003
 5.07055079132701E+0000	 2.07043580715643E-0003
 5.07703242269275E+0000	 1.48283438577668E-0003
 5.08336897645454E+0000	 8.68883645006315E-0004
 5.08957304349007E+0000	 2.58097224751946E-0004
 5.09565897700638E+0000	-3.27656831151646E-0004
 5.10164138695253E+0000	-8.71891380969125E-0004
 5.10753465650580E+0000	-1.36200189088025E-0003
 5.11335279132293E+0000	-1.78834009197768E-0003
 5.11910935308455E+0000	-2.14360378928294E-0003
 5.12481742718914E+0000	-2.42238333815288E-0003
 5.13048963184152E+0000	-2.62079419707031E-0003
 5.13613817991705E+0000	-2.73617337374990E-0003
 5.14177499874958E+0000	-2.76683805992582E-0003
 5.14741190881682E+0000	-2.71191382331243E-0003
 5.15306086009446E+0000	-2.57124671180931E-0003
 5.15873422184799E+0000	-2.34542188699015E-0003
 5.16444511543534E+0000	-2.03592170407080E-0003
 5.17020776806780E+0000	-1.64546891739994E-0003
 5.17603784451214E+0000	-1.17861686834923E-0003
 5.18195267443439E+0000	-6.42668518304583E-0004
 5.18797121637568E+0000	-4.90241649515186E-0005
 5.19411345236192E+0000	 5.84955514818578E-0004
 5.20039865737736E+0000	 1.23362008722642E-0003
 5.20684168826420E+0000	 1.86075067060540E-0003
 5.21344648134824E+0000	 2.41893701499239E-0003
 5.22019740935366E+0000	 2.85371988382406E-0003
 5.22705300152921E+0000	 3.11538786422141E-0003
 5.23394985224563E+0000	 3.17566510461406E-0003
 5.24081926149368E+0000	 3.03812165511642E-0003
 5.24760630768118E+0000	 2.73327415687163E-0003
 5.25427838498264E+0000	 2.30362278916136E-0003
 5.26082207857979E+0000	 1.79075620339411E-0003
 5.26723585587846E+0000	 1.22983103236218E-0003
 5.27352431002372E+0000	 6.49305858938542E-0004
 5.27969517282338E+0000	 7.24013459175398E-0005
 5.28575811905603E+0000	-4.81622040017757E-0004
 5.29172425622248E+0000	-9.96769522217204E-0004
 5.29760572925053E+0000	-1.45997573059553E-0003
 5.30341530775379E+0000	-1.86085849982888E-0003
 5.30916600461981E+0000	-2.19143571631869E-0003
 5.31487079100906E+0000	-2.44579433058388E-0003
 5.32054243680970E+0000	-2.61974870011844E-0003
 5.32619347398121E+0000	-2.71053048168646E-0003
 5.33183626477118E+0000	-2.71654333976981E-0003
 5.33748315188412E+0000	-2.63720737857764E-0003
 5.34314666624179E+0000	-2.47291414530805E-0003
 5.34883976576076E+0000	-2.22511266084052E-0003
 5.35457607343408E+0000	-1.89654902995654E-0003
 5.36037007291023E+0000	-1.49168625386042E-0003
 5.36623720051067E+0000	-1.01733647026404E-0003
 5.37219373534327E+0000	-4.83541516955523E-0004
 5.37825631926919E+0000	 9.52751574719530E-0005
 5.38444082343601E+0000	 6.98933841269502E-0004
 5.39076014417008E+0000	 1.30017015681244E-0003
 5.39722051978285E+0000	 1.86410816101957E-0003
 5.40381652828557E+0000	 2.34998626889377E-0003
 5.41052651404694E+0000	 2.71676315355720E-0003
 5.41731209588132E+0000	 2.93236414761270E-0003
 5.42412463243166E+0000	 2.98233833466367E-0003
 5.43091625893399E+0000	 2.87203006786578E-0003
 5.43764865679264E+0000	 2.62117562515782E-0003
 5.44429541508879E+0000	 2.25601485382217E-0003
 5.45083987164661E+0000	 1.80402175806757E-0003
 5.45727236389740E+0000	 1.29206716940301E-0003
 5.46358879265245E+0000	 7.46110617554811E-0004
 5.46979015783521E+0000	 1.90775463208407E-0004
 5.47588211185656E+0000	-3.51525023527156E-0004
 5.48187407945064E+0000	-8.61476678052703E-0004
 5.48777807459305E+0000	-1.32335247835175E-0003
 5.49360753924016E+0000	-1.72500697150414E-0003
 5.49937643220128E+0000	-2.05751511560199E-0003
 5.50509863870825E+0000	-2.31464858035601E-0003
 5.51078766893393E+0000	-2.49234016146917E-0003
 5.51645657535164E+0000	-2.58822578635643E-0003
 5.52211801662620E+0000	-2.60130737777092E-0003
 5.52778440612016E+0000	-2.53175252017516E-0003
 5.53346809462393E+0000	-2.38083258759107E-0003
 5.53918154612058E+0000	-2.15099405130667E-0003
 5.54493747186164E+0000	-1.84605521831300E-0003
 5.55074889094350E+0000	-1.47152215550956E-0003
 5.55662908138430E+0000	-1.03502292290275E-0003
 5.56259136693200E+0000	-5.46864805460028E-0004
 5.56864864226574E+0000	-2.07108662722585E-0005
 5.57481247339343E+0000	 5.25683142472864E-0004
 5.58109156032073E+0000	 1.06988305371676E-0003
 5.58748943669632E+0000	 1.58482669957077E-0003
 5.59400169999673E+0000	 2.04025585787223E-0003
 5.60061384967567E+0000	 2.40608698039927E-0003
 5.60730135019588E+0000	 2.65716889148072E-0003
 5.61403267944644E+0000	 2.77736840020936E-0003
 5.62077392011402E+0000	 2.76090773292336E-0003
 5.62749231717647E+0000	 2.61111608180412E-0003
 5.63415786081472E+0000	 2.33874052357960E-0003
 5.64074424774496E+0000	 1.96120870972817E-0003
 5.64723062740306E+0000	 1.50208407308186E-0003
 5.65360375908149E+0000	 9.89299790843546E-0004
 5.65985912454394E+0000	 4.52049851783882E-0004
 5.66600022227553E+0000	-8.24657512689783E-0005
 5.67203652410317E+0000	-5.91252509917449E-0004
 5.67798109307829E+0000	-1.05634780985750E-0003
 5.68384859217243E+0000	-1.46460076819518E-0003
 5.68965394147088E+0000	-1.80692278393564E-0003
 5.69541157392818E+0000	-2.07740563204905E-0003
 5.70113512919337E+0000	-2.27252681859731E-0003
 5.70683742345750E+0000	-2.39053230909964E-0003
 5.71253056788973E+0000	-2.43101400184093E-0003
 5.71822614571215E+0000	-2.39466419922081E-0003
 5.72393538939765E+0000	-2.28317458482177E-0003
 5.72966932491489E+0000	-2.09924391039031E-0003
 5.73543887014508E+0000	-1.84666397661446E-0003
 5.74125488763377E+0000	-1.53046723232964E-0003
 5.74712819241300E+0000	-1.15713970247292E-0003
 5.75306949661164E+0000	-7.34922905609461E-0004
 5.75908922999212E+0000	-2.74231998249537E-0004
 5.76519711851793E+0000	 2.11820292410000E-0004
 5.77140136788383E+0000	 7.06906714107754E-0004
 5.77770735646580E+0000	 1.19124536894377E-0003
 5.78411596368930E+0000	 1.64202259206939E-0003
 5.79062199799596E+0000	 2.03474942761943E-0003
 5.79721334543555E+0000	 2.34536856846575E-0003
 5.80387107617515E+0000	 2.55246638221366E-0003
 5.81057006493899E+0000	 2.63914735596374E-0003
 5.81727970624264E+0000	 2.59497640990440E-0003
 5.82396539226921E+0000	 2.41858191903281E-0003
 5.83059205333180E+0000	 2.12013423159346E-0003
 5.83712962397984E+0000	 1.72150325259037E-0003
 5.84355803098664E+0000	 1.25282420703084E-0003
 5.84986914083966E+0000	 7.46859214015915E-0004
 5.85606530236986E+0000	 2.33875286360190E-0004
 5.86215606306874E+0000	-2.61281065191275E-0004
 5.86815481725305E+0000	-7.19916498164870E-0004
 5.87407630449473E+0000	-1.12887098183685E-0003
 5.87993510570326E+0000	-1.47937056578278E-0003
 5.88574492690666E+0000	-1.76586107826337E-0003
 5.89151839291046E+0000	-1.98505086256525E-0003
 5.89726712031785E+0000	-2.13522328273598E-0003
 5.90300190923556E+0000	-2.21579749501967E-0003
 5.90873295537056E+0000	-2.22708211026177E-0003
 5.91447003437717E+0000	-2.17015923086335E-0003
 5.92022264833627E+0000	-2.04684632603157E-0003
 5.92600014861664E+0000	-1.85970563752424E-0003
 5.93181185682283E+0000	-1.61210018826085E-0003
 5.93766719305444E+0000	-1.30832430177103E-0003
 5.94357578820862E+0000	-9.53853904644911E-0004
 5.94954751072361E+0000	-5.55754676428780E-0004
 5.95559229400668E+0000	-1.23242894143906E-0004
 5.96171963645220E+0000	 3.31686567236557E-0004
 5.96793769406396E+0000	 7.93744820637160E-0004
 5.97425200682544E+0000	 1.24417532073606E-0003
 5.98066403494665E+0000	 1.66108844788180E-0003
 5.98716969437785E+0000	 2.02032110726874E-0003
 5.99375792009094E+0000	 2.29681538017310E-0003
 6.00040925211465E+0000	 2.46682335369154E-0003
 6.00709504255202E+0000	 2.51154007427568E-0003
 6.01377887636226E+0000	 2.42204703915384E-0003
 6.02042158452884E+0000	 2.20351695688361E-0003
 6.02698873805070E+0000	 1.87558656830482E-0003
 6.03345694703907E+0000	 1.46787659881990E-0003
 6.03981594953722E+0000	 1.01310525404525E-0003
 6.04606662089410E+0000	 5.41284535361611E-0004
 6.05221713108713E+0000	 7.67134233158918E-0005
 6.05827929082933E+0000	-3.62545976153169E-0004
 6.06426599145533E+0000	-7.63802204466753E-0004
 6.07018978677582E+0000	-1.11841397552009E-0003
 6.07606232002531E+0000	-1.42054917677192E-0003
 6.08189425763359E+0000	-1.66624001232394E-0003
 6.08769546157748E+0000	-1.85276576990424E-0003
 6.09347522470545E+0000	-1.97830404991223E-0003
 6.09924247865619E+0000	-2.04176022150440E-0003
 6.10500595075646E+0000	-2.04269209051154E-0003
 6.11077428848846E+0000	-1.98127696522014E-0003
 6.11655618547510E+0000	-1.85830753734237E-0003
 6.12236053356942E+0000	-1.67523872969399E-0003
 6.12819659738718E+0000	-1.43432984346926E-0003
 6.13407416917621E+0000	-1.13892774122258E-0003
 6.14000362473659E+0000	-7.93913596695755E-0004
 6.14599577924372E+0000	-4.06289529717784E-0004
 6.15206144943212E+0000	 1.41771902009217E-0005
 6.15821067212861E+0000	 4.54383358060027E-0004
 6.16445159245433E+0000	 8.97533894261097E-0004
 6.17078906888729E+0000	 1.32311000321977E-0003
 6.17722300038006E+0000	 1.70726629157056E-0003
 6.18374634075435E+0000	 2.02392135268129E-0003
 6.19034302470463E+0000	 2.24711970546713E-0003
 6.19698682833294E+0000	 2.35522092287330E-0003
 6.20364296164925E+0000	 2.33635575512599E-0003
 6.21027344660274E+0000	 2.19268178076920E-0003
 6.21684463921482E+0000	 1.94048009360161E-0003
 6.22333315763023E+0000	 1.60560174713760E-0003
 6.22972763280617E+0000	 1.21693415264257E-0003
 6.23602672725490E+0000	 8.01115589470833E-0004
 6.24223558291968E+0000	 3.79907969419584E-0004
 6.24836254203910E+0000	-3.01621851339283E-0005
 6.25441693513495E+0000	-4.16929140114716E-0004
 6.26040795765443E+0000	-7.71359963875294E-0004
 6.26634432775173E+0000	-1.08648256520333E-0003
 6.27223436610705E+0000	-1.35666429406014E-0003
 6.27808621367300E+0000	-1.57723312337283E-0003
