-1.56937201662148E-0004	 2.22184585534673E-0003
 6.46110982061509E-0003	 2.19491936042212E-0003
 1.30603292910653E-0002	 2.05381316421073E-0003
 1.96097398267170E-0002	 1.80863741930193E-0003
 2.60844834559692E-0002	 1.47912810469296E-0003
 3.24687434527524E-0002	 1.09054696994296E-0003
 3.87559581305432E-0002	 6.69306914543944E-0004
 4.49471955230527E-0002	 2.39808215226725E-0004
 5.10489433401241E-0002	-1.77187842512949E-0004
 5.70711127692836E-0002	-5.65051819253522E-0004
 6.30255118592548E-0002	-9.11160146859061E-0004
 6.89247587261146E-0002	-1.20649905815212E-0003
 7.47815302517524E-0002	-1.44517775478392E-0003
 8.06080515812559E-0002	-1.62393061055646E-0003
 8.64157568417075E-0002	-1.74163907127834E-0003
 9.22150752054805E-0002	-1.79887882019735E-0003
 9.80153196477541E-0002	-1.79748593765669E-0003
 1.03824678874521E-0001	-1.74013695250010E-0003
 1.09650330791216E-0001	-1.62995391102273E-0003
 1.15498698746717E-0001	-1.47017485819479E-0003
 1.21375849888935E-0001	-1.26396188846384E-0003
 1.27287986959045E-0001	-1.01443431771481E-0003
 1.33241924811664E-0001	-7.24994884294414E-0004
 1.39245397527861E-0001	-3.99957403865427E-0004
 1.45307035529010E-0001	-4.54010010276913E-0005
 1.51435891126604E-0001	 3.29902878936997E-0004
 1.57640461988503E-0001	 7.13696083905537E-0004
 1.63927242485752E-0001	 1.08979595969070E-0003
 1.70298906279207E-0001	 1.43823816459470E-0003
 1.76752301877048E-0001	 1.73623460022115E-0003
 1.83276593933468E-0001	 1.96020311242614E-0003
 1.89852187755850E-0001	 2.08903327075939E-0003
 1.96451407678506E-0001	 2.10827078377375E-0003
 2.03041717059545E-0001	 2.01396973439155E-0003
 2.09591059602714E-0001	 1.81431241860468E-0003
 2.16073322761016E-0001	 1.52786019443758E-0003
 2.22471646467424E-0001	 1.17926012758175E-0003
 2.28778782671460E-0001	 7.94532289175577E-0004
 2.34995386841689E-0001	 3.97620458829097E-0004
 2.41127615008644E-0001	 8.62631247986606E-0006
 2.47184932577740E-0001	-3.56685057658682E-0004
 2.53178445450633E-0001	-6.86672145134084E-0004
 2.59119736489282E-0001	-9.73292115185188E-0004
 2.65020096417463E-0001	-1.21147292559568E-0003
 2.70890045668216E-0001	-1.39847687762870E-0003
 2.76739074147614E-0001	-1.53329485148530E-0003
 2.82575553917041E-0001	-1.61608813473017E-0003
 2.88406801035623E-0001	-1.64769011889413E-0003
 2.94239275891955E-0001	-1.62918717302672E-0003
 3.00078912806912E-0001	-1.56161261054502E-0003
 3.05931555582301E-0001	-1.44580260691434E-0003
 3.11803446710927E-0001	-1.28246701804285E-0003
 3.17701683536332E-0001	-1.07251117811031E-0003
 3.23634530374065E-0001	-8.17605682375734E-0004
 3.29611474069376E-0001	-5.20950375550515E-0004
 3.35642932989042E-0001	-1.88131857761160E-0004
 3.41739567007206E-0001	 1.72059096384810E-0004
 3.47911177639305E-0001	 5.47002999776989E-0004
 3.54165227546382E-0001	 9.19986862846114E-0004
 3.60505052940579E-0001	 1.27048923359587E-0003
 3.66927921526685E-0001	 1.57524926417014E-0003
 3.73423268961519E-0001	 1.81038841894063E-0003
 3.79971773168841E-0001	 1.95473094540369E-0003
 3.86546226741030E-0001	 1.99394504291157E-0003
 3.93114909599808E-0001	 1.92420950365526E-0003
 3.99646926305583E-0001	 1.75355889392660E-0003
 4.06117477125513E-0001	 1.49991385825331E-0003
 4.12510883233564E-0001	 1.18673470693083E-0003
 4.18820704821183E-0001	 8.38416310855058E-0004
 4.25047896164613E-0001	 4.77023711081056E-0004
 4.31198360395111E-0001	 1.20717661150077E-0004
 4.37280777560788E-0001	-2.16571429800446E-0004
 4.43304991992584E-0001	-5.24789333894117E-0004
 4.49280929452358E-0001	-7.97114920374164E-0004
 4.55217930703509E-0001	-1.02923234753136E-0003
 4.61124402625703E-0001	-1.21861399314555E-0003
 4.67007718618625E-0001	-1.36386452504160E-0003
 4.72874319214375E-0001	-1.46416251525059E-0003
 4.78729970313421E-0001	-1.51883158763031E-0003
 4.84580135703640E-0001	-1.52706960825631E-0003
 4.90430415909206E-0001	-1.48785997773574E-0003
 4.96286997561231E-0001	-1.40008224524167E-0003
 5.02157047786582E-0001	-1.26282695664693E-0003
 5.08048981088398E-0001	-1.07589986982327E-0003
 5.13972527114139E-0001	-8.40475713717850E-0004
 5.19938538251893E-0001	-5.59837033956755E-0004
 5.25958493220797E-0001	-2.40113458311986E-0004
 5.32043672482209E-0001	 1.09079476807208E-0004
 5.38204001629952E-0001	 4.74219397996100E-0004
 5.44446583181078E-0001	 8.37815910980802E-0004
 5.50773979901022E-0001	 1.17889220450147E-0003
 5.57182411796606E-0001	 1.47424751690882E-0003
 5.63660240573761E-0001	 1.70075000375422E-0003
 5.70187437423374E-0001	 1.83871726606550E-0003
 5.76736931149344E-0001	 1.87585486714030E-0003
 5.83278307409349E-0001	 1.81037614517774E-0003
 5.89783045537374E-0001	 1.65162663063968E-0003
 5.96229226080137E-0001	 1.41760197987893E-0003
 6.02603829272354E-0001	 1.13056007791667E-0003
 6.08902317758996E-0001	 8.12766906264223E-0004
 6.15126575435541E-0001	 4.83713594987230E-0004
 6.21282487757345E-0001	 1.58960360418244E-0004
 6.27377915110934E-0001	-1.49891987292505E-0004
 6.33421266266088E-0001	-4.34654227739687E-0004
 6.39420610865724E-0001	-6.89784041729341E-0004
 6.45383213512475E-0001	-9.11587940849418E-0004
 6.51315394635373E-0001	-1.09748248963004E-0003
 6.57222646453166E-0001	-1.24537636504058E-0003
 6.63109935531761E-0001	-1.35322242106706E-0003
 6.68982116820462E-0001	-1.41877163294782E-0003
 6.74844382743084E-0001	-1.43953649818449E-0003
 6.80702680200321E-0001	-1.41294934032833E-0003
 6.86564042845644E-0001	-1.33668812246116E-0003
 6.92436797859159E-0001	-1.20913789777367E-0003
 6.98330612352888E-0001	-1.02995401333228E-0003
 7.04256346312308E-0001	-8.00688537558407E-0004
 7.10225680180863E-0001	-5.25432202562944E-0004
 7.16250488488973E-0001	-2.11410612426346E-0004
 7.22341937546667E-0001	 1.30544388050702E-0004
 7.28509296329265E-0001	 4.85752047487418E-0004
 7.34758471905914E-0001	 8.35811447894048E-0004
 7.41090337854520E-0001	 1.15930303303186E-0003
 7.47499063533289E-0001	 1.43332005939742E-0003
 7.53970912121312E-0001	 1.63604395377241E-0003
 7.60484278563000E-0001	 1.75026093249284E-0003
 7.67011762428521E-0001	 1.76703052971262E-0003
 7.73524369183658E-0001	 1.68800021020227E-0003
 7.79996599001619E-0001	 1.52497247294615E-0003
 7.86410334183733E-0001	 1.29669938797737E-0003
 7.92756117307960E-0001	 1.02446371005114E-0003
 7.99032019007327E-0001	 7.28333348568224E-0004
 8.05241320563946E-0001	 4.25038447383184E-0004
 8.11390165774380E-0001	 1.27361837326763E-0004
 8.17485755931596E-0001	-1.55523786605787E-0004
 8.23535187438768E-0001	-4.17291149964539E-0004
 8.29544830790354E-0001	-6.53581054374808E-0004
 8.35520124689754E-0001	-8.61171180984726E-0004
 8.41465684696744E-0001	-1.03727900366138E-0003
 8.47385637403201E-0001	-1.17906248273981E-0003
 8.53284082936858E-0001	-1.28336045994630E-0003
 8.59165582848270E-0001	-1.34667868005000E-0003
 8.65035585049379E-0001	-1.36538814190632E-0003
 8.70900729837477E-0001	-1.33607917725346E-0003
 8.76769014114864E-0001	-1.25601481869591E-0003
 8.82649809533514E-0001	-1.12364239360978E-0003
 8.88553731021078E-0001	-9.39138113492094E-0004
 8.94492341630955E-0001	-7.04964950589809E-0004
 9.00477667504148E-0001	-4.26416370948142E-0004
 9.06521489596210E-0001	-1.12100050979625E-0004
 9.12634378637297E-0001	 2.25711017058348E-0004
 9.18824448005542E-0001	 5.70971401459184E-0004
 9.25095829663520E-0001	 9.04172561753439E-0004
 9.31446972621556E-0001	 1.20332165979542E-0003
 9.37869078589210E-0001	 1.44588069033028E-0003
 9.44345316439844E-0001	 1.61179692380530E-0003
 9.50851685671284E-0001	 1.68723212615209E-0003
 9.57360101295858E-0001	 1.66781022276681E-0003
 9.63843196781065E-0001	 1.55978339412180E-0003
 9.70279083558593E-0001	 1.37823915181304E-0003
 9.76654113983402E-0001	 1.14310625981975E-0003
 9.82962933063857E-0001	 8.74841658142840E-0004
 9.89206590364692E-0001	 5.91369562268291E-0004
 9.95390023747662E-0001	 3.06730030205891E-0004
 1.00151986039005E+0000	 3.10535676471509E-0005
 1.00760289510075E+0000	-2.28743454908331E-0004
 1.01364523323069E+0000	-4.68005799171553E-0004
 1.01965196032954E+0000	-6.83390059268283E-0004
 1.02562720203159E+0000	-8.72051376314316E-0004
 1.03157446038157E+0000	-1.03104392933847E-0003
 1.03749711529234E+0000	-1.15698648196670E-0003
 1.04339897176412E+0000	-1.24600875443904E-0003
 1.04928474166217E+0000	-1.29394630196553E-0003
 1.05516038434899E+0000	-1.29671253536252E-0003
 1.06103327915296E+0000	-1.25076665339318E-0003
 1.06691224026299E+0000	-1.15361567977863E-0003
 1.07280739652510E+0000	-1.00432043386172E-0003
 1.07872994657391E+0000	-8.03999493401832E-0004
 1.08469177588336E+0000	-5.56330934038162E-0004
 1.09070489952839E+0000	-2.68038075004877E-0004
 1.09678067995489E+0000	 5.06828637332870E-0005
 1.10292876450058E+0000	 3.85877002324631E-0004
 1.10915569898440E+0000	 7.19834480128988E-0004
 1.11546323305534E+0000	 1.03162711166515E-0003
 1.12184650754336E+0000	 1.29851877941015E-0003
 1.12829265090895E+0000	 1.49855297866041E-0003
 1.13478068391169E+0000	 1.61422825424355E-0003
 1.14128362249706E+0000	 1.63636504255805E-0003
 1.14777283534742E+0000	 1.56651954186441E-0003
 1.15422329674349E+0000	 1.41650999380883E-0003
 1.16061756595537E+0000	 1.20507837089920E-0003
 1.16694705818824E+0000	 9.53303617074350E-0004
 1.17321079783348E+0000	 6.80711310469363E-0004
 1.17941290699819E+0000	 4.03094710907348E-0004
 1.18556005518741E+0000	 1.31972591976896E-0004
 1.19165951931450E+0000	-1.24905235697914E-0004
 1.19771799261560E+0000	-3.62584281034375E-0004
 1.20374103595134E+0000	-5.77840789539513E-0004
 1.20973301209444E+0000	-7.68225362506141E-0004
 1.21569736254679E+0000	-9.31317227248800E-0004
 1.22163710361703E+0000	-1.06424974789583E-0003
 1.22755541729141E+0000	-1.16353650261475E-0003
 1.23345621244009E+0000	-1.22518309689903E-0003
 1.23934455597246E+0000	-1.24502149208788E-0003
 1.24522692239985E+0000	-1.21917558513920E-0003
 1.25111126245029E+0000	-1.14457324580210E-0003
 1.25700692283507E+0000	-1.01945316271213E-0003
 1.26292445005164E+0000	-8.43853564432707E-0004
 1.26887528726560E+0000	-6.20094720029482E-0004
 1.27487133881010E+0000	-3.53268450714465E-0004
 1.28092434478197E+0000	-5.17253293396620E-0005
 1.28704498626879E+0000	 2.72493596373914E-0004
 1.29324163572925E+0000	 6.03402443314112E-0004
 1.29951869857470E+0000	 9.21221702317782E-0004
 1.30587462402691E+0000	 1.20330190338576E-0003
 1.31229998444692E+0000	 1.42625898188397E-0003
 1.31877650533588E+0000	 1.56951793930837E-0003
 1.32527820359309E+0000	 1.61967656975329E-0003
 1.33177522701519E+0000	 1.57405882077260E-0003
 1.33823946617129E+0000	 1.44153863470202E-0003
 1.34464964819910E+0000	 1.23995237179746E-0003
 1.35099384456945E+0000	 9.91377726309149E-0004
 1.35726898553927E+0000	 7.17485217083883E-0004
 1.36347848360275E+0000	 4.36494504329108E-0004
 1.36962940297008E+0000	 1.62008959942368E-0004
 1.37573009989639E+0000	-9.67874510468960E-0005
 1.38178864302248E+0000	-3.34229861101182E-0004
 1.38781196497702E+0000	-5.47048844297699E-0004
 1.39380558244159E+0000	-7.33291957899790E-0004
 1.39977372631324E+0000	-8.91423690988345E-0004
 1.40571975137470E+0000	-1.01967463337042E-0003
 1.41164670623271E+0000	-1.11568120535626E-0003
 1.41755794215925E+0000	-1.17642547661994E-0003
 1.42345764670112E+0000	-1.19844034884360E-0003
 1.42935122040566E+0000	-1.17820421075841E-0003
 1.43524546599392E+0000	-1.11263327912170E-0003
 1.44114860597616E+0000	-9.99596873112991E-0004
 1.44707016671313E+0000	-8.38419111692744E-0004
 1.45302075807415E+0000	-6.30369351769830E-0004
 1.45901174490715E+0000	-3.79165405564549E-0004
 1.46505476234139E+0000	-9.15082016637865E-0005
 1.47116098451661E+0000	 2.22369768416122E-0004
 1.47734002749576E+0000	 5.48230707664388E-0004
 1.48359837158207E+0000	 8.67636305438015E-0004
 1.48993727915915E+0000	 1.15840155136353E-0003
 1.49635046505153E+0000	 1.39622832442922E-0003
 1.50282231298817E+0000	 1.55797483105845E-0003
 1.50932797513377E+0000	 1.62634693547469E-0003
 1.51583650094147E+0000	 1.59453410950247E-0003
 1.52231664312575E+0000	 1.46844412314260E-0003
 1.52874304724397E+0000	 1.26505006787706E-0003
 1.53510010036950E+0000	 1.00765719809914E-0003
 1.54138233867045E+0000	 7.20517050869428E-0004
 1.54759230493024E+0000	 4.24873555662537E-0004
 1.55373749528844E+0000	 1.37103792264664E-0004
 1.55982760581568E+0000	-1.31470503995283E-0004
 1.56587256495537E+0000	-3.73833721941052E-0004
 1.57188136177268E+0000	-5.86168219330915E-0004
 1.57786150465891E+0000	-7.66719030793218E-0004
 1.58381893623968E+0000	-9.14788888992154E-0004
 1.58975826954319E+0000	-1.02993651634027E-0003
 1.59568323943312E+0000	-1.11142084897461E-0003
 1.60159726886549E+0000	-1.15791779199381E-0003
 1.60750404558305E+0000	-1.16750959044114E-0003
 1.61340801330791E+0000	-1.13790871270884E-0003
 1.61931471286341E+0000	-1.06684567872216E-0003
 1.62523095347746E+0000	-9.52542153866855E-0004
 1.63116483186298E+0000	-7.94210987555771E-0004
 1.63712562950679E+0000	-5.92561846715674E-0004
 1.64312360171440E+0000	-3.50326008692827E-0004
 1.64916963044715E+0000	-7.28294487348886E-0005
 1.65527465817225E+0000	 2.31373866278182E-0004
 1.66144876756305E+0000	 5.49857590686351E-0004
 1.66769974575377E+0000	 8.65833485824320E-0004
 1.67403102097402E+0000	 1.15816637525903E-0003
 1.68043908563530E+0000	 1.40246456930750E-0003
 1.68691104626000E+0000	 1.57389598510550E-0003
 1.69342366962808E+0000	 1.65190819540922E-0003
 1.69994553406523E+0000	 1.62571898814200E-0003
 1.70644266481984E+0000	 1.49801923729412E-0003
 1.71288564178228E+0000	 1.28455191948106E-0003
 1.71925487886727E+0000	 1.00964325200482E-0003
 1.72554212073776E+0000	 7.00178486218084E-0004
 1.73174868246231E+0000	 3.80705923670007E-0004
 1.73788224671891E+0000	 7.08191782561496E-0005
 1.74395375195030E+0000	-2.15470047455882E-0004
 1.74997506420669E+0000	-4.69178719051017E-0004
 1.75595750737733E+0000	-6.85310913532095E-0004
 1.76191107586107E+0000	-8.61731272610102E-0004
 1.76784412756465E+0000	-9.98134097543953E-0004
 1.77376340692892E+0000	-1.09517386656693E-0003
 1.77967429937578E+0000	-1.15378364584897E-0003
 1.78558124383626E+0000	-1.17470232267335E-0003
 1.79148823110032E+0000	-1.15822810960581E-0003
 1.79739930932889E+0000	-1.10419853984318E-0003
 1.80331902282947E+0000	-1.01216877212680E-0003
 1.80925273368642E+0000	-8.81736236305192E-0004
 1.81520680922720E+0000	-7.12955853677706E-0004
 1.82118868360499E+0000	-5.06809225364162E-0004
 1.82720680394954E+0000	-2.65722679169522E-0004
 1.83327044495216E+0000	 5.84472222495938E-0006
 1.83938932418770E+0000	 3.00720353125968E-0004
 1.84557288671988E+0000	 6.08263451881128E-0004
 1.85182907664026E+0000	 9.13660594384360E-0004
 1.85816242355849E+0000	 1.19757827709947E-0003
 1.86457143885523E+0000	 1.43672920847298E-0003
 1.87104578151357E+0000	 1.60609487351455E-0003
 1.87756443865683E+0000	 1.68329230999966E-0003
 1.88409675074842E+0000	 1.65441276679804E-0003
 1.89060735481005E+0000	 1.51892008897511E-0003
 1.89706366287285E+0000	 1.29066233001818E-0003
 1.90344237617264E+0000	 9.94139948938935E-0004
 1.90973222384737E+0000	 6.58213524995499E-0004
 1.91593283707510E+0000	 3.10394787750612E-0004
 1.92205158021723E+0000	-2.65514964505664E-0005
 1.92810017802956E+0000	-3.35732560225020E-0004
 1.93409208081133E+0000	-6.05818257112255E-0004
 1.94004074208500E+0000	-8.30102943378726E-0004
 1.94595863483558E+0000	-1.00543013279661E-0003
 1.95185677122489E+0000	-1.13119935749341E-0003
 1.95774454415876E+0000	-1.20852115101295E-0003
 1.96362977871807E+0000	-1.23952519464449E-0003
 1.96951893008654E+0000	-1.22681641294777E-0003
 1.97541738578715E+0000	-1.17308169410795E-0003
 1.98132983108089E+0000	-1.08085529469897E-0003
 1.98726063095108E+0000	-9.52444762868404E-0004
 1.99321418354463E+0000	-7.90004442859393E-0004
 1.99919521312355E+0000	-5.95732163637072E-0004
 2.00520898788330E+0000	-3.72167634207394E-0004
 2.01126145445021E+0000	-1.22589063622683E-0004
 2.01735926418395E+0000	 1.48473987834520E-0004
 2.02350962359480E+0000	 4.34587519502032E-0004
 2.02971984040822E+0000	 7.26626862264098E-0004
 2.03599638002308E+0000	 1.01195459647274E-0003
 2.04234323841290E+0000	 1.27382706077946E-0003
 2.04875955959643E+0000	 1.49153302565748E-0003
 2.05523680697833E+0000	 1.64198721178799E-0003
 2.06175651093634E+0000	 1.70340168041437E-0003
 2.06829032907210E+0000	 1.66076679306208E-0003
 2.07480386288781E+0000	 1.51119869372392E-0003
 2.08126361356125E+0000	 1.26615691571262E-0003
 2.08764398875480E+0000	 9.48912269027187E-0004
 2.09393111402983E+0000	 5.88707285969729E-0004
 2.10012261222578E+0000	 2.14731412411447E-0004
 2.10622483149259E+0000	-1.47894777065364E-0004
 2.11224947074076E+0000	-4.79775891434615E-0004
 2.11821077726583E+0000	-7.67260922024828E-0004
 2.12412364354233E+0000	-1.00167772485556E-0003
 2.13000248015944E+0000	-1.17835476523857E-0003
 2.13586062216284E+0000	-1.29570645130731E-0003
 2.14171005869368E+0000	-1.35447162988170E-0003
 2.14756134581169E+0000	-1.35710697625648E-0003
 2.15342362242306E+0000	-1.30730870566790E-0003
 2.15930468790420E+0000	-1.20963558894510E-0003
 2.16521111994973E+0000	-1.06921441247443E-0003
 2.17114841964815E+0000	-8.91515897547854E-0004
 2.17712117608582E+0000	-6.82192269084253E-0004
 2.18313325046820E+0000	-4.46971602768564E-0004
 2.18918798757574E+0000	-1.91616772809166E-0004
 2.19528845858026E+0000	 7.80187402012042E-0005
 2.20143770985049E+0000	 3.55780214385411E-0004
 2.20763893419262E+0000	 6.34784232663407E-0004
 2.21389540898288E+0000	 9.06754224506826E-0004
 2.22020998995492E+0000	 1.16120101777195E-0003
 2.22658395141857E+0000	 1.38469462979787E-0003
 2.23301508236801E+0000	 1.56068187654889E-0003
 2.23949526608124E+0000	 1.67048361022900E-0003
 2.24600833846558E+0000	 1.69604851382369E-0003
 2.25252963136478E+0000	 1.62440207550965E-0003
 2.25902855557738E+0000	 1.45242309491322E-0003
 2.26547414752952E+0000	 1.18950085679876E-0003
 2.27184137609391E+0000	 8.56285165365752E-0004
 2.27811530538198E+0000	 4.80114983576869E-0004
 2.28429179617517E+0000	 8.95704890446604E-0005
 2.29037556373766E+0000	-2.89649695533441E-0004
 2.29637725279319E+0000	-6.36796281538523E-0004
 2.30231076434187E+0000	-9.36495753614384E-0004
 2.30819132149595E+0000	-1.17827576792564E-0003
 2.31403426819051E+0000	-1.35577274320356E-0003
 2.31985440847018E+0000	-1.46594666921435E-0003
 2.32566568155983E+0000	-1.50843587264475E-0003
 2.33148101536499E+0000	-1.48507858641588E-0003
 2.33731225264030E+0000	-1.39958108078223E-0003
 2.34317008254518E+0000	-1.25729449208161E-0003
 2.34906393637934E+0000	-1.06505500999150E-0003
 2.35500182747890E+0000	-8.31035560220871E-0004
 2.36099014061366E+0000	-5.64551327710823E-0004
 2.36703341174055E+0000	-2.75765066875499E-0004
 2.37313418018054E+0000	 2.47333303738299E-0005
 2.37929301944299E+0000	 3.26433094111375E-0004
 2.38550882278326E+0000	 6.19364478216728E-0004
 2.39177931135033E+0000	 8.94321443946925E-0004
 2.39810157426434E+0000	 1.14267926256054E-0003
 2.40447232465993E+0000	 1.35579527326951E-0003
 2.41088755388875E+0000	 1.52421930919070E-0003
 2.41734143203496E+0000	 1.63717167655688E-0003
 2.42382463176199E+0000	 1.68286920825248E-0003
 2.43032269868502E+0000	 1.65017307512356E-0003
 2.43681549169255E+0000	 1.53154593123900E-0003
 2.44327867726507E+0000	 1.32643876774133E-0003
 2.44968738822768E+0000	 1.04348459636659E-0003
 2.45602077548889E+0000	 7.00131379149310E-0004
 2.46226548845418E+0000	 3.19750934641617E-0004
 2.46841685676478E+0000	-7.23498112729503E-0005
 2.47447795389053E+0000	-4.52381769987853E-0004
 2.48045756894236E+0000	-8.00160509346438E-0004
 2.48636807497998E+0000	-1.09987214373952E-0003
 2.49222372834673E+0000	-1.33997596233492E-0003
 2.49803952682155E+0000	-1.51271056897477E-0003
 2.50383054172478E+0000	-1.61352002493973E-0003
 2.50961157619803E+0000	-1.64056621343912E-0003
 2.51539700994214E+0000	-1.59439376102437E-0003
 2.52120071724813E+0000	-1.47775960696109E-0003
 2.52703596686113E+0000	-1.29561079841164E-0003
 2.53291522442498E+0000	-1.05517231680980E-0003
 2.53884978764448E+0000	-7.66077980670397E-0004
 2.54484920615033E+0000	-4.40435882792249E-0004
 2.55092049370837E+0000	-9.26737534380035E-0005
 2.55706724653645E+0000	 2.61008714951015E-0004
 2.56328892266956E+0000	 6.03687644355222E-0004
 2.56958063286338E+0000	 9.19174343217989E-0004
 2.57593371182771E+0000	 1.19351845460085E-0003
 2.58233701500619E+0000	 1.41600985411434E-0003
 2.58877846718938E+0000	 1.57927046276858E-0003
 2.59524618310119E+0000	 1.67847675738188E-0003
 2.60172867819416E+0000	 1.71024010971361E-0003
 2.60821418137954E+0000	 1.67187972566547E-0003
 2.61468956944388E+0000	 1.56164201391587E-0003
 2.62113972305098E+0000	 1.37993843347137E-0003
 2.62754799934537E+0000	 1.13107832524681E-0003
 2.63389797803031E+0000	 8.24562315552907E-0004
 2.64017589706080E+0000	 4.75114902603653E-0004
 2.64637276862237E+0000	 1.01299781868172E-0004
 2.65248539794816E+0000	-2.76698900259924E-0004
 2.65851617693684E+0000	-6.39275031559235E-0004
 2.66447205625846E+0000	-9.68983222852657E-0004
 2.67036324086206E+0000	-1.25135125775737E-0003
 2.67620200693815E+0000	-1.47507643126088E-0003
 2.68200182034094E+0000	-1.63186146037188E-0003
 2.68777677585373E+0000	-1.71611559236265E-0003
 2.69354129622268E+0000	-1.72467457196872E-0003
 2.69931000377986E+0000	-1.65662900665799E-0003
 2.70509767449489E+0000	-1.51330820799401E-0003
 2.71091918294021E+0000	-1.29844061741150E-0003
 2.71678933642837E+0000	-1.01848932469287E-0003
 2.72272247724311E+0000	-6.83125073995563E-0004
 2.72873171649240E+0000	-3.05731042897443E-0004
 2.73482768580077E+0000	 9.62785180408684E-0005
 2.74101681328280E+0000	 5.01681201565862E-0004
 2.74729940550869E+0000	 8.86636840022067E-0004
 2.75366820591817E+0000	 1.22709368314807E-0003
 2.76010833326422E+0000	 1.50209164421960E-0003
 2.76659916199821E+0000	 1.69689194637183E-0003
 2.77311771480604E+0000	 1.80458152258015E-0003
 2.77964218217428E+0000	 1.82549258714103E-0003
 2.78615415204170E+0000	 1.76501004482863E-0003
 2.79263904567567E+0000	 1.63108499982082E-0003
 2.79908527775515E+0000	 1.43256538990917E-0003
 2.80548309879108E+0000	 1.17870417643977E-0003
 2.81182389846873E+0000	 8.79522760807258E-0004
 2.81810026345263E+0000	 5.46396896811282E-0004
 2.82430660775099E+0000	 1.92309343670285E-0004
 2.83043994003400E+0000	-1.68464111856366E-0004
 2.83650036663019E+0000	-5.21122132616338E-0004
 2.84249115100261E+0000	-8.51260357014337E-0004
 2.84841838315997E+0000	-1.14566781456604E-0003
 2.85429043717754E+0000	-1.39284950513073E-0003
 2.86011740139808E+0000	-1.58326651778013E-0003
 2.86591060656903E+0000	-1.70937023842631E-0003
 2.87168230653155E+0000	-1.76553475905711E-0003
 2.87744551234120E+0000	-1.74798417077510E-0003
 2.88321394807545E+0000	-1.65479230908274E-0003
 2.88900207685679E+0000	-1.48601542494450E-0003
 2.89482512704116E+0000	-1.24400657086892E-0003
 2.90069902015900E+0000	-9.33948775029641E-0004
 2.90664005674567E+0000	-5.64617740657460E-0004
 2.91266415616797E+0000	-1.49317536338393E-0004
 2.91878540054659E+0000	 2.93213141296671E-0004
 2.92501368476026E+0000	 7.38378557285093E-0004
 2.93135157932140E+0000	 1.15654073235875E-0003
 2.93779119966814E+0000	 1.51589237594973E-0003
 2.94431271554288E+0000	 1.78755034629246E-0003
 2.95088623154815E+0000	 1.95148641337171E-0003
 2.95747721960145E+0000	 2.00054628282261E-0003
 2.96405326160218E+0000	 1.94040134484285E-0003
 2.97058896383808E+0000	 1.78581885759990E-0003
 2.97706748894783E+0000	 1.55569350604135E-0003
 2.98347938644897E+0000	 1.26914824636520E-0003
 2.98982035924597E+0000	 9.43549285108843E-0004
 2.99608924284137E+0000	 5.94074995934759E-0004
 3.00228671652530E+0000	 2.34081671801928E-0004
 3.00841471774837E+0000	-1.24355665207256E-0004
 3.01447630222754E+0000	-4.70057033332396E-0004
 3.02047568290728E+0000	-7.92589273156335E-0004
 3.02641827050855E+0000	-1.08229946715036E-0003
 3.03231064320485E+0000	-1.33042987838734E-0003
 3.03816045017675E+0000	-1.52923115075084E-0003
 3.04397629181832E+0000	-1.67203214954269E-0003
 3.04976762481466E+0000	-1.75326609544628E-0003
 3.05554472666833E+0000	-1.76848157435432E-0003
 3.06131873380337E+0000	-1.71438230314619E-0003
 3.06710174697097E+0000	-1.58894579346512E-0003
 3.07290697795338E+0000	-1.39167400690492E-0003
 3.07874888792903E+0000	-1.12403211450330E-0003
 3.08464323181292E+0000	-7.90132770858135E-0004
 3.09060686374038E+0000	-3.97711887668555E-0004
 3.09665706917270E+0000	 4.06097804875091E-0005
 3.10281008273733E+0000	 5.05930070872564E-0004
 3.10907840825415E+0000	 9.71996216338930E-0004
 3.11546679323419E+0000	 1.40541890796998E-0003
 3.12196755010139E+0000	 1.76853249830166E-0003
 3.12855737046218E+0000	 2.02578535868429E-0003
 3.13519867568424E+0000	 2.15236482407260E-0003
 3.14184679719683E+0000	 2.14093398158468E-0003
 3.14846007125069E+0000	 2.00232392801244E-0003
 3.15500754848598E+0000	 1.76008727155005E-0003
 3.16147135211604E+0000	 1.44281471858846E-0003
 3.16784471448136E+0000	 1.07811925589420E-0003
 3.17412838688946E+0000	 6.89622438555404E-0004
 3.18032738389348E+0000	 2.96289575828416E-0004
 3.18644876174459E+0000	-8.70324953785309E-0005
 3.19250036875733E+0000	-4.48716571306053E-0004
 3.19849026213560E+0000	-7.79518831285490E-0004
 3.20442650140285E+0000	-1.07194614453857E-0003
 3.21031711928967E+0000	-1.31982663489972E-0003
 3.21617015928299E+0000	-1.51803138371215E-0003
 3.22199373398936E+0000	-1.66228997508992E-0003
 3.22779609889785E+0000	-1.74905896530981E-0003
 3.23358575577159E+0000	-1.77542643590720E-0003
 3.23937160351898E+0000	-1.73905955454544E-0003
 3.24516314705229E+0000	-1.63822137813110E-0003
 3.25097076058755E+0000	-1.47189711903259E-0003
 3.25680598301018E+0000	-1.24008017245429E-0003
 3.26268179757389E+0000	-9.44276285094065E-0004
 3.26861280975145E+0000	-5.88289857013462E-0004
 3.27461517375643E+0000	-1.79351324830701E-0004
 3.28070601658851E+0000	 2.70397198510089E-0004
 3.28690197040115E+0000	 7.42179069296899E-0004
 3.29321631930390E+0000	 1.20907923723998E-0003
 3.29965443497244E+0000	 1.63582313950902E-0003
 3.30620807525682E+0000	 1.98155800645785E-0003
 3.31285099434671E+0000	 2.20708485241360E-0003
 3.31953989846562E+0000	 2.28541423401725E-0003
 3.32622300271695E+0000	 2.21047981951643E-0003
 3.33285273608054E+0000	 1.99817155313820E-0003
 3.33939541527202E+0000	 1.67925844554866E-0003
 3.34583381779153E+0000	 1.28950773964172E-0003
 3.35216422380700E+0000	 8.62254220392238E-0004
 3.35839164134340E+0000	 4.24969191649992E-0004
 3.36452569481311E+0000	-1.25088349958041E-0006
 3.37057791089470E+0000	-4.00819410835192E-0004
 3.37656021355709E+0000	-7.62442522460032E-0004
 3.38248421398808E+0000	-1.07801811501154E-0003
 3.38836094555232E+0000	-1.34178854342539E-0003
 3.39420081560072E+0000	-1.54973649069547E-0003
 3.40001364708523E+0000	-1.69916433727372E-0003
 3.40580875254113E+0000	-1.78839279843476E-0003
 3.41159502741699E+0000	-1.81652907627332E-0003
 3.41738107544115E+0000	-1.78327759971349E-0003
 3.42317538934514E+0000	-1.68879260141299E-0003
 3.42898660765919E+0000	-1.53359788651230E-0003
 3.43482385374791E+0000	-1.31862222414636E-0003
 3.44069713790295E+0000	-1.04541643724561E-0003
 3.44661776737793E+0000	-7.16628873277305E-0004
 3.45259865991660E+0000	-3.36817760703609E-0004
 3.45865438491392E+0000	 8.63345494155364E-0005
 3.46480064911904E+0000	 5.40392656219881E-0004
 3.47105279878541E+0000	 1.00626348524744E-0003
 3.47742279598294E+0000	 1.45651849862552E-0003
 3.48391430462927E+0000	 1.85511703213429E-0003
 3.49051652097906E+0000	 2.16045133644266E-0003
 3.49719951583449E+0000	 2.33333666607156E-0003
 3.50391566246276E+0000	 2.34859286075786E-0003
 3.51060955324766E+0000	 2.20421499419330E-0003
 3.51723210840051E+0000	 1.92161728390713E-0003
 3.52375061249711E+0000	 1.53701429216337E-0003
 3.53015056345898E+0000	 1.09037491702513E-0003
 3.53643169561288E+0000	 6.17682408556961E-0004
 3.54260248993953E+0000	 1.47756948527462E-0004
 3.54867574042649E+0000	-2.97861565830564E-0004
 3.55466576554577E+0000	-7.03728021658116E-0004
 3.56058693515108E+0000	-1.05906936819865E-0003
 3.56645302030113E+0000	-1.35656920164447E-0003
 3.57227698349215E+0000	-1.59146619244047E-0003
 3.57807096933093E+0000	-1.76093374798025E-0003
 3.58384636329975E+0000	-1.86366687663819E-0003
 3.58961385699898E+0000	-1.89960052523501E-0003
 3.59538350393097E+0000	-1.86969692448657E-0003
 3.60116477995036E+0000	-1.77575968751833E-0003
 3.60696668116902E+0000	-1.62025821701437E-0003
 3.61279789898551E+0000	-1.40617742489847E-0003
 3.61866710349927E+0000	-1.13694321951208E-0003
 3.62458333842037E+0000	-8.16508607059110E-0004
 3.63055647977481E+0000	-4.49710042126712E-0004
 3.63659763676153E+0000	-4.30083175421832E-0005
 3.64271927551144E+0000	 3.94300018025547E-0004
 3.64893472225466E+0000	 8.48400504168914E-0004
 3.65525656087541E+0000	 1.29900991008396E-0003
 3.66169336841435E+0000	 1.71778561170203E-0003
 3.66824453031401E+0000	 2.06844479125150E-0003
 3.67489409805322E+0000	 2.31061335455572E-0003
 3.68160694245679E+0000	 2.40873901620789E-0003
 3.68833186724510E+0000	 2.34384140588939E-0003
 3.69501310772497E+0000	 2.12134391435086E-0003
 3.70160452841399E+0000	 1.76909834436005E-0003
 3.70807819359683E+0000	 1.32729108990399E-0003
 3.71442449805374E+0000	 8.37388585806672E-0004
 3.72064722208636E+0000	 3.35234312286007E-0004
 3.72675784721648E+0000	-1.51266273067354E-0004
 3.73277131061185E+0000	-6.01709692871687E-0004
 3.73870348894320E+0000	-1.00174271273507E-0003
 3.74456995994133E+0000	-1.34154829313923E-0003
 3.75038552575544E+0000	-1.61462779181338E-0003
 3.75616412470765E+0000	-1.81694021680875E-0003
 3.76191890367774E+0000	-1.94634636727995E-0003
 3.76766232514608E+0000	-2.00227675532294E-0003
 3.77340624676605E+0000	-1.98554395308791E-0003
 3.77916195202628E+0000	-1.89823082159544E-0003
 3.78494013954741E+0000	-1.74360005504157E-0003
 3.79075090197071E+0000	-1.52598897530013E-0003
 3.79660374357321E+0000	-1.25068096591279E-0003
 3.80250769251172E+0000	-9.23785204199693E-0004
 3.80847154685231E+0000	-5.52207863960541E-0004
 3.81450423933760E+0000	-1.43848729521614E-0004
 3.82061520590357E+0000	 2.91816937770379E-0004
 3.82681450119391E+0000	 7.42643666597214E-0004
 3.83311223938448E+0000	 1.19221261322521E-0003
 3.83951679765628E+0000	 1.61801830741022E-0003
 3.84603124476555E+0000	 1.99028209562710E-0003
 3.85264800842506E+0000	 2.27298091166341E-0003
 3.85934336762366E+0000	 2.42905973349503E-0003
 3.86607561494524E+0000	 2.43030930890596E-0003
 3.87279098908955E+0000	 2.26819340078702E-0003
 3.87943664917362E+0000	 1.95851661433611E-0003
 3.88597345653027E+0000	 1.53614321679921E-0003
 3.89238148455379E+0000	 1.04383027571978E-0003
 3.89865780995087E+0000	 5.22292778788905E-0004
 3.90481081358295E+0000	 5.02487839977432E-0006
 3.91085476545538E+0000	-4.82768092230113E-0004
 3.91680614419601E+0000	-9.23121573807827E-0004
 3.92268162101492E+0000	-1.30365931020267E-0003
 3.92849717603807E+0000	-1.61607230351371E-0003
 3.93426785703008E+0000	-1.85496679150058E-0003
 3.94000784884182E+0000	-2.01709240245230E-0003
 3.94573065579846E+0000	-2.10088471830641E-0003
 3.95144928616025E+0000	-2.10624207862582E-0003
 3.95717637938971E+0000	-2.03446198887788E-0003
 3.96292424828497E+0000	-1.88827120247553E-0003
 3.96870483060332E+0000	-1.67189092368060E-0003
 3.97452956636265E+0000	-1.39108646530739E-0003
 3.98040924100528E+0000	-1.05316560819425E-0003
 3.98635385714918E+0000	-6.66921473726746E-0004
 3.99237260354552E+0000	-2.42571332299154E-0004
 3.99847395248233E+0000	 2.08183325363231E-0004
 4.00466580842604E+0000	 6.71789711355334E-0004
 4.01095544451887E+0000	 1.13199968825038E-0003
 4.01734874082518E+0000	 1.56855405189834E-0003
 4.02384809739187E+0000	 1.95581721158410E-0003
 4.03044858791027E+0000	 2.26246615062614E-0003
 4.03713287079052E+0000	 2.45403187124947E-0003
 4.04386731780895E+0000	 2.49983882519609E-0003
 4.05060352662720E+0000	 2.38325550713244E-0003
 4.05728761319974E+0000	 2.10987140801166E-0003
 4.06387355270016E+0000	 1.70738639351672E-0003
 4.07033271329977E+0000	 1.21693225425799E-0003
 4.07665531276859E+0000	 6.81943465347514E-0004
 4.08284597342507E+0000	 1.40401841167249E-0004
 4.08891777725331E+0000	-3.78153805046742E-0004
 4.09488753306734E+0000	-8.52402317070239E-0004
 4.10077288126371E+0000	-1.26767670148048E-0003
 4.10659086751511E+0000	-1.61421209234614E-0003
 4.11235744054471E+0000	-1.88568552248897E-0003
 4.11808745057458E+0000	-2.07816491794883E-0003
 4.12379487859957E+0000	-2.18943904124480E-0003
 4.12949313745307E+0000	-2.21865928364870E-0003
 4.13519535216344E+0000	-2.16622253928565E-0003
 4.14091456387400E+0000	-2.03383245706605E-0003
 4.14666382178037E+0000	-1.82468302768806E-0003
 4.15245614075729E+0000	-1.54371032350136E-0003
 4.15830431634774E+0000	-1.19785584979668E-0003
 4.16422061003825E+0000	-7.96283511955086E-0004
 4.17021634824730E+0000	-3.50503176141919E-0004
 4.17630150777597E+0000	 1.25606668455967E-0004
 4.18248435694125E+0000	 6.15808052679207E-0004
 4.18877113562240E+0000	 1.10138691335962E-0003
 4.19516555562331E+0000	 1.56073921574711E-0003
 4.20166763853905E+0000	 1.96869097673591E-0003
 4.20827130162831E+0000	 2.29612045667108E-0003
 4.21496056549071E+0000	 2.51122425920720E-0003
 4.22170569143286E+0000	 2.58413758057530E-0003
 4.22846252054241E+0000	 2.49527737940378E-0003
 4.23517841887950E+0000	 2.24416030082821E-0003
 4.24180405105994E+0000	 1.85262830513449E-0003
 4.24830465442003E+0000	 1.35931442631051E-0003
 4.25466460715361E+0000	 8.08986392489029E-0004
 4.26088488954809E+0000	 2.43171174641879E-0004
 4.26697730644804E+0000	-3.04671367620480E-0004
 4.27295902881909E+0000	-8.09994921236601E-0004
 4.27884887081166E+0000	-1.25593192190719E-0003
 4.28466525294898E+0000	-1.63145470797333E-0003
 4.29042533682348E+0000	-1.92966750240835E-0003
 4.29614485047538E+0000	-2.14647621321440E-0003
 4.30183827702288E+0000	-2.27966096529601E-0003
 4.30751920847494E+0000	-2.32830316932763E-0003
 4.31320074746563E+0000	-2.29250782654533E-0003
 4.31889588300571E+0000	-2.17336932243057E-0003
 4.32461778679447E+0000	-1.97313775278643E-0003
 4.33037998453665E+0000	-1.69554683309072E-0003
 4.33619635884894E+0000	-1.34626140146198E-0003
 4.34208094266813E+0000	-9.33391223763848E-0004
 4.34804747213036E+0000	-4.67999299523576E-0004
 4.35410869404493E+0000	 3.54851306791771E-0005
 4.36027546662516E+0000	 5.59037677149818E-0004
 4.36655573104815E+0000	 1.08103959080141E-0003
 4.37295340836751E+0000	 1.57647152450410E-0003
 4.37946712939054E+0000	 2.01722686356563E-0003
 4.38608848546286E+0000	 2.37266532233994E-0003
 4.39279951764565E+0000	 2.61108417684848E-0003
 4.39956997296159E+0000	 2.70338135887040E-0003
 4.40635650886979E+0000	 2.62972530397352E-0003
 4.41310695406457E+0000	 2.38748427660397E-0003
 4.41977029534426E+0000	 1.99554429619752E-0003
 4.42630795860135E+0000	 1.49093610488613E-0003
 4.43270008171703E+0000	 9.19308489719125E-0004
 4.43894464573390E+0000	 3.24985883757311E-0004
 4.44505226859434E+0000	-2.55136370431732E-0004
 4.45104043479353E+0000	-7.93436626440730E-0004
 4.45692917053101E+0000	-1.27078715034858E-0003
 4.46273847017256E+0000	-1.67478226666635E-0003
 4.46848705413913E+0000	-1.99790835322970E-0003
 4.47419195868310E+0000	-2.23602164029339E-0003
 4.47986859309467E+0000	-2.38720925339988E-0003
 4.48553104226186E+0000	-2.45100326937075E-0003
 4.49119248762899E+0000	-2.42789803555331E-0003
 4.49686567034204E+0000	-2.31913099591290E-0003
 4.50256334146298E+0000	-2.12670154365780E-0003
 4.50829864797377E+0000	-1.85361179035221E-0003
 4.51408539761188E+0000	-1.50431490955395E-0003
 4.51993813458702E+0000	-1.08534953162555E-0003
 4.52587194511043E+0000	-6.06119826826089E-0004
 4.53190190236019E+0000	-7.97461184649635E-0005
 4.53804206727471E+0000	 4.76141825490493E-0004
 4.54430400153033E+0000	 1.03885808147832E-0003
 4.55069483001668E+0000	 1.58059227933639E-0003
 4.55721498457013E+0000	 2.06904463970776E-0003
 4.56385580839284E+0000	 2.46895952131251E-0003
 4.57059722697181E+0000	 2.74483206203219E-0003
 4.57740599729675E+0000	 2.86529236992807E-0003
 4.58423596509635E+0000	 2.80949164091318E-0003
 4.59103254283862E+0000	 2.57419835240728E-0003
 4.59774211613472E+0000	 2.17780945887871E-0003
 4.60432298567844E+0000	 1.65754397521277E-0003
 4.61075216432298E+0000	 1.06051205067452E-0003
 4.61702535447771E+0000	 4.33637590386569E-0004
 4.62315217128189E+0000	-1.83124689591418E-0004
 4.62915026566114E+0000	-7.59299356543511E-0004
 4.63504063306855E+0000	-1.27348916903100E-0003
 4.64084466001245E+0000	-1.71172022778137E-0003
 4.64658258396486E+0000	-2.06558097300997E-0003
 4.65227286922520E+0000	-2.33060517988057E-0003
 4.65793211018039E+0000	-2.50501138290785E-0003
 4.66357522217822E+0000	-2.58877609813622E-0003
 4.66921578978704E+0000	-2.58298853221291E-0003
 4.67486650465131E+0000	-2.48944667851220E-0003
 4.68053965190484E+0000	-2.31047719071167E-0003
 4.68624760764388E+0000	-2.04898057381039E-0003
 4.69200329960962E+0000	-1.70871401268802E-0003
 4.69782056476680E+0000	-1.29482528234537E-0003
 4.70371431325888E+0000	-8.14642013145871E-0004
 4.70970037817498E+0000	-2.78697823813694E-0004
 4.71579489578403E+0000	 2.98068957763845E-0004
 4.72201303186017E+0000	 8.95093602410170E-0004
 4.72836687805363E+0000	 1.48523091988822E-0003
 4.73486244746045E+0000	 2.03454891722072E-0003
 4.74149596888448E+0000	 2.50352340074466E-0003
 4.74825013522228E+0000	 2.85031230708344E-0003
 4.75509154127857E+0000	 3.03651506155006E-0003
 4.76197111843242E+0000	 3.03505189254201E-0003
 4.76882943882222E+0000	 2.83822992224557E-0003
 4.77560706287129E+0000	 2.46217638193769E-0003
 4.78225641540733E+0000	 1.94412218758905E-0003
 4.78874950697402E+0000	 1.33317079569978E-0003
 4.79507855061417E+0000	 6.79491501450944E-0004
 4.80125130799671E+0000	 2.66726312793283E-0005
 4.80728492522523E+0000	-5.91442847363188E-0004
 4.81320080795932E+0000	-1.15069177837732E-0003
 4.81902127280029E+0000	-1.63502910585075E-0003
 4.82476771108186E+0000	-2.03463204590050E-0003
 4.83045975708441E+0000	-2.34419933753952E-0003
 4.83611504109608E+0000	-2.56159364908658E-0003
 4.84174926150479E+0000	-2.68681076541596E-0003
 4.84737643319794E+0000	-2.72121510376615E-0003
 4.85300924605471E+0000	-2.66699011260095E-0003
 4.85865950503514E+0000	-2.52677885546339E-0003
 4.86433863316566E+0000	-2.30351758502159E-0003
 4.87005821002319E+0000	-2.00048525647449E-0003
 4.87583049887908E+0000	-1.62160151053137E-0003
 4.88166889079883E+0000	-1.17200497405878E-0003
 4.88758816468323E+0000	-6.58934585551781E-0004
 4.89360442379350E+0000	-9.29177222545858E-0005
 4.89973451388481E+0000	 5.10771916393550E-0004
 4.90599465577327E+0000	 1.13051784913939E-0003
 4.91239797013675E+0000	 1.73695659796569E-0003
 4.91895064557942E+0000	 2.29244561567518E-0003
 4.92564691482801E+0000	 2.75251697082035E-0003
 4.93246396236605E+0000	 3.07060716307577E-0003
 4.93935922001980E+0000	 3.20661237659035E-0003
 4.94627321550926E+0000	 3.13763109495309E-0003
 4.95313952567441E+0000	 2.86634546639979E-0003
 4.95989891354562E+0000	 2.42174853477818E-0003
 4.96651085176051E+0000	 1.85100501310420E-0003
 4.97295727443540E+0000	 1.20719789156738E-0003
 4.97923913619573E+0000	 5.39220555066432E-0004
 4.98536991798874E+0000	-1.13379462326335E-0004
 4.99136958040016E+0000	-7.21403112751746E-0004
 4.99726032564903E+0000	-1.26480361711823E-0003
 5.00306410720844E+0000	-1.73078847121737E-0003
 5.00880136905561E+0000	-2.11197323967392E-0003
 5.01449052797670E+0000	-2.40484399145250E-0003
 5.02014787158488E+0000	-2.60855096433472E-0003
 5.02578768832507E+0000	-2.72397802812646E-0003
 5.03142254203526E+0000	-2.75302815490140E-0003
 5.03706365645804E+0000	-2.69808944853711E-0003
 5.04272139462819E+0000	-2.56167667855796E-0003
 5.04840581449739E+0000	-2.34626750769338E-0003
 5.05412726579150E+0000	-2.05436465349851E-0003
 5.05989697349210E+0000	-1.68881500094391E-0003
 5.06572753598736E+0000	-1.25340954321665E-0003
 5.07163324846172E+0000	-7.53781019184617E-0004
 5.07763013301812E+0000	-1.98610844489074E-0004
 5.08373549939799E+0000	 3.98859655876613E-0004
 5.08996676291707E+0000	 1.01908485818883E-0003
 5.09633913208940E+0000	 1.63449554661103E-0003
 5.10286176152844E+0000	 2.20845746468202E-0003
 5.10953232035385E+0000	 2.69615450379714E-0003
 5.11633101919499E+0000	 3.04907237967458E-0003
 5.12321692721117E+0000	 3.22408105850579E-0003
 5.13013054923348E+0000	 3.19538412801713E-0003
 5.13700459766919E+0000	 2.96383209242927E-0003
 5.14377922654790E+0000	 2.55745470713251E-0003
 5.15041381619395E+0000	 2.02245081946848E-0003
 5.15689018907691E+0000	 1.41047740093483E-0003
 5.16320867352234E+0000	 7.68770541145522E-0004
 5.16938156801272E+0000	 1.35411224271255E-0004
 5.17542732574290E+0000	-4.61455808634181E-0004
 5.18136654526450E+0000	-1.00243084443264E-0003
 5.18721959335483E+0000	-1.47506255483529E-0003
 5.19300535703494E+0000	-1.87209282651237E-0003
 5.19874069263096E+0000	-2.18995667821294E-0003
 5.20444029227368E+0000	-2.42756033720319E-0003
 5.21011681294312E+0000	-2.58530328180722E-0003
 5.21578119038157E+0000	-2.66431262328905E-0003
 5.22144309568782E+0000	-2.66588064765989E-0003
 5.22711149794246E+0000	-2.59111673721642E-0003
 5.23279528609553E+0000	-2.44083218108396E-0003
 5.23850389198615E+0000	-2.21566944208473E-0003
 5.24424785324895E+0000	-1.91647396289078E-0003
 5.25003925987909E+0000	-1.54489796232436E-0003
 5.25589203133168E+0000	-1.10422938541034E-0003
 5.26182195653705E+0000	-6.00452739033912E-0004
 5.26784638167305E+0000	-4.35561774918411E-0005
 5.27398334167966E+0000	 5.50931827079535E-0004
 5.28024981553300E+0000	 1.16031779208124E-0003
 5.28665871606127E+0000	 1.75346321738197E-0003
 5.29321439349202E+0000	 2.29076919010017E-0003
 5.29990714528811E+0000	 2.72684060697705E-0003
 5.30670863548801E+0000	 3.01710831820508E-0003
 5.31357154679437E+0000	 3.12798604564330E-0003
 5.32043626495604E+0000	 3.04690834559905E-0003
 5.32724342071632E+0000	 2.78653829464695E-0003
 5.33394631435751E+0000	 2.38018772200954E-0003
 5.34051721150319E+0000	 1.87154975436311E-0003
 5.34694653079011E+0000	 1.30470520474511E-0003
 5.35323811175542E+0000	 7.17948600564247E-0004
 5.35940393655257E+0000	 1.41467113280471E-0004
 5.36545993867234E+0000	-4.02585382529515E-0004
 5.37142317528417E+0000	-8.98929823533860E-0004
 5.37731011545073E+0000	-1.33767496682377E-0003
 5.38313572939557E+0000	-1.71285053784910E-0003
 5.38891313573072E+0000	-2.02110094406916E-0003
 5.39465364224034E+0000	-2.26059541599946E-0003
 5.40036706580252E+0000	-2.43018451997674E-0003
 5.40606223743501E+0000	-2.52882524718965E-0003
 5.41174760188844E+0000	-2.55528531001948E-0003
 5.41743182430929E+0000	-2.50811610967659E-0003
 5.42312433064963E+0000	-2.38586057047620E-0003
 5.42883573348719E+0000	-2.18744917088034E-0003
 5.43457812014126E+0000	-1.91274254797249E-0003
 5.44036519182412E+0000	-1.56319943114082E-0003
 5.44621223138279E+0000	-1.14267337879185E-0003
 5.45213583954445E+0000	-6.58355330846094E-0004
 5.45815331831159E+0000	-1.21862120096138E-0004
 5.46428150857771E+0000	 4.49601585343586E-0004
 5.47053484506134E+0000	 1.03223842975689E-0003
 5.47692245833370E+0000	 1.59529517232920E-0003
 5.48344445912348E+0000	 2.10210749583761E-0003
 5.49008817983392E+0000	 2.51340147835717E-0003
 5.49682598678042E+0000	 2.79319491240596E-0003
 5.50361669758270E+0000	 2.91625613649965E-0003
 5.51041162469706E+0000	 2.87428838008578E-0003
 5.51716357514977E+0000	 2.67756530088550E-0003
 5.52383486003046E+0000	 2.35108866108936E-0003
 5.53040117812531E+0000	 1.92769781150928E-0003
 5.53685126167279E+0000	 1.44154730807981E-0003
 5.54318414975855E+0000	 9.23770956561850E-0004
 5.54940587274198E+0000	 4.00378677426782E-0004
 5.55552648240507E+0000	-1.08253960501309E-0004
 5.56155775878791E+0000	-5.86926477424501E-0004
 5.56751165619069E+0000	-1.02464413982299E-0003
 5.57339943586581E+0000	-1.41347065068115E-0003
 5.57923137087895E+0000	-1.74744093560834E-0003
 5.58501687242574E+0000	-2.02169163992453E-0003
 5.59076487199050E+0000	-2.23189173388290E-0003
 5.59648430211901E+0000	-2.37398575377140E-0003
 5.60218455122337E+0000	-2.44420622354816E-0003
 5.60787581682905E+0000	-2.43928142292773E-0003
 5.61356933040215E+0000	-2.35676454209062E-0003
 5.61927745901228E+0000	-2.19543293574036E-0003
 5.62501369699347E+0000	-1.95573656976020E-0003
 5.63079254673961E+0000	-1.64029817890431E-0003
 5.63662925966874E+0000	-1.25447423552091E-0003
 5.64253937592041E+0000	-8.06969749370250E-0004
 5.64853797636126E+0000	-3.10457559614591E-0004
 5.65463855983238E+0000	 2.17915462345825E-0004
 5.66085150374475E+0000	 7.56335263409688E-0004
 5.66718217265100E+0000	 1.27870713157250E-0003
 5.67362890119289E+0000	 1.75589941306823E-0003
 5.68018127246647E+0000	 2.15804571665188E-0003
 5.68681932089265E+0000	 2.45789762621062E-0003
 5.69351440680324E+0000	 2.63477071845143E-0003
 5.70023219404474E+0000	 2.67797413147978E-0003
 5.70693717790280E+0000	 2.58834461139511E-0003
 5.71359723868754E+0000	 2.37728471569217E-0003
 5.72018681708322E+0000	 2.06399681441635E-0003
 5.72668831605559E+0000	 1.67213027500990E-0003
 5.73309205784832E+0000	 1.22667854124746E-0003
 5.73939522923608E+0000	 7.51522886762816E-0004
 5.74560022436070E+0000	 2.67848504297121E-0004
 5.75171284713124E+0000	-2.06498321065591E-0004
 5.75774079922035E+0000	-6.56879447228818E-0004
 5.76369269128747E+0000	-1.07129763620416E-0003
 5.76957758590461E+0000	-1.43973988571921E-0003
 5.77540492481211E+0000	-1.75366772908169E-0003
 5.78118464558945E+0000	-2.00574616587838E-0003
 5.78692732855986E+0000	-2.18979067943373E-0003
 5.79264428579796E+0000	-2.30085955527002E-0003
 5.79834756769592E+0000	-2.33541921040933E-0003
 5.80404989680627E+0000	-2.29153782813735E-0003
 5.80976454344263E+0000	-2.16909170945859E-0003
 5.81550514460508E+0000	-1.96998452591536E-0003
 5.82128545086569E+0000	-1.69837829528688E-0003
 5.82711897569461E+0000	-1.36091944993967E-0003
 5.83301852593567E+0000	-9.66920889108060E-0004
 5.83899561449287E+0000	-5.28442756436110E-0004
 5.84505979168591E+0000	-6.02162305985502E-0005
 5.85121795904373E+0000	 4.20613423044279E-0004
 5.85747371582526E+0000	 8.94900890745777E-0004
 5.86382672562497E+0000	 1.34204040054256E-0003
 5.87027204506286E+0000	 1.74068532497173E-0003
 5.87679944979766E+0000	 2.06983006040110E-0003
 5.88339303286716E+0000	 2.31041253727185E-0003
 5.89003149497410E+0000	 2.44730342117642E-0003
 5.89668934735910E+0000	 2.47122422589862E-0003
 5.90333888520626E+0000	 2.38013539572495E-0003
 5.90995265838232E+0000	 2.17984313646251E-0003
 5.91650616861857E+0000	 1.88361008150797E-0003
 5.92298029065332E+0000	 1.51057632520834E-0003
 5.92936269327678E+0000	 1.08322107318772E-0003
 5.93564785758985E+0000	 6.24650821012667E-0004
 5.94183598220090E+0000	 1.56543816616415E-0004
 5.94793147517510E+0000	-3.01918393494199E-0004
 5.95394161952282E+0000	-7.34326533056781E-0004
 5.95987564151000E+0000	-1.12691964726232E-0003
 5.96574413247529E+0000	-1.46837027317520E-0003
 5.97155867914370E+0000	-1.74961680218742E-0003
 5.97733158503721E+0000	-1.96376003540993E-0003
 5.98307562541426E+0000	-2.10599758869515E-0003
 5.98880381813653E+0000	-2.17357376169468E-0003
 5.99452920451702E+0000	-2.16573710330139E-0003
 6.00026463044374E+0000	-2.08370355291422E-0003
 6.00602251396839E+0000	-1.93061675611332E-0003
 6.01181459071096E+0000	-1.71148503135886E-0003
 6.01765164611229E+0000	-1.43306641535175E-0003
 6.02354326990134E+0000	-1.10368070348850E-0003
 6.02949768942134E+0000	-7.32959577223078E-0004
 6.03552173083029E+0000	-3.31599963739403E-0004
 6.04162089801627E+0000	 8.87652851802112E-0005
 6.04779945337836E+0000	 5.15471749209678E-0004
 6.05406028840156E+0000	 9.34498655180912E-0004
 6.06040437512000E+0000	 1.33009122032749E-0003
 6.06682974403665E+0000	 1.68466019543394E-0003
 6.07333017827150E+0000	 1.97929214329507E-0003
 6.07989399477439E+0000	 2.19503999415822E-0003
 6.08650332099596E+0000	 2.31496478408722E-0003
 6.09313428326205E+0000	 2.32675574784080E-0003
 6.09975857235639E+0000	 2.22549649203059E-0003
 6.10634661273087E+0000	 2.01565074456996E-0003
 6.11287170815435E+0000	 1.71112937951479E-0003
 6.11931365464150E+0000	 1.33306007761436E-0003
 6.12566047257520E+0000	 9.06191935411072E-0004
 6.13190807949432E+0000	 4.55455643685891E-0004
 6.13805873515578E+0000	 3.65320354055843E-0006
 6.14411922545551E+0000	-4.29641713882268E-0004
 6.15009932485891E+0000	-8.28374097639861E-0004
 6.15601065550998E+0000	-1.17990297976681E-0003
 6.16186586932656E+0000	-1.47474828203960E-0003
 6.16767805434514E+0000	-1.70629535471648E-0003
 6.17346029475866E+0000	-1.87049633226540E-0003
 6.17922533814576E+0000	-1.96558355057644E-0003
 6.18498533567537E+0000	-1.99179841673111E-0003
 6.19075163112237E+0000	-1.95112746925182E-0003
 6.19653459023409E+0000	-1.84702794779546E-0003
 6.20234348434822E+0000	-1.68412547898527E-0003
 6.20818646468484E+0000	-1.46788393326571E-0003
 6.21407067273699E+0000	-1.20428436622038E-0003
 6.22000251070430E+0000	-8.99596629679949E-0004
 6.22598803484349E+0000	-5.60358637390564E-0004
 6.23203334729674E+0000	-1.93662023342168E-0004
 6.23814478821759E+0000	 1.92238609803191E-0004
 6.24432871767099E+0000	 5.87104692526401E-0004
 6.25059074977057E+0000	 9.77918256776081E-0004
 6.25693443966531E+0000	 1.34841568541262E-0003
 6.26335957219805E+0000	 1.67923942448382E-0003
 6.26986031420135E+0000	 1.94893552337178E-0003
 6.27642360431614E+0000	 2.13597217484085E-0003
