-2.04679386821406E-0003	 6.35550550651636E-0004
 4.25111704187890E-0003	 1.02699010197879E-0003
 1.06203322942687E-0002	 1.38236634317180E-0003
 1.70546545058218E-0002	 1.69134738514093E-0003
 2.35483900525210E-0002	 1.94340272006287E-0003
 3.00949702386608E-0002	 2.12595094975368E-0003
 3.66840469237549E-0002	 2.22398897761663E-0003
 4.32984199151403E-0002	 2.22222657213958E-0003
 4.99127978378043E-0002	 2.10955668779024E-0003
 5.64959448471522E-0002	 1.88407229217013E-0003
 6.30159410404060E-0002	 1.55596269280938E-0003
 6.94462647139842E-0002	 1.14663433137240E-0003
 7.57700217305442E-0002	 6.84654037119360E-0004
 8.19810889561906E-0002	 2.00627483331544E-0004
 8.80826823018853E-0002	-2.77019675937896E-0004
 9.40846805116128E-0002	-7.24478748344445E-0004
 1.00000896342230E-0001	-1.12333000199068E-0003
 1.05846943910236E-0001	-1.46022609548880E-0003
 1.11638866731009E-0001	-1.72607801320999E-0003
 1.17392423063499E-0001	-1.91515961378632E-0003
 1.23122834382461E-0001	-2.02436108931425E-0003
 1.28844803213029E-0001	-2.05268920107206E-0003
 1.34572637371261E-0001	-2.00103258994784E-0003
 1.40320350695990E-0001	-1.87216470934209E-0003
 1.46101637183851E-0001	-1.67092715227607E-0003
 1.51929637409385E-0001	-1.40450888827099E-0003
 1.57816442227254E-0001	-1.08270268991526E-0003
 1.63772327354596E-0001	-7.17977610890377E-0004
 1.69804807693848E-0001	-3.25175308784783E-0004
 1.75917749914796E-0001	 7.93278591326976E-0005
 1.82110930218205E-0001	 4.78977074318134E-0004
 1.88380419845677E-0001	 8.58569669941754E-0004
 1.94719860560974E-0001	 1.20530161534781E-0003
 2.01122112491494E-0001	 1.50869896149507E-0003
 2.07580313382650E-0001	 1.75935185574506E-0003
 2.14087514073067E-0001	 1.94716557260300E-0003
 2.20634776532181E-0001	 2.06035058968756E-0003
 2.27208567232134E-0001	 2.08624359900274E-0003
 2.33788982033227E-0001	 2.01424441752049E-0003
 2.40350309620243E-0001	 1.83990033026975E-0003
 2.46864355858320E-0001	 1.56817340549665E-0003
 2.53305318037727E-0001	 1.21412996369599E-0003
 2.59654117874111E-0001	 8.00739879410179E-0004
 2.65900654397469E-0001	 3.54964627440654E-0004
 2.72043724924148E-0001	-9.62231356412464E-0005
 2.78089340651800E-0001	-5.28747590884041E-0004
 2.84048438073405E-0001	-9.22922135562738E-0004
 2.89934752505884E-0001	-1.26376290993044E-0003
 2.95763228351151E-0001	-1.54058139101478E-0003
 3.01549029519432E-0001	-1.74627979080353E-0003
 3.07307047801091E-0001	-1.87664081203861E-0003
 3.13051751385743E-0001	-1.92977365317058E-0003
 3.18797215951484E-0001	-1.90578417196871E-0003
 3.24557200403798E-0001	-1.80667594712598E-0003
 3.30345152027838E-0001	-1.63644790131165E-0003
 3.36174047518412E-0001	-1.40132109855398E-0003
 3.42056001114707E-0001	-1.10999294516302E-0003
 3.48001611180883E-0001	-7.73777300416807E-0004
 3.54019091471141E-0001	-4.06453899858688E-0004
 3.60113356484442E-0001	-2.36563967216106E-0005
 3.66285375509951E-0001	 3.58262963801204E-0004
 3.72532173689914E-0001	 7.23702571653001E-0004
 3.78847687605937E-0001	 1.05911202754899E-0003
 3.85224233270951E-0001	 1.35349576188487E-0003
 3.91653854115428E-0001	 1.59779721138010E-0003
 3.98128700153744E-0001	 1.78350612988059E-0003
 4.04640044750760E-0001	 1.90142811410674E-0003
 4.11176348749074E-0001	 1.94165885209242E-0003
 4.17721491802018E-0001	 1.89529055691073E-0003
 4.24254478857310E-0001	 1.75742055893425E-0003
 4.30751317782351E-0001	 1.53011674557802E-0003
 4.37188566912572E-0001	 1.22381614609190E-0003
 4.43547113990313E-0001	 8.56458213971455E-0004
 4.49814781088181E-0001	 4.50839072174962E-0004
 4.55987146068194E-0001	 3.13317267967667E-0005
 4.62066806882702E-0001	-3.78973720004907E-0004
 4.68061749794542E-0001	-7.60147125714497E-0004
 4.73983501850062E-0001	-1.09625156838099E-0003
 4.79845530812263E-0001	-1.37538123748114E-0003
 4.85662093975589E-0001	-1.58924534053154E-0003
 4.91447544404377E-0001	-1.73259347234327E-0003
 4.97216001921301E-0001	-1.80268367094100E-0003
 5.02981260499745E-0001	-1.79890543523708E-0003
 5.08756801540047E-0001	-1.72260215525591E-0003
 5.14555793653615E-0001	-1.57708748327130E-0003
 5.20390975871465E-0001	-1.36780992884135E-0003
 5.26274342910190E-0001	-1.10258172092853E-0003
 5.32216586003052E-0001	-7.91747455150808E-0004
 5.38226305549643E-0001	-4.48130575938836E-0004
 5.44309116036911E-0001	-8.65867614671566E-0005
 5.50466897343838E-0001	 2.76938043428703E-0004
 5.56697538487190E-0001	 6.26756126984656E-0004
 5.62995442766243E-0001	 9.48824889835056E-0004
 5.69352735573124E-0001	 1.23161248480300E-0003
 5.75760662021961E-0001	 1.46601442793707E-0003
 5.82210415059709E-0001	 1.64439485899695E-0003
 5.88692864648603E-0001	 1.75941115145215E-0003
 5.95197291126673E-0001	 1.80353558303359E-0003
 6.01709896912853E-0001	 1.76990117889452E-0003
 6.08213173267889E-0001	 1.65437249428396E-0003
 6.14686872223724E-0001	 1.45795007584276E-0003
 6.21110473264482E-0001	 1.18829369984955E-0003
 6.27466205859972E-0001	 8.59594020995459E-0004
 6.33741498492952E-0001	 4.90895051429370E-0004
 6.39930184352274E-0001	 1.03600968207792E-0004
 6.46032419368379E-0001	-2.81005605869354E-0004
 6.52053679482680E-0001	-6.43670211009563E-0004
 6.58003333500408E-0001	-9.68284540843418E-0004
 6.63893216747132E-0001	-1.24228148799283E-0003
 6.69736466304353E-0001	-1.45652214212742E-0003
 6.75546713380599E-0001	-1.60491865114256E-0003
 6.81337612246840E-0001	-1.68399461544764E-0003
 6.87122623127549E-0001	-1.69251967574795E-0003
 6.92914941639427E-0001	-1.63129340458053E-0003
 6.98727462685835E-0001	-1.50310186493358E-0003
 7.04572672830561E-0001	-1.31282529307945E-0003
 7.10462380438895E-0001	-1.06763236176761E-0003
 7.16407222366382E-0001	-7.77152301870213E-0004
 7.22415941144582E-0001	-4.53474724742793E-0004
 7.28494519813044E-0001	-1.10808193536470E-0004
 7.34645386972002E-0001	 2.35326148414860E-0004
 7.40867008290661E-0001	 5.69336095923026E-0004
 7.47154154066611E-0001	 8.76956350159533E-0004
 7.53498885337064E-0001	 1.14631277400635E-0003
 7.59891899606394E-0001	 1.36819866118657E-0003
 7.66323585969034E-0001	 1.53548383246285E-0003
 7.72784228602493E-0001	 1.64210346850170E-0003
 7.79263279609592E-0001	 1.68239189198256E-0003
 7.85748220713425E-0001	 1.65139414599634E-0003
 7.92223880920904E-0001	 1.54623951147959E-0003
 7.98672919796858E-0001	 1.36798794769577E-0003
 8.05077554776265E-0001	 1.12299762507407E-0003
 8.11421912091299E-0001	 8.23098026271571E-0004
 8.17694119582880E-0001	 4.84502909505959E-0004
 8.23887536656526E-0001	 1.25943903020708E-0004
 8.30000987761045E-0001	-2.33351947613998E-0004
 8.36038200416165E-0001	-5.75372941447515E-0004
 8.42006780047176E-0001	-8.84489352701308E-0004
 8.47917047159143E-0001	-1.14804571834809E-0003
 8.53780979941947E-0001	-1.35648453608633E-0003
 8.59611394977545E-0001	-1.50316924203130E-0003
 8.65421399304887E-0001	-1.58407535539936E-0003
 8.71224078002806E-0001	-1.59748519614385E-0003
 8.77032341790173E-0001	-1.54377678053629E-0003
 8.82858839782731E-0001	-1.42535226253270E-0003
 8.88715836460931E-0001	-1.24670691293514E-0003
 8.94614957733404E-0001	-1.01459379739181E-0003
 9.00566733255358E-0001	-7.38190589005433E-0004
 9.06579911051087E-0001	-4.29127534050257E-0004
 9.12660607860545E-0001	-1.01207347743411E-0004
 9.18811482127343E-0001	 2.30322897362891E-0004
 9.25031230702981E-0001	 5.49955370783120E-0004
 9.31314713786918E-0001	 8.43332991351561E-0004
 9.37653807995390E-0001	 1.09843672405212E-0003
 9.44038713993469E-0001	 1.30608320593069E-0003
 9.50459137271737E-0001	 1.45957568142204E-0003
 9.56904782977151E-0001	 1.55383370676224E-0003
 9.63364998449422E-0001	 1.58465877455562E-0003
 9.69827929031568E-0001	 1.54873714719430E-0003
 9.76279899167829E-0001	 1.44454785761110E-0003
 9.82705661481928E-0001	 1.27376879584592E-0003
 9.89089671466532E-0001	 1.04241686675417E-0003
 9.95417950880990E-0001	 7.61085696489178E-0004
 1.00167982801810E+0000	 4.44155308496833E-0004
 1.00786902941358E+0000	 1.08325713975202E-0004
 1.01398398540347E+0000	-2.29027469447963E-0004
 1.02002749222536E+0000	-5.51300988145402E-0004
 1.02600597127534E+0000	-8.43727873917116E-0004
 1.03192855908061E+0000	-1.09401239485226E-0003
 1.03780621477459E+0000	-1.29258421221087E-0003
 1.04365096816772E+0000	-1.43257456395905E-0003
 1.04947536404931E+0000	-1.50963698551559E-0003
 1.05529210033144E+0000	-1.52172672362098E-0003
 1.06111381527169E+0000	-1.46892807401071E-0003
 1.06695295094182E+0000	-1.35338598716052E-0003
 1.07282160344883E+0000	-1.17935995898419E-0003
 1.07873126569907E+0000	-9.53373323197896E-0004
 1.08469238149279E+0000	-6.84378977458237E-0004
 1.09071367149053E+0000	-3.83808090271499E-0004
 1.09680127516298E+0000	-6.53291835017655E-0005
 1.10295787927773E+0000	 2.55840326399206E-0004
 1.10918213270106E+0000	 5.64109010048866E-0004
 1.11546867765719E+0000	 8.44976253421699E-0004
 1.12180894621582E+0000	 1.08634145931985E-0003
 1.12819249459700E+0000	 1.27916001255719E-0003
 1.13460830949073E+0000	 1.41723155079600E-0003
 1.14104550710342E+0000	 1.49638922955378E-0003
 1.14749321092257E+0000	 1.51370525345261E-0003
 1.15393990131839E+0000	 1.46729764736262E-0003
 1.16037286360993E+0000	 1.35693925090467E-0003
 1.16677832362337E+0000	 1.18515673440755E-0003
 1.17314245608219E+0000	 9.58172095625133E-0004
 1.17945292910456E+0000	 6.86113595217563E-0004
 1.18570037555488E+0000	 3.82350982785130E-0004
 1.19187931939001E+0000	 6.22451386468775E-0005
 1.19798843302923E+0000	-2.58249233650363E-0004
 1.20403026306513E+0000	-5.63806202225665E-0004
 1.21001063749673E+0000	-8.40637054888365E-0004
 1.21593793707106E+0000	-1.07706653744749E-0003
 1.22182236317671E+0000	-1.26381679138359E-0003
 1.22767529151522E+0000	-1.39406734335530E-0003
 1.23350876098504E+0000	-1.46337414167674E-0003
 1.23933510879692E+0000	-1.46953273727601E-0003
 1.24516672836143E+0000	-1.41246094212925E-0003
 1.25101589768453E+0000	-1.29415682860376E-0003
 1.25689460339745E+0000	-1.11875920716888E-0003
 1.26281427178741E+0000	-8.92697838887212E-0004
 1.26878532092115E+0000	-6.24868182596485E-0004
 1.27481648061875E+0000	-3.26704649156522E-0004
 1.28091390595404E+0000	-1.19749195724754E-0005
 1.28708024106230E+0000	 3.03883775846361E-0004
 1.29331393869297E+0000	 6.04959435704336E-0004
 1.29960920301568E+0000	 8.76422601720692E-0004
 1.30595676345585E+0000	 1.10599152129989E-0003
 1.31234529169686E+0000	 1.28474927909205E-0003
 1.31876287872941E+0000	 1.40702566894899E-0003
 1.32519793228163E+0000	 1.46957717798634E-0003
 1.33163922546581E+0000	 1.47069125020167E-0003
 1.33807535902103E+0000	 1.40982477355388E-0003
 1.34449423922907E+0000	 1.28800283883498E-0003
 1.35088313927930E+0000	 1.10870848506745E-0003
 1.35722954028047E+0000	 8.78676650539304E-0004
 1.36352246890066E+0000	 6.08059099810934E-0004
 1.36975378234705E+0000	 3.09806613688066E-0004
 1.37591895788415E+0000	-1.47573041433396E-0006
 1.38201726841448E+0000	-3.10787497003803E-0004
 1.38805148717889E+0000	-6.03802210735753E-0004
 1.39402733940015E+0000	-8.67633763501779E-0004
 1.39995287073965E+0000	-1.09131338426521E-0003
 1.40583783357528E+0000	-1.26603544804491E-0003
 1.41169314612710E+0000	-1.38523575142564E-0003
 1.41753045243724E+0000	-1.44456398977278E-0003
 1.42336178984380E+0000	-1.44181083225642E-0003
 1.42919934868988E+0000	-1.37684629181126E-0003
 1.43505528595122E+0000	-1.25161638497985E-0003
 1.44094153158406E+0000	-1.07022610688164E-0003
 1.44686950740927E+0000	-8.39104448694184E-0004
 1.45284967206063E+0000	-5.67197978819888E-0004
 1.45889082777670E+0000	-2.66075255977144E-0004
 1.46499919639185E+0000	 5.02386527395291E-0005
 1.47117740559146E+0000	 3.65898224400849E-0004
 1.47742369524407E+0000	 6.64455287513787E-0004
 1.48373175253829E+0000	 9.30524568458922E-0004
 1.49009145470088E+0000	 1.15143542210526E-0003
 1.49649038427337E+0000	 1.31824370514389E-0003
 1.50291551331432E+0000	 1.42572018634469E-0003
 1.50935432969449E+0000	 1.47150171474535E-0003
 1.51579505401692E+0000	 1.45506194306034E-0003
 1.52222618265944E+0000	 1.37717271123666E-0003
 1.52863596878038E+0000	 1.24012292973378E-0003
 1.53501241915960E+0000	 1.04844807778833E-0003
 1.54134401449643E+0000	 8.09609158401136E-0004
 1.54762089988111E+0000	 5.34109109573981E-0004
 1.55383603332573E+0000	 2.34888527566964E-0004
 1.55998586794373E+0000	-7.37668034296574E-0005
 1.56607044824270E+0000	-3.77410263645398E-0004
 1.57209306410669E+0000	-6.62410381435023E-0004
 1.57805969007415E+0000	-9.16612026821566E-0004
 1.58397838598698E+0000	-1.12971550253341E-0003
 1.58985875087596E+0000	-1.29345414213644E-0003
 1.59571146358147E+0000	-1.40164571925614E-0003
 1.60154791588817E+0000	-1.45017585808389E-0003
 1.60737993103788E+0000	-1.43696018296757E-0003
 1.61321954931538E+0000	-1.36192612814394E-0003
 1.61907884756132E+0000	-1.22704944037946E-0003
 1.62496974054917E+0000	-1.03646822235907E-0003
 1.63090369241924E+0000	-7.96672476504487E-0004
 1.63689125446217E+0000	-5.16723473295782E-0004
 1.64294135835780E+0000	-2.08393445090876E-0004
 1.64906035607295E+0000	 1.13955001964235E-0004
 1.65525092943215E+0000	 4.33967815218673E-0004
 1.66151117679193E+0000	 7.34525577841709E-0004
 1.66783432007300E+0000	 9.99504563981131E-0004
 1.67420938420897E+0000	 1.21561816827768E-0003
 1.68062278321463E+0000	 1.37365085226745E-0003
 1.68706020789613E+0000	 1.46859393138924E-0003
 1.69350800206079E+0000	 1.49879872326580E-0003
 1.69995357382890E+0000	 1.46482296935931E-0003
 1.70638503426018E+0000	 1.36871440876036E-0003
 1.71279068979052E+0000	 1.21405551476494E-0003
 1.71915899178233E+0000	 1.00654419669902E-0003
 1.72547916551624E+0000	 7.54560245380653E-0004
 1.73174228282517E+0000	 4.69218701617608E-0004
 1.73794229266604E+0000	 1.63754270543015E-0004
 1.74407660470162E+0000	-1.47545396944726E-0004
 1.75014610917297E+0000	-4.50477636737013E-0004
 1.75615477372368E+0000	-7.31839426833312E-0004
 1.76210904840361E+0000	-9.80013588744552E-0004
 1.76801726256589E+0000	-1.18526705159900E-0003
 1.77388910711612E+0000	-1.33985689801300E-0003
 1.77973522677541E+0000	-1.43803371819422E-0003
 1.78556691298868E+0000	-1.47600652373067E-0003
 1.79139587600476E+0000	-1.45191270087906E-0003
 1.79723406909356E+0000	-1.36582488608827E-0003
 1.80309352975232E+0000	-1.21981967235644E-0003
 1.80898618910758E+0000	-1.01812353492579E-0003
 1.81492358331071E+0000	-7.67331459123646E-0004
 1.82091638709482E+0000	-4.76655618213919E-0004
 1.82697369618884E+0000	-1.58100727757063E-0004
 1.83310203830706E+0000	 1.73611808771413E-0004
 1.83930421845605E+0000	 5.01599449405909E-0004
 1.84557829668003E+0000	 8.08033175392377E-0004
 1.85191716205525E+0000	 1.07596181676480E-0003
 1.85830911676252E+0000	 1.29131371498307E-0003
 1.86473947953473E+0000	 1.44434990523249E-0003
 1.87119262850188E+0000	 1.52998280856763E-0003
 1.87765361061371E+0000	 1.54699049947793E-0003
 1.88410876632459E+0000	 1.49679343268780E-0003
 1.89054550269254E+0000	 1.38259362423411E-0003
 1.89695184087838E+0000	 1.20925779710326E-0003
 1.90331636087665E+0000	 9.83744933240453E-0004
 1.90962877552800E+0000	 7.15539196369765E-0004
 1.91588090637668E+0000	 4.16606438410467E-0004
 1.92206759752921E+0000	 1.00733142995851E-0004
 1.92818718975455E+0000	-2.17537400493889E-0004
 1.93424145336550E+0000	-5.24008395904725E-0004
 1.94023512200200E+0000	-8.05692530284596E-0004
 1.94617525670827E+0000	-1.05133647359089E-0003
 1.95207062512890E+0000	-1.25165220563630E-0003
 1.95793119070475E+0000	-1.39935867165350E-0003
 1.96376773365926E+0000	-1.48913300942625E-0003
 1.96959158640967E+0000	-1.51754296591074E-0003
 1.97541445163151E+0000	-1.48300609796632E-0003
 1.98124826694652E+0000	-1.38580459365815E-0003
 1.98710507568602E+0000	-1.22817451716487E-0003
 1.99299685367989E+0000	-1.01447836485999E-0003
 1.99893522783288E+0000	-7.51451934315645E-0004
 2.00493100955025E+0000	-4.48482059904321E-0004
 2.01099346996249E+0000	-1.17814675676678E-0004
 2.01712933057970E+0000	 2.25481552563660E-0004
 2.02334156215624E+0000	 5.64028472103257E-0004
 2.02962827759248E+0000	 8.79327470427974E-0004
 2.03598218838749E+0000	 1.15360986396663E-0003
 2.04239107844384E+0000	 1.37194681652673E-0003
 2.04883936921972E+0000	 1.52388363683709E-0003
 2.05531023995853E+0000	 1.60394874842303E-0003
 2.06178741049951E+0000	 1.61098785544732E-0003
 2.06825596743191E+0000	 1.54695427949424E-0003
 2.07470230776085E+0000	 1.41597528078582E-0003
 2.08111380496338E+0000	 1.22411170710853E-0003
 2.08747881671953E+0000	 9.79633074602293E-0004
 2.09378725780340E+0000	 6.93286572391504E-0004
 2.10003150646722E+0000	 3.78108826217438E-0004
 2.10620719976450E+0000	 4.86728369337181E-0005
 2.11231357773049E+0000	-2.80002698262466E-0004
 2.11835330686187E+0000	-5.93532296892345E-0004
 2.12433193710984E+0000	-8.78974768595679E-0004
 2.13025721947812E+0000	-1.12529596623655E-0003
 2.13613846345991E+0000	-1.32353752772103E-0003
 2.14198602526365E+0000	-1.46680022607472E-0003
 2.14781094533176E+0000	-1.55014598057605E-0003
 2.15362471313363E+0000	-1.57049465992865E-0003
 2.15943912116382E+0000	-1.52656394223272E-0003
 2.16526616541651E+0000	-1.41888090353529E-0003
 2.17111794625758E+0000	-1.24988134204978E-0003
 2.17700651636880E+0000	-1.02410138180478E-0003
 2.18294361081998E+0000	-7.48447983640066E-0004
 2.18894018354515E+0000	-4.32502118127992E-0004
 2.19500567843008E+0000	-8.87539306672044E-0005
 2.20114700700068E+0000	 2.67402941799846E-0004
 2.20736731851784E+0000	 6.18150129408301E-0004
 2.21366483764001E+0000	 9.44403424490748E-0004
 2.22003223419885E+0000	 1.22765884460366E-0003
 2.22645699422995E+0000	 1.45215256274932E-0003
 2.23292290719133E+0000	 1.60661329484123E-0003
 2.23941217976651E+0000	 1.68493472490473E-0003
 2.24590730221741E+0000	 1.68566601970175E-0003
 2.25239202723920E+0000	 1.61090322664071E-0003
 2.25885149781130E+0000	 1.46537976971414E-0003
 2.26527209502763E+0000	 1.25616962864350E-0003
 2.27164159096748E+0000	 9.92828643214047E-0004
 2.27794979105404E+0000	 6.87473642709894E-0004
 2.28418941024368E+0000	 3.54397411311252E-0004
 2.29035675380994E+0000	 9.16954011123508E-0006
 2.29645191129283E+0000	-3.32518509842928E-0004
 2.30247844359952E+0000	-6.55923057013552E-0004
 2.30844274302469E+0000	-9.48006772277647E-0004
 2.31435329474279E+0000	-1.19783419603924E-0003
 2.32022000962248E+0000	-1.39667496939289E-0003
 2.32605370965746E+0000	-1.53793005855443E-0003
 2.33186577777435E+0000	-1.61698741016220E-0003
 2.33766794516635E+0000	-1.63108452513550E-0003
 2.34347217366898E+0000	-1.57922716199532E-0003
 2.34929058592395E+0000	-1.46219287073647E-0003
 2.35513539294957E+0000	-1.28263401702232E-0003
 2.36101876239377E+0000	-1.04528212724825E-0003
 2.36695256067440E+0000	-7.57236615960598E-0004
 2.37294789328846E+0000	-4.28288190713482E-0004
 2.37901437296864E+0000	-7.11741558521293E-0005
 2.38515908911969E+0000	 2.98406999622756E-0004
 2.39138536319087E+0000	 6.62251808299484E-0004
 2.39769155907769E+0000	 1.00078500382125E-0003
 2.40407040322394E+0000	 1.29488311257563E-0003
 2.41050927793336E+0000	 1.52803368261722E-0003
 2.41699161433914E+0000	 1.68813474439731E-0003
 2.42349892967871E+0000	 1.76827790800486E-0003
 2.43001267859984E+0000	 1.76640067865926E-0003
 2.43651530804781E+0000	 1.68434955830489E-0003
 2.44299055302868E+0000	 1.52709758183390E-0003
 2.44942351296642E+0000	 1.30247873276995E-0003
 2.45580103169907E+0000	 1.02123556750552E-0003
 2.46211248915697E+0000	 6.96895970628640E-0004
 2.46835069764726E+0000	 3.45144238825007E-0004
 2.47451248111659E+0000	-1.72788932517273E-0005
 2.48059870436324E+0000	-3.73836767922115E-0004
 2.48661379865646E+0000	-7.09277412436968E-0004
 2.49256500285540E+0000	-1.01034274051006E-0003
 2.49846155588719E+0000	-1.26609181972196E-0003
 2.50431400004583E+0000	-1.46793305872522E-0003
 2.51013366269154E+0000	-1.60949081877171E-0003
 2.51593231763515E+0000	-1.68641520407847E-0003
 2.52172199269041E+0000	-1.69621204083840E-0003
 2.52751487651484E+0000	-1.63814134080824E-0003
 2.53332327398080E+0000	-1.51321201426093E-0003
 2.53915955648961E+0000	-1.32428618168099E-0003
 2.54503604766581E+0000	-1.07629282591743E-0003
 2.55096477563229E+0000	-7.76530839541914E-0004
 2.55695701563287E+0000	-4.35008136507870E-0004
 2.56302255420526E+0000	-6.47107205351892E-0005
 2.56916865179431E+0000	 3.18372300826899E-0004
 2.57539879211966E+0000	 6.95695353362770E-0004
 2.58171148701708E+0000	 1.04727401362485E-0003
 2.58809958153956E+0000	 1.35348025397499E-0003
 2.59455050304097E+0000	 1.59716523589150E-0003
 2.60104756457883E+0000	 1.76544177955153E-0003
 2.60757187951601E+0000	 1.85051405499073E-0003
 2.61410410959763E+0000	 1.84946964351974E-0003
 2.62062550737295E+0000	 1.76355715053592E-0003
 2.62711833729938E+0000	 1.59762182246556E-0003
 2.63356620293335E+0000	 1.35996633111757E-0003
 2.63995472409495E+0000	 1.06236224643111E-0003
 2.64627255798357E+0000	 7.19728406540935E-0004
 2.65251237248090E+0000	 3.49221585415060E-0004
 2.65867134512745E+0000	-3.11143040354336E-0005
 2.66475102050946E+0000	-4.03755287756259E-0004
 2.67075665442989E+0000	-7.52811803963949E-0004
 2.67669631617995E+0000	-1.06469546696399E-0003
 2.68257999837861E+0000	-1.32836788264798E-0003
 2.68841888409558E+0000	-1.53529691929034E-0003
 2.69422482282570E+0000	-1.67926000986089E-0003
 2.70001000329472E+0000	-1.75610672284366E-0003
 2.70578678090675E+0000	-1.76355658754922E-0003
 2.71156760772519E+0000	-1.70107839969744E-0003
 2.71736501080521E+0000	-1.56987684639589E-0003
 2.72319156258890E+0000	-1.37299800471276E-0003
 2.72905978142269E+0000	-1.11555135634583E-0003
 2.73498189152137E+0000	-8.05025533326449E-0004
 2.74096936542676E+0000	-4.51640715738811E-0004
 2.74703218163889E+0000	-6.86273916771145E-0005
 2.75317777892378E+0000	 3.27745446286439E-0004
 2.75940980280981E+0000	 7.18618592665530E-0004
 2.76572691818788E+0000	 1.08365690032417E-0003
 2.77212212621830E+0000	 1.40281965529260E-0003
 2.77858300251171E+0000	 1.65842765617776E-0003
 2.78509292946364E+0000	 1.83688035152654E-0003
 2.79163286690656E+0000	 1.92947032346979E-0003
 2.79818293036757E+0000	 1.93227553238298E-0003
 2.80472333585279E+0000	 1.84566566176166E-0003
 2.81123488704698E+0000	 1.67402476761699E-0003
 2.81769955134932E+0000	 1.42582900210402E-0003
 2.82410148635752E+0000	 1.11368957588868E-0003
 2.83042836409631E+0000	 7.53851419506185E-0004
 2.83667248012291E+0000	 3.64978774457673E-0004
 2.84283119891303E+0000	-3.34892772802245E-0005
 2.84890663854993E+0000	-4.22930408835635E-0004
 2.85490481885825E+0000	-7.86710460106838E-0004
 2.86083460831438E+0000	-1.11081685930759E-0003
 2.86670673877346E+0000	-1.38403338340346E-0003
 2.87253302925982E+0000	-1.59781736551657E-0003
 2.87832585322111E+0000	-1.74603634221550E-0003
 2.88409782207670E+0000	-1.82468133443596E-0003
 2.88986163263018E+0000	-1.83163189154675E-0003
 2.89563002007766E+0000	-1.76651657189269E-0003
 2.90141575868622E+0000	-1.63069215954747E-0003
 2.90723165122612E+0000	-1.42735094059276E-0003
 2.91309044302709E+0000	-1.16175142690622E-0003
 2.91900458814789E+0000	-8.41546932209686E-0004
 2.92498578975165E+0000	-4.77151094779045E-0004
 2.93104424850614E+0000	-8.20252561253558E-0005
 2.93718760542937E+0000	 3.27293580637507E-0004
 2.94341968406005E+0000	 7.31650131969368E-0004
 2.94973931580801E+0000	 1.11039283544011E-0003
 2.95613968527912E+0000	 1.44312824384468E-0003
 2.96260858490639E+0000	 1.71172711284382E-0003
 2.96912960070311E+0000	 1.90194598865959E-0003
 2.97568373751856E+0000	 2.00417547422880E-0003
 2.98225078497139E+0000	 2.01338631755712E-0003
 2.98881009217577E+0000	 1.92885622509350E-0003
 2.99534105538811E+0000	 1.75422454519980E-0003
 3.00182392213667E+0000	 1.49786603512873E-0003
 3.00824120147729E+0000	 1.17303616372214E-0003
 3.01457935603354E+0000	 7.97218977146034E-0004
 3.02083010439898E+0000	 3.90592586659557E-0004
 3.02699084200627E+0000	-2.59453979690488E-0005
 3.03306415577559E+0000	-4.32588343094376E-0004
 3.03905676522791E+0000	-8.11870631255607E-0004
 3.04497830043234E+0000	-1.14927715598844E-0003
 3.05084021082274E+0000	-1.43334567142798E-0003
 3.05665493892803E+0000	-1.65546306316619E-0003
 3.06243537556951E+0000	-1.80953267363627E-0003
 3.06819455298644E+0000	-1.89163615220628E-0003
 3.07394551212629E+0000	-1.89976448404176E-0003
 3.07970127894083E+0000	-1.83365919983872E-0003
 3.08547488766978E+0000	-1.69478424196347E-0003
 3.09127938949773E+0000	-1.48643535422096E-0003
 3.09712778030282E+0000	-1.21398008258273E-0003
 3.10303277308255E+0000	-8.85200106945702E-0004
 3.10900633582706E+0000	-5.10671282854915E-0004
 3.11505892911864E+0000	-1.04061193836622E-0004
 3.12119843425395E+0000	 3.17842636976909E-0004
 3.12742888690291E+0000	 7.35601968051714E-0004
 3.13374931357691E+0000	 1.12826524962237E-0003
 3.14015311213327E+0000	 1.47511646208994E-0003
 3.14662834156047E+0000	 1.75762446096329E-0003
 3.15315888536767E+0000	 1.96095464324151E-0003
 3.15972594238799E+0000	 2.07461368245731E-0003
 3.16630915805703E+0000	 2.09240432574704E-0003
 3.17288717200260E+0000	 2.01235064824899E-0003
 3.17943804131875E+0000	 1.83711037288138E-0003
 3.18594024067018E+0000	 1.57471153930684E-0003
 3.19237447783820E+0000	 1.23887026346071E-0003
 3.19872581116803E+0000	 8.48222120481739E-0004
 3.20498520095568E+0000	 4.24457647235910E-0004
 3.21114993493470E+0000	-1.00155630038162E-0005
 3.21722297593180E+0000	-4.34134381817544E-0004
 3.22321168577167E+0000	-8.29528766564972E-0004
 3.22912642184266E+0000	-1.18111567903232E-0003
 3.23497933033391E+0000	-1.47713037418003E-0003
 3.24078346386557E+0000	-1.70884004053575E-0003
 3.24655222148366E+0000	-1.87013935924799E-0003
 3.25229905009787E+0000	-1.95715875702514E-0003
 3.25803733144670E+0000	-1.96795983928930E-0003
 3.26378038202405E+0000	-1.90235630045893E-0003
 3.26954149961603E+0000	-1.76187782656328E-0003
 3.27533399210023E+0000	-1.54988132352607E-0003
 3.28117112011600E+0000	-1.27180034529363E-0003
 3.28706587722611E+0000	-9.35502043160945E-0004
 3.29303052662152E+0000	-5.51683672978726E-0004
 3.29907582821284E+0000	-1.34183453623956E-0004
 3.30520995008317E+0000	 2.99987444836103E-0004
 3.31143718893643E+0000	 7.31124259360452E-0004
 3.31775681218356E+0000	 1.13798454795742E-0003
 3.32416247278298E+0000	 1.49954013444151E-0003
 3.33064254413074E+0000	 1.79687832569745E-0003
 3.33718128100557E+0000	 2.01460015124641E-0003
 3.34376019187159E+0000	 2.14133646501041E-0003
 3.35035892610955E+0000	 2.16967156601423E-0003
 3.35695554976219E+0000	 2.09623907183963E-0003
 3.36352684300428E+0000	 1.92250583668405E-0003
 3.37004945883036E+0000	 1.65593053171058E-0003
 3.37650215932369E+0000	 1.31052353343189E-0003
 3.38286841443923E+0000	 9.05998356824191E-0004
 3.38913825875670E+0000	 4.65567300925753E-0004
 3.39530875004508E+0000	 1.32052370881042E-0005
 3.40138315060174E+0000	-4.28695933035669E-0004
 3.40736942147199E+0000	-8.40793494321498E-0004
 3.41327862411138E+0000	-1.20737886043083E-0003
 3.41912358832133E+0000	-1.51633760896072E-0003
 3.42491796813214E+0000	-1.75877782870918E-0003
 3.43067566383738E+0000	-1.92855094901255E-0003
 3.43641053070310E+0000	-2.02180389878364E-0003
 3.44213628550229E+0000	-2.03663702354445E-0003
 3.44786653048877E+0000	-1.97290322634671E-0003
 3.45361482399270E+0000	-1.83216273550720E-0003
 3.45939473060983E+0000	-1.61779524218796E-0003
 3.46521978062173E+0000	-1.33525820036937E-0003
 3.47110326036320E+0000	-9.92458591360347E-0004
 3.47705775061159E+0000	-6.00167435817120E-0004
 3.48309434555182E+0000	-1.72347364337823E-0004
 3.48922154796182E+0000	 2.73806521857021E-0004
 3.49544397339032E+0000	 7.18351078152909E-0004
 3.50176119169647E+0000	 1.13976784853081E-0003
 3.50816717113880E+0000	 1.51672255545863E-0003
 3.51465066128373E+0000	 1.82992623555952E-0003
 3.52119636529013E+0000	 2.06342140645184E-0003
 3.52778620884725E+0000	 2.20495243741735E-0003
 3.53439997912345E+0000	 2.24582357112018E-0003
 3.54101529004044E+0000	 2.18113674903869E-0003
 3.54760769360182E+0000	 2.01095705183047E-0003
 3.55415195676504E+0000	 1.74195183765364E-0003
 3.56062473378590E+0000	 1.38826685802768E-0003
 3.56700770806851E+0000	 9.70636867695610E-0004
 3.57328981694801E+0000	 5.13827639188293E-0004
 3.57946777281119E+0000	 4.34592349390771E-0005
 3.58554507491335E+0000	-4.16661618552970E-0004
 3.59153025643583E+0000	-8.46145428150656E-0004
 3.59743507422595E+0000	-1.22860096487240E-0003
 3.60327304013558E+0000	-1.55152163936590E-0003
 3.60905840920049E+0000	-1.80582405882529E-0003
 3.61480558118393E+0000	-1.98528994680082E-0003
 3.62052881583959E+0000	-2.08605897153003E-0003
 3.62624215914768E+0000	-2.10624674325368E-0003
 3.63195949187570E+0000	-2.04572030997218E-0003
 3.63769462508244E+0000	-1.90604216447717E-0003
 3.64346137298535E+0000	-1.69058176719731E-0003
 3.64927353111265E+0000	-1.40478135735188E-0003
 3.65514467980453E+0000	-1.05654168818359E-0003
 3.66108772818302E+0000	-6.56654897575098E-0004
 3.66711412930685E+0000	-2.19151213641719E-0004
 3.67323276241716E+0000	 2.38646288434589E-0004
 3.67944862117597E+0000	 6.96604336951025E-0004
 3.68576165088993E+0000	 1.13296317461609E-0003
 3.69216621623591E+0000	 1.52610240406728E-0003
 3.69865153090103E+0000	 1.85636559905213E-0003
 3.70520284906252E+0000	 2.10723500642151E-0003
 3.71180264206691E+0000	 2.26554178005031E-0003
 3.71843098410027E+0000	 2.32122643960120E-0003
 3.72506516742209E+0000	 2.26768953059144E-0003
 3.73167956188450E+0000	 2.10334862176820E-0003
 3.73824696298468E+0000	 1.83382400729789E-0003
 3.74474171740889E+0000	 1.47321865484720E-0003
 3.75114348279865E+0000	 1.04323553972636E-0003
 3.75743989805154E+0000	 5.70247952750156E-0004
 3.76362720266960E+0000	 8.16279730681962E-0005
 3.76970907281529E+0000	-3.97291710579354E-0004
 3.77569459708006E+0000	-8.44984001983295E-0004
 3.78159623159860E+0000	-1.24430950373957E-0003
 3.78742818018185E+0000	-1.58232479958899E-0003
 3.79320530744781E+0000	-1.84972452483981E-0003
 3.79894251703003E+0000	-2.04019850865491E-0003
 3.80465447279323E+0000	-2.14986092314110E-0003
 3.81035554508962E+0000	-2.17682526528610E-0003
 3.81605988453788E+0000	-2.12095386467260E-0003
 3.82178154323131E+0000	-1.98378908181295E-0003
 3.82753457139127E+0000	-1.76866214798678E-0003
 3.83333301602326E+0000	-1.48096429828376E-0003
 3.83919074044710E+0000	-1.12854437950082E-0003
 3.84512097824647E+0000	-7.22158711248595E-0004
 3.85113555046853E+0000	-2.75837373341829E-0004
 3.85724374128303E+0000	 1.93043668543815E-0004
 3.86345097505525E+0000	 6.64236525235117E-0004
 3.86975765018049E+0000	 1.11580735141159E-0003
 3.87615862758189E+0000	 1.52590162810412E-0003
 3.88264370485260E+0000	 1.87452925723893E-0003
 3.88919883095037E+0000	 2.14462388176298E-0003
 3.89580719800027E+0000	 2.32207651318805E-0003
 3.90244936615652E+0000	 2.39536367651565E-0003
 3.90910248349683E+0000	 2.35597617200601E-0003
 3.91573981382558E+0000	 2.20037511145403E-0003
 3.92233209130822E+0000	 1.93280168774264E-0003
 3.92885111189915E+0000	 1.56707404476467E-0003
 3.93527420298415E+0000	 1.12578053171895E-0003
 3.94158744251476E+0000	 6.36962026920278E-0004
 3.94778642846402E+0000	 1.29876885057966E-0004
 3.95387493456078E+0000	-3.68472774974647E-0004
 3.95986258424507E+0000	-8.35304156347946E-0004
 3.96576254104648E+0000	-1.25264510751143E-0003
 3.97158971761050E+0000	-1.60705924498855E-0003
 3.97735960349801E+0000	-1.88898296667014E-0003
 3.98308761588693E+0000	-2.09199011038654E-0003
 3.98878882566696E+0000	-2.21215168272929E-0003
 3.99447792390434E+0000	-2.24756378907492E-0003
 4.00016932138522E+0000	-2.19806818305381E-0003
 4.00587729613092E+0000	-2.06516811403473E-0003
 4.01161611459596E+0000	-1.85213185719382E-0003
 4.01740005213976E+0000	-1.56426614386536E-0003
 4.02324323108560E+0000	-1.20932221956884E-0003
 4.02915918907767E+0000	-7.97959367447491E-0004
 4.03516010519596E+0000	-3.44128706093413E-0004
 4.04125567801582E+0000	 1.34836372911699E-0004
 4.04745180080099E+0000	 6.18679935354612E-0004
 4.05374939846765E+0000	 1.08540177403247E-0003
 4.06014393864049E+0000	 1.51301086590332E-0003
 4.06662594991807E+0000	 1.88126205269537E-0003
 4.07318226353884E+0000	 2.17259110895644E-0003
 4.07979702839860E+0000	 2.37195100425011E-0003
 4.08645156958095E+0000	 2.46626442376280E-0003
 4.09312316300264E+0000	 2.44487948558817E-0003
 4.09978412920128E+0000	 2.30191696958985E-0003
 4.10640309359514E+0000	 2.03978836211594E-0003
 4.11294903315801E+0000	 1.67165992107264E-0003
 4.11939656072302E+0000	 1.22083492978333E-0003
 4.12572983409175E+0000	 7.17050211341612E-0004
 4.13194356015838E+0000	 1.91597236829281E-0004
 4.13804147813191E+0000	-3.26675033877927E-0004
 4.14403369809861E+0000	-8.13572722045513E-0004
 4.14993408817662E+0000	-1.25017465459232E-0003
 4.15575828489748E+0000	-1.62247170294083E-0003
 4.16152242023294E+0000	-1.92058950506380E-0003
 4.16724243764946E+0000	-2.13795131746525E-0003
 4.17293382046918E+0000	-2.27056099253864E-0003
 4.17861157796499E+0000	-2.31647856679456E-0003
 4.18429037077490E+0000	-2.27550796781536E-0003
 4.18998468494718E+0000	-2.14909426842807E-0003
 4.19570897798143E+0000	-1.94041861203652E-0003
 4.20147772186632E+0000	-1.65467006711817E-0003
 4.20730526160992E+0000	-1.29945546031494E-0003
 4.21320540215330E+0000	-8.85271394266916E-0004
 4.21919065073698E+0000	-4.25901038063828E-0004
 4.22527110812783E+0000	 6.14788847298542E-0005
 4.23145315462710E+0000	 5.56740147984600E-0004
 4.23773830122603E+0000	 1.03796404014385E-0003
 4.24412272925826E+0000	 1.48317015500629E-0003
 4.25059785543519E+0000	 1.87199368995260E-0003
 4.25715160798059E+0000	 2.18648666191096E-0003
 4.26376938181796E+0000	 2.41073435410037E-0003
 4.27043363943944E+0000	 2.53007712075286E-0003
 4.27712219704541E+0000	 2.53151124397235E-0003
 4.28380675826202E+0000	 2.40637929834415E-0003
 4.29045391900848E+0000	 2.15466647650875E-0003
 4.29702959949728E+0000	 1.78832363556589E-0003
 4.30350524030445E+0000	 1.33102631765692E-0003
 4.30986258927179E+0000	 8.14138508285296E-0004
 4.31609508170711E+0000	 2.71110886655234E-0004
 4.32220619094768E+0000	-2.67155911382934E-0004
 4.32820640326977E+0000	-7.74855385012291E-0004
 4.33411025531693E+0000	-1.23195453839930E-0003
 4.33993410784182E+0000	-1.62375269634264E-0003
 4.34569474819734E+0000	-1.93998241956592E-0003
 4.35140865915440E+0000	-2.17386026064874E-0003
 4.35709174371130E+0000	-2.32128392238063E-0003
 4.36275932846642E+0000	-2.38024853461023E-0003
 4.36842631402984E+0000	-2.35049626403390E-0003
 4.37410737521167E+0000	-2.23339066168992E-0003
 4.37981713172000E+0000	-2.03199879690595E-0003
 4.38557021403925E+0000	-1.75135678715761E-0003
 4.39138114390882E+0000	-1.39887770026993E-0003
 4.39726394359988E+0000	-9.84825570271679E-0004
 4.40323140186759E+0000	-5.22718989128433E-0004
 4.40929398968768E+0000	-2.94510021328234E-0005
 4.41545857096840E+0000	 4.75133580871078E-0004
 4.42172728034920E+0000	 9.69373853408295E-0004
 4.42809709846506E+0000	 1.43148600936942E-0003
 4.43456046776482E+0000	 1.84117474976851E-0003
 4.44110661679442E+0000	 2.18029939235380E-0003
 4.44772249076916E+0000	 2.43225566262073E-0003
 4.45439213612467E+0000	 2.58090386143452E-0003
 4.46109448609273E+0000	 2.61079108540325E-0003
 4.46780119945584E+0000	 2.51006224528974E-0003
 4.47447717033749E+0000	 2.27554620735804E-0003
 4.48108516300126E+0000	 1.91715432091622E-0003
 4.48759296103607E+0000	 1.45831093473600E-0003
 4.49397926190683E+0000	 9.31741248592687E-0004
 4.50023566172147E+0000	 3.73100222939064E-0004
 4.50636497733102E+0000	-1.84447883993827E-0004
 4.51237785152206E+0000	-7.13231172691324E-0004
 4.51828938945841E+0000	-1.19187930991042E-0003
 4.52411664430065E+0000	-1.60482384516611E-0003
 4.52987705877215E+0000	-1.94127563099546E-0003
 4.53558766513949E+0000	-2.19415350255723E-0003
 4.54126479502215E+0000	-2.35918474519731E-0003
 4.54692409445851E+0000	-2.43425284026082E-0003
 4.55258069670627E+0000	-2.41900169095608E-0003
 4.55824944731375E+0000	-2.31468111936021E-0003
 4.56394509887328E+0000	-2.12421078021903E-0003
 4.56968239982197E+0000	-1.85243368933348E-0003
 4.57547599823695E+0000	-1.50651580344591E-0003
 4.58134007715831E+0000	-1.09641505584913E-0003
 4.58728765118494E+0000	-6.35285274952551E-0004
 4.59332951735482E+0000	-1.39605227605052E-0004
 4.59947300278469E+0000	 3.71223249618331E-0004
 4.60572087828964E+0000	 8.75978822460305E-0004
 4.61207097142846E+0000	 1.35327213665864E-0003
 4.61851683331285E+0000	 1.78309645255524E-0003
 4.62504912914764E+0000	 2.14737758593243E-0003
 4.63165660314293E+0000	 2.42912955481000E-0003
 4.63832533914968E+0000	 2.61103409696871E-0003
 4.64503610042948E+0000	 2.67532170993315E-0003
 4.65176137095143E+0000	 2.60667595389099E-0003
 4.65846505946745E+0000	 2.39799464568466E-0003
 4.66510698453111E+0000	 2.05604677298506E-0003
 4.67165087637412E+0000	 1.60298793059062E-0003
 4.67807161183325E+0000	 1.07230380923383E-0003
 4.68435814498404E+0000	 5.01717598420446E-0004
 4.69051201633524E+0000	-7.31699499647999E-0005
 4.69654363555664E+0000	-6.22523945931923E-0004
 4.70246847091472E+0000	-1.12333498626403E-0003
 4.70830418004669E+0000	-1.55891364386902E-0003
 4.71406883637890E+0000	-1.91775551266676E-0003
 4.71978002484394E+0000	-2.19234064170166E-0003
 4.72545451621773E+0000	-2.37812489981574E-0003
 4.73110828300380E+0000	-2.47280709089927E-0003
 4.73675668922183E+0000	-2.47587762806541E-0003
 4.74241473786799E+0000	-2.38842685487173E-0003
 4.74809728882265E+0000	-2.21318357679389E-0003
 4.75381917088098E+0000	-1.95474986441575E-0003
 4.75959511068069E+0000	-1.61998559954455E-0003
 4.76543939809981E+0000	-1.21846603907859E-0003
 4.77136522031155E+0000	-7.62880957880351E-0004
 4.77738365680745E+0000	-2.69171232285290E-0004
 4.78350247199925E+0000	 2.43848527203236E-0004
 4.78972506593893E+0000	 7.55554374917893E-0004
 4.79605011577456E+0000	 1.24512197276450E-0003
 4.80247228194467E+0000	 1.69303745887872E-0003
 4.80898367959267E+0000	 2.08158007599009E-0003
 4.81557495566603E+0000	 2.39380129928053E-0003
 4.82223457559375E+0000	 2.61173647793179E-0003
 4.82894587242709E+0000	 2.71577332104353E-0003
 4.83568328843146E+0000	 2.68721670992542E-0003
 4.84241095427088E+0000	 2.51441332739673E-0003
 4.84908647938419E+0000	 2.19970135111641E-0003
 4.85566944763407E+0000	 1.76249071905603E-0003
 4.86213012396165E+0000	 1.23593192435243E-0003
 4.86845377644234E+0000	 6.59346009960971E-0004
 4.87463975446107E+0000	 7.08111549105801E-0005
 4.88069760196700E+0000	-4.97366797052991E-0004
 4.88664278368366E+0000	-1.02016061602070E-0003
 4.89249338287020E+0000	-1.47941426572667E-0003
 4.89826803591975E+0000	-1.86263142066510E-0003
 4.90398486869777E+0000	-2.16164642113585E-0003
 4.90966110132861E+0000	-2.37149393755238E-0003
 4.91531304580145E+0000	-2.48958015105785E-0003
 4.92095630296373E+0000	-2.51516194913744E-0003
 4.92660602800178E+0000	-2.44910647630822E-0003
 4.93227717029075E+0000	-2.29389474486830E-0003
 4.93798460956706E+0000	-2.05382967270724E-0003
 4.94374311282687E+0000	-1.73539874737635E-0003
 4.94956703476631E+0000	-1.34771481639637E-0003
 4.95546969627241E+0000	-9.02908011644548E-0004
 4.96146243089764E+0000	-4.16272343398385E-0004
 4.96755342536063E+0000	 9.40786826261056E-0005
 4.97374669840685E+0000	 6.08226749530730E-0004
 4.98004174509111E+0000	 1.10601631453137E-0003
 4.98643425062653E+0000	 1.56856021025420E-0003
 4.99291764037313E+0000	 1.97873504904791E-0003
 4.99948434719646E+0000	 2.32008569481640E-0003
 5.00612531440714E+0000	 2.57471683841983E-0003
 5.01282701746192E+0000	 2.72202643824668E-0003
 5.01956707374013E+0000	 2.74055062615489E-0003
 5.02631149771760E+0000	 2.61392240786909E-0003
 5.03301713659439E+0000	 2.33885107907358E-0003
 5.03963995062408E+0000	 1.93014796406078E-0003
 5.04614503582869E+0000	 1.41891564867785E-0003
 5.05251278920739E+0000	 8.45066677922817E-0004
 5.05873913539634E+0000	 2.48901310774219E-0004
 5.06483180373883E+0000	-3.34575316606733E-0004
 5.07080565583779E+0000	-8.77893740703803E-0004
 5.07667887921022E+0000	-1.36099297920836E-0003
 5.08247053125440E+0000	-1.77001272144111E-0003
 5.08819923582534E+0000	-2.09585480208362E-0003
 5.09388266507863E+0000	-2.33292246412805E-0003
 5.09953748733282E+0000	-2.47817797500645E-0003
 5.10517955457542E+0000	-2.53053419368186E-0003
 5.11082417843047E+0000	-2.49054964579321E-0003
 5.11648638996232E+0000	-2.36038453073997E-0003
 5.12218110153591E+0000	-2.14397211596247E-0003
 5.12792309584889E+0000	-1.84735228590026E-0003
 5.13372676779046E+0000	-1.47909142854133E-0003
 5.13960555519589E+0000	-1.05066754437404E-0003
 5.14557104349372E+0000	-5.76633941059286E-0004
 5.15163185365955E+0000	-7.43225984632715E-0005
 5.15779263200594E+0000	 4.37103185284578E-0004
 5.16405365600136E+0000	 9.38171058828896E-0004
 5.17041149925134E+0000	 1.41063715128748E-0003
 5.17686062621855E+0000	 1.83809414684600E-0003
 5.18339489947491E+0000	 2.20495080400885E-0003
 5.19000748675368E+0000	 2.49413603801501E-0003
 5.19668818730846E+0000	 2.68518731030995E-0003
 5.20341876933056E+0000	 2.75506383492270E-0003
 5.21016897186794E+0000	 2.68328328795902E-0003
 5.21689702766656E+0000	 2.46028194362024E-0003
 5.22355672125772E+0000	 2.09439606732025E-0003
 5.23010807731260E+0000	 1.61240121048757E-0003
 5.23652558528092E+0000	 1.05307254884675E-0003
 5.24280028489410E+0000	 4.58140172823648E-0004
 5.24893679038152E+0000	-1.34720343448147E-0004
 5.25494845032101E+0000	-6.95221309915100E-0004
 5.26085302115496E+0000	-1.20090084064591E-0003
 5.26666971437702E+0000	-1.63607170977056E-0003
 5.27241754656689E+0000	-1.99032941702622E-0003
 5.27811461991834E+0000	-2.25716584745328E-0003
 5.28377797108720E+0000	-2.43289721041199E-0003
 5.28942372168238E+0000	-2.51594652036901E-0003
 5.29506735156274E+0000	-2.50645404695100E-0003
 5.30072397444077E+0000	-2.40616915427899E-0003
 5.30640852689043E+0000	-2.21857253749594E-0003
 5.31213579466772E+0000	-1.94917220926302E-0003
 5.31792020377206E+0000	-1.60589850791684E-0003
 5.32377531274925E+0000	-1.19948425361315E-0003
 5.32971298357984E+0000	-7.43655601619385E-0004
 5.33574231750337E+0000	-2.54903240295325E-0004
 5.34186863722071E+0000	 2.48370825447770E-0004
 5.34809300496688E+0000	 7.47312488041377E-0004
 5.35441276031079E+0000	 1.22420767011990E-0003
 5.36082308501665E+0000	 1.66329922494207E-0003
 5.36731874335734E+0000	 2.05001619290908E-0003
 5.37389452556164E+0000	 2.36869800112326E-0003
 5.38054319990383E+0000	 2.60017244692065E-0003
 5.38725106117910E+0000	 2.72141616630218E-0003
 5.39399308477976E+0000	 2.70929242007040E-0003
 5.40073136598707E+0000	 2.54836058603342E-0003
 5.40741995201985E+0000	 2.23922697634386E-0003
 5.41401500925465E+0000	 1.80189570670010E-0003
 5.42048474765250E+0000	 1.27155032275192E-0003
 5.42681394634071E+0000	 6.89774528484654E-0004
 5.43300253744785E+0000	 9.63563684781924E-0005
 5.43906109414947E+0000	-4.75460569973198E-0004
 5.44500611289410E+0000	-1.00036075446701E-0003
 5.45085649540073E+0000	-1.46031737674311E-0003
 5.45663143192259E+0000	-1.84316900591372E-0003
 5.46234937565976E+0000	-2.14114447789283E-0003
 5.46802772001733E+0000	-2.34965617422794E-0003
 5.47368286835407E+0000	-2.46645273876914E-0003
 5.47933048174632E+0000	-2.49112147361184E-0003
 5.48498576126424E+0000	-2.42489534159691E-0003
 5.49066366361632E+0000	-2.27071003367393E-0003
 5.49637896960445E+0000	-2.03345145371341E-0003
 5.50214613272418E+0000	-1.72032018482588E-0003
 5.50797884364603E+0000	-1.34120725268410E-0003
 5.51388927836377E+0000	-9.08921290589826E-0004
 5.51988708819490E+0000	-4.39048717110101E-0004
 5.52597836467310E+0000	 5.07712610015536E-0005
 5.53216502710625E+0000	 5.42205812358621E-0004
 5.53844514638075E+0000	 1.01786550454600E-0003
 5.54481436717053E+0000	 1.46239237693029E-0003
 5.55126780186933E+0000	 1.86210225942474E-0003
 5.55780104544238E+0000	 2.20297562179123E-0003
 5.56440897959057E+0000	 2.46798332023570E-0003
 5.57108200409035E+0000	 2.63571479325127E-0003
 5.57780098060671E+0000	 2.68243177057358E-0003
 5.58453395571170E+0000	 2.58843150648196E-0003
 5.59123822518698E+0000	 2.34665179274469E-0003
 5.59786859149373E+0000	 1.96851568642184E-0003
 5.60438786767772E+0000	 1.48285256023011E-0003
 5.61077385700983E+0000	 9.28689198714819E-0004
 5.61702029640253E+0000	 3.46555907888061E-0004
 5.62313345245217E+0000	-2.27735049269872E-0004
 5.62912739828905E+0000	-7.65801285258164E-0004
 5.63501998830454E+0000	-1.24682045805967E-0003
 5.64083018372370E+0000	-1.65639376514746E-0003
 5.64657660222468E+0000	-1.98507915553804E-0003
 5.65227692672521E+0000	-2.22707446225919E-0003
 5.65794782926823E+0000	-2.37923038457029E-0003
 5.66360515523873E+0000	-2.44042260325049E-0003
 5.66926419375742E+0000	-2.41125055325451E-0003
 5.67493991414730E+0000	-2.29400954479453E-0003
 5.68064707857386E+0000	-2.09287512285517E-0003
 5.68640015512447E+0000	-1.81422766078035E-0003
 5.69221296499440E+0000	-1.46701986640510E-0003
 5.69809802157600E+0000	-1.06304359034479E-0003
 5.70406558955409E+0000	-6.16894164165353E-0004
 5.71012264036387E+0000	-1.45407327287241E-0004
 5.71627209029219E+0000	 3.33546730915914E-0004
 5.72251283816066E+0000	 8.02693494725175E-0004
 5.72884091264829E+0000	 1.24671424805452E-0003
 5.73525137073395E+0000	 1.65241193660897E-0003
 5.74173980427651E+0000	 2.00720473821942E-0003
 5.74830207807935E+0000	 2.29652162175697E-0003
 5.75493157918292E+0000	 2.50171135874907E-0003
 5.76161460064058E+0000	 2.60049423715757E-0003
 5.76832611624068E+0000	 2.57136052478494E-0003
 5.77502928064534E+0000	 2.40121679912212E-0003
 5.78168081433969E+0000	 2.09260355373008E-0003
 5.78824051039397E+0000	 1.66582797314242E-0003
 5.79467979811089E+0000	 1.15454022300900E-0003
 5.80098535709195E+0000	 5.97768428094920E-0004
 5.80715767395236E+0000	 3.26998032131743E-0005
 5.81320699487472E+0000	-5.09522974597185E-0004
 5.81914908809846E+0000	-1.00507718105697E-0003
 5.82500203387411E+0000	-1.43692559497956E-0003
 5.83078425805015E+0000	-1.79354289342891E-0003
 5.83651356465859E+0000	-2.06756899350615E-0003
 5.84220682763406E+0000	-2.25470099161072E-0003
 5.84788005377565E+0000	-2.35292421279514E-0003
 5.85354860792052E+0000	-2.36208151475453E-0003
 5.85922745445306E+0000	-2.28373853770163E-0003
 5.86493130971948E+0000	-2.12128646669918E-0003
 5.87067462214842E+0000	-1.88021262383749E-0003
 5.87647130972626E+0000	-1.56844940121886E-0003
 5.88233420338289E+0000	-1.19667447307614E-0003
 5.88827419645495E+0000	-7.78381372530564E-0004
 5.89429921805222E+0000	-3.29499755403542E-0004
 5.90041333874938E+0000	 1.32602547084710E-0004
 5.90661649161212E+0000	 5.90656412396446E-0004
 5.91290522840153E+0000	 1.02904999827404E-0003
 5.91927443070512E+0000	 1.43453836460869E-0003
 5.92571912200011E+0000	 1.79541326295153E-0003
 5.93223506752996E+0000	 2.09928713896674E-0003
 5.93881718485512E+0000	 2.33068792428365E-0003
 5.94545584334532E+0000	 2.47026631189790E-0003
 5.95213253078741E+0000	 2.49720816316869E-0003
 5.95881758984378E+0000	 2.39511010102835E-0003
 5.96547263721916E+0000	 2.15915205406209E-0003
 5.97205777846607E+0000	 1.80052245926930E-0003
 5.97854023738692E+0000	 1.34521618868447E-0003
 5.98490007441056E+0000	 8.28085987238638E-0004
 5.99113116535914E+0000	 2.85665338189469E-0004
 5.99723861842651E+0000	-2.49211609294830E-0004
 6.00323489154786E+0000	-7.50021254361973E-0004
 6.00913627950367E+0000	-1.19694940293704E-0003
 6.01496044377646E+0000	-1.57607844079502E-0003
 6.02072499074582E+0000	-1.87816845931682E-0003
 6.02644683913383E+0000	-2.09749854874323E-0003
 6.03214208656707E+0000	-2.23097445501755E-0003
 6.03782613815438E+0000	-2.27755975768421E-0003
 6.04351392256352E+0000	-2.23801555905536E-0003
 6.04922006895133E+0000	-2.11490154257844E-0003
 6.05495894867148E+0000	-1.91277430642969E-0003
 6.06074450415877E+0000	-1.63850109398493E-0003
 6.06658980491529E+0000	-1.30157706347894E-0003
 6.07250630790991E+0000	-9.14287782211572E-0004
 6.07850288759835E+0000	-4.91511584188556E-0004
 6.08458486033219E+0000	-4.99648314717469E-0005
 6.09075341671683E+0000	 3.93148473857508E-0004
 6.09700592873825E+0000	 8.21760695154202E-0004
 6.10333729151800E+0000	 1.22210582094736E-0003
 6.10974178472268E+0000	 1.58262779901598E-0003
 6.11621432561398E+0000	 1.89240569396401E-0003
 6.12274999782364E+0000	 2.13883924541525E-0003
 6.12934150261263E+0000	 2.30608871569858E-0003
 6.13597536030656E+0000	 2.37584589079375E-0003
 6.14262885082707E+0000	 2.33122189235411E-0003
 6.14927013131883E+0000	 2.16279715375741E-0003
 6.15586272400101E+0000	 1.87393653417955E-0003
 6.16237279990277E+0000	 1.48222084284946E-0003
 6.16877572732585E+0000	 1.01616601005073E-0003
 6.17505915681600E+0000	 5.09262342897512E-0004
 6.18122238031243E+0000	-5.75727139042311E-0006
 6.18727346844939E+0000	-5.00646860854441E-0004
 6.19322591453228E+0000	-9.53147379011924E-0004
 6.19909585307230E+0000	-1.34690476776975E-0003
 6.20490020075389E+0000	-1.67059942541563E-0003
 6.21065564069963E+0000	-1.91687183135752E-0003
 6.21637821774226E+0000	-2.08137129226963E-0003
 6.22208330597141E+0000	-2.16206832146976E-0003
 6.22778575294991E+0000	-2.15886376236698E-0003
 6.23350005160608E+0000	-2.07347250374140E-0003
 6.23924042652031E+0000	-1.90953055839040E-0003
 6.24502074562726E+0000	-1.67285319969783E-0003
 6.25085418776524E+0000	-1.37174585112352E-0003
 6.25675262574161E+0000	-1.01723060780595E-0003
 6.26272574864405E+0000	-6.23004846363041E-0004
 6.26878007203332E+0000	-2.04929549972567E-0004
 6.27491816083822E+0000	 2.20070702634120E-0004
