 1.20494564920857E-0003	 1.81887452476143E-0003
 7.68199344972067E-0003	 1.52557987631633E-0003
 1.40919707411109E-0002	 1.16867548676627E-0003
 2.04216055905118E-0002	 7.62960801970692E-0004
 2.66614736846177E-0002	 3.27259197892271E-0004
 3.28076460667462E-0002	-1.17479102295548E-0004
 3.88619047145174E-0002	-5.50509371397602E-0004
 4.48308375720469E-0002	-9.53110659901199E-0004
 5.07244899435189E-0002	-1.30954782453528E-0003
 5.65551042231067E-0002	-1.60731841223055E-0003
 6.23361798880440E-0002	-1.83699137363330E-0003
 6.80818661858521E-0002	-1.99189872317922E-0003
 7.38066063628227E-0002	-2.06783420084213E-0003
 7.95249406637748E-0002	-2.06282598992612E-0003
 8.52513960548402E-0002	-1.97700224907849E-0003
 9.10004146767429E-0002	-1.81255073915691E-0003
 9.67862875293209E-0002	-1.57377541979597E-0003
 1.02623057829432E-0001	-1.26726347703924E-0003
 1.08524333891934E-0001	-9.02183364690607E-0004
 1.14502902897759E-0001	-4.90717037360136E-0004
 1.20569980563697E-0001	-4.85565821076445E-0005
 1.26733920488437E-0001	 4.04760352819310E-0004
 1.32998342157285E-0001	 8.46119678386535E-0004
 1.39360023152944E-0001	 1.25028069749021E-0003
 1.45807475765933E-0001	 1.59282740704643E-0003
 1.52321432063416E-0001	 1.85407299348199E-0003
 1.58877810588210E-0001	 2.02228712807766E-0003
 1.65452144820474E-0001	 2.09445279370690E-0003
 1.72023234903593E-0001	 2.07416749015228E-0003
 1.78574288699316E-0001	 1.96822343841251E-0003
 1.85091654094716E-0001	 1.78407850257597E-0003
 1.91562765233270E-0001	 1.52943219040832E-0003
 1.97975069956333E-0001	 1.21349015703351E-0003
 2.04316663490016E-0001	 8.48474085799413E-0004
 2.10578054864383E-0001	 4.50069743581849E-0004
 2.16753871799794E-0001	 3.64729145231465E-0005
 2.22843631059828E-0001	-3.73382932924700E-0004
 2.28851452264164E-0001	-7.61570237110582E-0004
 2.34785121795092E-0001	-1.11235063221209E-0003
 2.40655002266461E-0001	-1.41271161267456E-0003
 2.46473104501675E-0001	-1.65243710856804E-0003
 2.52252426585477E-0001	-1.82394662684578E-0003
 2.58006532237675E-0001	-1.92207768677427E-0003
 2.63749293587747E-0001	-1.94390520440613E-0003
 2.69494725835679E-0001	-1.88863255327258E-0003
 2.75256860780952E-0001	-1.75755914263589E-0003
 2.81049624332804E-0001	-1.55412153909260E-0003
 2.86886690454821E-0001	-1.28401075860498E-0003
 2.92781273628064E-0001	-9.55377876861366E-0004
 2.98745788935989E-0001	-5.79137988831685E-0004
 3.04791258962469E-0001	-1.69343008448491E-0004
 3.10926312926273E-0001	 2.56512871098089E-0004
 3.17155681832717E-0001	 6.77569020788942E-0004
 3.23478345464118E-0001	 1.07053570387204E-0003
 3.29885951575823E-0001	 1.41190527526424E-0003
 3.36362541445183E-0001	 1.68128916143611E-0003
 3.42886409306282E-0001	 1.86478151352486E-0003
 3.49433789427045E-0001	 1.95669434364534E-0003
 3.55982728086890E-0001	 1.95870673976285E-0003
 3.62515276269079E-0001	 1.87710705109241E-0003
 3.69017357055745E-0001	 1.71994523040911E-0003
 3.75477208724411E-0001	 1.49562394396719E-0003
 3.81883956240612E-0001	 1.21319691680370E-0003
 3.88227367596815E-0001	 8.83495780940434E-0004
 3.94498804592439E-0001	 5.19898361405609E-0004
 4.00692596608694E-0001	 1.38078820636102E-0004
 4.06806994558881E-0001	-2.45127644636694E-0004
 4.12844324705446E-0001	-6.13157891084469E-0004
 4.18810468846945E-0001	-9.50908453335877E-0004
 4.24714030367286E-0001	-1.24543977702535E-0003
 4.30565507343941E-0001	-1.48623694849559E-0003
 4.36376640640170E-0001	-1.66519401109690E-0003
 4.42159966690480E-0001	-1.77648909909252E-0003
 4.47928529399207E-0001	-1.81646141336322E-0003
 4.53695684994192E-0001	-1.78354197487185E-0003
 4.59474942461564E-0001	-1.67825044187169E-0003
 4.65279799450550E-0001	-1.50325202971894E-0003
 4.71123546906012E-0001	-1.26346633195796E-0003
 4.77019017234489E-0001	-9.66226534314091E-0004
 4.82978233989424E-0001	-6.21492316344732E-0004
 4.89011884829063E-0001	-2.42103027142625E-0004
 4.95128501714636E-0001	 1.56008156642064E-0004
 5.01333246594947E-0001	 5.53850302417840E-0004
 5.07626354402687E-0001	 9.30029504466703E-0004
 5.14001632194318E-0001	 1.26241934068722E-0003
 5.20445818402314E-0001	 1.53090978005918E-0003
 5.26939645527556E-0001	 1.72055176442000E-0003
 5.33460722989315E-0001	 1.82374493105730E-0003
 5.39987168812958E-0001	 1.84032279609836E-0003
 5.46500319847251E-0001	 1.77560019607406E-0003
 5.52985496973514E-0001	 1.63768034473580E-0003
 5.59431119796122E-0001	 1.43552756735131E-0003
 5.65827350777837E-0001	 1.17848499955030E-0003
 5.72165378809092E-0001	 8.76855558914408E-0004
 5.78437712895132E-0001	 5.42622571082921E-0004
 5.84639099313169E-0001	 1.89570905998940E-0004
 5.90767389164025E-0001	-1.67347214204293E-0004
 5.96823896333563E-0001	-5.13075880238905E-0004
 6.02813181144979E-0001	-8.33501607606189E-0004
 6.08742466806657E-0001	-1.11619373310591E-0003
 6.14620955085023E-0001	-1.35077733878703E-0003
 6.20459228040874E-0001	-1.52902830823539E-0003
 6.26268808575702E-0001	-1.64482726490870E-0003
 6.32061867221147E-0001	-1.69408656028486E-0003
 6.37851022125249E-0001	-1.67471689830980E-0003
 6.43649173057520E-0001	-1.58665694577299E-0003
 6.49469321484535E-0001	-1.43196159344912E-0003
 6.55324343893349E-0001	-1.21493254476023E-0003
 6.61226695586638E-0001	-9.42274499197071E-0004
 6.67188020045644E-0001	-6.23264430607117E-0004
 6.73218620074177E-0001	-2.69916932201246E-0004
 6.79326718287568E-0001	 1.02907151052968E-0004
 6.85517430633672E-0001	 4.77589931978188E-0004
 6.91791466358489E-0001	 8.34311130928371E-0004
 6.98143814772769E-0001	 1.15239826110922E-0003
 7.04563023524447E-0001	 1.41260973129115E-0003
 7.11031814184662E-0001	 1.59993208098252E-0003
 7.17529334335603E-0001	 1.70583809185838E-0003
 7.24034379971715E-0001	 1.72889810660585E-0003
 7.30528208877815E-0001	 1.67348052382688E-0003
 7.36995830113573E-0001	 1.54740537640828E-0003
 7.43425683328051E-0001	 1.35987180626336E-0003
 7.49808533146065E-0001	 1.12050140765734E-0003
 7.56136590761395E-0001	 8.39453884308171E-0004
 7.62403400390715E-0001	 5.27955723026501E-0004
 7.68604372208627E-0001	 1.98548450888862E-0004
 7.74737469968498E-0001	-1.35240836096452E-0004
 7.80803610461010E-0001	-4.59667443975358E-0004
 7.86806614990278E-0001	-7.61641097247949E-0004
 7.92752808208653E-0001	-1.02942542709570E-0003
 7.98650463748147E-0001	-1.25305337476596E-0003
 8.04509271256963E-0001	-1.42448889373173E-0003
 8.10339918812130E-0001	-1.53763475991504E-0003
 8.16153805879494E-0001	-1.58829178398297E-0003
 8.21962851071706E-0001	-1.57414491407675E-0003
 8.27779338341678E-0001	-1.49481255750507E-0003
 8.33615746145035E-0001	-1.35196226974676E-0003
 8.39484515749065E-0001	-1.14947425556182E-0003
 8.45397728604768E-0001	-8.93623599303906E-0004
 8.51366671729009E-0001	-5.93249441091873E-0004
 8.57401268764667E-0001	-2.59876753841503E-0004
 8.63509343187599E-0001	 9.22614188574689E-0005
 8.69695678203274E-0001	 4.46405800171306E-0004
 8.75960894231882E-0001	 7.83847967918493E-0004
 8.82300337508140E-0001	 1.08515053232838E-0003
 8.88703442241508E-0001	 1.33213852939070E-0003
 8.95154184322622E-0001	 1.51037583961964E-0003
 9.01632957516828E-0001	 1.61129631672863E-0003
 9.08119433072689E-0001	 1.63300401128284E-0003
 9.14595271076014E-0001	 1.57935763471704E-0003
 9.21045617250590E-0001	 1.45793085100303E-0003
 9.27459119606301E-0001	 1.27797466576456E-0003
 9.33827045437243E-0001	 1.04924165844544E-0003
 9.40142381552482E-0001	 7.81810757261627E-0004
 9.46399506024268E-0001	 4.86446880604063E-0004
 9.52594470862351E-0001	 1.74877770716250E-0004
 9.58725539498736E-0001	-1.40368208586699E-0004
 9.64793574643888E-0001	-4.46537779361835E-0004
 9.70802073917119E-0001	-7.31390863358744E-0004
 9.76756881442964E-0001	-9.83848272500974E-0004
 9.82665725053664E-0001	-1.19441760032921E-0003
 9.88537734589091E-0001	-1.35539212309077E-0003
 9.94383041628253E-0001	-1.46089266806469E-0003
 1.00021249446949E+0000	-1.50684410100970E-0003
 1.00603747010997E+0000	-1.49096442536687E-0003
 1.01186973483478E+0000	-1.41281450339079E-0003
 1.01772129460059E+0000	-1.27392362167275E-0003
 1.02360417985538E+0000	-1.07797785997709E-0003
 1.02953012083217E+0000	-8.31037126802858E-0004
 1.03551008372561E+0000	-5.41732677989117E-0004
 1.04155365113557E+0000	-2.21387254011703E-0004
 1.04766823974218E+0000	 1.16012871291360E-0004
 1.05385816287902E+0000	 4.54092910755879E-0004
 1.06012359525276E+0000	 7.74757469726056E-0004
 1.06645962365702E+0000	 1.05942321912815E-0003
 1.07285576500858E+0000	 1.29088893360974E-0003
 1.07929645334910E+0000	 1.45559115325580E-0003
 1.08576277760696E+0000	 1.54554839021913E-0003
 1.09223512013173E+0000	 1.55913633074863E-0003
 1.09869572478230E+0000	 1.50030688121839E-0003
 1.10513021379950E+0000	 1.37671226666893E-0003
 1.11152773366825E+0000	 1.19772483837540E-0003
 1.11788017951820E+0000	 9.73179147147702E-0004
 1.12418128372421E+0000	 7.13054112101998E-0004
 1.13042616182076E+0000	 4.27745917715236E-0004
 1.13661144292118E+0000	 1.28374234374520E-0004
 1.14273571797667E+0000	-1.73263716980692E-0004
 1.14879992944541E+0000	-4.65139803549377E-0004
 1.15480747010604E+0000	-7.35646903857268E-0004
 1.16076397330406E+0000	-9.74217009802163E-0004
 1.16667691197215E+0000	-1.17175941345041E-0003
 1.17255514935956E+0000	-1.32089031483787E-0003
 1.17840854449647E+0000	-1.41600310319039E-0003
 1.18424765815166E+0000	-1.45325850340753E-0003
 1.19008355582112E+0000	-1.43057066358628E-0003
 1.19592767051215E+0000	-1.34764475350679E-0003
 1.20179166930964E+0000	-1.20609392755653E-0003
 1.20768726139838E+0000	-1.00963409883398E-0003
 1.21362588901504E+0000	-7.64326545269941E-0004
 1.21961825524779E+0000	-4.78812235944355E-0004
 1.22567366288434E+0000	-1.64458726452203E-0004
 1.23179916652913E+0000	 1.64679750036934E-0004
 1.23799857978703E+0000	 4.92207621418288E-0004
 1.24427144433671E+0000	 8.00172469549686E-0004
 1.25061217787760E+0000	 1.07040495922632E-0003
 1.25700975916836E+0000	 1.28641089497609E-0003
 1.26344836642390E+0000	 1.43552766781787E-0003
 1.26990916283984E+0000	 1.51069852768918E-0003
 1.27637287000166E+0000	 1.51110968956685E-0003
 1.28282223364228E+0000	 1.44136279144811E-0003
 1.28924347999887E+0000	 1.30961473291742E-0003
 1.29562645488752E+0000	 1.12560512340378E-0003
 1.30196384565688E+0000	 8.99359436240216E-0004
 1.30825021717450E+0000	 6.40810207381807E-0004
 1.31448144935423E+0000	 3.60048231204905E-0004
 1.32065475481891E+0000	 6.76854246017428E-0005
 1.32676907204652E+0000	-2.25076533771681E-0004
 1.33282547733443E+0000	-5.06778853075366E-0004
 1.33882735474305E+0000	-7.66290009140816E-0004
 1.34478026333650E+0000	-9.93410789170681E-0004
 1.35069159127480E+0000	-1.17933597460460E-0003
 1.35657013193624E+0000	-1.31692127366050E-0003
 1.36242568930158E+0000	-1.40078767221859E-0003
 1.36826876775747E+0000	-1.42733218204762E-0003
 1.37411035439905E+0000	-1.39471725155840E-0003
 1.37996176780069E+0000	-1.30289728031325E-0003
 1.38583452459362E+0000	-1.15371915966950E-0003
 1.39174016143226E+0000	-9.51107768740666E-0004
 1.39768994442043E+0000	-7.01317155788770E-0004
 1.40369440271073E+0000	-4.13193581267012E-0004
 1.40976264193026E+0000	-9.83590147428841E-0005
 1.41590143187924E+0000	 2.28812550139310E-0004
 1.42211412761390E+0000	 5.51579475026077E-0004
 1.42839957864101E+0000	 8.51729417900821E-0004
 1.43475130341988E+0000	 1.11107881393464E-0003
 1.44115731547995E+0000	 1.31349556498218E-0003
 1.44760097329967E+0000	 1.44707343064914E-0003
 1.45406294707091E+0000	 1.50578957997917E-0003
 1.46052386341802E+0000	 1.48995504607674E-0003
 1.46696673494469E+0000	 1.40522294055285E-0003
 1.47337833339786E+0000	 1.26062938313350E-0003
 1.47974924831893E+0000	 1.06656955071818E-0003
 1.48607303591672E+0000	 8.33463706643856E-0004
 1.49234516705260E+0000	 5.71349644621676E-0004
 1.49856235354304E+0000	 2.90139777660450E-0004
 1.50472246008373E+0000	 5.02157226760246E-0008
 1.51082484330109E+0000	-2.88215337006504E-0004
 1.51687078269059E+0000	-5.63680664520665E-0004
 1.52286372188593E+0000	-8.15606620009533E-0004
 1.52880921848083E+0000	-1.03407775610659E-0003
 1.53471466078870E+0000	-1.21048695242006E-0003
 1.54058887621202E+0000	-1.33784316698466E-0003
 1.54644174189277E+0000	-1.41091654355275E-0003
 1.55228386109013E+0000	-1.42627979041083E-0003
 1.55812632243623E+0000	-1.38231347715752E-0003
 1.56398052520218E+0000	-1.27923319456869E-0003
 1.56985803024347E+0000	-1.11917958486322E-0003
 1.57577037905099E+0000	-9.06391039606063E-0004
 1.58172881074808E+0000	-6.47451370841327E-0004
 1.58774380200604E+0000	-3.51567614833794E-0004
 1.59382436590021E+0000	-3.07849461859730E-0005
 1.59997708550947E+0000	 3.00008731540980E-0004
 1.60620494065926E+0000	 6.23479933897889E-0004
 1.61250611742322E+0000	 9.20839254053345E-0004
 1.61887314749520E+0000	 1.17351825596713E-0003
 1.62529283074196E+0000	 1.36539398224337E-0003
 1.63174731380379E+0000	 1.48507994240511E-0003
 1.63821632419181E+0000	 1.52753337693548E-0003
 1.64467999324208E+0000	 1.49430980821309E-0003
 1.65112131464119E+0000	 1.39233643414385E-0003
 1.65752743572568E+0000	 1.23177627490515E-0003
 1.66388959883056E+0000	 1.02390969575364E-0003
 1.67020218138032E+0000	 7.79759368509258E-0004
 1.67646154362866E+0000	 5.09666660056962E-0004
 1.68266525078458E+0000	 2.23558249775182E-0004
 1.68881188500777E+0000	-6.85726254577512E-0005
 1.69490131952843E+0000	-3.56386305697747E-0004
 1.70093514465924E+0000	-6.29301093805842E-0004
 1.70691695883755E+0000	-8.76917500529768E-0004
 1.71285239257079E+0000	-1.08956724682522E-0003
 1.71874889216778E+0000	-1.25880390863363E-0003
 1.72461537146445E+0000	-1.37774204772937E-0003
 1.73046184052581E+0000	-1.44124133588272E-0003
 1.73629908011423E+0000	-1.44598343140584E-0003
 1.74213838577596E+0000	-1.39050361017646E-0003
 1.74799137123597E+0000	-1.27523265653427E-0003
 1.75386979738953E+0000	-1.10259027552464E-0003
 1.75978537524383E+0000	-8.77153709745657E-0004
 1.76574947515835E+0000	-6.05901795883398E-0004
 1.77177266256216E+0000	-2.98499298579889E-0004
 1.77786398166534E+0000	 3.24665317870271E-0005
 1.78402994228189E+0000	 3.71454205863671E-0004
 1.79027325539820E+0000	 7.00364121931225E-0004
 1.79659152550524E+0000	 9.99599993723111E-0004
 1.80297631185847E+0000	 1.24991900585789E-0003
 1.80941310064763E+0000	 1.43489425560450E-0003
 1.81588260103616E+0000	 1.54339322210961E-0003
 1.82236329091695E+0000	 1.57119864115948E-0003
 1.82883449176468E+0000	 1.52108160339183E-0003
 1.83527890973193E+0000	 1.40130502056782E-0003
 1.84168385491367E+0000	 1.22326447944555E-0003
 1.84804104807652E+0000	 9.99251479449944E-0004
 1.85434553810078E+0000	 7.41040303273528E-0004
 1.86059445608818E+0000	 4.59459246187810E-0004
 1.86678615564659E+0000	 1.64663778173262E-0004
 1.87291994345793E+0000	-1.33355281954828E-0004
 1.87899628503455E+0000	-4.24432346690875E-0004
 1.88501719884662E+0000	-6.98247368477768E-0004
 1.89098656159999E+0000	-9.44668399602608E-0004
 1.89691017961326E+0000	-1.15424660643268E-0003
 1.90279562938176E+0000	-1.31868890371459E-0003
 1.90865195660189E+0000	-1.43120758705864E-0003
 1.91448933470256E+0000	-1.48673048651782E-0003
 1.92031875184658E+0000	-1.48200868995787E-0003
 1.92615175360604E+0000	-1.41567730492893E-0003
 1.93200023487685E+0000	-1.28832115344574E-0003
 1.93787625136404E+0000	-1.10258485123729E-0003
 1.94379180328960E+0000	-8.63351218480785E-0004
 1.94975852704078E+0000	-5.77991598145988E-0004
 1.95578721431438E+0000	-2.56659216311806E-0004
 1.96188707191001E+0000	 8.74568074880871E-0005
 1.96806466059215E+0000	 4.38077284614898E-0004
 1.97432254249860E+0000	 7.76224852699469E-0004
 1.98065785167846E+0000	 1.08134367111770E-0003
 1.98706125378809E+0000	 1.33331086574728E-0003
 1.99351693102678E+0000	 1.51514730413599E-0003
 2.00000407126290E+0000	 1.61572417362557E-0003
 2.00649973689930E+0000	 1.63144697838627E-0003
 2.01298223136451E+0000	 1.56617253718708E-0003
 2.01943375882473E+0000	 1.42943456303800E-0003
 2.02584158278336E+0000	 1.23384160925261E-0003
 2.03219769283598E+0000	 9.92715345105674E-0004
 2.03849759884746E+0000	 7.18649804860190E-0004
 2.04473900865985E+0000	 4.23090982995928E-0004
 2.05092091809513E+0000	 1.16615231560994E-0004
 2.05704328965857E+0000	-1.90560512822462E-0004
 2.06310719943999E+0000	-4.88221249139851E-0004
 2.06911518193851E+0000	-7.66129620004602E-0004
 2.07507151433438E+0000	-1.01430712399468E-0003
 2.08098229936807E+0000	-1.22347182583704E-0003
 2.08685533907797E+0000	-1.38547372773117E-0003
 2.09269987307013E+0000	-1.49363120186041E-0003
 2.09852627091295E+0000	-1.54294715905800E-0003
 2.10434574255920E+0000	-1.53023455879081E-0003
 2.11017009325762E+0000	-1.45420055584602E-0003
 2.11601151757032E+0000	-1.31553704566073E-0003
 2.12188240444611E+0000	-1.11705442709446E-0003
 2.12779510793484E+0000	-8.63881146896346E-0004
 2.13376162104089E+0000	-5.63732943861934E-0004
 2.13979307215202E+0000	-2.27225363487363E-0004
 2.14589895213579E+0000	 1.31849998882396E-0004
 2.15208599856503E+0000	 4.96448713974586E-0004
 2.15835675263136E+0000	 8.46660554546207E-0004
 2.16470800561996E+0000	 1.16088099609276E-0003
 2.17112964581276E+0000	 1.41797354037491E-0003
 2.17760463259368E+0000	 1.60022637032930E-0003
 2.18411065387662E+0000	 1.69630354378069E-0003
 2.19062330944199E+0000	 1.70302226060905E-0003
 2.19711977997182E+0000	 1.62513899321179E-0003
 2.20358162153350E+0000	 1.47330705857091E-0003
 2.20999587167590E+0000	 1.26123399092597E-0003
 2.21635457855534E+0000	 1.00320266428809E-0003
 2.22265348023661E+0000	 7.12618882472077E-0004
 2.22889062857569E+0000	 4.01614292471479E-0004
 2.23506546314973E+0000	 8.13311733071959E-0005
 2.24117847183519E+0000	-2.37585315891811E-0004
 2.24723129716934E+0000	-5.44649211963530E-0004
 2.25322702620241E+0000	-8.29506330423306E-0004
 2.25917042759682E+0000	-1.08218371147381E-0003
 2.26506801192425E+0000	-1.29347938154409E-0003
 2.27092790957954E+0000	-1.45535173788804E-0003
 2.27675963124389E+0000	-1.56122427512020E-0003
 2.28257378920538E+0000	-1.60618772465017E-0003
 2.28838183509535E+0000	-1.58712671889944E-0003
 2.29419583616056E+0000	-1.50281594803571E-0003
 2.30002828307443E+0000	-1.35402975269431E-0003
 2.30589190087276E+0000	-1.14369928226582E-0003
 2.31179941757898E+0000	-8.77138135003167E-0004
 2.31776322770989E+0000	-5.62339748513475E-0004
 2.32379486839141E+0000	-2.10320379811604E-0004
 2.32990421111933E+0000	 1.64571961779322E-0004
 2.33609828577172E+0000	 5.44550676540406E-0004
 2.34237974139405E+0000	 9.08767845286847E-0004
 2.34874516350128E+0000	 1.23453223494927E-0003
 2.35518380010967E+0000	 1.49961517839561E-0003
 2.36167750998859E+0000	 1.68544764190917E-0003
 2.36820256860150E+0000	 1.78031946893619E-0003
 2.37473314959403E+0000	 1.78126407007704E-0003
 2.38124528897777E+0000	 1.69373257685229E-0003
 2.38771981375450E+0000	 1.52930106474050E-0003
 2.39414339765168E+0000	 1.30260397899255E-0003
 2.40050795830392E+0000	 1.02875666836455E-0003
 2.40680923552805E+0000	 7.21911142673305E-0004
 2.41304538633893E+0000	 3.94897332808654E-0004
 2.41921607597204E+0000	 5.95164683171786E-0005
 2.42532215287298E+0000	-2.73000049117389E-0004
 2.43136573548014E+0000	-5.91702899453937E-0004
 2.43735044927467E+0000	-8.85930691757368E-0004
 2.44328160078577E+0000	-1.14555786914379E-0003
 2.44916618913651E+0000	-1.36135244850738E-0003
 2.45501276168399E+0000	-1.52531998062870E-0003
 2.46083117699050E+0000	-1.63096625097492E-0003
 2.46663234449936E+0000	-1.67347029578590E-0003
 2.47242798708538E+0000	-1.64979706837985E-0003
 2.47823044202635E+0000	-1.55879290114148E-0003
 2.48405248981079E+0000	-1.40130486585999E-0003
 2.48990718059574E+0000	-1.18035590919881E-0003
 2.49580761163655E+0000	-9.01395462124907E-0004
 2.50176659105890E+0000	-5.72628471979689E-0004
 2.50779610211518E+0000	-2.05396694642331E-0004
 2.51390646415764E+0000	 1.85468769437024E-0004
 2.52010509628934E+0000	 5.81498689087109E-0004
 2.52639487770257E+0000	 9.60942240165258E-0004
 2.53277232837082E+0000	 1.30002226585740E-0003
 2.53922620391434E+0000	 1.57537730175371E-0003
 2.54573740445324E+0000	 1.76749451013999E-0003
 2.55228091303852E+0000	 1.86415737021465E-0003
 2.55882955919369E+0000	 1.86244433937829E-0003
 2.56535826443617E+0000	 1.76830340374459E-0003
 2.57184709533154E+0000	 1.59402646143293E-0003
 2.57828226536086E+0000	 1.35498046027475E-0003
 2.58465540513746E+0000	 1.06695499579898E-0003
 2.59096205472427E+0000	 7.44748119976904E-0004
 2.59720025451175E+0000	 4.01860794224997E-0004
 2.60336968377961E+0000	 5.08014191091688E-0005
 2.60947137901008E+0000	-2.96500723199170E-0004
 2.61550782062441E+0000	-6.28481941495434E-0004
 2.62148312255858E+0000	-9.34012286639104E-0004
 2.62740313461867E+0000	-1.20266767628382E-0003
 2.63327538766611E+0000	-1.42507211112229E-0003
 2.63910890688259E+0000	-1.59320170095009E-0003
 2.64491395998926E+0000	-1.70060179632530E-0003
 2.65070180351926E+0000	-1.74252195048344E-0003
 2.65648446421879E+0000	-1.71600364158039E-0003
 2.66227456364144E+0000	-1.61996428302787E-0003
 2.66808517069486E+0000	-1.45531692803848E-0003
 2.67392964941797E+0000	-1.22515594015968E-0003
 2.67982145352519E+0000	-9.35027780374721E-0004
 2.68577380056608E+0000	-5.93290427235714E-0004
 2.69179913500745E+0000	-2.11536179305183E-0004
 2.69790826774235E+0000	 1.95004098153253E-0004
 2.70410908500636E+0000	 6.07257743964839E-0004
 2.71040480806084E+0000	 1.00263101019565E-0003
 2.71679203003664E+0000	 1.35628686212080E-0003
 2.72325916595424E+0000	 1.64371248660552E-0003
 2.72978630507150E+0000	 1.84438444140574E-0003
 2.73634726563971E+0000	 1.94546819111309E-0003
 2.74291362756146E+0000	 1.94393823450032E-0003
 2.74945924829804E+0000	 1.84606266435279E-0003
 2.75596343050328E+0000	 1.66465796319767E-0003
 2.76241186396167E+0000	 1.41563647430529E-0003
 2.76879577073364E+0000	 1.11530144593170E-0003
 2.77511032378282E+0000	 7.78984387483877E-0004
 2.78135325552362E+0000	 4.20807468050366E-0004
 2.78752407071451E+0000	 5.40024059073595E-0005
 2.79362383288805E+0000	-3.08731036349678E-0004
 2.79965526757093E+0000	-6.55104654773714E-0004
 2.80562290982538E+0000	-9.73394544408134E-0004
 2.81153313034448E+0000	-1.25275727845931E-0003
 2.81739400310991E+0000	-1.48357030517325E-0003
 2.82321506265587E+0000	-1.65770253304982E-0003
 2.82900702477652E+0000	-1.76868610397506E-0003
 2.83478152944120E+0000	-1.81180913988764E-0003
 2.84055093454741E+0000	-1.78417193739064E-0003
 2.84632816096688E+0000	-1.68475197641231E-0003
 2.85212656863773E+0000	-1.51451635148564E-0003
 2.85795982822548E+0000	-1.27661088314598E-0003
 2.86384173807388E+0000	-9.76645145293212E-0004
 2.86978591673096E+0000	-6.23078450248513E-0004
 2.87580527507892E+0000	-2.27683818400302E-0004
 2.88191114552767E+0000	 1.93991370151379E-0004
 2.88811194570084E+0000	 6.22356837329959E-0004
 2.89441134151651E+0000	 1.03404762060656E-0003
 2.90080613477451E+0000	 1.40320518843395E-0003
 2.90728455198401E+0000	 1.70415527166943E-0003
 2.91382601734487E+0000	 1.91530134921560E-0003
 2.92040330403716E+0000	 2.02308488459973E-0003
 2.92698682602265E+0000	 2.02424129105861E-0003
 2.93354942140020E+0000	 1.92520602365295E-0003
 2.94006963166756E+0000	 1.73915812475374E-0003
 2.94653257912860E+0000	 1.48239471273529E-0003
 2.95292898544779E+0000	 1.17158956565482E-0003
 2.95925352360602E+0000	 8.22500646801782E-0004
 2.96550346104281E+0000	 4.49814902654058E-0004
 2.97167796953460E+0000	 6.74857323390550E-0005
 2.97777800075659E+0000	-3.10970899100801E-0004
 2.98380641938720E+0000	-6.72464472449897E-0004
 2.98976811272977E+0000	-1.00458442957461E-0003
 2.99566993733708E+0000	-1.29597494366262E-0003
 3.00152050178524E+0000	-1.53668342322267E-0003
 3.00732985913970E+0000	-1.71840290361430E-0003
 3.01310919169434E+0000	-1.83459981454306E-0003
 3.01887054341392E+0000	-1.88056298123697E-0003
 3.02462662072108E+0000	-1.85342482136950E-0003
 3.03039065460795E+0000	-1.75220268043784E-0003
 3.03617629885384E+0000	-1.57789862807120E-0003
 3.04199752623185E+0000	-1.33368634253735E-0003
 3.04786847089379E+0000	-1.02520486366047E-0003
 3.05380314503840E+0000	-6.60966575188850E-0004
 3.05981492881158E+0000	-2.52860092546804E-0004
 3.06591570031316E+0000	 1.83330580343066E-0004
 3.07211446548001E+0000	 6.27583436247669E-0004
 3.07841543185125E+0000	 1.05583746162054E-0003
 3.08481574375026E+0000	 1.44125469882768E-0003
 3.09130359185414E+0000	 1.75698865257980E-0003
 3.09785787773236E+0000	 1.98030082000193E-0003
 3.10445043589979E+0000	 2.09679600652250E-0003
 3.11105057590460E+0000	 2.10283824449512E-0003
 3.11763013945101E+0000	 2.00489569320169E-0003
 3.12416689893379E+0000	 1.81637802289390E-0003
 3.13064537046046E+0000	 1.55383942853569E-0003
 3.13705570209309E+0000	 1.23420823952389E-0003
 3.14339196061954E+0000	 8.73578810629718E-0004
 3.14965082098125E+0000	 4.87152420622353E-0004
 3.15583099199974E+0000	 8.95983821966334E-0005
 3.16193319908847E+0000	-3.04718358398266E-0004
 3.16796035790700E+0000	-6.81846895786128E-0004
 3.17391764820530E+0000	-1.02862066390030E-0003
 3.17981237743652E+0000	-1.33310144025615E-0003
 3.18565367285096E+0000	-1.58494239325465E-0003
 3.19145210319659E+0000	-1.77560540152785E-0003
 3.19721932214195E+0000	-1.89844568942935E-0003
 3.20296778572191E+0000	-1.94871639975968E-0003
 3.20871055653668E+0000	-1.92355293766641E-0003
 3.21446118030364E+0000	-1.82198783996730E-0003
 3.22023360472110E+0000	-1.64503437116888E-0003
 3.22604210014441E+0000	-1.39586699220328E-0003
 3.23190112916253E+0000	-1.08011927095103E-0003
 3.23782509161384E+0000	-7.06309469173343E-0004
 3.24382783954537E+0000	-2.86379310011034E-0004
 3.24992181854968E+0000	 1.63727922708823E-0004
 3.25611667619298E+0000	 6.23643746772575E-0004
 3.26241725625230E+0000	 1.06868804229205E-0003
 3.26882118086219E+0000	 1.47108735234394E-0003
 3.27531676213773E+0000	 1.80280936083467E-0003
 3.28188252340072E+0000	 2.03989405522095E-0003
 3.28848945852731E+0000	 2.16698217529283E-0003
 3.29510581346538E+0000	 2.17992519407837E-0003
 3.30170243065478E+0000	 2.08509470632504E-0003
 3.30825628539011E+0000	 1.89601862715211E-0003
 3.31475124116166E+0000	 1.62940699132358E-0003
 3.32117680360967E+0000	 1.30235210184673E-0003
 3.32752633967945E+0000	 9.31214580108202E-0004
 3.33379582130803E+0000	 5.31673069520878E-0004
 3.33998338364376E+0000	 1.19114165171518E-0004
 3.34608943124793E+0000	-2.91214777164548E-0004
 3.35211686079387E+0000	-6.84450229284917E-0004
 3.35807109885018E+0000	-1.04661148614063E-0003
 3.36395987727012E+0000	-1.36512223721796E-0003
 3.36979282855808E+0000	-1.62919183531179E-0003
 3.37558103188761E+0000	-1.83000837745239E-0003
 3.38133661161287E+0000	-1.96077976738610E-0003
 3.38707243702572E+0000	-2.01669285656084E-0003
 3.39280192785004E+0000	-1.99485950398088E-0003
 3.39853894361178E+0000	-1.89430304956788E-0003
 3.40429772213457E+0000	-1.71602318795825E-0003
 3.41009282455283E+0000	-1.46316684916081E-0003
 3.41593903330422E+0000	-1.14132648387904E-0003
 3.42185112880374E+0000	-7.58979172322246E-0004
 3.42784343578850E+0000	-3.28057812768895E-0004
 3.43392898604704E+0000	 1.35412647084146E-0004
 3.44011811858265E+0000	 6.10805265560874E-0004
 3.44641640673061E+0000	 1.07290379746501E-0003
 3.45282209010357E+0000	 1.49305052085593E-0003
 3.45932377074888E+0000	 1.84201675330967E-0003
 3.46589975157993E+0000	 2.09453429254021E-0003
 3.47252029029693E+0000	 2.23413491582112E-0003
 3.47915260301909E+0000	 2.25599662898682E-0003
 3.48576651199530E+0000	 2.16625337059176E-0003
 3.49233814688472E+0000	 1.97843901968763E-0003
 3.49885065605678E+0000	 1.70932714692812E-0003
 3.50529282403181E+0000	 1.37609616440856E-0003
 3.51165721931958E+0000	 9.95316559842435E-0004
 3.51793899952244E+0000	 5.83121587039281E-0004
 3.52413561927130E+0000	 1.55630548297155E-0004
 3.53024707665473E+0000	-2.70981516560870E-0004
 3.53627619214494E+0000	-6.80879063829611E-0004
 3.54222860725027E+0000	-1.05920787541229E-0003
 3.54811246362198E+0000	-1.39270187918801E-0003
 3.55393789388345E+0000	-1.67008442110100E-0003
 3.55971648662516E+0000	-1.88223580884840E-0003
 3.56546083695352E+0000	-2.02218868507133E-0003
 3.57118422685400E+0000	-2.08503974914233E-0003
 3.57690043088788E+0000	-2.06785574209952E-0003
 3.58262361758698E+0000	-1.96962967774689E-0003
 3.58836830709350E+0000	-1.79132480966269E-0003
 3.59414934056166E+0000	-1.53603316830411E-0003
 3.59998180762810E+0000	-1.20927075142834E-0003
 3.60588085761106E+0000	-8.19426053600088E-0004
 3.61186128306533E+0000	-3.78359596959835E-0004
 3.61793671392798E+0000	 9.79039272302839E-0005
 3.62411822390482E+0000	 5.88576088534509E-0004
 3.63041220636529E+0000	 1.06800241219264E-0003
 3.63681766424373E+0000	 1.50671129547118E-0003
 3.64332367721504E+0000	 1.87428372306712E-0003
 3.64990851531797E+0000	 2.14406063013339E-0003
 3.65654183396272E+0000	 2.29830550426208E-0003
 3.66318987013135E+0000	 2.33133360516796E-0003
 3.66982140503716E+0000	 2.24886923478774E-0003
 3.67641166193399E+0000	 2.06431540663970E-0003
 3.68294299347981E+0000	 1.79440084295882E-0003
 3.68940336378625E+0000	 1.45630347392984E-0003
 3.69578442248765E+0000	 1.06674578749540E-0003
 3.70208038078939E+0000	 6.42299696324000E-0004
 3.70828789044788E+0000	 1.99847060453421E-0004
 3.71440645050807E+0000	-2.43445779064969E-0004
 3.72043874984832E+0000	-6.70694704003456E-0004
 3.72639062088062E+0000	-1.06610038431679E-0003
 3.73227061056132E+0000	-1.41564921271869E-0003
 3.73808935586051E+0000	-1.70753549262869E-0003
 3.74385896074658E+0000	-1.93230040373005E-0003
 3.74959249522799E+0000	-2.08277785677333E-0003
 3.75530365479875E+0000	-2.15395552424756E-0003
 3.76100656568950E+0000	-2.14283815270822E-0003
 3.76671569794241E+0000	-2.04837126977293E-0003
 3.77244584202420E+0000	-1.87146184822665E-0003
 3.77821210278860E+0000	-1.61512160521056E-0003
 3.78402985739459E+0000	-1.28475539415754E-0003
 3.78991460364045E+0000	-8.88614507579050E-0004
 3.79588158633473E+0000	-4.38419330774783E-0004
 3.80194503322898E+0000	 4.98968199626776E-0005
 3.80811678403470E+0000	 5.55497911433345E-0004
 3.81440413576306E+0000	 1.05241602753328E-0003
 3.82080700662672E+0000	 1.51047177454806E-0003
 3.82731516856194E+0000	 1.89809815166180E-0003
 3.83390709456748E+0000	 2.18718453578238E-0003
 3.84055202922286E+0000	 2.35856127696010E-0003
 3.84721532890305E+0000	 2.40545825084111E-0003
 3.85386473865505E+0000	 2.33296958667858E-0003
 3.86047451824184E+0000	 2.15418100704657E-0003
 3.86702613171126E+0000	 1.88562454791312E-0003
 3.87350659950607E+0000	 1.54435592728294E-0003
 3.87990649863494E+0000	 1.14716749667838E-0003
 3.88621892346009E+0000	 7.11044163466985E-0004
 3.89243956444775E+0000	 2.53666146436662E-0004
 3.89856730239564E+0000	-2.06727670740303E-0004
 3.90460462490333E+0000	-6.52105901433332E-0004
 3.91055752756422E+0000	-1.06563225667766E-0003
 3.91643496103019E+0000	-1.43247282825020E-0003
 3.92224807639404E+0000	-1.74024065140625E-0003
 3.92800950450299E+0000	-1.97910206044811E-0003
 3.93373279851224E+0000	-2.14166777488378E-0003
 3.93943207027847E+0000	-2.22279868086751E-0003
 3.94512179432796E+0000	-2.21942288107035E-0003
 3.95081673222590E+0000	-2.13042385833825E-0003
 3.95653192794409E+0000	-1.95663484871099E-0003
 3.96228272642572E+0000	-1.70096342922106E-0003
 3.96808476268208E+0000	-1.36866868180853E-0003
 3.97395384956555E+0000	-9.67813528977564E-0004
 3.97990565239304E+0000	-5.09903521891656E-0004
 3.98595497756346E+0000	-1.06753799405349E-0005
 3.99211444301969E+0000	 5.09126225294891E-0004
 3.99839231973811E+0000	 1.02338442262983E-0003
 4.00478959636092E+0000	 1.50137236520550E-0003
 4.01129698373205E+0000	 1.91047706047080E-0003
 4.01789345908393E+0000	 2.22112070011956E-0003
 4.02454813374382E+0000	 2.41254484470618E-0003
 4.03122566280796E+0000	 2.47663869056481E-0003
 4.03789281478779E+0000	 2.41758508330054E-0003
 4.04452285406021E+0000	 2.24789706502615E-0003
 4.05109626544632E+0000	 1.98369159638292E-0003
 4.05759898650268E+0000	 1.64171921852675E-0003
 4.06402033424827E+0000	 1.23870774804688E-0003
 4.07035206732661E+0000	 7.91993484107828E-0004
 4.07658870226354E+0000	 3.20076957713832E-0004
 4.08272833382013E+0000	-1.57642271230586E-0004
 4.08877314319052E+0000	-6.21866905179694E-0004
 4.09472924025577E+0000	-1.05460774252806E-0003
 4.10060596771667E+0000	-1.44011571007261E-0003
 4.10641499740270E+0000	-1.76535297041269E-0003
 4.11216949870239E+0000	-2.02006300513751E-0003
 4.11788351724317E+0000	-2.19660097950047E-0003
 4.12357158461892E+0000	-2.28967871961352E-0003
 4.12924851933116E+0000	-2.29613094369524E-0003
 4.13492936145398E+0000	-2.21476399603373E-0003
 4.14062938603874E+0000	-2.04632012502667E-0003
 4.14636414583236E+0000	-1.79357901871321E-0003
 4.15214949175099E+0000	-1.46161823879152E-0003
 4.15800150184505E+0000	-1.05825733730951E-0003
 4.16393620922937E+0000	-5.94703485105191E-0004
 4.16996895465341E+0000	-8.63741774254062E-0005
 4.17611311967680E+0000	 4.46247168053535E-0004
 4.18237799777245E+0000	 9.77108998458694E-0004
 4.18876579937654E+0000	 1.47516776837460E-0003
 4.19526845188028E+0000	 1.90694870710257E-0003
 4.20186581339525E+0000	 2.24146151571197E-0003
 4.20852724754121E+0000	 2.45623274345563E-0003
 4.21521699632091E+0000	 2.54153211370714E-0003
 4.22190099304807E+0000	 2.50028858224495E-0003
 4.22855152404796E+0000	 2.34411196196765E-0003
 4.23514803041387E+0000	 2.08840875413403E-0003
 4.24167523532034E+0000	 1.74936158026139E-0003
 4.24812099254124E+0000	 1.34341782766975E-0003
 4.25447546216250E+0000	 8.88131617843819E-0004
 4.26073170877953E+0000	 4.02797905088660E-0004
 4.26688680242934E+0000	-9.19522870278405E-0005
 4.27294245115473E+0000	-5.75429065044859E-0004
 4.27890478497237E+0000	-1.02835181675869E-0003
 4.28478349785341E+0000	-1.43393433574805E-0003
 4.29059077216554E+0000	-1.77839278720849E-0003
 4.29634031866939E+0000	-2.05097855786682E-0003
 4.30204668039019E+0000	-2.24374254972532E-0003
 4.30772480951422E+0000	-2.35121340680985E-0003
 4.31338986179042E+0000	-2.37010760889663E-0003
 4.31905713922476E+0000	-2.29913402484037E-0003
 4.32474211980747E+0000	-2.13892339272122E-0003
 4.33046052304171E+0000	-1.89210148125836E-0003
 4.33622836109339E+0000	-1.56352609226674E-0003
 4.34206190976256E+0000	-1.16071403991832E-0003
 4.34797749392914E+0000	-6.94481785931537E-0004
 4.35399091512733E+0000	-1.79787802361252E-0004
 4.36011627048019E+0000	 3.63347045972088E-0004
 4.36636389319076E+0000	 9.09203470578504E-0004
 4.37273735137011E+0000	 1.42673034043728E-0003
 4.37923008691679E+0000	 1.88187305937406E-0003
 4.38582328671633E+0000	 2.24237645380848E-0003
 4.39248706644188E+0000	 2.48397959816770E-0003
 4.39918566641352E+0000	 2.59505045573068E-0003
 4.40588442534228E+0000	 2.57687552859199E-0003
 4.41255473940384E+0000	 2.43977043425252E-0003
 4.41917499861478E+0000	 2.19807089318330E-0003
 4.42572863005772E+0000	 1.86704835483020E-0003
 4.43220184827857E+0000	 1.46254937299161E-0003
 4.43858293628570E+0000	 1.00209673548257E-0003
 4.44486316684583E+0000	 5.05655349778499E-0004
 4.45103825677933E+0000	-4.90111441077824E-0006
 4.45710918210632E+0000	-5.07380937174005E-0004
 4.46308192219237E+0000	-9.81060259582634E-0004
 4.46896642631264E+0000	-1.40796460082652E-0003
 4.47477534141245E+0000	-1.77343548516307E-0003
 4.48052290111285E+0000	-2.06613160222156E-0003
 4.48622413882684E+0000	-2.27772442894327E-0003
 4.49189442169545E+0000	-2.40250437026892E-0003
 4.49754923208035E+0000	-2.43702901338677E-0003
 4.50320411399209E+0000	-2.37987799511224E-0003
 4.50887471589866E+0000	-2.23154212114259E-0003
 4.51457687642553E+0000	-1.99446191538791E-0003
 4.52032670420356E+0000	-1.67323341872340E-0003
 4.52614059026969E+0000	-1.27500764274501E-0003
 4.53203505374621E+0000	-8.10112072900515E-0004
 4.53802625425514E+0000	-2.92894374347200E-0004
 4.54412891989155E+0000	 2.57312509029802E-0004
 4.55035440110121E+0000	 8.15432904832394E-0004
 4.55670772848772E+0000	 1.35078957683938E-0003
 4.56318415462508E+0000	 1.82912936502795E-0003
 4.56976669091746E+0000	 2.21718640257289E-0003
 4.57642680197881E+0000	 2.48891832845510E-0003
 4.58312925347107E+0000	 2.63053572025514E-0003
 4.58983912923853E+0000	 2.64128137649421E-0003
 4.59652710335020E+0000	 2.52976472842795E-0003
 4.60317059401744E+0000	 2.30886848501149E-0003
 4.60975175652379E+0000	 1.99255993823422E-0003
 4.61625509018001E+0000	 1.59565785084262E-0003
 4.62266677006997E+0000	 1.13524723879923E-0003
 4.62897590602303E+0000	 6.31673788195801E-0004
 4.63517643686700E+0000	 1.07940627671907E-0004
 4.64126822480833E+0000	-4.12212031034939E-0004
 4.64725681314142E+0000	-9.06473532605351E-0004
 4.65315222158692E+0000	-1.35550458335301E-0003
 4.65896745485576E+0000	-1.74360356293579E-0003
 4.66471721297852E+0000	-2.05869393682288E-0003
 4.67041699095855E+0000	-2.29195475689365E-0003
 4.67608255382250E+0000	-2.43735160409599E-0003
 4.68172969458332E+0000	-2.49121756582011E-0003
 4.68737417715054E+0000	-2.45195240543649E-0003
 4.69303178686624E+0000	-2.31986505887033E-0003
 4.69871843203912E+0000	-2.09717064673922E-0003
 4.70445024887900E+0000	-1.78815659526040E-0003
 4.71024365290966E+0000	-1.39954325110069E-0003
 4.71611524539306E+0000	-9.41070546293884E-0004
 4.72208141793664E+0000	-4.26321817001944E-0004
 4.72815741074587E+0000	 1.26291730836258E-0004
 4.73435552438250E+0000	 6.92673099894848E-0004
 4.74068230885531E+0000	 1.24295021188649E-0003
 4.74713509017812E+0000	 1.74313518307084E-0003
 4.75369920547715E+0000	 2.15931135853238E-0003
 4.76034812050506E+0000	 2.46375887978159E-0003
 4.76704773681388E+0000	 2.64033593706493E-0003
 4.77376329924562E+0000	 2.68587047076033E-0003
 4.78046499377400E+0000	 2.60688860996489E-0003
 4.78712944100256E+0000	 2.41448893492412E-0003
 4.79373770495487E+0000	 2.12096690929918E-0003
 4.80027268675591E+0000	 1.73962336592498E-0003
 4.80671837640996E+0000	 1.28652678749872E-0003
 4.81306139526648E+0000	 7.81881927156414E-0004
 4.81929340815195E+0000	 2.49496888885172E-0004
 4.82541264012692E+0000	-2.85427701846318E-0004
 4.83142375911033E+0000	-7.98902079692984E-0004
 4.83733654109074E+0000	-1.27003693159402E-0003
 4.84316414865451E+0000	-1.68187919968366E-0003
 4.84892163166927E+0000	-2.02142460951782E-0003
 4.85462488255022E+0000	-2.27919807134011E-0003
 4.86029002860051E+0000	-2.44871123880895E-0003
 4.86593314985316E+0000	-2.52597224042773E-0003
 4.87157020709698E+0000	-2.50912317061757E-0003
 4.87721709195193E+0000	-2.39822934676348E-0003
 4.88288973774127E+0000	-2.19522755766368E-0003
 4.88860424390364E+0000	-1.90404387762724E-0003
 4.89437696173781E+0000	-1.53090399213920E-0003
 4.90022445918921E+0000	-1.08486885909904E-0003
 4.90616322119837E+0000	-5.78615964181371E-0004
 4.91220885481608E+0000	-2.94141405250455E-0005
 4.91837449906840E+0000	 5.39946777280735E-0004
 4.92466821779948E+0000	 1.10084455915785E-0003
 4.93108960458468E+0000	 1.62006955225946E-0003
 4.93762677530438E+0000	 2.06350354242210E-0003
 4.94425584665256E+0000	 2.40196032810042E-0003
 4.95094450269617E+0000	 2.61683895937263E-0003
 4.95765860113802E+0000	 2.70224516188883E-0003
 4.96436809565167E+0000	 2.66232569291699E-0003
 4.97104903950029E+0000	 2.50619485099412E-0003
 4.97768174511087E+0000	 2.24425013147124E-0003
 4.98424790156974E+0000	 1.88783584139003E-0003
 4.99072952676558E+0000	 1.45130849986828E-0003
 4.99711061332815E+0000	 9.53946480694369E-0004
 5.00338007230143E+0000	 4.19734821536058E-0004
 5.00953384746681E+0000	-1.24990477628081E-0004
 5.01557511362928E+0000	-6.54595915240687E-0004
 5.02151291855417E+0000	-1.14649076185660E-0003
 5.02736025087989E+0000	-1.58223881519663E-0003
 5.03313230394079E+0000	-1.94766668334970E-0003
 5.03884524805323E+0000	-2.23242860055773E-0003
 5.04451550674397E+0000	-2.42940196013012E-0003
 5.05015941005779E+0000	-2.53412564708058E-0003
 5.05579309081415E+0000	-2.54437108190001E-0003
 5.06143252226437E+0000	-2.45987196947020E-0003
 5.06709362903798E+0000	-2.28221685028446E-0003
 5.07279242298508E+0000	-2.01491050650391E-0003
 5.07854511588176E+0000	-1.66362331687245E-0003
 5.08436813667764E+0000	-1.23666054969059E-0003
 5.09027792612278E+0000	-7.45678656978871E-0004
 5.09629029815736E+0000	-2.06619844577059E-0004
 5.10241907898070E+0000	 3.59321570895521E-0004
 5.10867376862109E+0000	 9.25189035365854E-0004
 5.11505632194578E+0000	 1.45907084872046E-0003
 5.12155798534088E+0000	 1.92715932374359E-0003
 5.12815811594600E+0000	 2.29912090877690E-0003
 5.13482682020408E+0000	 2.55389351859356E-0003
 5.14153102251613E+0000	 2.68262458399714E-0003
 5.14824066391605E+0000	 2.68686617000812E-0003
 5.15493142102205E+0000	 2.57371409965779E-0003
 5.16158326143631E+0000	 2.35169797731977E-0003
 5.16817730474738E+0000	 2.03000176663253E-0003
 5.17469420899708E+0000	 1.62063048552380E-0003
 5.18111557368537E+0000	 1.14096058387987E-0003
 5.18742727187948E+0000	 6.14176159923822E-0004
 5.19362230421569E+0000	 6.70722137827592E-0005
 5.19970157995140E+0000	-4.73353820133682E-0004
 5.20567274040238E+0000	-9.82776404578395E-0004
 5.21154809753249E+0000	-1.44106915545346E-0003
 5.21734265503469E+0000	-1.83262126023483E-0003
 5.22307265751023E+0000	-2.14595149789432E-0003
 5.22875470814639E+0000	-2.37307013013879E-0003
 5.23440532400751E+0000	-2.50885386418813E-0003
 5.24004077670712E+0000	-2.55054930731144E-0003
 5.24567710081124E+0000	-2.49743869678221E-0003
 5.25133019204814E+0000	-2.35067109208014E-0003
 5.25701594354701E+0000	-2.11326067935359E-0003
 5.26275037498368E+0000	-1.79026623951856E-0003
 5.26854969230262E+0000	-1.38918079696047E-0003
 5.27443016912668E+0000	-9.20562549591810E-0004
 5.28040766454761E+0000	-3.98899104224216E-0004
 5.28649650916598E+0000	 1.56428939295673E-0004
 5.29270748578806E+0000	 7.20478115688526E-0004
 5.29904488022318E+0000	 1.26311925625378E-0003
 5.30550327512160E+0000	 1.75140199762219E-0003
 5.31206574935426E+0000	 2.15427244991239E-0003
 5.31870544293280E+0000	 2.44832618378271E-0003
 5.32539080689184E+0000	 2.62157597293170E-0003
 5.33209192968045E+0000	 2.67278170841345E-0003
 5.33878415089864E+0000	 2.60708520460397E-0003
 5.34544737539635E+0000	 2.43145830759361E-0003
 5.35206287848740E+0000	 2.15313199594084E-0003
 5.35861094074648E+0000	 1.78145788092262E-0003
 5.36507153733497E+0000	 1.33099085441952E-0003
 5.37142767098985E+0000	 8.22879085600349E-0004
 5.37766894325421E+0000	 2.83286862137854E-0004
 5.38379319368965E+0000	-2.60084222124997E-0004
 5.38980581741778E+0000	-7.81390722274633E-0004
 5.39571775775124E+0000	-1.25872943710398E-0003
 5.40154333309857E+0000	-1.67481516693057E-0003
 5.40729853866597E+0000	-2.01674946611005E-0003
 5.41299996041117E+0000	-2.27540461813818E-0003
 5.41866419094294E+0000	-2.44475856538797E-0003
 5.42430758330225E+0000	-2.52133760835078E-0003
 5.42994620752257E+0000	-2.50381797394782E-0003
 5.43559591901195E+0000	-2.39279294567661E-0003
 5.44127248064719E+0000	-2.19070407344916E-0003
 5.44699169429933E+0000	-1.90194484411556E-0003
 5.45276948851924E+0000	-1.53316091413260E-0003
 5.45862187243372E+0000	-1.09377901072359E-0003
 5.46456459920982E+0000	-5.96773389023205E-0004
 5.47061230029178E+0000	-5.95849542505022E-0005
 5.47677681497277E+0000	 4.95102784071666E-0004
 5.48306459160167E+0000	 1.03935482969247E-0003
 5.48947357243031E+0000	 1.54163171993574E-0003
 5.49599088668239E+0000	 1.97069869244287E-0003
 5.50259327979530E+0000	 2.30108432776281E-0003
 5.50925124671269E+0000	 2.51756201043361E-0003
 5.51593518885288E+0000	 2.61583706787577E-0003
 5.52261996662422E+0000	 2.59908763806079E-0003
 5.52928537954827E+0000	 2.47316676383284E-0003
 5.53591334629977E+0000	 2.24399219738115E-0003
 5.54248485426869E+0000	 1.91855874851433E-0003
 5.54897951740958E+0000	 1.50813108516689E-0003
 5.55537829977859E+0000	 1.03064746543136E-0003
 5.56166747132930E+0000	 5.10247059641117E-0004
 5.56784122763282E+0000	-2.57768864460435E-0005
 5.57390185901575E+0000	-5.50678959130522E-0004
 5.57985810359319E+0000	-1.04095602526195E-0003
 5.58572292704372E+0000	-1.47754918529143E-0003
 5.59151160114318E+0000	-1.84591333713855E-0003
 5.59724038317041E+0000	-2.13551580554181E-0003
 5.60292575008970E+0000	-2.33917907032903E-0003
 5.60858402885096E+0000	-2.45248401098328E-0003
 5.61423127320940E+0000	-2.47331571874350E-0003
 5.61988328088097E+0000	-2.40156954740638E-0003
 5.62555568340324E+0000	-2.23901591501359E-0003
 5.63126406246801E+0000	-1.98932699685190E-0003
 5.63702404653118E+0000	-1.65828307058562E-0003
 5.64285131586873E+0000	-1.25418853682004E-0003
 5.64876138938541E+0000	-7.88518349143291E-0004
 5.65476898976801E+0000	-2.76752052241928E-0004
 5.66088672604454E+0000	 2.60808827764154E-0004
 5.66712290197791E+0000	 7.98724963192383E-0004
 5.67347863172407E+0000	 1.30739002242110E-0003
 5.67994521411486E+0000	 1.75603420593848E-0003
 5.68650349265306E+0000	 2.11760698010583E-0003
 5.69312663156619E+0000	 2.37369165985052E-0003
 5.69978566670120E+0000	 2.51660758893404E-0003
 5.70645479115322E+0000	 2.54730838511119E-0003
 5.71311329062943E+0000	 2.47079402110735E-0003
 5.71974367986353E+0000	 2.29249392972410E-0003
 5.72632838277744E+0000	 2.01795554654293E-0003
 5.73284804629576E+0000	 1.65547589305877E-0003
 5.73928303890701E+0000	 1.21916336037015E-0003
 5.74561713640453E+0000	 7.29809578618408E-0004
 5.75184089812919E+0000	 2.12863578089694E-0004
 5.75795291648344E+0000	-3.05107112938738E-0004
 5.76395890442877E+0000	-7.99583360818707E-0004
 5.76986969838177E+0000	-1.24991319266596E-0003
 5.77569922854841E+0000	-1.63983897410048E-0003
 5.78146297779420E+0000	-1.95723812011220E-0003
 5.78717700738075E+0000	-2.19355261950911E-0003
 5.79285742975544E+0000	-2.34319554789819E-0003
 5.79852017606503E+0000	-2.40306328604118E-0003
 5.80418093827458E+0000	-2.37219279173143E-0003
 5.80985520644309E+0000	-2.25156801738378E-0003
 5.81555834989904E+0000	-2.04407542002745E-0003
 5.82130570026649E+0000	-1.75461951054794E-0003
 5.82711258027490E+0000	-1.39042357137960E-0003
 5.83299418070085E+0000	-9.61542386738748E-0004
 5.83896512062499E+0000	-4.81576604619123E-0004
 5.84503845852456E+0000	 3.15364769454142E-0005
 5.85122392950239E+0000	 5.55005769332887E-0004
 5.85752541230410E+0000	 1.06158768050337E-0003
 5.86393821925484E+0000	 1.52167986142542E-0003
 5.87044760121679E+0000	 1.90738314176677E-0003
 5.87703008532304E+0000	 2.19743405618890E-0003
 5.88365795085601E+0000	 2.38051651984202E-0003
 5.89030476068966E+0000	 2.45483222446113E-0003
 5.89694873736009E+0000	 2.42434853503379E-0003
 5.90357237757993E+0000	 2.29457897055403E-0003
 5.91015954033589E+0000	 2.07078775906113E-0003
 5.91669285268797E+0000	 1.75940239002233E-0003
 5.92315368817630E+0000	 1.37101922791596E-0003
 5.92952484780519E+0000	 9.22383982749687E-0004
 5.93579408164755E+0000	 4.35761472335956E-0004
 5.94195630451773E+0000	-6.38385212156194E-0005
 5.94801368942545E+0000	-5.51902308876211E-0004
 5.95397423544485E+0000	-1.00676035494597E-0003
 5.95984985495701E+0000	-1.41066601681579E-0003
 5.96565470516320E+0000	-1.74991078499084E-0003
 5.97140402004641E+0000	-2.01444474931324E-0003
 5.97711340948734E+0000	-2.19735269424291E-0003
 5.98279849486034E+0000	-2.29437222191449E-0003
 5.98847475509605E+0000	-2.30352696697275E-0003
 5.99415749239711E+0000	-2.22489245837890E-0003
 5.99986185893984E+0000	-2.06049534469974E-0003
 6.00560290324743E+0000	-1.81435101274023E-0003
 6.01139559224063E+0000	-1.49265776529658E-0003
 6.01725473732642E+0000	-1.10417467982111E-0003
 6.02319469841746E+0000	-6.60794043722762E-0004
 6.02922867163131E+0000	-1.78245034699447E-0004
 6.03536733468503E+0000	 3.23302810610375E-0004
 6.04161673876623E+0000	 8.19227417282232E-0004
 6.04797574265247E+0000	 1.28174077514288E-0003
 6.05443398823527E+0000	 1.68300233926797E-0003
 6.06097194677239E+0000	 1.99963300142519E-0003
 6.06756399837058E+0000	 2.21677110143627E-0003
 6.07418356278226E+0000	 2.32930992717052E-0003
 6.08080751034232E+0000	 2.33954679432331E-0003
 6.08741746946206E+0000	 2.25304923544972E-0003
 6.09399800749036E+0000	 2.07565442536974E-0003
 6.10053381263026E+0000	 1.81332144801416E-0003
 6.10700836003738E+0000	 1.47431709518037E-0003
 6.11340514847240E+0000	 1.07164014904241E-0003
 6.11971061651893E+0000	 6.23685371487651E-0004
 6.12591681515368E+0000	 1.52665641714019E-0004
 6.13202247115277E+0000	-3.18161842220187E-0004
 6.13803237749595E+0000	-7.67055068115778E-0004
 6.14395588045765E+0000	-1.17535699404512E-0003
 6.14980526398625E+0000	-1.52805924686871E-0003
 6.15559446670729E+0000	-1.81371309913798E-0003
 6.16133822798943E+0000	-2.02405439081463E-0003
 6.16705158864655E+0000	-2.15358131327559E-0003
 6.17274963121463E+0000	-2.19920007010775E-0003
 6.17844736277763E+0000	-2.15997789483758E-0003
 6.18415967381480E+0000	-2.03701035556521E-0003
 6.18990132941303E+0000	-1.83340441771921E-0003
 6.19568695641581E+0000	-1.55438757479246E-0003
 6.20153097601031E+0000	-1.20756526322854E-0003
 6.20744739144990E+0000	-8.03347427809457E-0004
 6.21344927961876E+0000	-3.55523614948586E-0004
 6.21954778344292E+0000	 1.18150385143569E-0004
 6.22575043824564E+0000	 5.95700611025700E-0004
 6.23205891638577E+0000	 1.05160176769938E-0003
 6.23846682208108E+0000	 1.45897447125665E-0003
 6.24495879154200E+0000	 1.79336848197431E-0003
 6.25151214576897E+0000	 2.03698417015899E-0003
 6.25810106343907E+0000	 2.18120197052958E-0003
 6.26470134136523E+0000	 2.22587767306041E-0003
 6.27129316630447E+0000	 2.17600788649958E-0003
 6.27786079395722E+0000	 2.03815798218377E-0003
