 1.19842443786628E-0003	-5.24294933523739E-0004
 7.18942266234134E-0003	-7.40515337335397E-0004
 1.31494395607121E-0002	-9.23856663490378E-0004
 1.90843531007558E-0002	-1.07215693942057E-0003
 2.49993257356576E-0002	-1.18364476010845E-0003
 3.08991155578610E-0002	-1.25654325429873E-0003
 3.67884932981398E-0002	-1.28887719011022E-0003
 4.26726860000076E-0002	-1.27849799549140E-0003
 4.85577656370896E-0002	-1.22331485867277E-0003
 5.44509136525889E-0002	-1.12168926349428E-0003
 6.03605219902664E-0002	-9.72931661153691E-0004
 6.62961233155619E-0002	-7.77844019222488E-0004
 7.22681578570053E-0002	-5.39277026722491E-0004
 7.82875679259301E-0002	-2.62697648953510E-0004
 8.43651632170622E-0002	 4.32360656562285E-0005
 9.05106407525095E-0002	 3.66152960439251E-0004
 9.67311278148042E-0002	 6.89698335615080E-0004
 1.03029240637874E-0001	 9.93907688717768E-0004
 1.09401002326155E-0001	 1.25672076746781E-0003
 1.15834454907223E-0001	 1.45687837408129E-0003
 1.22310011972978E-0001	 1.57768832578681E-0003
 1.28803014274078E-0001	 1.61029998306233E-0003
 1.35287726475384E-0001	 1.55507106389646E-0003
 1.41741205381374E-0001	 1.42064071520034E-0003
 1.48145834022776E-0001	 1.22151067949085E-0003
 1.54490302206179E-0001	 9.75262168403374E-0004
 1.60769434722619E-0001	 7.00103931894722E-0004
 1.66983307411621E-0001	 4.12982149628175E-0004
 1.73135947075477E-0001	 1.28311847867861E-0004
 1.79233861052707E-0001	-1.42640689131946E-0004
 1.85284651370154E-0001	-3.91762661057924E-0004
 1.91295929051817E-0001	-6.13630698013316E-0004
 1.97274640497822E-0001	-8.04790471583454E-0004
 2.03226802957615E-0001	-9.62987437850417E-0004
 2.09157569647389E-0001	-1.08649850829509E-0003
 2.15071519821934E-0001	-1.17364629256319E-0003
 2.20973076662680E-0001	-1.22252877600415E-0003
 2.26866969796078E-0001	-1.23097154229213E-0003
 2.32758666880669E-0001	-1.19669288097091E-0003
 2.38654705254469E-0001	-1.11765242067754E-0003
 2.44562870345186E-0001	-9.92533491834855E-0004
 2.50492193063482E-0001	-8.21299599608005E-0004
 2.56452762218784E-0001	-6.05773555511281E-0004
 2.62455354427022E-0001	-3.50209098600454E-0004
 2.68510862593107E-0001	-6.18416711743020E-0005
 2.74629457837551E-0001	 2.48610313882492E-0004
 2.80819377275982E-0001	 5.66601501541839E-0004
 2.87085260826332E-0001	 8.73835037420449E-0004
 2.93426164048408E-0001	 1.14918369513649E-0003
 2.99833785775099E-0001	 1.37085965666561E-0003
 3.06291856041436E-0001	 1.51978002569079E-0003
 3.12777537195132E-0001	 1.58323978336512E-0003
 3.19264802246333E-0001	 1.55742836739924E-0003
 3.25728619479368E-0001	 1.44773400500354E-0003
 3.32148420839006E-0001	 1.26695839449294E-0003
 3.38509998916749E-0001	 1.03245768087971E-0003
 3.44805872370755E-0001	 7.63247710286447E-0004
 3.51034587740138E-0001	 4.77645314463458E-0004
 3.57199417467396E-0001	 1.91628624665347E-0004
 3.63306798231968E-0001	-8.20666975361145E-0005
 3.69364786283174E-0001	-3.34169758514768E-0004
 3.75381758579994E-0001	-5.58541963725717E-0004
 3.81365511532593E-0001	-7.51483283176162E-0004
 3.87322805995751E-0001	-9.10895983476995E-0004
 3.93259311256336E-0001	-1.03549637534915E-0003
 3.99179841542826E-0001	-1.12420083959006E-0003
 4.05088764386300E-0001	-1.17574277957378E-0003
 4.10990477024748E-0001	-1.18852717725409E-0003
 4.16889871594140E-0001	-1.16070498034159E-0003
 4.22792727063294E-0001	-1.09043962978551E-0003
 4.28705976251470E-0001	-9.76329640087481E-0004
 4.34637807831407E-0001	-8.17941299418408E-0004
 4.40597579103154E-0001	-6.16400403122526E-0004
 4.46595528984726E-0001	-3.74997093883119E-0004
 4.52642280198839E-0001	-9.97697922743178E-0005
 4.58748096482788E-0001	 1.99963679512875E-0004
 4.64921821778842E-0001	 5.11196189471938E-0004
 4.71169414311795E-0001	 8.17115543623031E-0004
 4.77492085322283E-0001	 1.09761824141666E-0003
 4.83884350490322E-0001	 1.33088993016913E-0003
 4.90332749428339E-0001	 1.49628807494512E-0003
 4.96816226745893E-0001	 1.57809354901462E-0003
 5.03308705386464E-0001	 1.56887415250117E-0003
 5.09783255180592E-0001	 1.47101302120718E-0003
 5.16216343867841E-0001	 1.29580199614298E-0003
 5.22590767539483E-0001	 1.06071475447182E-0003
 5.28896746896166E-0001	 7.86067836989134E-0004
 5.35131492589804E-0001	 4.92061003474088E-0004
 5.41297850739843E-0001	 1.96663496373973E-0004
 5.47402574416585E-0001	-8.55858759294561E-0005
 5.53454597688248E-0001	-3.43982754664880E-0004
 5.59463549874910E-0001	-5.71444681274450E-0004
 5.65438650547835E-0001	-7.63880229042029E-0004
 5.71388046380223E-0001	-9.19342615111807E-0004
 5.77318576309590E-0001	-1.03715746822798E-0003
 5.83235887440036E-0001	-1.11717615491947E-0003
 5.89144785809864E-0001	-1.15924676045228E-0003
 5.95049702559417E-0001	-1.16293273089952E-0003
 6.00955179249717E-0001	-1.12746519255404E-0003
 6.06866305926757E-0001	-1.05189690624178E-0003
 6.12789065426570E-0001	-9.35424648987710E-0004
 6.18730545001504E-0001	-7.77847786940776E-0004
 6.24698979560376E-0001	-5.80126635727896E-0004
 6.30703596224400E-0001	-3.44997937452798E-0004
 6.36754235101794E-0001	-7.76021157201174E-0005
 6.42860716522569E-0001	 2.13924242066229E-0004
 6.49031903727116E-0001	 5.17954161492440E-0004
 6.55274386786592E-0001	 8.19101379344930E-0004
 6.61590747347365E-0001	 1.09843545670023E-0003
 6.67977556044508E-0001	 1.33458962766402E-0003
 6.74423656536654E-0001	 1.50614918013458E-0003
 6.80909707743750E-0001	 1.59525646774422E-0003
 6.87409886623790E-0001	 1.59150573890071E-0003
 6.93895748657855E-0001	 1.49455458843745E-0003
 7.00341000025172E-0001	 1.31423608440348E-0003
 7.06725431597641E-0001	 1.06821278925846E-0003
 7.13036895753605E-0001	 7.78324848858906E-0004
 7.19271281410344E-0001	 4.66991042565338E-0004
 7.25431142414203E-0001	 1.54517512330006E-0004
 7.31523754797309E-0001	-1.42455178208287E-0004
 7.37559164551967E-0001	-4.11523577622047E-0004
 7.43548522897180E-0001	-6.44391826851409E-0004
 7.49502825701613E-0001	-8.36300617484818E-0004
 7.55432083345233E-0001	-9.85219419123892E-0004
 7.61344903055825E-0001	-1.09096569148166E-0003
 7.67248431710643E-0001	-1.15438641062470E-0003
 7.73148574297367E-0001	-1.17670432840862E-0003
 7.79050382727298E-0001	-1.15908602831950E-0003
 7.84958513202415E-0001	-1.10244101257569E-0003
 7.90877674582074E-0001	-1.00742850182378E-0003
 7.96813017982726E-0001	-8.74639521012684E-0004
 8.02770432996227E-0001	-7.04927840617527E-0004
 8.08756715685945E-0001	-4.99868631262770E-0004
 8.14779567042910E-0001	-2.62318910141129E-0004
 8.20847377223408E-0001	 2.95889150093043E-0006
 8.26968750667300E-0001	 2.88663255655617E-0004
 8.33151721864678E-0001	 5.84380955229445E-0004
 8.39402598813275E-0001	 8.76188500550522E-0004
 8.45724380846380E-0001	 1.14663671882792E-0003
 8.52114812757629E-0001	 1.37547492330237E-0003
 8.58564455554020E-0001	 1.54155137116147E-0003
 8.65055621865193E-0001	 1.62607852470917E-0003
 8.71563244764277E-0001	 1.61669768832882E-0003
 8.78058176595567E-0001	 1.51087733621616E-0003
 8.84512107889991E-0001	 1.31702892485630E-0003
 8.90902273104706E-0001	 1.05276975841966E-0003
 8.97214309331503E-0001	 7.41215447745071E-0004
 9.03442772529139E-0001	 4.06874284159508E-0004
 9.09589871268108E-0001	 7.23826984590577E-0005
 9.15663361485486E-0001	-2.43444557643876E-0004
 9.21674370980144E-0001	-5.26375867844417E-0004
 9.27635562264447E-0001	-7.66703675324337E-0004
 9.33559756950082E-0001	-9.58716790070117E-0004
 9.39459003247865E-0001	-1.09994883956041E-0003
 9.45344028415749E-0001	-1.19035421943225E-0003
 9.51224016734115E-0001	-1.23151209856504E-0003
 9.57106651231025E-0001	-1.22593575404571E-0003
 9.62998346007444E-0001	-1.17654413651157E-0003
 9.68904587718115E-0001	-1.08632312792708E-0003
 9.74830312268731E-0001	-9.58172158848574E-0004
 9.80780264659405E-0001	-7.94912882279352E-0004
 9.86759311058854E-0001	-5.99437435404267E-0004
 9.92772677839861E-0001	-3.74985617139177E-0004
 9.98826080888234E-0001	-1.25546297552802E-0004
 1.00492569133284E+0000	 1.43631781800880E-0004
 1.01107787304605E+0000	 4.25458573734804E-0004
 1.01728862471261E+0000	 7.10419904230005E-0004
 1.02356265930861E+0000	 9.86103087218768E-0004
 1.02990206461685E+0000	 1.23701317631542E-0003
 1.03630456274868E+0000	 1.44498319699168E-0003
 1.04276162060756E+0000	 1.59059306998195E-0003
 1.04925708579974E+0000	 1.65590818950807E-0003
 1.05576738287563E+0000	 1.62828097720224E-0003
 1.06226405871888E+0000	 1.50403820765760E-0003
 1.06871835006054E+0000	 1.29035836073145E-0003
 1.07510616403636E+0000	 1.00429527381754E-0003
 1.08141158614168E+0000	 6.69395232295533E-0004
 1.08762798612312E+0000	 3.11436242121007E-0004
 1.09375704272954E+0000	-4.52208846967233E-0005
 1.09980665663983E+0000	-3.79940891354027E-0004
 1.10578866451171E+0000	-6.76799194811649E-0004
 1.11171688488593E+0000	-9.24630513346593E-0004
 1.11760566660212E+0000	-1.11656141730606E-0003
 1.12346890702746E+0000	-1.24932702316395E-0003
 1.12931944262620E+0000	-1.32253969257722E-0003
 1.13516872125643E+0000	-1.33799184271574E-0003
 1.14102668846001E+0000	-1.29903683332591E-0003
 1.14690183206910E+0000	-1.21007854342877E-0003
 1.15280132950060E+0000	-1.07618883298772E-0003
 1.15873124296481E+0000	-9.02853278886634E-0004
 1.16469672079073E+0000	-6.95826350258713E-0004
 1.17070218595071E+0000	-4.61071563778961E-0004
 1.17675151020542E+0000	-2.04775997672800E-0004
 1.18284816853998E+0000	 6.65487652552264E-0005
 1.18899534248273E+0000	 3.45855906794018E-0004
 1.19519590715601E+0000	 6.25233523163735E-0004
 1.20145221301093E+0000	 8.95484400528988E-0004
 1.20776556656786E+0000	 1.14569850692673E-0003
 1.21413532843242E+0000	 1.36297435674407E-0003
 1.22055760770419E+0000	 1.53254798527823E-0003
 1.22702370648519E+0000	 1.63869328834439E-0003
 1.23351880490152E+0000	 1.66672852292563E-0003
 1.24002173930046E+0000	 1.60608302251887E-0003
 1.24650669938775E+0000	 1.45362227334965E-0003
 1.25294689658510E+0000	 1.21579636696408E-0003
 1.25931907524912E+0000	 9.08416034828711E-0004
 1.26560714623551E+0000	 5.54037300632838E-0004
 1.27180377654919E+0000	 1.78118121361883E-0004
 1.27790991057306E+0000	-1.94601496430579E-0004
 1.28393300209164E+0000	-5.42596415853610E-0004
 1.28988486243562E+0000	-8.48771426780407E-0004
 1.29577973210927E+0000	-1.10069389725260E-0003
 1.30163282009650E+0000	-1.29025805498627E-0003
 1.30745931240634E+0000	-1.41311199459979E-0003
 1.31327374915467E+0000	-1.46804561557048E-0003
 1.31908965715939E+0000	-1.45643226373752E-0003
 1.32491934827943E+0000	-1.38175733657489E-0003
 1.33077381798374E+0000	-1.24924193095175E-0003
 1.33666269120230E+0000	-1.06555823009631E-0003
 1.34259416796293E+0000	-8.38619203602013E-0004
 1.34857493337154E+0000	-5.77404246116780E-0004
 1.35461002591567E+0000	-2.91765593111329E-0004
 1.36070270067408E+0000	 7.83340852764103E-0006
 1.36685435757620E+0000	 3.10657017575823E-0004
 1.37306460121212E+0000	 6.06059491134229E-0004
 1.37933144534956E+0000	 8.83767204838060E-0004
 1.38565158874154E+0000	 1.13397352899102E-0003
 1.39202060666760E+0000	 1.34720106231676E-0003
 1.39843286589315E+0000	 1.51400492928485E-0003
 1.40488101696636E+0000	 1.62474228714595E-0003
 1.41135508326076E+0000	 1.66976567526650E-0003
 1.41784146000108E+0000	 1.64040794930960E-0003
 1.42432245732640E+0000	 1.53087367634664E-0003
 1.43077709835161E+0000	 1.34060684283061E-0003
 1.43718344496049E+0000	 1.07615537126529E-0003
 1.44352188744243E+0000	 7.51512974253723E-0004
 1.44977820617716E+0000	 3.86595977374640E-0004
 1.45594533365119E+0000	 4.44221711610820E-0006
 1.46202347862817E+0000	-3.71803633207079E-0004
 1.46801900332433E+0000	-7.21249943907724E-0004
 1.47394273955841E+0000	-1.02662489409209E-0003
 1.47980831923615E+0000	-1.27475767959029E-0003
 1.48563082648138E+0000	-1.45647753628901E-0003
 1.49142584715727E+0000	-1.56623177692466E-0003
 1.49720886108203E+0000	-1.60163605285127E-0003
 1.50299487677433E+0000	-1.56307603143186E-0003
 1.50879820919595E+0000	-1.45341241414204E-0003
 1.51463231532804E+0000	-1.27780256369345E-0003
 1.52050961256731E+0000	-1.04362926859747E-0003
 1.52644120791134E+0000	-7.60503505162353E-0004
 1.53243647307709E+0000	-4.40270766050112E-0004
 1.53850243391259E+0000	-9.69008302288898E-0005
 1.54464302198655E+0000	 2.53896936909582E-0004
 1.55085835821460E+0000	 5.95469918571609E-0004
 1.55714435120186E+0000	 9.11443588555618E-0004
 1.56349290068136E+0000	 1.18716268623419E-0003
 1.56989281915454E+0000	 1.41093725807815E-0003
 1.57633125587094E+0000	 1.57464325876888E-0003
 1.58279510868884E+0000	 1.67346499825557E-0003
 1.58927186187515E+0000	 1.70498564714568E-0003
 1.59574956554827E+0000	 1.66818436130580E-0003
 1.60221613347268E+0000	 1.56296360221355E-0003
 1.60865853162271E+0000	 1.39055746492748E-0003
 1.61506254504788E+0000	 1.15468367387703E-0003
 1.62141354976602E+0000	 8.62841629925080E-0004
 1.62769818346457E+0000	 5.27002858202303E-0004
 1.63390631174250E+0000	 1.63217163601085E-0004
 1.64003254523464E+0000	-2.09799856320796E-0004
 1.64607683981791E+0000	-5.72585758805983E-0004
 1.65204416754760E+0000	-9.06744636390552E-0004
 1.65794357734748E+0000	-1.19625133318178E-0003
 1.66378704663208E+0000	-1.42814396746475E-0003
 1.66958842536221E+0000	-1.59271818775107E-0003
 1.67536261989910E+0000	-1.68341910449258E-0003
 1.68112503962007E+0000	-1.69661481634462E-0003
 1.68689125794063E+0000	-1.63138503056203E-0003
 1.69267680931011E+0000	-1.48940677952525E-0003
 1.69849703337925E+0000	-1.27498058300535E-0003
 1.70436686869126E+0000	-9.95211571091796E-0004
 1.71030048177168E+0000	-6.60326918420972E-0004
 1.71631059885586E+0000	-2.84052777248579E-0004
 1.72240741488071E+0000	 1.16127121564547E-0004
 1.72859704321444E+0000	 5.19145215824857E-0004
 1.73487970251855E+0000	 9.01369927453330E-0004
 1.74124820717659E+0000	 1.23878883326093E-0003
 1.74768763622367E+0000	 1.51021206627019E-0003
 1.75417690742000E+0000	 1.70060568170923E-0003
 1.76069214107248E+0000	 1.80316394803124E-0003
 1.76721059988710E+0000	 1.81911953495358E-0003
 1.77371358037547E+0000	 1.75549446629447E-0003
 1.78018732230561E+0000	 1.62205942832615E-0003
 1.78662215704764E+0000	 1.42889485883250E-0003
 1.79301084424867E+0000	 1.18528480395950E-0003
 1.79934708268799E+0000	 8.99884616154260E-0004
 1.80562479490133E+0000	 5.81617324669770E-0004
 1.81183830507099E+0000	 2.40634629370320E-0004
 1.81798314980067E+0000	-1.11168738560755E-0004
 1.82405707419142E+0000	-4.60300048334881E-0004
 1.83006079429863E+0000	-7.92378062342671E-0004
 1.83599829544444E+0000	-1.09311916457663E-0003
 1.84187666458938E+0000	-1.34928950271486E-0003
 1.84770561168997E+0000	-1.54941955545028E-0003
 1.85349687835274E+0000	-1.68422283460455E-0003
 1.85926369094056E+0000	-1.74677081729166E-0003
 1.86502034225456E+0000	-1.73252825767643E-0003
 1.87078191876653E+0000	-1.63935972296949E-0003
 1.87656414196144E+0000	-1.46760277503718E-0003
 1.88238325793884E+0000	-1.22028266818393E-0003
 1.88825587645229E+0000	-9.03522778508922E-0004
 1.89419861605989E+0000	-5.27175319788205E-0004
 1.90022735153467E+0000	-1.05632868655557E-0004
 1.90635580510111E+0000	 3.41358744727783E-0004
 1.91259325425861E+0000	 7.88319173492869E-0004
 1.91894140727675E+0000	 1.20484315268118E-0003
 1.92539118717640E+0000	 1.55849638242655E-0003
 1.93192110399962E+0000	 1.82010486979739E-0003
 1.93849918188913E+0000	 1.97012388187397E-0003
 1.94508889624838E+0000	 2.00309396103215E-0003
 1.95165678762944E+0000	 1.92754491538634E-0003
 1.95817806750457E+0000	 1.76153315148003E-0003
 1.96463818283713E+0000	 1.52662221933868E-0003
 1.97103103768088E+0000	 1.24316502977058E-0003
 1.97735585814225E+0000	 9.28016049059788E-0004
 1.98361431549059E+0000	 5.94297766125959E-0004
 1.98980863189261E+0000	 2.52320303652920E-0004
 1.99594074277169E+0000	-8.91422598557040E-0005
 2.00201228233020E+0000	-4.21735151868426E-0004
 2.00802506175527E+0000	-7.36825963167781E-0004
 2.01398171793534E+0000	-1.02528914857008E-0003
 2.01988628191902E+0000	-1.27769016412732E-0003
 2.02574452714819E+0000	-1.48470818190060E-0003
 2.03156407312885E+0000	-1.63762838114130E-0003
 2.03735430393035E+0000	-1.72878292597077E-0003
 2.04312619518865E+0000	-1.75189076944068E-0003
 2.04889213494948E+0000	-1.70230991103677E-0003
 2.05466579140853E+0000	-1.57725747266017E-0003
 2.06046204029027E+0000	-1.37607387683552E-0003
 2.06629692224540E+0000	-1.10061497005369E-0003
 2.07218755181237E+0000	-7.55855413946637E-0004
 2.07815183193895E+0000	-3.50773210228358E-0004
 2.08420772858172E+0000	 1.00466379531853E-0004
 2.09037173481263E+0000	 5.77157317317847E-0004
 2.09665608131103E+0000	 1.05099411932030E-0003
 2.10306446779706E+0000	 1.48633797980149E-0003
 2.10958700275101E+0000	 1.84336845882883E-0003
 2.11619675838818E+0000	 2.08524433374828E-0003
 2.12285156385998E+0000	 2.18787071674694E-0003
 2.12950266900265E+0000	 2.14733203409139E-0003
 2.13610665354280E+0000	 1.97990476908982E-0003
 2.14263395600288E+0000	 1.71475560793672E-0003
 2.14907058717301E+0000	 1.38446859238827E-0003
 2.15541475466696E+0000	 1.01820671386098E-0003
 2.16167195019139E+0000	 6.38812305524097E-0004
 2.16785082619668E+0000	 2.62748372104187E-0004
 2.17396055097270E+0000	-9.86165162327723E-0005
 2.18000947139231E+0000	-4.37388347156655E-0004
 2.18600469183494E+0000	-7.47689134627780E-0004
 2.19195221661455E+0000	-1.02455005729332E-0003
 2.19785739005765E+0000	-1.26319842118069E-0003
 2.20372544138969E+0000	-1.45870848063178E-0003
 2.20956200177469E+0000	-1.60594547947793E-0003
 2.21537351786950E+0000	-1.69971223351765E-0003
 2.22116753931702E+0000	-1.73500984603865E-0003
 2.22695289819384E+0000	-1.70734704254578E-0003
 2.23273981949454E+0000	-1.61306779659963E-0003
 2.23854000234500E+0000	-1.44970436577034E-0003
 2.24436669501945E+0000	-1.21639594391179E-0003
 2.25023475548950E+0000	-9.14439701639636E-0004
 2.25616064041328E+0000	-5.48060320558947E-0004
 2.26216218833172E+0000	-1.25489981005277E-0004
 2.26825794002608E+0000	 3.39582026838429E-0004
 2.27446556378531E+0000	 8.26268705607769E-0004
 2.28079879007230E+0000	 1.30490179806213E-0003
 2.28726238051062E+0000	 1.73678297795449E-0003
 2.29384565852675E+0000	 2.07733862497215E-0003
 2.30051747638578E+0000	 2.28460195559729E-0003
 2.30722772007385E+0000	 2.33177571903939E-0003
 2.31391827769107E+0000	 2.21723308999504E-0003
 2.32053869462053E+0000	 1.96443849846786E-0003
 2.32705696854751E+0000	 1.61188863378909E-0003
 2.33346087585444E+0000	 1.20067167063769E-0003
 2.33975287300354E+0000	 7.66195248614858E-0004
 2.34594365769547E+0000	 3.35227223191836E-0004
 2.35204720502236E+0000	-7.36964517454502E-0005
 2.35807778095084E+0000	-4.48540459953296E-0004
 2.36404846998520E+0000	-7.81872780506173E-0004
 2.36997064542686E+0000	-1.06925146057161E-0003
 2.37585396824932E+0000	-1.30799504557914E-0003
 2.38170666256922E+0000	-1.49630903560830E-0003
 2.38753592222283E+0000	-1.63271099925532E-0003
 2.39334836335565E+0000	-1.71569819706803E-0003
 2.39915047260850E+0000	-1.74360862572053E-0003
 2.40494902347921E+0000	-1.71463425863685E-0003
 2.41075145044537E+0000	-1.62695549449836E-0003
 2.41656618179991E+0000	-1.47898007510477E-0003
 2.42240293619695E+0000	-1.26968808173525E-0003
 2.42827298230847E+0000	-9.99106265562278E-0004
 2.43418934205201E+0000	-6.68958820016197E-0004
 2.44016687827584E+0000	-2.83565202647958E-0004
 2.44622213391628E+0000	 1.48930170008902E-0004
 2.45237266126215E+0000	 6.14934600398792E-0004
 2.45863538519570E+0000	 1.09346113081583E-0003
 2.46502334298831E+0000	 1.55431839621048E-0003
 2.47154022765658E+0000	 1.95770702042963E-0003
 2.47817323513548E+0000	 2.25755911787675E-0003
 2.48488742297447E+0000	 2.41091555167161E-0003
 2.49162751845719E+0000	 2.39200129265995E-0003
 2.49833060417111E+0000	 2.20319914528191E-0003
 2.50494382938452E+0000	 1.87416492665295E-0003
 2.51143586528482E+0000	 1.44973411609201E-0003
 2.51779732314217E+0000	 9.75925831122325E-0004
 2.52403436338891E+0000	 4.91313819101395E-0004
 2.53016143261901E+0000	 2.44332207951460E-0005
 2.53619600817178E+0000	-4.05336782788178E-0004
 2.54215560600382E+0000	-7.85727091330933E-0004
 2.54805637981448E+0000	-1.10954653927334E-0003
 2.55391263451725E+0000	-1.37305071385764E-0003
 2.55973680478363E+0000	-1.57474351882733E-0003
 2.56553964795861E+0000	-1.71453119817104E-0003
 2.57133052620240E+0000	-1.79313607566481E-0003
 2.57711772276809E+0000	-1.81169591144716E-0003
 2.58290877410582E+0000	-1.77149917317098E-0003
 2.58871081736936E+0000	-1.67382973929754E-0003
 2.59453095896529E+0000	-1.51991557797653E-0003
 2.60037666698319E+0000	-1.31099457214926E-0003
 2.60625618011216E+0000	-1.04852644420120E-0003
 2.61217890866213E+0000	-7.34592752609832E-0004
 2.61815577799463E+0000	-3.72538281478911E-0004
 2.62419942416149E+0000	 3.20829871095202E-0005
 2.63032408075820E+0000	 4.70192989319543E-0004
 2.63654487294697E+0000	 9.27478339804116E-0004
 2.64287604933416E+0000	 1.38240781012249E-0003
 2.64932750846649E+0000	 1.80452267907294E-0003
 2.65589914107207E+0000	 2.15438629715867E-0003
 2.66257374630130E+0000	 2.38758985591181E-0003
 2.66931211903257E+0000	 2.46486152739960E-0003
 2.67605630656344E+0000	 2.36619109941924E-0003
 2.68274357082850E+0000	 2.10053264218723E-0003
 2.68932397170833E+0000	 1.70297926501987E-0003
 2.69577038054766E+0000	 1.22157143718181E-0003
 2.70207744614131E+0000	 7.03546259124750E-0004
 2.70825455846219E+0000	 1.87560163433572E-0004
 2.71431860707946E+0000	-2.98188641523422E-0004
 2.72028899896729E+0000	-7.34707233487281E-0004
 2.72618494027222E+0000	-1.11005231013037E-0003
 2.73202423018872E+0000	-1.41732783739356E-0003
 2.73782288547468E+0000	-1.65314539765358E-0003
 2.74359515946321E+0000	-1.81653873028974E-0003
 2.74935371668084E+0000	-1.90823070524619E-0003
 2.75510984638902E+0000	-1.93014498147590E-0003
 2.76087366802413E+0000	-1.88507433277952E-0003
 2.76665432138725E+0000	-1.77644225396887E-0003
 2.77246015792109E+0000	-1.60812001718767E-0003
 2.77829896145387E+0000	-1.38428888068328E-0003
 2.78417822684486E+0000	-1.10936710901718E-0003
 2.79010551037427E+0000	-7.88051302154541E-0004
 2.79608883478097E+0000	-4.25545924001648E-0004
 2.80213708489357E+0000	-2.80679799335033E-0005
 2.80826026645571E+0000	 3.96289410920807E-0004
 2.81446941456555E+0000	 8.36278756359571E-0004
 2.82077581629920E+0000	 1.27583055407842E-0003
 2.82718905966227E+0000	 1.69223232353981E-0003
 2.83371334611664E+0000	 2.05486750288914E-0003
 2.84034188182567E+0000	 2.32604803998708E-0003
 2.84705066681481E+0000	 2.46617271798015E-0003
 2.85379569401457E+0000	 2.44434346305110E-0003
 2.86051873267760E+0000	 2.25098287123186E-0003
 2.86716196799937E+0000	 1.90408688484827E-0003
 2.87368329393439E+0000	 1.44355693563924E-0003
 2.88006304212799E+0000	 9.17923788912737E-0004
 2.88630113725916E+0000	 3.72456171013627E-0004
 2.89241002464934E+0000	-1.56771567614387E-0004
 2.89840816198872E+0000	-6.43780209818668E-0004
 2.90431576827830E+0000	-1.07116030505345E-0003
 2.91015259956747E+0000	-1.42797879114400E-0003
 2.91593702559390E+0000	-1.70794242012349E-0003
 2.92168580212522E+0000	-1.90803386504259E-0003
 2.92741415932021E+0000	-2.02758819274318E-0003
 2.93313599668772E+0000	-2.06770900916791E-0003
 2.93886407817310E+0000	-2.03092203452123E-0003
 2.94461017920218E+0000	-1.92097968451273E-0003
 2.95038517240840E+0000	-1.74274725223054E-0003
 2.95619906349639E+0000	-1.50211781988627E-0003
 2.96206100877759E+0000	-1.20592310795245E-0003
 2.96797935984267E+0000	-8.61836176161137E-0004
 2.97396178094934E+0000	-4.78301284763662E-0004
 2.98001545995978E+0000	-6.45712592021945E-0005
 2.98614737496145E+0000	 3.69030828267921E-0004
 2.99236448412896E+0000	 8.10502432794576E-0004
 2.99867358219794E+0000	 1.24513148565438E-0003
 3.00508042835750E+0000	 1.65411637172742E-0003
 3.01158764649906E+0000	 2.01321252573444E-0003
 3.01819099915172E+0000	 2.29233071181750E-0003
 3.02487434440866E+0000	 2.45770636897120E-0003
 3.03160532730996E+0000	 2.47833649276422E-0003
 3.03833588811917E+0000	 2.33627540397067E-0003
 3.04501083149864E+0000	 2.03592989493801E-0003
 3.05158177839673E+0000	 1.60537583202875E-0003
 3.05801826022909E+0000	 1.08798825618041E-0003
 3.06431024583656E+0000	 5.30350388769235E-0004
 3.07046368189186E+0000	-2.66666150626557E-0005
 3.07649395193001E+0000	-5.51515707914695E-0004
 3.08242055737677E+0000	-1.02184804660541E-0003
 3.08826385507731E+0000	-1.42281632822848E-0003
 3.09404344571663E+0000	-1.74515739770233E-0003
 3.09977757992185E+0000	-1.98360490435400E-0003
 3.10548309638205E+0000	-2.13575125110765E-0003
 3.11117559265128E+0000	-2.20131179061656E-0003
 3.11686966085475E+0000	-2.18170343356596E-0003
 3.12257909704910E+0000	-2.07985329958031E-0003
 3.12831703404788E+0000	-1.90016537063097E-0003
 3.13409597060168E+0000	-1.64858214973829E-0003
 3.13992768726220E+0000	-1.33268242279084E-0003
 3.14582305893617E+0000	-9.61759332389097E-0004
 3.15179179880382E+0000	-5.46833213058134E-0004
 3.15784219268060E+0000	-1.00581174790524E-0004
 3.16398089068637E+0000	 3.62783592893186E-0004
 3.17021278869651E+0000	 8.27584016262009E-0004
 3.17654093286203E+0000	 1.27655723128129E-0003
 3.18296621830544E+0000	 1.69042522319136E-0003
 3.18948647859409E+0000	 2.04723029640087E-0003
 3.19609450706357E+0000	 2.32190848537924E-0003
 3.20277487425734E+0000	 2.48715455488386E-0003
 3.20950044840227E+0000	 2.51701523134186E-0003
 3.21623117695831E+0000	 2.39385348853536E-0003
 3.22291833270778E+0000	 2.11652595660121E-0003
 3.22951457908311E+0000	 1.70460208511784E-0003
 3.23598500639266E+0000	 1.19472009435274E-0003
 3.24231285860607E+0000	 6.31078084656846E-0004
 3.24849824370763E+0000	 5.59388179621516E-0005
 3.25455290710537E+0000	-4.95890143892254E-0004
 3.26049475409880E+0000	-9.98489199286130E-0004
 3.26634391307375E+0000	-1.43389660917359E-0003
 3.27212049962898E+0000	-1.79038715125821E-0003
 3.27784361116281E+0000	-2.06080801299647E-0003
 3.28353104939102E+0000	-2.24127824982793E-0003
 3.28919941466107E+0000	-2.33029290966375E-0003
 3.29486435613692E+0000	-2.32817969745945E-0003
 3.30054085365514E+0000	-2.23683943868372E-0003
 3.30624345675171E+0000	-2.05970985736090E-0003
 3.31198642880439E+0000	-1.80190254375532E-0003
 3.31778375187644E+0000	-1.47046628457430E-0003
 3.32364895073772E+0000	-1.07472259403758E-0003
 3.32959470255973E+0000	-6.26601252458258E-0004
 3.33563222249669E+0000	-1.40880358658361E-0004
 3.34177046250749E+0000	 3.64778344782316E-0004
 3.34801522582585E+0000	 8.70087471709450E-0004
 3.35436834937655E+0000	 1.35269635934882E-0003
 3.36082707881822E+0000	 1.78894682385481E-0003
 3.36738360294814E+0000	 2.15463117475769E-0003
 3.37402447264825E+0000	 2.42567757722515E-0003
 3.38072954117681E+0000	 2.57910712777839E-0003
 3.38747051102111E+0000	 2.59514488578164E-0003
 3.39421030607487E+0000	 2.46132840731895E-0003
 3.40090547982390E+0000	 2.17799123830755E-0003
 3.40751287731199E+0000	 1.76210894123431E-0003
 3.41399835167295E+0000	 1.24600914293278E-0003
 3.42034287526731E+0000	 6.70739623440862E-0004
 3.42654322959621E+0000	 7.77885854876706E-0005
 3.43260842487497E+0000	-4.96917288589624E-0004
 3.43855481623292E+0000	-1.02547905623114E-0003
 3.44440203695768E+0000	-1.48788172980220E-0003
 3.45017039680355E+0000	-1.87064801057858E-0003
 3.45587954246392E+0000	-2.16526017686650E-0003
 3.46154795599942E+0000	-2.36680153106918E-0003
 3.46719293095163E+0000	-2.47295048506934E-0003
 3.47283078710500E+0000	-2.48332135371282E-0003
 3.47847718038355E+0000	-2.39910537350873E-0003
 3.48414742133978E+0000	-2.22296590756869E-0003
 3.48985674185418E+0000	-1.95915371936283E-0003
 3.49562045436862E+0000	-1.61381793104388E-0003
 3.50145393824513E+0000	-1.19548814821323E-0003
 3.50737237022166E+0000	-7.15686083105749E-0004
 3.51339010107286E+0000	-1.89582743955499E-0004
 3.51951958912133E+0000	 3.63455237945109E-0004
 3.52576986665210E+0000	 9.19678686529997E-0004
 3.53214467119689E+0000	 1.45144088040466E-0003
 3.53864060808149E+0000	 1.92860720457042E-0003
 3.54524589689590E+0000	 2.32086816790996E-0003
 3.55194015927906E+0000	 2.60051692333172E-0003
 3.55869522825939E+0000	 2.74504585983605E-0003
 3.56547648814005E+0000	 2.73929432326678E-0003
 3.57224449893742E+0000	 2.57755655617686E-0003
 3.57895761421081E+0000	 2.26596620457339E-0003
 3.58557657788155E+0000	 1.82412656177679E-0003
 3.59207048913123E+0000	 1.28391190325151E-0003
 3.59842149387099E+0000	 6.84653336880887E-0004
 3.60462584571251E+0000	 6.65976012614224E-0005
 3.61069143496697E+0000	-5.34471354419109E-0004
 3.61663373077841E+0000	-1.08994645466987E-0003
 3.62247200266671E+0000	-1.57874118912540E-0003
 3.62822666471896E+0000	-1.98630875624273E-0003
 3.63391776634881E+0000	-2.30324022372069E-0003
 3.63956432726759E+0000	-2.52394539925061E-0003
 3.64518419624703E+0000	-2.64561120159484E-0003
 3.65079419849307E+0000	-2.66747177158757E-0003
 3.65641042332332E+0000	-2.59036511332467E-0003
 3.66204856285715E+0000	-2.41654192027342E-0003
 3.66772424303422E+0000	-2.14970248327679E-0003
 3.67345329625480E+0000	-1.79525174567293E-0003
 3.67925191462358E+0000	-1.36077244229159E-0003
 3.68513659616647E+0000	-8.56714338362753E-0004
 3.69112375586237E+0000	-2.97272219953850E-0004
 3.69722882882455E+0000	 2.98642425500380E-0004
 3.70346467593480E+0000	 9.06564145784357E-0004
 3.70983918381797E+0000	 1.49620177906696E-0003
 3.71635223857216E+0000	 2.03236320158174E-0003
 3.72299279532329E+0000	 2.47767740934707E-0003
 3.72973732237340E+0000	 2.79713512899431E-0003
 3.73655081771088E+0000	 2.96336370641453E-0003
 3.74339042495135E+0000	 2.96079630940874E-0003
 3.75021026120861E+0000	 2.78755491492128E-0003
 3.75696602438077E+0000	 2.45539061876504E-0003
 3.76361915541834E+0000	 1.98846912170887E-0003
 3.77014074733682E+0000	 1.42085774434919E-0003
 3.77651440472444E+0000	 7.92265775080854E-0004
 3.78273675296768E+0000	 1.42776827463790E-0004
 3.78881537991211E+0000	-4.91687175711452E-0004
 3.79476536070071E+0000	-1.08192300700197E-0003
 3.80060580204191E+0000	-1.60599534138491E-0003
 3.80635723865850E+0000	-2.04849966441766E-0003
 3.81204003855286E+0000	-2.39931075906652E-0003
 3.81767361924636E+0000	-2.65231606612938E-0003
 3.82327620154628E+0000	-2.80436153133625E-0003
 3.82886487749757E+0000	-2.85447214009376E-0003
 3.83445584337569E+0000	-2.80333650085308E-0003
 3.84006470700844E+0000	-2.65302559034851E-0003
 3.84570681386815E+0000	-2.40692083792311E-0003
 3.85139755129207E+0000	-2.06984003134895E-0003
 3.85715258866712E+0000	-1.64836323697922E-0003
 3.86298799488580E+0000	-1.15137022210942E-0003
 3.86892014173617E+0000	-5.90799491903337E-0004
 3.87496525161910E+0000	 1.73854136500336E-0005
 3.88113838526893E+0000	 6.52108323157056E-0004
 3.88745162019291E+0000	 1.28621359418065E-0003
 3.89391123240128E+0000	 1.88613197138516E-0003
 3.90051403270124E+0000	 2.41301117596627E-0003
 3.90724376770551E+0000	 2.82620179742378E-0003
 3.91406939937421E+0000	 3.08923052140430E-0003
 3.92094708610307E+0000	 3.17670005335280E-0003
 3.92782591488428E+0000	 3.07926958421532E-0003
 3.93465512818305E+0000	 2.80481607180990E-0003
 3.94139031893834E+0000	 2.37629015062995E-0003
 3.94799771528031E+0000	 1.82782601798358E-0003
 3.95445664008631E+0000	 1.19995805148017E-0003
 3.96075994014915E+0000	 5.34438783816379E-0004
 3.96691225022447E+0000	-1.30355224290467E-0004
 3.97292677344191E+0000	-7.62385790937436E-0004
 3.97882176705892E+0000	-1.33699301855201E-0003
 3.98461765276561E+0000	-1.83648979672947E-0003
 3.99033508326355E+0000	-2.24903146117615E-0003
 3.99599387376314E+0000	-2.56732150632962E-0003
 4.00161255197369E+0000	-2.78745559502506E-0003
 4.00720828999514E+0000	-2.90801342602128E-0003
 4.01279704665246E+0000	-2.92940681619388E-0003
 4.01839381243492E+0000	-2.85345459894315E-0003
 4.02401289400571E+0000	-2.68314999116172E-0003
 4.02966820129007E+0000	-2.42259453392721E-0003
 4.03537351189947E+0000	-2.07708512456010E-0003
 4.04114268860750E+0000	-1.65335344905002E-0003
 4.04698981638524E+0000	-1.15996907004645E-0003
 4.05292920313728E+0000	-6.07926468463137E-0004
 4.05897514633162E+0000	-1.14352006161953E-0005
 4.06514130003136E+0000	 6.11098690474343E-0004
 4.07143939198250E+0000	 1.23601347899581E-0003
 4.07787699738095E+0000	 1.83359764111263E-0003
 4.08445423392830E+0000	 2.36827530862683E-0003
 4.09115983735942E+0000	 2.80080807327540E-0003
 4.09796811585242E+0000	 3.09326920516240E-0003
 4.10483898815346E+0000	 3.21612018900921E-0003
 4.11172235618088E+0000	 3.15481457519888E-0003
 4.11856556690915E+0000	 2.91304753422526E-0003
 4.12532113076275E+0000	 2.51175829994414E-0003
 4.13195258283014E+0000	 1.98499548027094E-0003
 4.13843769233997E+0000	 1.37413596199866E-0003
 4.14476880470644E+0000	 7.21781465367435E-0004
 4.15095063668568E+0000	 6.67032280541438E-0005
 4.15699660830108E+0000	-5.59177387881985E-0004
 4.16292505692858E+0000	-1.13169351447864E-0003
 4.16875623420561E+0000	-1.63386148959037E-0003
 4.17451034739309E+0000	-2.05462069758065E-0003
 4.18020649844013E+0000	-2.38745186948981E-0003
 4.18586224586494E+0000	-2.62916143012301E-0003
 4.19149354289682E+0000	-2.77892535904982E-0003
 4.19711487951702E+0000	-2.83758873575768E-0003
 4.20273952349263E+0000	-2.80718272409440E-0003
 4.20837980257156E+0000	-2.69061744200024E-0003
 4.21404739888689E+0000	-2.49151834465316E-0003
 4.21975364262883E+0000	-2.21418737137904E-0003
 4.22550979862127E+0000	-1.86368600082047E-0003
 4.23132733664223E+0000	-1.44605547040595E-0003
 4.23721816061661E+0000	-9.68708828906869E-0004
 4.24319473647146E+0000	-4.41045253707405E-0004
 4.24926999555333E+0000	 1.24664496683227E-0004
 4.25545679808945E+0000	 7.12120484163977E-0004
 4.26176664245761E+0000	 1.29970518977147E-0003
 4.26820728654328E+0000	 1.85949292016253E-0003
 4.27477918960823E+0000	 2.35739186649338E-0003
 4.28147139251513E+0000	 2.75551311330018E-0003
 4.28825850507942E+0000	 3.01739926347981E-0003
 4.29510096968329E+0000	 3.11520743244174E-0003
 4.30194962308978E+0000	 3.03623499426612E-0003
 4.30875328368109E+0000	 2.78609994977806E-0003
 4.31546674557251E+0000	 2.38761937378052E-0003
 4.32205691697566E+0000	 1.87614949825146E-0003
 4.32850576454468E+0000	 1.29298471623828E-0003
 4.33480974050044E+0000	 6.78802811454954E-0004
 4.34097658532935E+0000	 6.89197923305102E-0005
 4.34702115360281E+0000	-5.08932093487673E-0004
 4.35296167968413E+0000	-1.03472502791772E-0003
 4.35881713011076E+0000	-1.49506530674314E-0003
 4.36460565038210E+0000	-1.88172215813619E-0003
 4.37034383445185E+0000	-2.19021610288769E-0003
 4.37604651901843E+0000	-2.41865427301165E-0003
 4.38172687675190E+0000	-2.56684668181472E-0003
 4.38739666439547E+0000	-2.63567356788160E-0003
 4.39306654373290E+0000	-2.62665824228474E-0003
 4.39874643360120E+0000	-2.54170539940679E-0003
 4.40444587453384E+0000	-2.38297864421309E-0003
 4.41017439852870E+0000	-2.15290790992283E-0003
 4.41594189665275E+0000	-1.85433533819442E-0003
 4.42175896642334E+0000	-1.49082528937957E-0003
 4.42763719714407E+0000	-1.06717754170814E-0003
 4.43358931120071E+0000	-5.90186371627382E-0004
 4.43962901975129E+0000	-6.96692168397222E-0005
 4.44577037653355E+0000	 4.80277316392407E-0004
 4.45202635207741E+0000	 1.03998548612651E-0003
 4.45840638382607E+0000	 1.58333972602723E-0003
 4.46491293436356E+0000	 2.07808273832473E-0003
 4.47153773214766E+0000	 2.48818846780812E-0003
 4.47825917428244E+0000	 2.77866525272394E-0003
 4.48504258868672E+0000	 2.92187310479060E-0003
 4.49184401994377E+0000	 2.90325447028760E-0003
 4.49861655757888E+0000	 2.72447657731262E-0003
 4.50531737812332E+0000	 2.40314605534783E-0003
 4.51191373449205E+0000	 1.96927639527069E-0003
 4.51838636836660E+0000	 1.45947315394231E-0003
 4.52472953771932E+0000	 9.10661547958541E-0004
 4.53094825742891E+0000	 3.55320812467079E-0004
 4.53705437787131E+0000	-1.80838476764250E-0004
 4.54306299989285E+0000	-6.79079450385271E-0004
 4.54898993749198E+0000	-1.12662707644296E-0003
 4.55485026399745E+0000	-1.51524449265422E-0003
 4.56065767716305E+0000	-1.83987181530525E-0003
 4.56642438345746E+0000	-2.09752310274275E-0003
 4.57216127064172E+0000	-2.28647842270449E-0003
 4.57787821958707E+0000	-2.40573996906759E-0003
 4.58358447014077E+0000	-2.45470342681395E-0003
 4.58928899756945E+0000	-2.43300144122429E-0003
 4.59500087924742E+0000	-2.34049076420841E-0003
 4.60072964013503E+0000	-2.17737123218840E-0003
 4.60648556352004E+0000	-1.94443965039661E-0003
 4.61227994209402E+0000	-1.64349299671941E-0003
 4.61812522340658E+0000	-1.27790072046266E-0003
 4.62403497180503E+0000	-8.53359905662485E-0004
 4.63002352699739E+0000	-3.78818723983484E-0004
 4.63610519745600E+0000	 1.32514834519968E-0004
 4.64229281720572E+0000	 6.62289299051952E-0004
 4.64859558430985E+0000	 1.18664178831373E-0003
 4.65501637192959E+0000	 1.67688405561448E-0003
 4.66154915022323E+0000	 2.10169136276020E-0003
 4.66817751026095E+0000	 2.43072439508273E-0003
 4.67487508001241E+0000	 2.63885820659190E-0003
 4.68160783011678E+0000	 2.70988173577898E-0003
 4.68833767009780E+0000	 2.63899072171665E-0003
 4.69502687725770E+0000	 2.43382829465802E-0003
 4.70164295297117E+0000	 2.11358241130369E-0003
 4.70816274771854E+0000	 1.70568545106594E-0003
 4.71457427363702E+0000	 1.24084923705874E-0003
 4.72087567629919E+0000	 7.48312193910071E-0004
 4.72707237906715E+0000	 2.52851850273732E-0004
 4.73317393148417E+0000	-2.26157311126154E-0004
 4.73919156076707E+0000	-6.74283225394103E-0004
 4.74513668976436E+0000	-1.08097679481377E-0003
 4.75102025452212E+0000	-1.43846477794155E-0003
 4.75685253814897E+0000	-1.74085080650705E-0003
 4.76264327973165E+0000	-1.98348674340481E-0003
 4.76840190029436E+0000	-2.16258619849793E-0003
 4.77413775972784E+0000	-2.27502692082037E-0003
 4.77986040526603E+0000	-2.31829530091434E-0003
 4.78557979556357E+0000	-2.29054326556114E-0003
 4.79130649122002E+0000	-2.19074476464090E-0003
 4.79705179840665E+0000	-2.01895149618621E-0003
 4.80282784046448E+0000	-1.77665359066104E-0003
 4.80864751479477E+0000	-1.46724837715157E-0003
 4.81452427136785E+0000	-1.09660483093429E-0003
 4.82047163071778E+0000	-6.73676414023578E-0004
 4.82650235795337E+0000	-2.11054829115902E-0004
 4.83262725266570E+0000	 2.74723519552760E-0004
 4.83885363557341E+0000	 7.63371524602920E-0004
 4.84518380930765E+0000	 1.23176430564171E-0003
 4.85161393568831E+0000	 1.65556647795637E-0003
 4.85813369073567E+0000	 2.01121401782541E-0003
 4.86472663844196E+0000	 2.27772808018028E-0003
 4.87137086684519E+0000	 2.43819798973498E-0003
 4.87803967621868E+0000	 2.48137009502234E-0003
 4.88470294180187E+0000	 2.40370146865493E-0003
 4.89133003870441E+0000	 2.21114834861509E-0003
 4.89789403928018E+0000	 1.91910260741673E-0003
 4.90437536926208E+0000	 1.54973851955633E-0003
 4.91076318972020E+0000	 1.12791183539461E-0003
 4.91705439647421E+0000	 6.77549202222064E-0004
 4.92325143302345E+0000	 2.19624894308632E-0004
 4.92936014625009E+0000	-2.28376782808892E-0004
 4.93538826501092E+0000	-6.52159769378386E-0004
 4.94134452743230E+0000	-1.04005166731425E-0003
 4.94723825766648E+0000	-1.38248424845572E-0003
 4.95307918915727E+0000	-1.67161495165635E-0003
 4.95887740276232E+0000	-1.90108285470898E-0003
 4.96464331431656E+0000	-2.06586654545522E-0003
 4.97038768439203E+0000	-2.16221901247576E-0003
 4.97612163684159E+0000	-2.18766930995044E-0003
 4.98185667213615E+0000	-2.14109098718209E-0003
 4.98760465430382E+0000	-2.02284019241895E-0003
 4.99337774113155E+0000	-1.83496174687123E-0003
 4.99918821942599E+0000	-1.58144918626558E-0003
 5.00504820435723E+0000	-1.26852421266582E-0003
 5.01096917071456E+0000	-9.04872483859880E-0004
 5.01696131462454E+0000	-5.01741677995113E-0004
 5.02303280679176E+0000	-7.27927905647359E-0005
 5.02918908517482E+0000	 3.66367430015083E-0004
 5.03543239435419E+0000	 7.98921350143537E-0004
 5.04176171121928E+0000	 1.20760636457514E-0003
 5.04817293574426E+0000	 1.57517811550321E-0003
 5.05465889293531E+0000	 1.88444036231454E-0003
 5.06120864074036E+0000	 2.11824808239481E-0003
 5.06780612872514E+0000	 2.26038388081308E-0003
 5.07442922845270E+0000	 2.29800033136641E-0003
 5.08105067349268E+0000	 2.22511056674357E-0003
 5.08764153193714E+0000	 2.04522328518528E-0003
 5.09417588120853E+0000	 1.77128147209276E-0003
 5.10063435890439E+0000	 1.42290566493890E-0003
 5.10700531791956E+0000	 1.02265615160530E-0003
 5.11328403887014E+0000	 5.93009260811225E-0004
 5.11947116476995E+0000	 1.54627256248887E-0004
 5.12557119317146E+0000	-2.74355212863358E-0004
 5.13159131054398E+0000	-6.78496939129248E-0004
 5.13754054677297E+0000	-1.04498451284312E-0003
 5.14342915784901E+0000	-1.36347798173288E-0003
 5.14926817027527E+0000	-1.62592094313980E-0003
 5.15506905117094E+0000	-1.82634219963189E-0003
 5.16084347943853E+0000	-1.96067328307905E-0003
 5.16660319154588E+0000	-2.02660389894286E-0003
 5.17235987024058E+0000	-2.02348969401762E-0003
 5.17812504160198E+0000	-1.95231476835295E-0003
 5.18390994752238E+0000	-1.81569735884573E-0003
 5.18972536788747E+0000	-1.61791296729388E-0003
 5.19558138052170E+0000	-1.36489646828922E-0003
 5.20148706962545E+0000	-1.06417646725352E-0003
 5.20745022671747E+0000	-7.24699207261201E-0004
 5.21347712634305E+0000	-3.56530021574381E-0004
 5.21957247794119E+0000	 2.95088782688495E-0005
 5.22573961039768E+0000	 4.22105374935817E-0004
 5.23198079866526E+0000	 8.09402906772220E-0004
 5.23829741932766E+0000	 1.17846894749046E-0003
 5.24468945775320E+0000	 1.51441664920006E-0003
 5.25115398794316E+0000	 1.79975766344158E-0003
 5.25768276860229E+0000	 2.01492988130110E-0003
 5.26425997706494E+0000	 2.14080047705738E-0003
 5.27086177535450E+0000	 2.16292004459502E-0003
 5.27745890171488E+0000	 2.07576738480649E-0003
 5.28402159392079E+0000	 1.88464698545591E-0003
 5.29052449303569E+0000	 1.60431376247376E-0003
 5.29694951140049E+0000	 1.25551232789420E-0003
 5.30328636205046E+0000	 8.61337926113584E-0004
 5.30953163804483E+0000	 4.44535166357914E-0004
 5.31568738381572E+0000	 2.58718235700007E-0005
 5.32175966715572E+0000	-3.76693977570863E-0004
 5.32775732741717E+0000	-7.48335999234899E-0004
 5.33369094362659E+0000	-1.07735747846354E-0003
 5.33957203014540E+0000	-1.35498894537511E-0003
 5.34541244859662E+0000	-1.57508326802848E-0003
 5.35122400527848E+0000	-1.73378325606015E-0003
 5.35701818934850E+0000	-1.82921170623728E-0003
 5.36280600379545E+0000	-1.86120735154924E-0003
 5.36859784806032E+0000	-1.83110808304486E-0003
 5.37440342446156E+0000	-1.74156828765702E-0003
 5.38023165633691E+0000	-1.59639067662139E-0003
 5.38609062173226E+0000	-1.40035343539700E-0003
 5.39198752240534E+0000	-1.15902084194105E-0003
 5.39792872296506E+0000	-8.78543424970678E-0004
 5.40391990122897E+0000	-5.65488341875177E-0004
 5.40996632955062E+0000	-2.26790867795344E-0004
 5.41607323606795E+0000	 1.30038113650755E-0004
 5.42224607162850E+0000	 4.96322050431481E-0004
 5.42849037068128E+0000	 8.61232248444292E-0004
 5.43481082592126E+0000	 1.21063437881038E-0003
 5.44120931571641E+0000	 1.52633970387944E-0003
 5.44768206293571E+0000	 1.78663118264567E-0003
 5.45421688521809E+0000	 1.96885075157288E-0003
 5.46079220833508E+0000	 2.05394807629323E-0003
 5.46737921522547E+0000	 2.03136986739071E-0003
 5.47394674713040E+0000	 1.90184954970734E-0003
 5.48046672168422E+0000	 1.67679516303174E-0003
 5.48691781101528E+0000	 1.37513233006557E-0003
 5.49328670704836E+0000	 1.01948830810684E-0003
 5.49956764339132E+0000	 6.33039332459501E-0004
 5.50576109319092E+0000	 2.37384488050488E-0004
 5.51187223476020E+0000	-1.48689666512047E-0004
 5.51790947170607E+0000	-5.09776134635646E-0004
 5.52388314789872E+0000	-8.33935723072625E-0004
 5.52980452626428E+0000	-1.11247053343631E-0003
 5.53568504463802E+0000	-1.33952604397724E-0003
 5.54153581818255E+0000	-1.51163230053031E-0003
 5.54736733581931E+0000	-1.62725355538051E-0003
 5.55318929801455E+0000	-1.68637897535369E-0003
 5.55901055648768E+0000	-1.69016379753230E-0003
 5.56483913212428E+0000	-1.64062174076336E-0003
 5.57068229818454E+0000	-1.54037046035597E-0003
 5.57654672083238E+0000	-1.39243559264779E-0003
 5.58243865195373E+0000	-1.20012283424255E-0003
 5.58836417249753E+0000	-9.66975514177020E-0004
 5.59432948213718E+0000	-6.96853112537904E-0004
 5.60034120860738E+0000	-3.94191779357234E-0004
 5.60640665477440E+0000	-6.45230901132990E-0005
 5.61253381556274E+0000	 2.84699123764842E-0004
 5.61873090676245E+0000	 6.43015850671408E-0004
 5.62500511098250E+0000	 9.95877446976340E-0004
 5.63136036476657E+0000	 1.32409962573251E-0003
 5.63779442382643E+0000	 1.60466130866451E-0003
 5.64429617898047E+0000	 1.81353182708698E-0003
 5.65084483263923E+0000	 1.93032787361589E-0003
 5.65741217180940E+0000	 1.94315497301759E-0003
 5.66396744653842E+0000	 1.85130493958613E-0003
 5.67048266750401E+0000	 1.66466070176439E-0003
 5.67693622090395E+0000	 1.40068846937607E-0003
 5.68331421177100E+0000	 1.08078496654043E-0003
 5.68961015100569E+0000	 7.27184710741197E-0004
 5.69582379530971E+0000	 3.60772994190257E-0004
 5.70195966340196E+0000	-2.66824630846749E-0007
 5.70802551808678E+0000	-3.41117442846414E-0004
 5.71403099910419E+0000	-6.50451929347847E-0004
 5.71998652127688E+0000	-9.20181588324986E-0004
 5.72590247768155E+0000	-1.14498972663365E-0003
 5.73178872688553E+0000	-1.32178171548875E-0003
 5.73765431465562E+0000	-1.44913524182393E-0003
 5.74350738042630E+0000	-1.52679651151970E-0003
 5.74935521040173E+0000	-1.55524921112532E-0003
 5.75520440652786E+0000	-1.53537901098181E-0003
 5.76106113832257E+0000	-1.46825506929756E-0003
 5.76693143894045E+0000	-1.35504230456355E-0003
 5.77282150772614E+0000	-1.19704598155554E-0003
 5.77873799111482E+0000	-9.95884084552616E-0004
 5.78468822180835E+0000	-7.53791841174415E-0004
 5.79068038567816E+0000	-4.74082996801889E-0004
 5.79672354452252E+0000	-1.61805262683510E-0004
 5.80282737282411E+0000	 1.75396587872549E-0004
 5.80900139226387E+0000	 5.26290653065989E-0004
 5.81525346816676E+0000	 8.75212308212794E-0004
 5.82158747792770E+0000	 1.20190318022657E-0003
 5.82800050327805E+0000	 1.48276781482228E-0003
 5.83448059662921E+0000	 1.69404475016039E-0003
 5.84100661326418E+0000	 1.81641715525918E-0003
 5.84755096258229E+0000	 1.83931081729995E-0003
 5.85408442200886E+0000	 1.76285228441592E-0003
 5.86058088763039E+0000	 1.59683730700806E-0003
 5.86702038906549E+0000	 1.35779062419426E-0003
 5.87339011893118E+0000	 1.06567173843931E-0003
 5.87968410512177E+0000	 7.41124849489348E-0004
 5.88590216671841E+0000	 4.03481517344337E-0004
 5.89204853617835E+0000	 6.94748258978471E-0005
 5.89813039469983E+0000	-2.47400498755464E-0004
 5.90415652579396E+0000	-5.36978984839135E-0004
 5.91013623341735E+0000	-7.92117937897531E-0004
 5.91607858378150E+0000	-1.00816505052955E-0003
 5.92199195686954E+0000	-1.18234306477103E-0003
 5.92788386009209E+0000	-1.31314663087372E-0003
 5.93376095406445E+0000	-1.39981015716027E-0003
 5.93962924551823E+0000	-1.44188988887499E-0003
 5.94549439826325E+0000	-1.43899748428315E-0003
 5.95136210129254E+0000	-1.39070968807731E-0003
 5.95723842756507E+0000	-1.29665439055441E-0003
 5.96313012848560E+0000	-1.15674830027514E-0003
 5.96904483326063E+0000	-9.71552034491296E-0004
 5.97499114135756E+0000	-7.42721620097565E-0004
 5.98097859072101E+0000	-4.73561631969982E-0004
 5.98701744424100E+0000	-1.69700979755307E-0004
 5.99311816874375E+0000	 1.60113993804599E-0004
 5.99929041591971E+0000	 5.03216813654259E-0004
 6.00554132501279E+0000	 8.42513408579056E-0004
 6.01187317073050E+0000	 1.15681732700832E-0003
 6.01828086834297E+0000	 1.42265953818415E-0003
 6.02475046200106E+0000	 1.61778537051039E-0003
 6.03125985830257E+0000	 1.72551336744160E-0003
 6.03778211990702E+0000	 1.73816305958664E-0003
 6.04429007166982E+0000	 1.65800796142833E-0003
 6.05076028917806E+0000	 1.49570834645579E-0003
 6.05717535240381E+0000	 1.26745289714710E-0003
 6.06352446228149E+0000	 9.92059838993512E-0004
 6.06980301673314E+0000	 6.88605383770262E-0004
 6.07601160546013E+0000	 3.74673191099925E-0004
 6.08215468715196E+0000	 6.52229472421818E-0005
 6.08823917287189E+0000	-2.27926189818082E-0004
 6.09427313905981E+0000	-4.96069301254014E-0004
 6.10026483206923E+0000	-7.33203352060045E-0004
 6.10622202439705E+0000	-9.35413818334336E-0004
 6.11215170093865E+0000	-1.10021329609057E-0003
 6.11806001807639E+0000	-1.22593307303709E-0003
 6.12395247489498E+0000	-1.31123125133825E-0003
 6.12983423662321E+0000	-1.35476403012196E-0003
 6.13571054140393E+0000	-1.35505415640151E-0003
 6.14158711035338E+0000	-1.31056666006493E-0003
 6.14747048428193E+0000	-1.21996844381294E-0003
 6.15336823471412E+0000	-1.08252207083077E-0003
 6.15928903013809E+0000	-8.98561187877165E-0004
 6.16524255914441E+0000	-6.70016545422661E-0004
 6.17123930256798E+0000	-4.00991883059244E-0004
 6.17729010184485E+0000	-9.84012438023673E-0005
 6.18340540375706E+0000	 2.27359145775226E-0004
 6.18959401495539E+0000	 5.61851201203742E-0004
 6.19586125887752E+0000	 8.86496480588929E-0004
 6.20220670504951E+0000	 1.17947843330381E-0003
 6.20862215459601E+0000	 1.41811584776576E-0003
 6.21509101731088E+0000	 1.58256952251944E-0003
 6.22158998747318E+0000	 1.65973904125231E-0003
 6.22809276126460E+0000	 1.64567089524789E-0003
 6.23457429801423E+0000	 1.54551871004146E-0003
 6.24101403301320E+0000	 1.37152054107116E-0003
 6.24739744285168E+0000	 1.14022069362752E-0003
 6.25371627645711E+0000	 8.69867955707338E-0004
 6.25996796175221E+0000	 5.78325320383611E-0004
 6.26615451653768E+0000	 2.81547969014798E-0004
 6.27228118384989E+0000	-7.33350049539675E-0006
 6.27835502877952E+0000	-2.78314625485031E-0004
