 8.72930267671576E-0004	 1.15414651696618E-0003
 7.23714468008791E-0003	 9.34858216807710E-0004
 1.35456569190148E-0002	 6.66584908379625E-0004
 1.97875672205978E-0002	 3.65157091953930E-0004
 2.59572642641584E-0002	 4.85320395828714E-0005
 3.20543998442093E-0002	-2.65164311063679E-0004
 3.80832215210775E-0002	-5.59141684011212E-0004
 4.40516322607038E-0002	-8.18931471931906E-0004
 4.99702060361061E-0002	-1.03294709367260E-0003
 5.58512657456531E-0002	-1.19273432151760E-0003
 6.17080645278432E-0002	-1.29300444972248E-0003
 6.75540812007252E-0002	-1.33151905123233E-0003
 7.34024245156834E-0002	-1.30887525152410E-0003
 7.92653338247464E-0002	-1.22822220732064E-0003
 8.51537654684867E-0002	-1.09492452874288E-0003
 9.10770616466445E-0002	-9.16180797286243E-0004
 9.70427054123119E-0002	-7.00606002735813E-0004
 1.03056166955495E-0001	-4.57791058344532E-0004
 1.09120844398166E-0001	-1.97854368683805E-0004
 1.15238103980273E-0001	 6.89997542797122E-0005
 1.21407430902812E-0001	 3.32892964818453E-0004
 1.27626698265643E-0001	 5.84608336928195E-0004
 1.33892526323178E-0001	 8.15778143991822E-0004
 1.40200640405310E-0001	 1.01886470187849E-0003
 1.46546086649540E-0001	 1.18694715805428E-0003
 1.52923182563332E-0001	 1.31343115247589E-0003
 1.59325168958720E-0001	 1.39187067627897E-0003
 1.65743644972549E-0001	 1.41610017816551E-0003
 1.72167982806216E-0001	 1.38083560942355E-0003
 1.78585046320370E-0001	 1.28279694588972E-0003
 1.84979612259280E-0001	 1.12215849328380E-0003
 1.91335725198077E-0001	 9.03799734193890E-0004
 1.97638748111041E-0001	 6.37707719671008E-0004
 2.03877419255037E-0001	 3.38217960261662E-0004
 2.10045212952278E-0001	 2.23663575801289E-0005
 2.16140725223120E-0001	-2.92024950535988E-0004
 2.22167264130471E-0001	-5.87991426964651E-0004
 2.28132013090765E-0001	-8.50572368707052E-0004
 2.34045075249350E-0001	-1.06748338803570E-0003
 2.39918567758460E-0001	-1.22943885993849E-0003
 2.45765827412366E-0001	-1.33024731735066E-0003
 2.51600732925271E-0001	-1.36676956717894E-0003
 2.57437125678338E-0001	-1.33879639418287E-0003
 2.63288303311650E-0001	-1.24887649477292E-0003
 2.69166562038264E-0001	-1.10210475272290E-0003
 2.75082771400246E-0001	-9.05866134030481E-0004
 2.81045976667896E-0001	-6.69522221905546E-0004
 2.87063035998473E-0001	-4.04025042601913E-0004
 2.93138310918334E-0001	-1.21443551415527E-0004
 2.99273443470765E-0001	 1.65608845921990E-0004
 3.05467275606336E-0001	 4.44644037500845E-0004
 3.11715986907536E-0001	 7.04024840411111E-0004
 3.18013513063060E-0001	 9.33635079779218E-0004
 3.24352223217384E-0001	 1.12531972404118E-0003
 3.30723692628323E-0001	 1.27294054227476E-0003
 3.37119302409389E-0001	 1.37203839670895E-0003
 3.43530437915712E-0001	 1.41929580727438E-0003
 3.49948239251620E-0001	 1.41211284193261E-0003
 3.56363067840529E-0001	 1.34857817736313E-0003
 3.62764002861551E-0001	 1.22797700446835E-0003
 3.69138749247801E-0001	 1.05176559521068E-0003
 3.75474265318751E-0001	 8.24673630873687E-0004
 3.81758122661038E-0001	 5.55399772433803E-0004
 3.87980201507362E-0001	 2.56461751102958E-0004
 3.94134114990500E-0001	-5.68343962665142E-0005
 4.00217927486057E-0001	-3.67928549872323E-0004
 4.06234114026585E-0001	-6.60543561268174E-0004
 4.12188993949109E-0001	-9.19889822483642E-0004
 4.18091935156237E-0001	-1.13344612430786E-0003
 4.23954541343331E-0001	-1.29138481718592E-0003
 4.29789922832878E-0001	-1.38675808149198E-0003
 4.35612073416743E-0001	-1.41554749596431E-0003
 4.41435336021705E-0001	-1.37664631829206E-0003
 4.47273924461889E-0001	-1.27181350730545E-0003
 4.53141464465477E-0001	-1.10561420453480E-0003
 4.59050518543316E-0001	-8.85340937230639E-0004
 4.65012064770987E-0001	-6.20890210169767E-0004
 4.71034911307547E-0001	-3.24548070795909E-0004
 4.77125052493421E-0001	-1.06157896418727E-0005
 4.83285017894756E-0001	 3.05209551811779E-0004
 4.89513337828663E-0001	 6.06773673882009E-0004
 4.95804330552056E-0001	 8.78724228528547E-0004
 5.02148447934700E-0001	 1.10793547467103E-0003
 5.08533308778511E-0001	 1.28474805701412E-0003
 5.14945266856756E-0001	 1.40358311464912E-0003
 5.21371036496443E-0001	 1.46266451169495E-0003
 5.27798797937671E-0001	 1.46299463196097E-0003
 5.34218461565389E-0001	 1.40709521380026E-0003
 5.40621197937470E-0001	 1.29807627245874E-0003
 5.46998639973963E-0001	 1.13935947731813E-0003
 5.53342231134354E-0001	 9.35067892577900E-0004
 5.59643093974498E-0001	 6.90829406722235E-0004
 5.65892570544184E-0001	 4.14565400824213E-0004
 5.72083277113159E-0001	 1.16827729461063E-0004
 5.78210267318750E-0001	-1.89537021223675E-0004
 5.84271879687522E-0001	-4.90290305155831E-0004
 5.90270053339185E-0001	-7.70948174209330E-0004
 5.96210152202656E-0001	-1.01784880823846E-0003
 6.02100482606803E-0001	-1.21896253050910E-0003
 6.07951695828943E-0001	-1.36441906490429E-0003
 6.13776200973696E-0001	-1.44681456309096E-0003
 6.19587640620944E-0001	-1.46138334477881E-0003
 6.25400431078027E-0001	-1.40610642657452E-0003
 6.31229341226094E-0001	-1.28180581445211E-0003
 6.37089069446129E-0001	-1.09225115051260E-0003
 6.42993768446816E-0001	-8.44284193287684E-0004
 6.48956459003176E-0001	-5.47941362426734E-0004
 6.54988268712164E-0001	-2.16516287052162E-0004
 6.61097445757992E-0001	 1.33555002325297E-0004
 6.67288160622216E-0001	 4.83178138911817E-0004
 6.73559255342436E-0001	 8.11693054117943E-0004
 6.79903324967936E-0001	 1.09874112776115E-0003
 6.86306702900961E-0001	 1.32677770881319E-0003
 6.92750832571110E-0001	 1.48361854016926E-0003
 6.99214968875753E-0001	 1.56404859099424E-0003
 7.05679380423349E-0001	 1.56972167590479E-0003
 7.12127835212005E-0001	 1.50739730057966E-0003
 7.18548559882393E-0001	 1.38640817768683E-0003
 7.24933726136122E-0001	 1.21645607937948E-0003
 7.31278131426169E-0001	 1.00638382117034E-0003
 7.37577817398407E-0001	 7.63980534001238E-0004
 7.43829129874854E-0001	 4.96514950199575E-0004
 7.50028435501298E-0001	 2.11565120269175E-0004
 7.56172455260660E-0001	-8.22729577352384E-0005
 7.62258973897497E-0001	-3.75088631413227E-0004
 7.68287597203039E-0001	-6.55851258915504E-0004
 7.74260292122571E-0001	-9.12975006404036E-0004
 7.80181600361054E-0001	-1.13503937419394E-0003
 7.86058560668412E-0001	-1.31147883375027E-0003
 7.91900445364930E-0001	-1.43314379404655E-0003
 7.97718416018025E-0001	-1.49271918173002E-0003
 8.03525166805220E-0001	-1.48503601243645E-0003
 8.09334582664520E-0001	-1.40732745410319E-0003
 8.15161406100392E-0001	-1.25947787106918E-0003
 8.21020881477676E-0001	-1.04430252867919E-0003
 8.26928322988729E-0001	-7.67881027854220E-0004
 8.32898525944564E-0001	-4.39944784955319E-0004
 8.38944909511209E-0001	-7.42740017516405E-0005
 8.45078257930917E-0001	 3.11030213617992E-0004
 8.51304967081208E-0001	 6.93684453817473E-0004
 8.57624897166393E-0001	 1.04823499160723E-0003
 8.64029357663638E-0001	 1.34844209000608E-0003
 8.70500282566078E-0001	 1.57113635014568E-0003
 8.77011778297025E-0001	 1.70067729031979E-0003
 8.83534333177485E-0001	 1.73215350979827E-0003
 8.90040313665000E-0001	 1.67158627852786E-0003
 8.96508377637552E-0001	 1.53300593649408E-0003
 9.02925190565934E-0001	 1.33404646211504E-0003
 9.09284560076040E-0001	 1.09208897067434E-0003
 9.15585224645479E-0001	 8.22037213794534E-0004
 9.21828527696545E-0001	 5.35705643901933E-0004
 9.28016661372472E-0001	 2.42275404612675E-0004
 9.34151681315410E-0001	-5.07575747201606E-0005
 9.40235231454193E-0001	-3.36578139649367E-0004
 9.46268792490888E-0001	-6.08277008304391E-0004
 9.52254212419106E-0001	-8.58447148036610E-0004
 9.58194286928390E-0001	-1.07915667391501E-0003
 9.64093226694083E-0001	-1.26220554349800E-0003
 9.69956941743859E-0001	-1.39953860430374E-0003
 9.75793148564795E-0001	-1.48370759813579E-0003
 9.81611343623765E-0001	-1.50831986904919E-0003
 9.87422691733466E-0001	-1.46845534417543E-0003
 9.93239863135856E-0001	-1.36106389297333E-0003
 9.99076830703427E-0001	-1.18537200579571E-0003
 1.00494861284603E+0000	-9.43334738427962E-0004
 1.01087091683389E+0000	-6.40168401172939E-0004
 1.01685959531075E+0000	-2.84987736470569E-0004
 1.02292977000887E+0000	 1.08467820098386E-0004
 1.02909440955867E+0000	 5.21136507569804E-0004
 1.03536212908149E+0000	 9.28298391985858E-0004
 1.04173415802036E+0000	 1.30026997636126E-0003
 1.04820101958150E+0000	 1.60506177257873E-0003
 1.05474048006082E+0000	 1.81357678169763E-0003
 1.06131897147008E+0000	 1.90639201148327E-0003
 1.06789751848003E+0000	 1.87909650557344E-0003
 1.07444014287144E+0000	 1.74291086270401E-0003
 1.08092061657889E+0000	 1.52014654810565E-0003
 1.08732479814898E+0000	 1.23738324805543E-0003
 1.09364897340773E+0000	 9.19771569668554E-0004
 1.09989639485040E+0000	 5.87984171956986E-0004
 1.10607390289420E+0000	 2.57495345743431E-0004
 1.11218946149639E+0000	-6.07821397407876E-0005
 1.11825069731316E+0000	-3.59317774134148E-0004
 1.12426424824211E+0000	-6.32721348746227E-0004
 1.13023568656414E+0000	-8.76679666920317E-0004
 1.13616980673056E+0000	-1.08718170052365E-0003
 1.14207109950231E+0000	-1.26006205961910E-0003
 1.14794427239456E+0000	-1.39083635527973E-0003
 1.15379472310228E+0000	-1.47476897253066E-0003
 1.15962891815991E+0000	-1.50710602691198E-0003
 1.16545466278757E+0000	-1.48341727977422E-0003
 1.17128126618984E+0000	-1.40001008450846E-0003
 1.17711961186003E+0000	-1.25439864752257E-0003
 1.18298213779772E+0000	-1.04583028773246E-0003
 1.18888271743785E+0000	-7.75886559918827E-0004
 1.19483640526492E+0000	-4.49189773075677E-0004
 1.20085896436477E+0000	-7.42484376635155E-0005
 1.20696601717284E+0000	 3.35550046209987E-0004
 1.21317155584172E+0000	 7.60888821204990E-0004
 1.21948546575924E+0000	 1.17575040075337E-0003
 1.22590983689491E+0000	 1.54772280956728E-0003
 1.23243451847635E+0000	 1.84069184588462E-0003
 1.23903382473561E+0000	 2.02105141429386E-0003
 1.24566761371655E+0000	 2.06659917069274E-0003
 1.25228873422108E+0000	 1.97400344830883E-0003
 1.25885426884799E+0000	 1.75982636589304E-0003
 1.26533448631362E+0000	 1.45425578192773E-0003
 1.27171549683699E+0000	 1.09187072449298E-0003
 1.27799654366867E+0000	 7.04348188959304E-0004
 1.28418525364571E+0000	 3.16933422189479E-0004
 1.29029334996671E+0000	-5.21158391592732E-0005
 1.29633370737204E+0000	-3.90563293300839E-0004
 1.30231866291493E+0000	-6.90751095237156E-0004
 1.30825921897186E+0000	-9.48194170130412E-0004
 1.31416481398612E+0000	-1.16039909952441E-0003
 1.32004343805003E+0000	-1.32595153395631E-0003
 1.32590194775243E+0000	-1.44386537964134E-0003
 1.33174648285117E+0000	-1.51316927780991E-0003
 1.33758291976255E+0000	-1.53269968007343E-0003
 1.34341732034489E+0000	-1.50107144091106E-0003
 1.34925634891240E+0000	-1.41680409415942E-0003
 1.35510763596667E+0000	-1.27859031947875E-0003
 1.36098006683064E+0000	-1.08569918707094E-0003
 1.36688397044631E+0000	-8.38511200078930E-0004
 1.37283117743340E+0000	-5.39188179243318E-0004
 1.37883490060687E+0000	-1.92490336514928E-0004
 1.38490935349153E+0000	 1.93239898061901E-0004
 1.39106894826330E+0000	 6.04923037718483E-0004
 1.39732679845383E+0000	 1.02349976672433E-0003
 1.40369213875808E+0000	 1.42293452590867E-0003
 1.41016635554919E+0000	 1.77030913658392E-0003
 1.41673801808831E+0000	 2.02848781492064E-0003
 1.42337896029474E+0000	 2.16278867878187E-0003
 1.43004517476597E+0000	 2.15095418406587E-0003
 1.43668510585756E+0000	 1.99173594122047E-0003
 1.44325249388084E+0000	 1.70604241066021E-0003
 1.44971649665607E+0000	 1.32955231858158E-0003
 1.45606434898513E+0000	 9.02045448680507E-0004
 1.46229789180258E+0000	 4.59271825858260E-0004
 1.46842802424402E+0000	 2.92826834321536E-0005
 1.47446992442343E+0000	-3.67918269282410E-0004
 1.48043989949749E+0000	-7.19159723420357E-0004
 1.48635364611137E+0000	-1.01649743161680E-0003
 1.49222544462258E+0000	-1.25574678346588E-0003
 1.49806789599412E+0000	-1.43530569276531E-0003
 1.50389195328347E+0000	-1.55526448808538E-0003
 1.50970710670860E+0000	-1.61675534232327E-0003
 1.51552164601086E+0000	-1.62149099968956E-0003
 1.52134296208632E+0000	-1.57145175068601E-0003
 1.52717787337810E+0000	-1.46869388795990E-0003
 1.53303297408780E+0000	-1.31527140296831E-0003
 1.53891499959913E+0000	-1.11328196506955E-0003
 1.54483119062175E+0000	-8.65061847060078E-0004
 1.55078961687502E+0000	-5.73557660427107E-0004
 1.55679939997879E+0000	-2.42896398776839E-0004
 1.56287075439489E+0000	 1.20835165146917E-0004
 1.56901473528733E+0000	 5.08602761565512E-0004
 1.57524252554159E+0000	 9.07257140308232E-0004
 1.58156400143782E+0000	 1.29830478530280E-0003
 1.58798523080032E+0000	 1.65697428294925E-0003
 1.59450466410944E+0000	 1.95240898068349E-0003
 1.60110847059356E+0000	 2.15038188864007E-0003
 1.60776703723405E+0000	 2.21980557398046E-0003
 1.61443617164500E+0000	 2.14221765577641E-0003
 1.62106530348255E+0000	 1.91972457107317E-0003
 1.62760983645918E+0000	 1.57575462752465E-0003
 1.63404074320394E+0000	 1.14771683059442E-0003
 1.64034696402202E+0000	 6.76613276792104E-0004
 1.64653192205944E+0000	 1.99154868748180E-0004
 1.65260805601585E+0000	-2.55784281378869E-0004
 1.65859212323305E+0000	-6.67480792617071E-0004
 1.66450211276316E+0000	-1.02215709038865E-0003
 1.67035555285032E+0000	-1.31141311712345E-0003
 1.67616873613182E+0000	-1.53082030086958E-0003
 1.68195646355180E+0000	-1.67882882380682E-0003
 1.68773204834047E+0000	-1.75597801629350E-0003
 1.69350743078923E+0000	-1.76435026979699E-0003
 1.69929332312602E+0000	-1.70720300558669E-0003
 1.70509934583683E+0000	-1.58871966711107E-0003
 1.71093414628568E+0000	-1.41383118805581E-0003
 1.71680551329894E+0000	-1.18807598973714E-0003
 1.72272051491251E+0000	-9.17492010164446E-0004
 1.72868568390750E+0000	-6.08565923984989E-0004
 1.73470725232509E+0000	-2.68293276991236E-0004
 1.74079139410930E+0000	 9.55833784644089E-0005
 1.74694438316058E+0000	 4.74101452499308E-0004
 1.75317252048941E+0000	 8.56349249553162E-0004
 1.75948162927198E+0000	 1.22852565276760E-0003
 1.76587586255912E+0000	 1.57295554491755E-0003
 1.77235556056236E+0000	 1.86746104831530E-0003
 1.77891408921106E+0000	 2.08586055664062E-0003
 1.78553426018135E+0000	 2.20069263635321E-0003
 1.79218614214536E+0000	 2.18890035014938E-0003
 1.79882892884535E+0000	 2.03939031664150E-0003
 1.80541814868286E+0000	 1.75877794105625E-0003
 1.81191563039738E+0000	 1.37129167085461E-0003
 1.81829701382181E+0000	 9.12513971571581E-0004
 1.82455359670904E+0000	 4.20847826545118E-0004
 1.83068949692354E+0000	-6.90804772117650E-0005
 1.83671709338680E+0000	-5.29562037150350E-0004
 1.84265297327563E+0000	-9.40237705943971E-0004
 1.84851517249709E+0000	-1.28716207144557E-0003
 1.85432161262178E+0000	-1.56148077219079E-0003
 1.86008936561258E+0000	-1.75821225120062E-0003
 1.86583440435503E+0000	-1.87530306150524E-0003
 1.87157159908340E+0000	-1.91297208668998E-0003
 1.87731480843650E+0000	-1.87330278937415E-0003
 1.88307697155060E+0000	-1.76002787099968E-0003
 1.88887014224615E+0000	-1.57844722416364E-0003
 1.89470543124164E+0000	-1.33541621794290E-0003
 1.90059284835267E+0000	-1.03933755291864E-0003
 1.90654106867634E+0000	-7.00093751654443E-0004
 1.91255718084817E+0000	-3.28879032815148E-0004
 1.91864649738839E+0000	 6.20648403266343E-0005
 1.92481249566883E+0000	 4.59740450919813E-0004
 1.93105689592596E+0000	 8.50589911780212E-0004
 1.93737977324414E+0000	 1.22046074983094E-0003
 1.94377947755325E+0000	 1.55428852285495E-0003
 1.95025206153020E+0000	 1.83562559750990E-0003
 1.95678997603202E+0000	 2.04641652915199E-0003
 1.96338009212806E+0000	 2.16769404447783E-0003
 1.97000171727124E+0000	 2.18191796506324E-0003
 1.97662600271315E+0000	 2.07712028819385E-0003
 1.98321827836365E+0000	 1.85168837441282E-0003
 1.98974356330870E+0000	 1.51732013291654E-0003
 1.99617323700410E+0000	 1.09803539967044E-0003
 2.00248975914716E+0000	 6.25472092450222E-0004
 2.00868770631441E+0000	 1.32919858067295E-0004
 2.01477175688074E+0000	-3.49377560914677E-0004
 2.02075342622267E+0000	-7.96640418764945E-0004
 2.02664802234828E+0000	-1.19005607327898E-0003
 2.03247245175338E+0000	-1.51620422471238E-0003
 2.03824390240244E+0000	-1.76610116978143E-0003
 2.04397918901086E+0000	-1.93426468383012E-0003
 2.04969451992296E+0000	-2.01797334421017E-0003
 2.05540549489312E+0000	-2.01676850148774E-0003
 2.06112719809020E+0000	-1.93219219159804E-0003
 2.06687428778687E+0000	-1.76773407794988E-0003
 2.07266100268865E+0000	-1.52894999505073E-0003
 2.07850101269452E+0000	-1.22369894009544E-0003
 2.08440705156271E+0000	-8.62417285021853E-0004
 2.09039029653355E+0000	-4.58310020476225E-0004
 2.09645952189326E+0000	-2.73039123935050E-0005
 2.10262015491901E+0000	 4.12390001659607E-0004
 2.10887347482671E+0000	 8.41172760952745E-0004
 2.11521623863312E+0000	 1.23929774342037E-0003
 2.12164089510722E+0000	 1.58812944702202E-0003
 2.12813625150295E+0000	 1.87102694196076E-0003
 2.13468816069434E+0000	 2.07367475619468E-0003
 2.14127976966388E+0000	 2.18411649210547E-0003
 2.14789123925904E+0000	 2.19309069041746E-0003
 2.15449942951409E+0000	 2.09519830198926E-0003
 2.16107843272005E+0000	 1.89085542921604E-0003
 2.16760161880617E+0000	 1.58818954030151E-0003
 2.17404497697635E+0000	 1.20363641876271E-0003
 2.18039056479538E+0000	 7.60490059154201E-0004
 2.18662866039625E+0000	 2.85794000728854E-0004
 2.19275796715097E+0000	-1.93189336723697E-0004
 2.19878424240255E+0000	-6.51750899519768E-0004
 2.20471823514063E+0000	-1.06924616289700E-0003
 2.21057370509959E+0000	-1.42948656990572E-0003
 2.21636591739533E+0000	-1.72043225756667E-0003
 2.22211068631248E+0000	-1.93358888630448E-0003
 2.22782387795653E+0000	-2.06337970954472E-0003
 2.23352123596083E+0000	-2.10663885060899E-0003
 2.23921840407771E+0000	-2.06229098669160E-0003
 2.24493104147525E+0000	-1.93124174050651E-0003
 2.25067494044060E+0000	-1.71648566379907E-0003
 2.25646605490231E+0000	-1.42342818912481E-0003
 2.26232033222398E+0000	-1.06039867345392E-0003
 2.26825321837409E+0000	-6.39287295967615E-0004
 2.27427870006698E+0000	-1.76153780371171E-0004
 2.28040780139729E+0000	 3.08470471177306E-0004
 2.28664662874885E+0000	 7.89987927184082E-0004
 2.29299438231945E+0000	 1.24123943659102E-0003
 2.29944209778782E+0000	 1.63517969711749E-0003
 2.30597290389792E+0000	 1.94815324751300E-0003
 2.31256398389842E+0000	 2.16264278881798E-0003
 2.31918948431151E+0000	 2.26851053619121E-0003
 2.32582315197577E+0000	 2.26266362623216E-0003
 2.33243995400883E+0000	 2.14795120820688E-0003
 2.33901682781098E+0000	 1.93219356168240E-0003
 2.34553320335346E+0000	 1.62766490331890E-0003
 2.35197178606377E+0000	 1.25074135896089E-0003
 2.35831960127432E+0000	 8.21230026173822E-0004
 2.36456891403481E+0000	 3.61131504748385E-0004
 2.37071759427828E+0000	-1.07008596988866E-0004
 2.37676875588676E+0000	-5.61743755493857E-0004
 2.38272982325635E+0000	-9.83973914262987E-0004
 2.38861135449176E+0000	-1.35762032513343E-0003
 2.39442593040229E+0000	-1.66977795709491E-0003
 2.40018729271693E+0000	-1.91051768981524E-0003
 2.40590978690072E+0000	-2.07252637917618E-0003
 2.41160808341037E+0000	-2.15073314432242E-0003
 2.41729711607649E+0000	-2.14202079725173E-0003
 2.42299216830175E+0000	-2.04508468569560E-0003
 2.42870903778542E+0000	-1.86048174276299E-0003
 2.43446420478437E+0000	-1.59090563231863E-0003
 2.44027490791015E+0000	-1.24172028105230E-0003
 2.44615898854549E+0000	-8.21768725327109E-0004
 2.45213430041503E+0000	-3.44421396886970E-0004
 2.45821741676112E+0000	 1.71301859048798E-0004
 2.46442137865284E+0000	 6.99947441744884E-0004
 2.47075246955512E+0000	 1.20992417367092E-0003
 2.47720664212878E+0000	 1.66580008664099E-0003
 2.48376713270206E+0000	 2.03303598034269E-0003
 2.49040515349792E+0000	 2.28414007830992E-0003
 2.49708431025073E+0000	 2.40367537996068E-0003
 2.50376701424161E+0000	 2.38972539778691E-0003
 2.51041994412609E+0000	 2.25166374618745E-0003
 2.51701679366194E+0000	 2.00617571251754E-0003
 2.52353856546832E+0000	 1.67362034629959E-0003
 2.52997264975699E+0000	 1.27564016068054E-0003
 2.53631171895125E+0000	 8.33882021431675E-0004
 2.54255287576835E+0000	 3.69327653485727E-0004
 2.54869705754797E+0000	-9.81721840179352E-0005
 2.55474853713823E+0000	-5.50331632947544E-0004
 2.56071439097367E+0000	-9.70821031196387E-0004
 2.56660390786718E+0000	-1.34553743275475E-0003
 2.57242799402180E+0000	-1.66270138247274E-0003
 2.57819865462294E+0000	-1.91278604531392E-0003
 2.58392861274063E+0000	-2.08833110394792E-0003
 2.58963109135484E+0000	-2.18371231651188E-0003
 2.59531975465471E+0000	-2.19493564922468E-0003
 2.60100878631302E+0000	-2.11951574961460E-0003
 2.60671307162282E+0000	-1.95649194017743E-0003
 2.61244843965322E+0000	-1.70663521109454E-0003
 2.61823190162049E+0000	-1.37290653866212E-0003
 2.62408178095005E+0000	-9.61234440129793E-0004
 2.63001755510708E+0000	-4.81671436556981E-0004
 2.63605910923206E+0000	 5.00739844617632E-0005
 2.64222495797541E+0000	 6.10927305519285E-0004
 2.64852894623356E+0000	 1.16918354960573E-0003
 2.65497531011764E+0000	 1.68496831206863E-0003
 2.66155319496857E+0000	 2.11413067763564E-0003
 2.66823358190481E+0000	 2.41630433410719E-0003
 2.67497212197433E+0000	 2.56477203350805E-0003
 2.68171825124820E+0000	 2.55284634328932E-0003
 2.68842604158532E+0000	 2.39299494849683E-0003
 2.69506120414591E+0000	 2.11025047258578E-0003
 2.70160249466726E+0000	 1.73459006820011E-0003
 2.70803949846793E+0000	 1.29558518109201E-0003
 2.71436943075770E+0000	 8.19861461999605E-0004
 2.72059445218653E+0000	 3.30457698062685E-0004
 2.72671988280331E+0000	-1.52943963206748E-0004
 2.73275315211275E+0000	-6.13566172041713E-0004
 2.73870319676697E+0000	-1.03714225725091E-0003
 2.74458007849627E+0000	-1.41163427186379E-0003
 2.75039469962981E+0000	-1.72702504337959E-0003
 2.75615857650500E+0000	-1.97513518066558E-0003
 2.76188367514697E+0000	-2.14943941914549E-0003
 2.76758232661528E+0000	-2.24488423194866E-0003
 2.77326723605209E+0000	-2.25772833533571E-0003
 2.77895159083984E+0000	-2.18543958038108E-0003
 2.78464926399047E+0000	-2.02669044381718E-0003
 2.79037509807222E+0000	-1.78150480367502E-0003
 2.79614523752961E+0000	-1.45162423880002E-0003
 2.80197744336864E+0000	-1.04118321863689E-0003
 2.80789125717470E+0000	-5.57802977540026E-0004
 2.81390775645874E+0000	-1.42092683229959E-0005
 2.82004843776829E+0000	 5.69617609078183E-0004
 2.82633251110860E+0000	 1.16408595910029E-0003
 2.83277183137551E+0000	 1.72852861772283E-0003
 2.83936349965899E+0000	 2.21290396708529E-0003
 2.84608264960309E+0000	 2.56538148581884E-0003
 2.85288107202973E+0000	 2.74575380445948E-0003
 2.85969632883502E+0000	 2.73836938551731E-0003
 2.86646800350521E+0000	 2.55558094111748E-0003
 2.87315101718414E+0000	 2.22979995193568E-0003
 2.87971968694505E+0000	 1.80119385886507E-0003
 2.88616446221526E+0000	 1.30837900330387E-0003
 2.89248634873935E+0000	 7.84177804957025E-0004
 2.89869220480422E+0000	 2.54939476539428E-0004
 2.90479174333792E+0000	-2.58559505347151E-0004
 2.91079593742932E+0000	-7.39874170430029E-0004
 2.91671629357235E+0000	-1.17583321768116E-0003
 2.92256456843421E+0000	-1.55578521308708E-0003
 2.92835267437589E+0000	-1.87110191023729E-0003
 2.93409265206605E+0000	-2.11485140159297E-0003
 2.93979667016962E+0000	-2.28156825526977E-0003
 2.94547705262258E+0000	-2.36707782275671E-0003
 2.95114634892008E+0000	-2.36836010773581E-0003
 2.95681746488001E+0000	-2.28346055024444E-0003
 2.96250386787812E+0000	-2.11147288825531E-0003
 2.96821987364681E+0000	-1.85263724740534E-0003
 2.97398100876447E+0000	-1.50861918675657E-0003
 2.97980441613227E+0000	-1.08306588960378E-0003
 2.98570921427175E+0000	-5.82573744617484E-0004
 2.99171660639262E+0000	-1.82349252499441E-0005
 2.99784931802880E+0000	 5.92088921334337E-0004
 3.00412959008210E+0000	 1.22082678552871E-0003
 3.01057457895409E+0000	 1.82784165933567E-0003
 3.01718823060897E+0000	 2.35989966253979E-0003
 3.02395093351804E+0000	 2.75646490066638E-0003
 3.03081322712166E+0000	 2.96469314480056E-0003
 3.03770261775893E+0000	 2.95860958892707E-0003
 3.04454408112603E+0000	 2.74877030129319E-0003
 3.05128077048076E+0000	 2.37440085821382E-0003
 3.05788194195500E+0000	 1.88608226871045E-0003
 3.06433874055191E+0000	 1.33171670538545E-0003
 3.07065585976392E+0000	 7.50356854515187E-0004
 3.07684460396466E+0000	 1.71648007336005E-0004
 3.08291870892540E+0000	-3.82422723886207E-0004
 3.08889232698218E+0000	-8.95434659555396E-0004
 3.09477928129501E+0000	-1.35484688464258E-0003
 3.10059293245239E+0000	-1.75084547965943E-0003
 3.10634627955963E+0000	-2.07562727575185E-0003
 3.11205211463333E+0000	-2.32297820209451E-0003
 3.11772316443447E+0000	-2.48802769877113E-0003
 3.12337221228720E+0000	-2.56710102013939E-0003
 3.12901221675671E+0000	-2.55762837123689E-0003
 3.13465645087857E+0000	-2.45809841749086E-0003
 3.14031868506279E+0000	-2.26806567908813E-0003
 3.14601343315135E+0000	-1.98824161287236E-0003
 3.15175627351842E+0000	-1.62072363315265E-0003
 3.15756423911104E+0000	-1.16945050143672E-0003
 3.16345622728096E+0000	-6.41020015478199E-0004
 3.16945328338365E+0000	-4.60613970027886E-0005
 3.17557841070584E+0000	 5.98611399127380E-0004
 3.18185518676183E+0000	 1.26693857556552E-0003
 3.18830392843281E+0000	 1.92004049467205E-0003
 3.19493387256340E+0000	 2.50397837948425E-0003
 3.20173134450120E+0000	 2.95317383231045E-0003
 3.20864928210127E+0000	 3.20466548842959E-0003
 3.21560980825559E+0000	 3.22127468035507E-0003
 3.22252594542661E+0000	 3.00813532145219E-0003
 3.22932896576772E+0000	 2.60751360301396E-0003
 3.23598150285791E+0000	 2.07791121238603E-0003
 3.24247355052326E+0000	 1.47519526521689E-0003
 3.24881175842673E+0000	 8.44052799266747E-0004
 3.25501032439483E+0000	 2.17285738764661E-0004
 3.26108564471364E+0000	-3.81721724468807E-0004
 3.26705389417969E+0000	-9.36145909248447E-0004
 3.27293027215979E+0000	-1.43348274317992E-0003
 3.27872901615308E+0000	-1.86406455474145E-0003
 3.28446368042752E+0000	-2.22018237030670E-0003
 3.29014744322471E+0000	-2.49561269050121E-0003
 3.29579335768612E+0000	-2.68538324899116E-0003
 3.30141453767302E+0000	-2.78566690140089E-0003
 3.30702430067151E+0000	-2.79374193520098E-0003
 3.31263629732559E+0000	-2.70799360623133E-0003
 3.31826465451964E+0000	-2.52795682745182E-0003
 3.32392415359987E+0000	-2.25441879212340E-0003
 3.32963045903235E+0000	-1.88961948701453E-0003
 3.33540040190616E+0000	-1.43761433512098E-0003
 3.34125229650973E+0000	-9.04902417215840E-0004
 3.34720620451206E+0000	-3.01476928975416E-0004
 3.35328391928046E+0000	 3.57494354735021E-0004
 3.35950816130813E+0000	 1.04916946174354E-0003
 3.36590001412429E+0000	 1.73980700659512E-0003
 3.37247317165069E+0000	 2.38186213432357E-0003
 3.37922404821952E+0000	 2.91446561413749E-0003
 3.38612022036898E+0000	 3.27234774996748E-0003
 3.39309620626657E+0000	 3.40543079389051E-0003
 3.40006673831567E+0000	 3.29976359221124E-0003
 3.40695325660562E+0000	 2.98243150980146E-0003
 3.41370427827542E+0000	 2.50625029479336E-0003
 3.42029822424828E+0000	 1.92884198889920E-0003
 3.42673469105595E+0000	 1.29959891513334E-0003
 3.43302428865212E+0000	 6.56070935491971E-0004
 3.43918172588336E+0000	 2.54515848560563E-0005
 3.44522232416616E+0000	-5.72544750904987E-0004
 3.45116075034154E+0000	-1.12313798526126E-0003
 3.45701086166550E+0000	-1.61473237154403E-0003
 3.46278596673609E+0000	-2.03789261212466E-0003
 3.46849914680351E+0000	-2.38482620568412E-0003
 3.47416349943399E+0000	-2.64915992567994E-0003
 3.47979228399141E+0000	-2.82585919669573E-0003
 3.48539899784008E+0000	-2.91120474432984E-0003
 3.49099742225440E+0000	-2.90279130616568E-0003
 3.49660166962659E+0000	-2.79954470664544E-0003
 3.50222625218478E+0000	-2.60177093746002E-0003
 3.50788618286643E+0000	-2.31126161302255E-0003
 3.51359711105789E+0000	-1.93149168918052E-0003
 3.51937548432597E+0000	-1.46796365339723E-0003
 3.52523870061161E+0000	-9.28780665316231E-0004
 3.53120515343405E+0000	-3.25564858774779E-0004
 3.53729394534463E+0000	 3.25148659735709E-0004
 3.54352382366061E+0000	 9.99988493944176E-0004
 3.54991060670027E+0000	 1.66656432769136E-0003
 3.55646226427890E+0000	 2.28208740437342E-0003
 3.56317159035369E+0000	 2.79510193035889E-0003
 3.57000895007976E+0000	 3.15320622673989E-0003
 3.57692096912783E+0000	 3.31688695932360E-0003
 3.58384024823076E+0000	 3.27297109962257E-0003
 3.59070275695580E+0000	 3.03797722961424E-0003
 3.59746197976166E+0000	 2.64907844181778E-0003
 3.60409271248189E+0000	 2.15041991948001E-0003
 3.61058672395468E+0000	 1.58312555935697E-0003
 3.61694613911776E+0000	 9.81282299450691E-0004
 3.62317825645294E+0000	 3.71961129321189E-0004
 3.62929264403353E+0000	-2.23224760096155E-0004
 3.63529994919010E+0000	-7.86542673947838E-0004
 3.64121160035230E+0000	-1.30309504004277E-0003
 3.64703979761201E+0000	-1.76030475519809E-0003
 3.65279748871006E+0000	-2.14772882948915E-0003
 3.65849824992439E+0000	-2.45700035800318E-0003
 3.66415610261785E+0000	-2.68177869778809E-0003
 3.66978532282805E+0000	-2.81766661230224E-0003
 3.67540028628557E+0000	-2.86210093088725E-0003
 3.68101536733840E+0000	-2.81424119450186E-0003
 3.68664489298565E+0000	-2.67488169296989E-0003
 3.69230314545374E+0000	-2.44640869584428E-0003
 3.69800440482781E+0000	-2.13282478965968E-0003
 3.70376302034981E+0000	-1.73987019235082E-0003
 3.70959348580232E+0000	-1.27528664267315E-0003
 3.71551045937427E+0000	-7.49286302171462E-0004
 3.72152860067051E+0000	-1.75287863707349E-0004
 3.72766199647183E+0000	 4.29070805893844E-0004
 3.73392284378666E+0000	 1.04079270082112E-0003
 3.74031905273863E+0000	 1.63071442457932E-0003
 3.74685071528733E+0000	 2.16391061735734E-0003
 3.75350615771812E+0000	 2.60242277806283E-0003
 3.76025940554634E+0000	 2.91087222789944E-0003
 3.76707138698637E+0000	 3.06377991561404E-0003
 3.77389578491926E+0000	 3.05142370428405E-0003
 3.78068742611234E+0000	 2.88105833672113E-0003
 3.78740923337132E+0000	 2.57313485734922E-0003
 3.79403514060953E+0000	 2.15524626339574E-0003
 3.80054938481709E+0000	 1.65698937751115E-0003
 3.80694427897768E+0000	 1.10709934213011E-0003
 3.81321819356882E+0000	 5.32374557507965E-0004
 3.81937428539908E+0000	-4.26713070053682E-0005
 3.82541970790753E+0000	-5.96116561159644E-0004
 3.83136489963774E+0000	-1.10902637880922E-0003
 3.83722277171719E+0000	-1.56577989443153E-0003
 3.84300784105416E+0000	-1.95418270913490E-0003
 3.84873543484251E+0000	-2.26534003335557E-0003
 3.85442105746510E+0000	-2.49335807847412E-0003
 3.86007994546362E+0000	-2.63496597504067E-0003
 3.86572679007523E+0000	-2.68913110790707E-0003
 3.87137559027960E+0000	-2.65670970987598E-0003
 3.87703960327399E+0000	-2.54015118120179E-0003
 3.88273137114610E+0000	-2.34326540326692E-0003
 3.88846281167919E+0000	-2.07106638859999E-0003
 3.89424535990109E+0000	-1.72971781341412E-0003
 3.90009013065078E+0000	-1.32661774173280E-0003
 3.90600804169013E+0000	-8.70660119645716E-0004
 3.91200979929816E+0000	-3.72688828118890E-0004
 3.91810561773123E+0000	 1.53889396474149E-0004
 3.92430453665629E+0000	 6.92441820876450E-0004
 3.93061323116217E+0000	 1.22259704764784E-0003
 3.93703429263009E+0000	 1.72018224886373E-0003
 3.94356412458874E+0000	 2.15799504414576E-0003
 3.95019088623577E+0000	 2.50779532597545E-0003
 3.95689329225525E+0000	 2.74364822242581E-0003
 3.96364125260705E+0000	 2.84608659167889E-0003
 3.97039882505824E+0000	 2.80575064724770E-0003
 3.97712875005879E+0000	 2.62503230493306E-0003
 3.98379694600539E+0000	 2.31727350440467E-0003
 3.99037571746884E+0000	 1.90434093097527E-0003
 3.99684550840522E+0000	 1.41367428111177E-0003
 4.00319555918990E+0000	 8.75334767925409E-0004
 4.00942364720404E+0000	 3.19201960608578E-0004
 4.01553494536223E+0000	-2.27428774792480E-0004
 4.02154022700050E+0000	-7.41498673420967E-0004
 4.02745386114580E+0000	-1.20492968082614E-0003
 4.03329201623211E+0000	-1.60459392868647E-0003
 4.03907129147375E+0000	-1.93179765636259E-0003
 4.04480780047951E+0000	-2.18155467119588E-0003
 4.05051662805453E+0000	-2.35183043385806E-0003
 4.05621155991279E+0000	-2.44284532340437E-0003
 4.06190500600774E+0000	-2.45646794882537E-0003
 4.06760806814449E+0000	-2.39570701477385E-0003
 4.07333072313069E+0000	-2.26431106210323E-0003
 4.07908209750017E+0000	-2.06649494215483E-0003
 4.08487080104148E+0000	-1.80681776942836E-0003
 4.09070527224966E+0000	-1.49023238625021E-0003
 4.09659407906628E+0000	-1.12231226133314E-0003
 4.10254611721439E+0000	-7.09646618749306E-0004
 4.10857064991030E+0000	-2.60387305090050E-0004
 4.11467712154228E+0000	 2.15069876322617E-0004
 4.12087464089760E+0000	 7.03301387655374E-0004
 4.12717097597643E+0000	 1.18706963223312E-0003
 4.13357088831081E+0000	 1.64479222355962E-0003
 4.14007377159927E+0000	 2.05075567636366E-0003
 4.14667095913378E+0000	 2.37671211718038E-0003
 4.15334365986326E+0000	 2.59526128688702E-0003
 4.16006282719686E+0000	 2.68459368517936E-0003
 4.16679175948264E+0000	 2.63314654142202E-0003
 4.17349096398463E+0000	 2.44243634671416E-0003
 4.18012380405112E+0000	 2.12713057074084E-0003
 4.18666137312557E+0000	 1.71251672633405E-0003
 4.19308550291907E+0000	 1.23021497333890E-0003
 4.19938940110792E+0000	 7.13346138750901E-0004
 4.20557615641205E+0000	 1.92425225759643E-0004
 4.21165600350175E+0000	-3.07204282285746E-0004
 4.21764338190685E+0000	-7.66316296973022E-0004
 4.22355447872436E+0000	-1.17156686516415E-0003
 4.22940549318261E+0000	-1.51462847694189E-0003
 4.23521157056654E+0000	-1.79110675681524E-0003
 4.24098625269996E+0000	-1.99946950165850E-0003
 4.24674130061454E+0000	-2.14009077657970E-0003
 4.25248678455717E+0000	-2.21445234672454E-0003
 4.25823136644621E+0000	-2.22452620431756E-0003
 4.26398271050581E+0000	-2.17235710394711E-0003
 4.26974795713936E+0000	-2.05985488164862E-0003
 4.27553419671579E+0000	-1.88878939249299E-0003
 4.28134889206566E+0000	-1.66096444556578E-0003
 4.28720021792032E+0000	-1.37854266008908E-0003
 4.29309729944766E+0000	-1.04450559821431E-0003
 4.29905032575715E+0000	-6.63255921602827E-0004
 4.30507047939411E+0000	-2.41383125994921E-0004
 4.31116956249988E+0000	 2.11402346887615E-0004
 4.31735913346416E+0000	 6.81236918424243E-0004
 4.32364893925408E+0000	 1.14920040093899E-0003
 4.33004452261503E+0000	 1.59099979234179E-0003
 4.33654420972278E+0000	 1.97790771784453E-0003
 4.34313626103639E+0000	 2.27955799735826E-0003
 4.34979750510575E+0000	 2.46857720183639E-0003
 4.35649467445065E+0000	 2.52595924154329E-0003
 4.36318863980512E+0000	 2.44533167448318E-0003
 4.36984042168519E+0000	 2.23452941877234E-0003
 4.37641715228820E+0000	 1.91395562021170E-0003
 4.38289627383937E+0000	 1.51236194803931E-0003
 4.38926698445022E+0000	 1.06151784952064E-0003
 4.39552904056690E+0000	 5.91451044894692E-0004
 4.40168994409338E+0000	 1.27367547306850E-0004
 4.40776175512841E+0000	-3.11568920326475E-0004
 4.41375837645660E+0000	-7.12061183357137E-0004
 4.41969363370241E+0000	-1.06572424917075E-0003
 4.42558013736491E+0000	-1.36783539183852E-0003
 4.43142878358088E+0000	-1.61608547241850E-0003
 4.43724873253244E+0000	-1.80949632970858E-0003
 4.44304771514947E+0000	-1.94759398754023E-0003
 4.44883252904460E+0000	-2.02987816306804E-0003
 4.45460959732470E+0000	-2.05558381073186E-0003
 4.46038549076506E+0000	-2.02369064665112E-0003
 4.46616735519096E+0000	-1.93311463783730E-0003
 4.47196322816888E+0000	-1.78302009406975E-0003
 4.47778225496679E+0000	-1.57321776625645E-0003
 4.48363481332054E+0000	-1.30464846949886E-0003
 4.48953253040256E+0000	-9.79976816454327E-0004
 4.49548813052573E+0000	-6.04322808566491E-0004
 4.50151499805271E+0000	-1.86129395371588E-0004
 4.50762629183214E+0000	 2.61911878640974E-0004
 4.51383343880410E+0000	 7.22091533164522E-0004
 4.52014393183481E+0000	 1.17147119689150E-0003
 4.52655864280498E+0000	 1.58278443414439E-0003
 4.53306933105397E+0000	 1.92691323654330E-0003
 4.53965742390309E+0000	 2.17687163274744E-0003
 4.54629501336098E+0000	 2.31238854634888E-0003
 4.55294819541215E+0000	 2.32364183680206E-0003
 4.55958190677126E+0000	 2.21293727365772E-0003
 4.56616493297806E+0000	 1.99389214470140E-0003
 4.57267380978579E+0000	 1.68844748803170E-0003
 4.57909471630254E+0000	 1.32264078208086E-0003
 4.58542314543992E+0000	 9.22407963506120E-0004
 4.59166191325079E+0000	 5.10493197637205E-0004
 4.59781847444868E+0000	 1.04914867842955E-0004
 4.60390239876384E+0000	-2.81181802556555E-0004
 4.60992349190676E+0000	-6.38759027879488E-0004
 4.61589070346425E+0000	-9.61702392368598E-0004
 4.62181175116109E+0000	-1.24560822903086E-0003
 4.62769328089728E+0000	-1.48680156262609E-0003
 4.63354133717613E+0000	-1.68171536150547E-0003
 4.63936192729569E+0000	-1.82664378438831E-0003
 4.64516151939018E+0000	-1.91779344284872E-0003
 4.65094739691877E+0000	-1.95151840468009E-0003
 4.65672786622883E+0000	-1.92463846274882E-0003
 4.66251235393432E+0000	-1.83478523943664E-0003
 4.66831143253448E+0000	-1.68076904749666E-0003
 4.67413678702178E+0000	-1.46299174106372E-0003
 4.68000109647634E+0000	-1.18393996066197E-0003
 4.68591776283266E+0000	-8.48778186759346E-0004
 4.69190038130094E+0000	-4.66019039576154E-0004
 4.69796182646829E+0000	-4.81719155965603E-0005
 4.70411285565952E+0000	 3.87842613368770E-0004
 4.71036025648982E+0000	 8.20847981658243E-0004
 4.71670482119685E+0000	 1.22650999327873E-0003
 4.72313974180379E+0000	 1.57956215565491E-0003
 4.72965014527352E+0000	 1.85687636821547E-0003
 4.73621418103089E+0000	 2.04060146839683E-0003
 4.74280545055255E+0000	 2.12049252882844E-0003
 4.74939612478689E+0000	 2.09494332700001E-0003
 4.75596010080051E+0000	 1.97068732517507E-0003
 4.76247571405762E+0000	 1.76131427815370E-0003
 4.76892755329345E+0000	 1.48485090810777E-0003
 4.77530699377405E+0000	 1.16091029170924E-0003
 4.78161140898837E+0000	 8.08135752499868E-0004
 4.78784248348404E+0000	 4.42555594542471E-0004
 4.79400429792822E+0000	 7.70634140263795E-0005
 4.80010177889735E+0000	-2.78179774212416E-0004
 4.80613982716220E+0000	-6.14859782214256E-0004
 4.81212313232977E+0000	-9.25595975734500E-0004
 4.81805646228096E+0000	-1.20331846455785E-0003
 4.82394513403302E+0000	-1.44104898672465E-0003
 4.82979542273203E+0000	-1.63202029813386E-0003
 4.83561478883748E+0000	-1.76998123487230E-0003
 4.84141192232954E+0000	-1.84954415696051E-0003
 4.84719666686589E+0000	-1.86649593502942E-0003
 4.85297989176728E+0000	-1.81806191387799E-0003
 4.85877334879325E+0000	-1.70315492626788E-0003
 4.86458950897894E+0000	-1.52265342746696E-0003
 4.87044133672675E+0000	-1.27974059276605E-0003
 4.87634192930375E+0000	-9.80305298661224E-0004
 4.88230393480194E+0000	-6.33356396747658E-0004
 4.88833867381351E+0000	-2.51332681990270E-0004
 4.89445495429139E+0000	 1.49885483616799E-0004
 4.90065770664927E+0000	 5.51496624249681E-0004
 4.90694675243938E+0000	 9.32990043394690E-0004
 4.91331613978335E+0000	 1.27396834354119E-0003
 4.91975436985702E+0000	 1.55618072300425E-0003
 4.92624547684035E+0000	 1.76521796427652E-0003
 4.93277056260171E+0000	 1.89152522323218E-0003
 4.93930935435419E+0000	 1.93078726709326E-0003
 4.94584164495913E+0000	 1.88393666050269E-0003
 4.95234871658543E+0000	 1.75686476954433E-0003
 4.95881473874492E+0000	 1.55966168571837E-0003
 4.96522781930620E+0000	 1.30526402360237E-0003
 4.97158029605353E+0000	 1.00776334293274E-0003
 4.97786817261683E+0000	 6.80934997828641E-0004
 4.98409005911543E+0000	 3.37458102566318E-0004
 4.99024618274717E+0000	-1.11092591675609E-0005
 4.99633786864000E+0000	-3.53921607531009E-0004
 5.00236754004533E+0000	-6.80445669769083E-0004
 5.00833900760648E+0000	-9.80358653784540E-0004
 5.01425774907816E+0000	-1.24378096784762E-0003
 5.02013099205297E+0000	-1.46169769356286E-0003
 5.02596757471816E+0000	-1.62638779199890E-0003
 5.03177766519910E+0000	-1.73174934972497E-0003
 5.03757244018062E+0000	-1.77350120637841E-0003
 5.04336378817277E+0000	-1.74930214964159E-0003
 5.04916405210463E+0000	-1.65884746104175E-0003
 5.05498578356488E+0000	-1.50399069488708E-0003
 5.06084145396291E+0000	-1.28890967806933E-0003
 5.06674305688125E+0000	-1.02029659507107E-0003
 5.07270154486670E+0000	-7.07505011656146E-0004
 5.07872608350218E+0000	-3.62538725376404E-0004
 5.08482318599042E+0000	 2.58860453267607E-0007
 5.09099590099834E+0000	 3.64919986728741E-0004
 5.09724330737885E+0000	 7.14946852850927E-0004
 5.10356052994651E+0000	 1.03456663760713E-0003
 5.10993928766503E+0000	 1.30980103100918E-0003
 5.11636871968145E+0000	 1.52908252970826E-0003
 5.12283611532314E+0000	 1.68343184502116E-0003
 5.12932733497585E+0000	 1.76649720992742E-0003
 5.13582705613086E+0000	 1.77479933125012E-0003
 5.14231923222665E+0000	 1.70824455322245E-0003
 5.14878804779544E+0000	 1.57056395482508E-0003
 5.15521921050457E+0000	 1.36919338295048E-0003
 5.16160103536525E+0000	 1.11444208108924E-0003
 5.16792486868561E+0000	 8.18323494056332E-0004
 5.17418489350360E+0000	 4.93610742026393E-0004
 5.18037774851723E+0000	 1.53377284029368E-0004
 5.18650234967933E+0000	-1.89150809381970E-0004
 5.19255997474241E+0000	-5.20773995436924E-0004
 5.19855440454705E+0000	-8.28724606102647E-0004
 5.20449189143667E+0000	-1.10124778710644E-0003
 5.21038087268265E+0000	-1.32817789850153E-0003
 5.21623149804310E+0000	-1.50135931569160E-0003
 5.22205509954856E+0000	-1.61486399334946E-0003
 5.22786370592175E+0000	-1.66504540419665E-0003
 5.23366964479762E+0000	-1.65050442163409E-0003
 5.23948522269894E+0000	-1.57203616337427E-0003
 5.24532244001568E+0000	-1.43259832691624E-0003
 5.25119268593444E+0000	-1.23730534115692E-0003
 5.25710636446068E+0000	-9.93414976893189E-0004
 5.26307242958411E+0000	-7.10240040371257E-0004
 5.26909785848826E+0000	-3.98899772251775E-0004
 5.27518715878719E+0000	-7.18453227247435E-0005
 5.28134205711454E+0000	 2.57831192716449E-0004
 5.28756150105424E+0000	 5.77179479080907E-0004
 5.29384199433624E+0000	 8.74051828180411E-0004
 5.30017811586557E+0000	 1.13744688938807E-0003
 5.30656295044255E+0000	 1.35749485872513E-0003
 5.31298818072583E+0000	 1.52526475438303E-0003
 5.31944378374924E+0000	 1.63274311581960E-0003
 5.32591758015671E+0000	 1.67331985157720E-0003
 5.33239513349135E+0000	 1.64283920713444E-0003
 5.33886044235561E+0000	 1.54081972965764E-0003
 5.34529740239026E+0000	 1.37116741247331E-0003
 5.35169145989460E+0000	 1.14195538346829E-0003
 5.35803078664631E+0000	 8.64467023058433E-0004
 5.36430676762636E+0000	 5.52079659328993E-0004
 5.37051408096842E+0000	 2.19382266236847E-0004
 5.37665070897039E+0000	-1.18495601724733E-0004
 5.38271795672122E+0000	-4.46552769577442E-0004
 5.38872034265429E+0000	-7.50674478694440E-0004
 5.39466523818014E+0000	-1.01838230070270E-0003
 5.40056227391163E+0000	-1.23941639120340E-0003
 5.40642263675802E+0000	-1.40605984733974E-0003
 5.41225839289942E+0000	-1.51321841863047E-0003
 5.41808191875038E+0000	-1.55833241843701E-0003
 5.42390545857883E+0000	-1.54120816718532E-0003
 5.42974078312879E+0000	-1.46383354082662E-0003
 5.43559890372644E+0000	-1.33020771346566E-0003
 5.44148979665481E+0000	-1.14618081929085E-0003
 5.44742210983798E+0000	-9.19270611073892E-0004
 5.45340285713028E+0000	-6.58407318816069E-0004
 5.45943714896443E+0000	-3.73567049737859E-0004
 5.46552804208025E+0000	-7.52984946579944E-0005
 5.47167658433678E+0000	 2.25781851036778E-0004
 5.47788206432253E+0000	 5.19393619123356E-0004
 5.48414237158677E+0000	 7.95768366088262E-0004
 5.49045428891696E+0000	 1.04555306051040E-0003
 5.49681352168859E+0000	 1.25952770939148E-0003
 5.50321433717154E+0000	 1.42835792318378E-0003
 5.50964884824393E+0000	 1.54270020407737E-0003
 5.51610623220709E+0000	 1.59395695782311E-0003
 5.52257242318238E+0000	 1.57572045782106E-0003
 5.52903079110505E+0000	 1.48546657624932E-0003
 5.53546383441776E+0000	 1.32570868221878E-0003
 5.54185526302747E+0000	 1.10403973331793E-0003
 5.54819166377732E+0000	 8.32176572092798E-0004
 5.55446338917918E+0000	 5.24604700911780E-0004
 5.56066484738854E+0000	 1.97311623029375E-0004
 5.56679450010603E+0000	-1.33289763491924E-0004
 5.57285468429596E+0000	-4.51341279890111E-0004
 5.57885121552881E+0000	-7.42448338146903E-0004
 5.58479275149576E+0000	-9.94425486609181E-0004
 5.59068999583893E+0000	-1.19777486809754E-0003
 5.59655487753739E+0000	-1.34587069345043E-0003
 5.60239981935219E+0000	-1.43490338025957E-0003
 5.60823714977804E+0000	-1.46367252990194E-0003
 5.61407865930563E+0000	-1.43331059132522E-0003
 5.61993527117865E+0000	-1.34699095679107E-0003
 5.62581678809610E+0000	-1.20964297466757E-0003
 5.63173168360798E+0000	-1.02767010376914E-0003
 5.63768692668959E+0000	-8.08650668046798E-0004
 5.64368785625904E+0000	-5.61000402682818E-0004
 5.64973814728942E+0000	-2.93600023756867E-0004
 5.65583990981577E+0000	-1.54358996605785E-0005
 5.66199391990652E+0000	 2.64658419700653E-0004
 5.66819991026700E+0000	 5.38074616765630E-0004
 5.67445679045192E+0000	 7.96288911817483E-0004
 5.68076265792575E+0000	 1.03056712890932E-0003
 5.68711449719933E+0000	 1.23165274733939E-0003
 5.69350753036368E+0000	 1.38964479767780E-0003
 5.69993430850207E+0000	 1.49433623942812E-0003
 5.70638386289031E+0000	 1.53626097924685E-0003
 5.71284147462280E+0000	 1.50843477182769E-0003
 5.71928957341398E+0000	 1.40827580474844E-0003
 5.72570973769674E+0000	 1.23884265143580E-0003
 5.73208508057582E+0000	 1.00879636676862E-0003
 5.73840213808996E+0000	 7.31235237863875E-0004
 5.74465185882590E+0000	 4.22053567755752E-0004
 5.75082984972901E+0000	 9.83728605844720E-0005
 5.75693618944798E+0000	-2.22776990898078E-0004
 5.76297498015585E+0000	-5.25551912699033E-0004
 5.76895368436208E+0000	-7.96171813170119E-0004
 5.77488229674556E+0000	-1.02353391259241E-0003
 5.78077245191763E+0000	-1.19952483604487E-0003
 5.78663658130218E+0000	-1.31905478168202E-0003
 5.79248719691807E+0000	-1.37988490568317E-0003
 5.79833633022148E+0000	-1.38233018875876E-0003
 5.80419511761078E+0000	-1.32890418314409E-0003
 5.81007350747911E+0000	-1.22394750292360E-0003
 5.81598006189389E+0000	-1.07325991111805E-0003
 5.82192183368518E+0000	-8.83739959819706E-0004
 5.82790431454422E+0000	-6.63029001452631E-0004
 5.83393146712388E+0000	-4.19163908942513E-0004
 5.84000586053490E+0000	-1.60268359662081E-0004
 5.84612890616570E+0000	 1.05656344015835E-0004
 5.85230113802445E+0000	 3.70773444143897E-0004
 5.85852242907573E+0000	 6.27259851213429E-0004
 5.86479202341780E+0000	 8.67011022179690E-0004
 5.87110830145530E+0000	 1.08131533369465E-0003
 5.87746824916461E+0000	 1.26064671907678E-0003
 5.88386665798966E+0000	 1.39475776778520E-0003
 5.89029519175875E+0000	 1.47330023402592E-0003
 5.89674167527045E+0000	 1.48715605129659E-0003
 5.90319016491826E+0000	 1.43036378301317E-0003
 5.90962223154732E+0000	 1.30202251531386E-0003
 5.91601927545255E+0000	 1.10729296375039E-0003
 5.92236504298526E+0000	 8.57005811903407E-0004
 5.92864746275631E+0000	 5.66157441264930E-0004
 5.93485946511662E+0000	 2.52008148085756E-0004
 5.94099898581499E+0000	-6.76552174421198E-0005
 5.94706849620822E+0000	-3.75897070342825E-0004
 5.95307428319364E+0000	-6.57662523481356E-0004
 5.95902558765695E+0000	-9.00491334527697E-0004
 5.96493368320944E+0000	-1.09492797407431E-0003
 5.97081098188671E+0000	-1.23465097229847E-0003
 5.97667023957953E+0000	-1.31637444958754E-0003
 5.98252390082493E+0000	-1.33959072976700E-0003
 5.98838359088904E+0000	-1.30621733781527E-0003
 5.99425974512929E+0000	-1.22019526110298E-0003
 6.00016136016597E+0000	-1.08706982449218E-0003
 6.00609585193977E+0000	-9.13574982099356E-0004
 6.01206900890732E+0000	-7.07234993948733E-0004
 6.01808503512607E+0000	-4.75994957675401E-0004
 6.02414668526573E+0000	-2.27899100115503E-0004
 6.03025548920327E+0000	 2.91447906419928E-0005
 6.03641203376421E+0000	 2.87459733620567E-0004
 6.04261622004745E+0000	 5.39512077468869E-0004
 6.04886738179825E+0000	 7.77659430630283E-0004
 6.05516416705729E+0000	 9.93825485850496E-0004
 6.06150414399651E+0000	 1.17923986507380E-0003
 6.06788315239510E+0000	 1.32439264330589E-0003
 6.07429447772629E+0000	 1.41936758310980E-0003
 6.08072803802829E+0000	 1.45473785813067E-0003
 6.08716997857218E+0000	 1.42311389702164E-0003
 6.09360319682651E+0000	 1.32108583524440E-0003
 6.10000905982174E+0000	 1.15084553491798E-0003
 6.10636991942530E+0000	 9.20682008089392E-0004
 6.11267151515758E+0000	 6.44078582632818E-0004
 6.11890448782399E+0000	 3.37869726764047E-0004
 6.12506482145443E+0000	 2.02027391297218E-0005
 6.13115349966211E+0000	-2.91184100686482E-0004
 6.13717574995661E+0000	-5.80214784949559E-0004
 6.14314012498076E+0000	-8.33302794681555E-0004
 6.14905754974576E+0000	-1.03983053615145E-0003
 6.15494040903367E+0000	-1.19234644911189E-0003
 6.16080172559545E+0000	-1.28653982744404E-0003
 6.16665445822099E+0000	-1.32105316108629E-0003
 6.17251092777333E+0000	-1.29718475339722E-0003
 6.17838236674273E+0000	-1.21852083229017E-0003
 6.18427858547887E+0000	-1.09052425313927E-0003
 6.19020775035819E+0000	-9.20101398555519E-0004
 6.19617626940554E+0000	-7.15168250604013E-0004
 6.20218877871200E+0000	-4.84235691326103E-0004
 6.20824822298357E+0000	-2.36032307611825E-0004
 6.21435602622015E+0000	 2.08126370450916E-0005
 6.22051234224456E+0000	 2.77988525285431E-0004
 6.22671634519718E+0000	 5.27575770694186E-0004
 6.23296647392882E+0000	 7.61941252356553E-0004
 6.23926051677954E+0000	 9.73488306370152E-0004
 6.24559544769539E+0000	 1.15436846736978E-0003
 6.25196699302324E+0000	 1.29630757981942E-0003
 6.25836898205774E+0000	 1.39070531985002E-0003
 6.26479260905109E+0000	 1.42916505250776E-0003
 6.27122586109858E+0000	 1.40458451965801E-0003
 6.27765353188744E+0000	 1.31276813723304E-0003
