 7.60890558375002E-0004	-1.10767365995155E-0003
 6.63841090037217E-0003	-1.25078028335582E-0003
 1.24909863351591E-0002	-1.33657908082428E-0003
 1.83308904821464E-0002	-1.36101713298333E-0003
 2.41709959129342E-0002	-1.32238811856148E-0003
 3.00245076627654E-0002	-1.22144688797576E-0003
 3.59046301607371E-0002	-1.06161316800428E-0003
 4.18240700076192E-0002	-8.49212768206500E-0004
 4.77943054823430E-0002	-5.93642720230668E-0004
 5.38246211390491E-0002	-3.07289906233592E-0004
 5.99210247801613E-0002	-5.01201254195208E-0006
 6.60853146663914E-0002	 2.96939657652454E-0004
 7.23146615451015E-0002	 5.82474033900905E-0004
 7.86019842982641E-0002	 8.37334447240385E-0004
 8.49370875428603E-0002	 1.05038094232566E-0003
 9.13081702227454E-0002	 1.21411223351778E-0003
 9.77031926027470E-0002	 1.32443127967550E-0003
 1.04110780663336E-0001	 1.37995597055477E-0003
 1.10520620700479E-0001	 1.38121013453749E-0003
 1.16923430962209E-0001	 1.32992211460753E-0003
 1.23310635074278E-0001	 1.22859457950579E-0003
 1.29673938697741E-0001	 1.08046467016244E-0003
 1.36005082081967E-0001	 8.89830073376908E-0004
 1.42295964302384E-0001	 6.62526606312999E-0004
 1.48539131394660E-0001	 4.06281748873852E-0004
 1.54728466955465E-0001	 1.30772496014078E-0004
 1.60859902285889E-0001	-1.52651244506680E-0004
 1.66931994896482E-0001	-4.31543241645488E-0004
 1.72946248983665E-0001	-6.93148897605085E-0004
 1.78907105886565E-0001	-9.25253182821916E-0004
 1.84821635601958E-0001	-1.11691800884999E-0003
 1.90699053488298E-0001	-1.25900007269553E-0003
 1.96550208869314E-0001	-1.34444344020645E-0003
 2.02387145988904E-0001	-1.36842176490327E-0003
 2.08222764311954E-0001	-1.32843373102157E-0003
 2.14070539686718E-0001	-1.22444026564844E-0003
 2.19944222929669E-0001	-1.05909173863472E-0003
 2.25857408020558E-0001	-8.38037946463342E-0004
 2.31822861053333E-0001	-5.70243830997213E-0004
 2.37851538291488E-0001	-2.68151211362467E-0004
 2.43951322472205E-0001	 5.25480313008808E-0005
 2.50125683335019E-0001	 3.73771132173122E-0004
 2.56372670521414E-0001	 6.76639303304897E-0004
 2.62684724196660E-0001	 9.43591502103689E-0004
 2.69049571929472E-0001	 1.16044638382107E-0003
 2.75452004397958E-0001	 1.31775242001815E-0003
 2.81875925181665E-0001	 1.41109215021149E-0003
 2.88306074794118E-0001	 1.44049326634911E-0003
 2.94729143619328E-0001	 1.40934687351136E-0003
 3.01134254186217E-0001	 1.32318349141515E-0003
 3.07512881357316E-0001	 1.18856185058876E-0003
 3.13858349190466E-0001	 1.01230094143343E-0003
 3.20165171381330E-0001	 8.01205192075422E-0004
 3.26428551164427E-0001	 5.62231566664197E-0004
 3.32644229796571E-0001	 3.02866638771635E-0004
 3.38808675261690E-0001	 3.14611654309429E-0005
 3.44919487516155E-0001	-2.42630220426320E-0004
 3.50975881090147E-0001	-5.09158862791347E-0004
 3.56979116914212E-0001	-7.57338740874190E-0004
 3.62932768548767E-0001	-9.76392358792653E-0004
 3.68842755373832E-0001	-1.15617229374961E-0003
 3.74717157692815E-0001	-1.28773102420953E-0003
 3.80565897956559E-0001	-1.36375881347692E-0003
 3.86400388604806E-0001	-1.37888516176197E-0003
 3.92233213250019E-0001	-1.32989940461704E-0003
 3.98077851259972E-0001	-1.21596999364344E-0003
 4.03948398862521E-0001	-1.03893219453616E-0003
 4.09859192330918E-0001	-8.03677568748962E-0004
 4.15824205954054E-0001	-5.18616139764913E-0004
 4.21856093846477E-0001	-1.96088898933215E-0004
 4.27964803163143E-0001	 1.47510408847954E-0004
 4.34155850651729E-0001	 4.92245805140054E-0004
 4.40428632047078E-0001	 8.16099961372925E-0004
 4.46775409620250E-0001	 1.09742772186385E-0003
 4.53181635026866E-0001	 1.31792704788246E-0003
 4.59627809961381E-0001	 1.46520354535422E-0003
 4.66092369160096E-0001	 1.53405833496396E-0003
 4.72554644057899E-0001	 1.52622081380245E-0003
 4.78997119973184E-0001	 1.44888259619101E-0003
 4.85406640681627E-0001	 1.31264391906368E-0003
 4.91774558145465E-0001	 1.12943742010945E-0003
 4.98096036516369E-0001	 9.10879110697830E-0004
 5.04368888852980E-0001	 6.67333170465993E-0004
 5.10592397665135E-0001	 4.07724315487902E-0004
 5.16766465989259E-0001	 1.39885638374660E-0004
 5.22891228185280E-0001	-1.28872150347467E-0004
 5.28967065346121E-0001	-3.91229122435642E-0004
 5.34994893178758E-0001	-6.39508834138994E-0004
 5.40976584683136E-0001	-8.65576878473467E-0004
 5.46915398497810E-0001	-1.06099197609442E-0003
 5.52816300077963E-0001	-1.21736323446801E-0003
 5.58686107821301E-0001	-1.32682105896272E-0003
 5.64533463435625E-0001	-1.38249990430693E-0003
 5.70368679890261E-0001	-1.37896732118473E-0003
 5.76203534294611E-0001	-1.31259169440476E-0003
 5.82051047633046E-0001	-1.18188976571642E-0003
 5.87925244647816E-0001	-9.87917707020448E-0004
 5.93840829697733E-0001	-7.34762131279219E-0004
 5.99812656883905E-0001	-4.30146519648678E-0004
 6.05854827974640E-0001	-8.60835344063714E-0005
 6.11979253051514E-0001	 2.80637017126211E-0004
 6.18193621507784E-0001	 6.48515514789840E-0004
 6.24499027981243E-0001	 9.92482037504116E-0004
 6.30887956061752E-0001	 1.28649405570512E-0003
 6.37343673069303E-0001	 1.50740459880091E-0003
 6.43841866852808E-0001	 1.63905344785517E-0003
 6.50354393567261E-0001	 1.67504241194446E-0003
 6.56853904011455E-0001	 1.61911904741820E-0003
 6.63317762292451E-0001	 1.48323258338271E-0003
 6.69730226619223E-0001	 1.28424825962652E-0003
 6.76082728484323E-0001	 1.04052180288736E-0003
 6.82372717550526E-0001	 7.69223647054903E-0004
 6.88601796577654E-0001	 4.84812564197200E-0004
 6.94773822282446E-0001	 1.98616937455268E-0004
 7.00893416580449E-0001	-8.07926020017450E-0005
 7.06965058157404E-0001	-3.46832054701676E-0004
 7.12992718256919E-0001	-5.94057392780603E-0004
 7.18979909173138E-0001	-8.17441318133005E-0004
 7.24930002225615E-0001	-1.01187037442117E-0003
 7.30846688339951E-0001	-1.17190127847783E-0003
 7.36734466075583E-0001	-1.29177824979755E-0003
 7.42599056247995E-0001	-1.36567376833950E-0003
 7.48447677201560E-0001	-1.38808013431534E-0003
 7.54289166032336E-0001	-1.35427088169599E-0003
 7.60133973583908E-0001	-1.26077726433758E-0003
 7.65994073317203E-0001	-1.10587056731607E-0003
 7.71882801967032E-0001	-8.90082906725798E-0004
 7.77814600601297E-0001	-6.16820263209774E-0004
 7.83804557226382E-0001	-2.93109441634653E-0004
 7.89867577415444E-0001	 6.95412824066001E-0005
 7.96016955939839E-0001	 4.54325340191217E-0004
 8.02262161338443E-0001	 8.38751193769574E-0004
 8.08605900567466E-0001	 1.19533769800358E-0003
 8.15041099649319E-0001	 1.49412420972722E-0003
 8.21549151003128E-0001	 1.70724663034885E-0003
 8.28100994315675E-0001	 1.81463096915731E-0003
 8.34661597712326E-0001	 1.80861074069884E-0003
 8.41196493272403E-0001	 1.69527506446263E-0003
 8.47677754102836E-0001	 1.49199969777427E-0003
 8.54087318281570E-0001	 1.22258659613553E-0003
 8.60417227381723E-0001	 9.12186454551053E-0004
 8.66667710038821E-0001	 5.83556293811463E-0004
 8.72844425241507E-0001	 2.55122685387936E-0004
 8.78955854470815E-0001	-5.94434189673118E-0005
 8.85011322461945E-0001	-3.50702909528408E-0004
 8.91019743203230E-0001	-6.12486556551221E-0004
 8.96988991854397E-0001	-8.40842375452315E-0004
 9.02925744267609E-0001	-1.03308414825833E-0003
 9.08835639049020E-0001	-1.18702790621257E-0003
 9.14723651241622E-0001	-1.30045185406257E-0003
 9.20594589143107E-0001	-1.37079768486938E-0003
 9.26453629703459E-0001	-1.39511871072543E-0003
 9.32306809635213E-0001	-1.37025613677296E-0003
 9.38161407432190E-0001	-1.29319673528991E-0003
 9.44026185924346E-0001	-1.16155346511611E-0003
 9.49911497014801E-0001	-9.74126140810059E-0004
 9.55829258883244E-0001	-7.31534163391692E-0004
 9.61792790806836E-0001	-4.36948168274057E-0004
 9.67816431946664E-0001	-9.69603942872124E-0005
 9.73914785251242E-0001	 2.77400485950428E-0004
 9.80101338856618E-0001	 6.69620775520613E-0004
 9.86386191729055E-0001	 1.05696867646266E-0003
 9.92772793723518E-0001	 1.41077710838291E-0003
 9.99254195542690E-0001	 1.69871559945957E-0003
 1.00581027961767E+0000	 1.88973251209259E-0003
 1.01240814464076E+0000	 1.96099880752671E-0003
 1.01900701711686E+0000	 1.90422847674099E-0003
 1.02556647174663E+0000	 1.72805452721136E-0003
 1.03205437333289E+0000	 1.45510654801455E-0003
 1.03845124349643E+0000	 1.11559539876882E-0003
 1.04475030569548E+0000	 7.40661303740461E-0004
 1.05095470092029E+0000	 3.57752334500140E-0004
 1.05707385960237E+0000	-1.14945660668532E-0005
 1.06312032293572E+0000	-3.51507874739859E-0004
 1.06910747202959E+0000	-6.52028641542824E-0004
 1.07504812796334E+0000	-9.06984797614066E-0004
 1.08095381472416E+0000	-1.11334291444160E-0003
 1.08683447568996E+0000	-1.27008832478576E-0003
 1.09269848959599E+0000	-1.37737827146863E-0003
 1.09855289048756E+0000	-1.43587189198146E-0003
 1.10440373603231E+0000	-1.44623873987798E-0003
 1.11025658150922E+0000	-1.40886039033849E-0003
 1.11611700748760E+0000	-1.32374558263125E-0003
 1.12199113503179E+0000	-1.19066672357816E-0003
 1.12788606176473E+0000	-1.00950114325151E-0003
 1.13381016917599E+0000	-7.80743301350955E-0004
 1.13977327142192E+0000	-5.06158248527681E-0004
 1.14578657634032E+0000	-1.89568724772705E-0004
 1.15186239452448E+0000	 1.62211876954363E-0004
 1.15801345922650E+0000	 5.38302764433502E-0004
 1.16425162599964E+0000	 9.22628935007248E-0004
 1.17058566700083E+0000	 1.29305746334144E-0003
 1.17701800488374E+0000	 1.62147258594706E-0003
 1.18354077047782E+0000	 1.87582026212668E-0003
 1.19013260753938E+0000	 2.02501094588081E-0003
 1.19675861396709E+0000	 2.04626955579788E-0003
 1.20337527751700E+0000	 1.93225284388989E-0003
 1.20993945048444E+0000	 1.69403216641840E-0003
 1.21641733276165E+0000	 1.35799092083787E-0003
 1.22278940525825E+0000	 9.58549210184562E-0004
 1.22905030877543E+0000	 5.30628465544111E-0004
 1.23520550800807E+0000	 1.04586183103728E-0004
 1.24126715727798E+0000	-2.95922014854243E-0004
 1.24725063998912E+0000	-6.54029537405802E-0004
 1.25317220564312E+0000	-9.58746237284293E-0004
 1.25904756593258E+0000	-1.20375680382400E-0003
 1.26489115900534E+0000	-1.38627738407343E-0003
 1.27071582776516E+0000	-1.50608742724563E-0003
 1.27653274217616E+0000	-1.56474357741058E-0003
 1.28235147130644E+0000	-1.56494495854771E-0003
 1.28818016466282E+0000	-1.51002049513094E-0003
 1.29402583163721E+0000	-1.40353007947876E-0003
 1.29989471139827E+0000	-1.24899793951659E-0003
 1.30579270738263E+0000	-1.04981315409894E-0003
 1.31172583442934E+0000	-8.09328310611688E-0004
 1.31770061010042E+0000	-5.31166087392658E-0004
 1.32372432191764E+0000	-2.19721430811580E-0004
 1.32980510758709E+0000	 1.19161135954207E-0004
 1.33595177324968E+0000	 4.77352624047954E-0004
 1.34217322928689E+0000	 8.43477079853955E-0004
 1.34847735257756E+0000	 1.20192416694182E-0003
 1.35486904242756E+0000	 1.53212271776002E-0003
 1.36134735236343E+0000	 1.80866902691205E-0003
 1.36790204574856E+0000	 2.00320720224581E-0003
 1.37451082357297E+0000	 2.08884303093423E-0003
 1.38113933924824E+0000	 2.04675879658778E-0003
 1.38774571851305E+0000	 1.87268424147575E-0003
 1.39428884680345E+0000	 1.57967266221645E-0003
 1.40073680735930E+0000	 1.19524404274320E-0003
 1.40707161908222E+0000	 7.54511363791671E-0004
 1.41328917329744E+0000	 2.92946557636091E-0004
 1.41939603766363E+0000	-1.58537128896275E-0004
 1.42540545468731E+0000	-5.75678455686384E-0004
 1.43133398885860E+0000	-9.40966172263656E-0004
 1.43719924931125E+0000	-1.24277204438113E-0003
 1.44301855023318E+0000	-1.47422379452847E-0003
 1.44880821324821E+0000	-1.63216249989789E-0003
 1.45458324961030E+0000	-1.71629703284858E-0003
 1.46035724273171E+0000	-1.72855496565058E-0003
 1.46614232648003E+0000	-1.67258733141972E-0003
 1.47194920990025E+0000	-1.55337826832941E-0003
 1.47778723632918E+0000	-1.37692244165871E-0003
 1.48366448520069E+0000	-1.14995572634206E-0003
 1.48958792606486E+0000	-8.79750755920072E-0004
 1.49556361712441E+0000	-5.74007346669162E-0004
 1.50159691470786E+0000	-2.40868223336122E-0004
 1.50769264110605E+0000	 1.10925974888760E-0004
 1.51385515298279E+0000	 4.71747221813904E-0004
 1.52008824835900E+0000	 8.30669443059142E-0004
 1.52639482405128E+0000	 1.17495891749019E-0003
 1.53277614331930E+0000	 1.48953787407736E-0003
 1.53923054095746E+0000	 1.75663226724301E-0003
 1.54575148907892E+0000	 1.95604677657994E-0003
 1.55232530928154E+0000	 2.06671552939628E-0003
 1.55892946579280E+0000	 2.07004679044303E-0003
 1.56553293923234E+0000	 1.95475099187575E-0003
 1.57209984189312E+0000	 1.72145147227365E-0003
 1.57859572495646E+0000	 1.38457732368812E-0003
 1.58499403419988E+0000	 9.70128581432410E-0004
 1.59127990894971E+0000	 5.10358514163588E-0004
 1.59745034728662E+0000	 3.79829423937542E-0005
 1.60351180562429E+0000	-4.17983255301063E-0004
 1.60947696924960E+0000	-8.34191527622298E-0004
 1.61536190860545E+0000	-1.19324752663269E-0003
 1.62118406541763E+0000	-1.48311210054826E-0003
 1.62696102548243E+0000	-1.69621540741515E-0003
 1.63270986053221E+0000	-1.82861073341882E-0003
 1.63844681860734E+0000	-1.87929704725668E-0003
 1.64418719591347E+0000	-1.84973214154610E-0003
 1.64994527899106E+0000	-1.74351097033836E-0003
 1.65573428861094E+0000	-1.56616719769517E-0003
 1.66156628669559E+0000	-1.32505271517299E-0003
 1.66745202864003E+0000	-1.02925257930143E-0003
 1.67340075756762E+0000	-6.89498616929893E-0004
 1.67941994478445E+0000	-3.18050254466636E-0004
 1.68551498636377E+0000	 7.14892734306303E-0005
 1.69168888101420E+0000	 4.64458175349521E-0004
 1.69794194727038E+0000	 8.45550866757207E-0004
 1.70427166845735E+0000	 1.19934013117202E-0003
 1.71067272644620E+0000	 1.51079725186909E-0003
 1.71713715897315E+0000	 1.76565116838299E-0003
 1.72365440711498E+0000	 1.95052677927078E-0003
 1.73021098120564E+0000	 2.05307511314696E-0003
 1.73678973129644E+0000	 2.06258906703297E-0003
 1.74336922682440E+0000	 1.97157787310450E-0003
 1.74992417699716E+0000	 1.77822949608329E-0003
 1.75642763474396E+0000	 1.48881779777584E-0003
 1.76285474243564E+0000	 1.11862581153660E-0003
 1.76918664632452E+0000	 6.90520456207607E-0004
 1.77541297171622E+0000	 2.31636603622409E-0004
 1.78153214587251E+0000	-2.30419676937874E-0004
 1.78755001090086E+0000	-6.70549696614001E-0004
 1.79347770122909E+0000	-1.06780393522138E-0003
 1.79932960021188E+0000	-1.40586097286622E-0003
 1.80512177177973E+0000	-1.67279241410989E-0003
 1.81087092948938E+0000	-1.86052572501720E-0003
 1.81659384307638E+0000	-1.96427264587866E-0003
 1.82230704167600E+0000	-1.98205986282280E-0003
 1.82802668659094E+0000	-1.91441458607096E-0003
 1.83376851294933E+0000	-1.76421346665221E-0003
 1.83954776060446E+0000	-1.53668220960153E-0003
 1.84537902554198E+0000	-1.23952072365445E-0003
 1.85127596567524E+0000	-8.83113856144168E-0004
 1.85725079490455E+0000	-4.80762113122021E-0004
 1.86331350809564E+0000	-4.88229425262800E-0005
 1.86947081994992E+0000	 3.93410397965373E-0004
 1.87572490838507E+0000	 8.24326618700905E-0004
 1.88207225021432E+0000	 1.22133000042843E-0003
 1.88850305525276E+0000	 1.56290021017236E-0003
 1.89500182260855E+0000	 1.83095332893387E-0003
 1.90154912449251E+0000	 2.01266722327944E-0003
 1.90812399315455E+0000	 2.10101327810815E-0003
 1.91470584771479E+0000	 2.09396422013531E-0003
 1.92127525115108E+0000	 1.99319213276935E-0003
 1.92781369122167E+0000	 1.80328419681770E-0003
 1.93430326859236E+0000	 1.53192030140755E-0003
 1.94072712924301E+0000	 1.19059744846691E-0003
 1.94707080768146E+0000	 7.95024390390132E-0004
 1.95332391911775E+0000	 3.64542644157185E-0004
 1.95948139567074E+0000	-7.94083901044008E-0005
 1.96554378814193E+0000	-5.15228184814838E-0004
 1.97151668309191E+0000	-9.22860986523223E-0004
 1.97740961688581E+0000	-1.28491319481283E-0003
 1.98323489720977E+0000	-1.58715344443691E-0003
 1.98900659771405E+0000	-1.81855924432011E-0003
 1.99473982815708E+0000	-1.97111769834525E-0003
 2.00045027379239E+0000	-2.03955063769098E-0003
 2.00615394722114E+0000	-2.02107789399905E-0003
 2.01186708126371E+0000	-1.91528636634104E-0003
 2.01760609055670E+0000	-1.72414376302042E-0003
 2.02338752768497E+0000	-1.45218021152839E-0003
 2.02922794795014E+0000	-1.10684946558568E-0003
 2.03514357110394E+0000	-6.99061521917052E-0004
 2.04114959080357E+0000	-2.43831179265844E-0004
 2.04725895168122E+0000	 2.39114301354686E-0004
 2.05348044517611E+0000	 7.25104559885460E-0004
 2.05981618025866E+0000	 1.18523840229985E-0003
 2.06625898416487E+0000	 1.58870419619903E-0003
 2.07279098123900E+0000	 1.90695877555637E-0003
 2.07938484980347E+0000	 2.11883412090436E-0003
 2.08600820065001E+0000	 2.21435002973079E-0003
 2.09262943149865E+0000	 2.19515455769378E-0003
 2.09922225440420E+0000	 2.07157490485184E-0003
 2.10576722171598E+0000	 1.85836720303491E-0003
 2.11225073991091E+0000	 1.57143985756314E-0003
 2.11866321342502E+0000	 1.22644529512678E-0003
 2.12499766270502E+0000	 8.38782499215810E-0004
 2.13124926299501E+0000	 4.24069408066275E-0004
 2.13741555202170E+0000	-1.62278941088622E-0006
 2.14349681963110E+0000	-4.22006718666810E-0004
 2.14949631138973E+0000	-8.21158393234432E-0004
 2.15542012028145E+0000	-1.18418346740068E-0003
 2.16127682832094E+0000	-1.49776719151194E-0003
 2.16707703391988E+0000	-1.75052186738701E-0003
 2.17283288887387E+0000	-1.93314242768898E-0003
 2.17855772216615E+0000	-2.03843104496759E-0003
 2.18426578159740E+0000	-2.06126498697975E-0003
 2.18997209119123E+0000	-1.99857689059903E-0003
 2.19569240124435E+0000	-1.84940727903120E-0003
 2.20144319212571E+0000	-1.61508269085545E-0003
 2.20724167391269E+0000	-1.29957076975730E-0003
 2.21310569186157E+0000	-9.10062039104596E-0004
 2.21905339196670E+0000	-4.57814113430362E-0004
 2.22510241492465E+0000	 4.07612096860860E-0005
 2.23126828698343E+0000	 5.62939138470061E-0004
 2.23756164989528E+0000	 1.07894424837038E-0003
 2.24398425037409E+0000	 1.55262541263011E-0003
 2.25052452990797E+0000	 1.94489681663627E-0003
 2.25715516145251E+0000	 2.22064006403184E-0003
 2.26383557210809E+0000	 2.35730507918645E-0003
 2.27052017840770E+0000	 2.35066679158545E-0003
 2.27716854226858E+0000	 2.21390442820024E-0003
 2.28375193932203E+0000	 1.97096354947768E-0003
 2.29025416018518E+0000	 1.64883610646552E-0003
 2.29666849852265E+0000	 1.27245357712389E-0003
 2.30299394709542E+0000	 8.62850659131883E-0004
 2.30923237131947E+0000	 4.37425536176003E-0004
 2.31538701522051E+0000	 1.09529879084825E-0005
 2.32146199226572E+0000	-4.03465024216712E-0004
 2.32746228722247E+0000	-7.93807217028805E-0004
 2.33339391914446E+0000	-1.14889388640791E-0003
 2.33926408163938E+0000	-1.45838382561673E-0003
 2.34508120034682E+0000	-1.71288639034002E-0003
 2.35085491531355E+0000	-1.90410541213393E-0003
 2.35659602199024E+0000	-2.02497382755334E-0003
 2.36231640723439E+0000	-2.06977095095281E-0003
 2.36802900891041E+0000	-2.03423707854786E-0003
 2.37374781580654E+0000	-1.91571581734080E-0003
 2.37948791029677E+0000	-1.71336694983891E-0003
 2.38526553768344E+0000	-1.42850487072300E-0003
 2.39109815789665E+0000	-1.06513120186982E-0003
 2.39700438642339E+0000	-6.30742270452249E-0004
 2.40300364528295E+0000	-1.37488334315469E-0004
 2.40911520443120E+0000	 3.96299333943798E-0004
 2.41535611055770E+0000	 9.44406471332888E-0004
 2.42173740227935E+0000	 1.47155452761785E-0003
 2.42825840460208E+0000	 1.93429123306230E-0003
 2.43490045214943E+0000	 2.28617889973541E-0003
 2.44162403556368E+0000	 2.48828450231421E-0003
 2.44837423683932E+0000	 2.52143067997681E-0003
 2.45509435624202E+0000	 2.39231303623693E-0003
 2.46173998036283E+0000	 2.12870417586144E-0003
 2.46828536084818E+0000	 1.76789502733954E-0003
 2.47472138390247E+0000	 1.34629784730575E-0003
 2.48104978729550E+0000	 8.94153875078923E-0004
 2.48727776403737E+0000	 4.34591376945762E-0004
 2.49341446861182E+0000	-1.51807712074549E-0005
 2.49946927428046E+0000	-4.42169146758433E-0004
 2.50545115984880E+0000	-8.36127748183466E-0004
 2.51136868570898E+0000	-1.18852566814583E-0003
 2.51723021701873E+0000	-1.49191555374858E-0003
 2.52304421208526E+0000	-1.73960251617882E-0003
 2.52881949348152E+0000	-1.92551664983947E-0003
 2.53456547372745E+0000	-2.04421561599746E-0003
 2.54029233502820E+0000	-2.09096854676790E-0003
 2.54601117579629E+0000	-2.06189462894638E-0003
 2.55173414154721E+0000	-1.95414976486915E-0003
 2.55747455629232E+0000	-1.76617426210766E-0003
 2.56324706230573E+0000	-1.49803508191960E-0003
 2.56906775816133E+0000	-1.15191914032301E-0003
 2.57495428997667E+0000	-7.32859885570994E-0004
 2.58092578405441E+0000	-2.49803248876590E-0004
 2.58700238566683E+0000	 2.82879996961843E-0004
 2.59320396111269E+0000	 8.43413831081747E-0004
 2.59954724725791E+0000	 1.40046636311809E-0003
 2.60604061900908E+0000	 1.91191723202435E-0003
 2.61267640576025E+0000	 2.32694007275313E-0003
 2.61942338690987E+0000	 2.59450894547084E-0003
 2.62622595903962E+0000	 2.67850474700865E-0003
 2.63301571370387E+0000	 2.57196519759373E-0003
 2.63973115530488E+0000	 2.29924225830813E-0003
 2.64633242718719E+0000	 1.90415927638283E-0003
 2.65280348694349E+0000	 1.43419399577569E-0003
 2.65914561903309E+0000	 9.30154081693160E-0004
 2.66536942925801E+0000	 4.22895832924687E-0004
 2.67148904194966E+0000	-6.57954873323119E-0005
 2.67751891539050E+0000	-5.20955089914512E-0004
 2.68347248539987E+0000	-9.32241793613411E-0004
 2.68936182756174E+0000	-1.29224884108391E-0003
 2.69519780675539E+0000	-1.59534691301078E-0003
 2.70099042242262E+0000	-1.83695488091438E-0003
 2.70674920524031E+0000	-2.01312369267517E-0003
 2.71248359961143E+0000	-2.12034206083204E-0003
 2.71820330626391E+0000	-2.15549869624653E-0003
 2.72391857977519E+0000	-2.11595763647655E-0003
 2.72964048693088E+0000	-1.99972179114696E-0003
 2.73538113716597E+0000	-1.80567789270620E-0003
 2.74115389603634E+0000	-1.53393604054783E-0003
 2.74697358429931E+0000	-1.18630092686070E-0003
 2.75285664296391E+0000	-7.66941066919103E-0004
 2.75882119657998E+0000	-2.83356107984293E-0004
 2.76488685005846E+0000	 2.52229444481023E-0004
 2.77107387197868E+0000	 8.20933935508888E-0004
 2.77740111908297E+0000	 1.39480826395467E-0003
 2.78388172176143E+0000	 1.93458342795572E-0003
 2.79051566969649E+0000	 2.38950502137769E-0003
 2.79728028104654E+0000	 2.70287668697665E-0003
 2.80412412772865E+0000	 2.82637864833725E-0003
 2.81097349880060E+0000	 2.73916911788646E-0003
 2.81775336273155E+0000	 2.45815837149776E-0003
 2.82440956194873E+0000	 2.02968135002413E-0003
 2.83091724941716E+0000	 1.51018338748405E-0003
 2.83727539080320E+0000	 9.50502348187232E-0004
 2.84349661015133E+0000	 3.89447707459254E-0004
 2.84959901434819E+0000	-1.46056394527639E-0004
 2.85560147835725E+0000	-6.38320287747091E-0004
 2.86152152321658E+0000	-1.07603273457532E-0003
 2.86737466603671E+0000	-1.45198825794371E-0003
 2.87317448435724E+0000	-1.76148687523398E-0003
 2.87893298273375E+0000	-2.00128227793923E-0003
 2.88466106078295E+0000	-2.16893317613147E-0003
 2.89036899125714E+0000	-2.26244370090935E-0003
 2.89606686877666E+0000	-2.28011357750590E-0003
 2.90176501415775E+0000	-2.22054565273358E-0003
 2.90747433134872E+0000	-2.08277824932476E-0003
 2.91320662035618E+0000	-1.86652668504876E-0003
 2.91897485155297E+0000	-1.57253586824870E-0003
 2.92479340259349E+0000	-1.20306703363147E-0003
 2.93067824392932E+0000	-7.62568560270262E-0004
 2.93664702251765E+0000	-2.58614141803010E-0004
 2.94271891574633E+0000	 2.96773740005523E-0004
 2.94891397331206E+0000	 8.85286720067402E-0004
 2.95525138830695E+0000	 1.47995015775480E-0003
 2.96174575108263E+0000	 2.04259363778101E-0003
 2.96840016137239E+0000	 2.52269524367602E-0003
 2.97519624532464E+0000	 2.86106127544009E-0003
 2.98208538637626E+0000	 3.00265866469351E-0003
 2.98899110129208E+0000	 2.91753086765325E-0003
 2.99582907542760E+0000	 2.61668964612188E-0003
 3.00253404179175E+0000	 2.14786658824025E-0003
 3.00907376229630E+0000	 1.57458013014175E-0003
 3.01544511304955E+0000	 9.56057315099731E-0004
 3.02166236199478E+0000	 3.37896116412080E-0004
 3.02774694551555E+0000	-2.48545163908392E-0004
 3.03372141835201E+0000	-7.83153597790667E-0004
 3.03960669634693E+0000	-1.25362197192409E-0003
 3.04542117479503E+0000	-1.65267931822871E-0003
 3.05118074648192E+0000	-1.97613240273145E-0003
 3.05689919743678E+0000	-2.22156424611987E-0003
 3.06258873480830E+0000	-2.38750838755994E-0003
 3.06826054017455E+0000	-2.47296114852135E-0003
 3.07392530400468E+0000	-2.47714104590745E-0003
 3.07959372287285E+0000	-2.39943899586896E-0003
 3.08527695143979E+0000	-2.23952613985531E-0003
 3.09098700544845E+0000	-1.99760318791828E-0003
 3.09673711246403E+0000	-1.67479112008176E-0003
 3.10254200213692E+0000	-1.27368150206613E-0003
 3.10841811255752E+0000	-7.99087512096980E-0004
 3.11438365491314E+0000	-2.59063935996412E-0004
 3.12045840881941E+0000	 3.33709201019204E-0004
 3.12666298641468E+0000	 9.60079817752723E-0004
 3.13301706376213E+0000	 1.59209791564924E-0003
 3.13953572499319E+0000	 2.19054618707217E-0003
 3.14622282351695E+0000	 2.70363529823498E-0003
 3.15306108959664E+0000	 3.07001915789640E-0003
 3.16000244640145E+0000	 3.23066822922874E-0003
 3.16696815526218E+0000	 3.15011025890092E-0003
 3.17386753498806E+0000	 2.83529967424884E-0003
 3.18062713745170E+0000	 2.33456572654703E-0003
 3.18720869026777E+0000	 1.71636557657493E-0003
 3.19360687335236E+0000	 1.04626089699028E-0003
 3.19983671650290E+0000	 3.75207576663078E-0004
 3.20592184038321E+0000	-2.61808995878910E-0004
 3.21188732999576E+0000	-8.42585574458627E-0004
 3.21775645078399E+0000	-1.35382275615891E-0003
 3.22354957181193E+0000	-1.78796903556099E-0003
 3.22928414068851E+0000	-2.14098314699843E-0003
 3.23497509569052E+0000	-2.41083837122078E-0003
 3.24063543260002E+0000	-2.59655690335136E-0003
 3.24627680866991E+0000	-2.69761602827515E-0003
 3.25191013768962E+0000	-2.71362548810005E-0003
 3.25754615726710E+0000	-2.64421697494822E-0003
 3.26319595821157E+0000	-2.48911309900643E-0003
 3.26887146814894E+0000	-2.24836071587103E-0003
 3.27458588065431E+0000	-1.92272847287787E-0003
 3.28035401538786E+0000	-1.51428531537140E-0003
 3.28619257847104E+0000	-1.02719713837674E-0003
 3.29212025693149E+0000	-4.68800655313634E-0004
 3.29815751381348E+0000	 1.48971514352616E-0004
 3.30432583394354E+0000	 8.07754245233234E-0004
 3.31064598564906E+0000	 1.48053608892393E-0003
 3.31713461884822E+0000	 2.12939623977745E-0003
 3.32379836226488E+0000	 2.70423662674403E-0003
 3.33062510122779E+0000	 3.14490014568926E-0003
 3.33757461620674E+0000	 3.39039565484978E-0003
 3.34457573257393E+0000	 3.39704352789671E-0003
 3.35153907198842E+0000	 3.15836161132463E-0003
 3.35838352538903E+0000	 2.71073368701575E-0003
 3.36505858094608E+0000	 2.11800207060329E-0003
 3.37154833465224E+0000	 1.44806542770973E-0003
 3.37786151735204E+0000	 7.57345462924323E-0004
 3.38401912555164E+0000	 8.63764278188870E-0005
 3.39004578994245E+0000	-5.38251299513287E-0004
 3.39596530301705E+0000	-1.10015990596616E-0003
 3.40179884782534E+0000	-1.58977922444487E-0003
 3.40756462459535E+0000	-2.00179857566342E-0003
 3.41327810897978E+0000	-2.33340463620140E-0003
 3.41895256596984E+0000	-2.58310925511665E-0003
 3.42459965254741E+0000	-2.75000050344341E-0003
 3.43023003709745E+0000	-2.83330535271179E-0003
 3.43585400115916E+0000	-2.83219540658713E-0003
 3.44148200254077E+0000	-2.74579361894749E-0003
 3.44712518445497E+0000	-2.57335566042212E-0003
 3.45279581863832E+0000	-2.31461181935196E-0003
 3.45850767020974E+0000	-1.97026927943067E-0003
 3.46427626337652E+0000	-1.54269191403714E-0003
 3.47011900331794E+0000	-1.03679264637576E-0003
 3.47605506340375E+0000	-4.61183889350736E-0004
 3.48210487202187E+0000	 1.70381351061733E-0004
 3.48828892881703E+0000	 8.37310077727776E-0004
 3.49462556244261E+0000	 1.51040833084408E-0003
 3.50112717224403E+0000	 2.15058902879949E-0003
 3.50779464665102E+0000	 2.70915730140490E-0003
 3.51461043112041E+0000	 3.13154589442277E-0003
 3.52153273670047E+0000	 3.36660089031691E-0003
 3.52849620701321E+0000	 3.38117297855188E-0003
 3.53542396942978E+0000	 3.17363988878053E-0003
 3.54224778898349E+0000	 2.77600780434822E-0003
 3.54892397877496E+0000	 2.24162557925355E-0003
 3.55543634656950E+0000	 1.62776262593673E-0003
 3.56178915126895E+0000	 9.83547622820325E-0004
 3.56799779464629E+0000	 3.45824641925548E-0004
 3.57408180534018E+0000	-2.59984153990229E-0004
 3.58006083746379E+0000	-8.17233398182676E-0004
 3.58595285161816E+0000	-1.31535436986046E-0003
 3.59177355947611E+0000	-1.74767871454595E-0003
 3.59753652273756E+0000	-2.10985094752676E-0003
 3.60325356739084E+0000	-2.39874306992277E-0003
 3.60893533265021E+0000	-2.61177066590407E-0003
 3.61459185304686E+0000	-2.74652841846776E-0003
 3.62023311126494E+0000	-2.80067972555502E-0003
 3.62586952287809E+0000	-2.77204588578894E-0003
 3.63151233204012E+0000	-2.65885012114383E-0003
 3.63717390992871E+0000	-2.46008485885422E-0003
 3.64286795194799E+0000	-2.17598752363810E-0003
 3.64860956201389E+0000	-1.80862700582197E-0003
 3.65441519127306E+0000	-1.36261378850330E-0003
 3.66030236569801E+0000	-8.45943537743657E-0004
 3.66628909758997E+0000	-2.70957684548171E-0004
 3.67239284173647E+0000	 3.44653152311877E-0004
 3.67862884561875E+0000	 9.76968883162927E-0004
 3.68500777184600E+0000	 1.59537010433462E-0003
 3.69153255387249E+0000	 2.16292180048249E-0003
 3.69819464785187E+0000	 2.63828109629759E-0003
 3.70497040689814E+0000	 2.98004627237902E-0003
 3.71181949244322E+0000	 3.15415537293945E-0003
 3.71868825967016E+0000	 3.14296742168103E-0003
 3.72551940618823E+0000	 2.95150943752636E-0003
 3.73226423629138E+0000	 2.60614541838679E-0003
 3.73889093047917E+0000	 2.14604930287111E-0003
 3.74538557154321E+0000	 1.61293919224670E-0003
 3.75174803696793E+0000	 1.04395821271268E-0003
 3.75798656438202E+0000	 4.68798285417251E-0004
 3.76411332425471E+0000	-9.02608088638591E-0005
 3.77014159439496E+0000	-6.16997189143625E-0004
 3.77608428949831E+0000	-1.09959784059732E-0003
 3.78195341648015E+0000	-1.52919540750926E-0003
 3.78776008710096E+0000	-1.89876314141107E-0003
 3.79351481888871E+0000	-2.20239322677986E-0003
 3.79922793954693E+0000	-2.43491601267134E-0003
 3.80490997708854E+0000	-2.59178793761102E-0003
 3.81057197198547E+0000	-2.66916944762167E-0003
 3.81622568795658E+0000	-2.66412466962276E-0003
 3.82188372194248E+0000	-2.57489508554970E-0003
 3.82755952098387E+0000	-2.40122151260075E-0003
 3.83326730747678E+0000	-2.14470469025354E-0003
 3.83902190068302E+0000	-1.80919966122255E-0003
 3.84483840901257E+0000	-1.40123105923649E-0003
 3.85073176290121E+0000	-9.30397559213462E-0004
 3.85671606935570E+0000	-4.09712571085609E-0004
 3.86280379559506E+0000	 1.44179129951085E-0004
 3.86900480969873E+0000	 7.10947460371797E-0004
 3.87532527751075E+0000	 1.26668829535150E-0003
 3.88176631474090E+0000	 1.78423311159866E-0003
 3.88832222208257E+0000	 2.23390608165344E-0003
 3.89497836766939E+0000	 2.58534628730568E-0003
 3.90170953718115E+0000	 2.81109716535448E-0003
 3.90848040500173E+0000	 2.89179983713827E-0003
 3.91524946378942E+0000	 2.82113526155106E-0003
 3.92197570903524E+0000	 2.60779002393122E-0003
 3.92862526755211E+0000	 2.27315926931239E-0003
 3.93517523423953E+0000	 1.84610759979083E-0003
 3.94161398775105E+0000	 1.35738345830012E-0003
 3.94793908332994E+0000	 8.35590582471611E-0004
 3.95415432384742E+0000	 3.05229189530673E-0004
 3.96026715939576E+0000	-2.13636145198390E-0004
 3.96628689758775E+0000	-7.04819318235329E-0004
 3.97222372366157E+0000	-1.15518645552334E-0003
 3.97808830496854E+0000	-1.55392944606629E-0003
 3.98389171775253E+0000	-1.89208223543327E-0003
 3.98964549250337E+0000	-2.16227871250744E-0003
 3.99536165785314E+0000	-2.35868727797729E-0003
 4.00105273253400E+0000	-2.47704896782025E-0003
 4.00673165609255E+0000	-2.51476446347799E-0003
 4.01241166432958E+0000	-2.47099800481310E-0003
 4.01810611511360E+0000	-2.34678076224319E-0003
 4.02382826581387E+0000	-2.14509933021019E-0003
 4.02959100445120E+0000	-1.87094990756976E-0003
 4.03540654829547E+0000	-1.53133347278632E-0003
 4.04128614526261E+0000	-1.13517363423950E-0003
 4.04723983354893E+0000	-6.93168786393988E-0004
 4.05327630858361E+0000	-2.17645575338536E-0004
 4.05940288406038E+0000	 2.77462382263892E-0004
 4.06562540880313E+0000	 7.76384112717868E-0004
 4.07194786312980E+0000	 1.26101869854009E-0003
 4.07837131744709E+0000	 1.71041931056674E-0003
 4.08489211263088E+0000	 2.10078952682869E-0003
 4.09149955880207E+0000	 2.40668261899199E-0003
 4.09817402591941E+0000	 2.60388259901783E-0003
 4.10488669712535E+0000	 2.67374322103752E-0003
 4.11160203105974E+0000	 2.60773352492393E-0003
 4.11828285226790E+0000	 2.41019990971263E-0003
 4.12489638272764E+0000	 2.09777163955176E-0003
 4.13141873886329E+0000	 1.69557389508230E-0003
 4.13783638424102E+0000	 1.23216422827548E-0003
 4.14414490314035E+0000	 7.35338907834657E-0004
 4.15034656603302E+0000	 2.29792220203579E-0004
 4.15644798656497E+0000	-2.63613058612592E-0004
 4.16245843793026E+0000	-7.27688924995228E-0004
 4.16838882639690E+0000	-1.14848578387594E-0003
 4.17425109985419E+0000	-1.51488728426580E-0003
 4.18005787656330E+0000	-1.81832197544697E-0003
 4.18582216096480E+0000	-2.05257152996450E-0003
 4.19155708592344E+0000	-2.21363030948252E-0003
 4.19727566180859E+0000	-2.29957929108778E-0003
 4.20299052991571E+0000	-2.31044946897917E-0003
 4.20871372565409E+0000	-2.24805586328179E-0003
 4.21445646660391E+0000	-2.11578573675568E-0003
 4.22022899545305E+0000	-1.91833180742800E-0003
 4.22604052293935E+0000	-1.66138172635435E-0003
 4.23189931842044E+0000	-1.35131188619363E-0003
 4.23781296983591E+0000	-9.94977840526159E-0004
 4.24378877300557E+0000	-5.99722367939651E-0004
 4.24983412486941E+0000	-1.73707854476266E-0004
 4.25595671881233E+0000	 2.73391265925878E-0004
 4.26216430626590E+0000	 7.29414946364061E-0004
 4.26846381038457E+0000	 1.17867316762841E-0003
 4.27485965075051E+0000	 1.60117715076957E-0003
 4.28135128264011E+0000	 1.97264603183372E-0003
 4.28793026343399E+0000	 2.26594001636898E-0003
 4.29457775077471E+0000	 2.45452057676593E-0003
 4.30126404213271E+0000	 2.51783839075569E-0003
 4.30795171963833E+0000	 2.44700666308224E-0003
 4.31460220203426E+0000	 2.24783663954095E-0003
 4.32118292824275E+0000	 1.93925753891191E-0003
 4.32767179421850E+0000	 1.54813899208400E-0003
 4.33405768090759E+0000	 1.10354237211967E-0003
 4.34033838949965E+0000	 6.32709972605704E-0004
 4.34651790679771E+0000	 1.59214341371260E-0004
 4.35260413751395E+0000	-2.97441594844295E-0004
 4.35860736101814E+0000	-7.21586351249515E-0004
 4.36453924457042E+0000	-1.10098894930461E-0003
 4.37041217991564E+0000	-1.42649494825392E-0003
 4.37623878439738E+0000	-1.69170945718057E-0003
 4.38203149035520E+0000	-1.89269696103902E-0003
 4.38780219880027E+0000	-2.02766646521032E-0003
 4.39356200069842E+0000	-2.09662147245668E-0003
 4.39932098546446E+0000	-2.10096693974629E-0003
 4.40508816795100E+0000	-2.04308234346083E-0003
 4.41087156883941E+0000	-1.92589523997256E-0003
 4.41667847018597E+0000	-1.75252018185135E-0003
 4.42251583256663E+0000	-1.52605107388111E-0003
 4.42839080917746E+0000	-1.24959471202398E-0003
 4.43431124441679E+0000	-9.26601300821083E-0004
 4.44028602023105E+0000	-5.61493867058377E-0004
 4.44632511755521E+0000	-1.60545280641919E-0004
 4.45243927474350E+0000	 2.67084885439699E-0004
 4.45863912246852E+0000	 7.08272400860775E-0004
 4.46493364748169E+0000	 1.14499990944454E-0003
 4.47132784036809E+0000	 1.55394607078523E-0003
 4.47781957512145E+0000	 1.90725501572534E-0003
 4.48439637464677E+0000	 2.17534975105232E-0003
 4.49103368920769E+0000	 2.33218784983073E-0003
 4.49769676267791E+0000	 2.36173505880534E-0003
 4.50434668469437E+0000	 2.26255125793098E-0003
 4.51094819791910E+0000	 2.04766285077592E-0003
 4.51747536746251E+0000	 1.73998691757964E-0003
 4.52391314919586E+0000	 1.36634433024991E-0003
 4.53025582153620E+0000	 9.52884994683755E-0004
 4.53650433599986E+0000	 5.22759923323608E-0004
 4.54266397368062E+0000	 9.54383691810922E-0005
 4.54874270853574E+0000	-3.13202461893562E-0004
 4.55475014050150E+0000	-6.90571892375656E-0004
 4.56069675356226E+0000	-1.02705223073971E-0003
 4.56659333416791E+0000	-1.31569353265511E-0003
 4.57245048663711E+0000	-1.55187693750223E-0003
 4.57827824675401E+0000	-1.73291615825229E-0003
 4.58408582370501E+0000	-1.85759475589309E-0003
 4.58988150699150E+0000	-1.92566697554252E-0003
 4.59567276469742E+0000	-1.93737857120533E-0003
 4.60146653221826E+0000	-1.89308576045136E-0003
 4.60726964974564E+0000	-1.79305462948697E-0003
 4.61308936575048E+0000	-1.63750169809363E-0003
 4.61893380088856E+0000	-1.42689323380447E-0003
 4.62481227254374E+0000	-1.16247479650737E-0003
 4.63073540667719E+0000	-8.46974835422085E-0004
 4.63671498744405E+0000	-4.85425174884912E-0004
 4.64276349136944E+0000	-8.60532814923621E-0005
 4.64889321071042E+0000	 3.38807877284051E-0004
 4.65511480809179E+0000	 7.71925692598248E-0004
 4.66143513408334E+0000	 1.19081880790750E-0003
 4.66785433535311E+0000	 1.56847736398888E-0003
 4.67436286414047E+0000	 1.87594806555765E-0003
 4.68093987213539E+0000	 2.08711512970575E-0003
 4.68755480987809E+0000	 2.18454670505196E-0003
 4.69417270938347E+0000	 2.16368137331099E-0003
 4.70076103540205E+0000	 2.03292666549724E-0003
 4.70729476627596E+0000	 1.80987296568857E-0003
 4.71375796918632E+0000	 1.51618805975512E-0003
 4.72014262309931E+0000	 1.17365007982517E-0003
 4.72644645732267E+0000	 8.02112036770959E-0004
 4.73267105660183E+0000	 4.18896193792337E-0004
 4.73882059909737E+0000	 3.88217525122559E-0005
 4.74490107008620E+0000	-3.25646589267421E-0004
 4.75091968945225E+0000	-6.64287557565375E-0004
 4.75688439629340E+0000	-9.69009108055300E-0004
 4.76280336564402E+0000	-1.23364944043515E-0003
 4.76868461098685E+0000	-1.45365365751318E-0003
 4.77453574558191E+0000	-1.62564879652465E-0003
 4.78036395324035E+0000	-1.74699092009970E-0003
 4.78617617238999E+0000	-1.81538417672939E-0003
 4.79197944281696E+0000	-1.82866629317972E-0003
 4.79778132194333E+0000	-1.78481865018464E-0003
 4.80359026412987E+0000	-1.68220576149134E-0003
 4.80941587584050E+0000	-1.52000217281137E-0003
 4.81526899688222E+0000	-1.29874419743298E-0003
 4.82116158890516E+0000	-1.02095268129542E-0003
 4.82710641699678E+0000	-6.91796407309484E-0004
 4.83311648199468E+0000	-3.19778507301563E-0004
 4.83920410969441E+0000	 8.25991361005650E-0005
 4.84537956089998E+0000	 4.98335951727612E-0004
 4.85164906532078E+0000	 9.05920587430838E-0004
 4.85801241875359E+0000	 1.28033447320069E-0003
 4.86446079244413E+0000	 1.59560445124280E-0003
 4.87097597623536E+0000	 1.82889221735045E-0003
 4.87753223756188E+0000	 1.96495945804086E-0003
 4.88410073584253E+0000	 1.99894457553429E-0003
 4.89065467171006E+0000	 1.93598629388602E-0003
 4.89717283603464E+0000	 1.78818341968135E-0003
 4.90364054048739E+0000	 1.57084171422745E-0003
 4.91004862254776E+0000	 1.29972344633182E-0003
 4.91639187634526E+0000	 9.89793470026587E-0004
 4.92266785298296E+0000	 6.54995686779822E-0004
 4.92887625969322E+0000	 3.08361658507702E-0004
 4.93501872638583E+0000	-3.79868065956255E-0005
 4.94109862106973E+0000	-3.73019659758358E-0004
 4.94712073973226E+0000	-6.87027159505388E-0004
 4.95309088144475E+0000	-9.71728551973091E-0004
 4.95901542992155E+0000	-1.22018274837543E-0003
 4.96490107390983E+0000	-1.42653597777946E-0003
 4.97075473954204E+0000	-1.58571831454545E-0003
 4.97658372299882E+0000	-1.69321833685360E-0003
 4.98239594233253E+0000	-1.74502875729424E-0003
 4.98820019880795E+0000	-1.73779143247753E-0003
 4.99400635349736E+0000	-1.66911099935951E-0003
 4.99982536522872E+0000	-1.53797673004371E-0003
 5.00566917374484E+0000	-1.34523573606001E-0003
 5.01155042701897E+0000	-1.09408254607590E-0003
 5.01748203921487E+0000	-7.90548144122242E-0004
 5.02347653424605E+0000	-4.43965370850033E-0004
 5.02954509875291E+0000	-6.73410575432619E-0005
 5.03569627267514E+0000	 3.22529700220966E-0004
 5.04193430173457E+0000	 7.05495725419981E-0004
 5.04825741928126E+0000	 1.05938298379508E-0003
 5.05465667822192E+0000	 1.36241832465262E-0003
 5.06111616004883E+0000	 1.59639779585965E-0003
 5.06761503744410E+0000	 1.74954501770424E-0003
 5.07413098811840E+0000	 1.81777344249004E-0003
 5.08064354996410E+0000	 1.80380503266986E-0003
 5.08713606424588E+0000	 1.71483643637056E-0003
 5.09359584846346E+0000	 1.56011560584579E-0003
 5.10001326199271E+0000	 1.34945648129263E-0003
 5.10638065947089E+0000	 1.09287393453541E-0003
 5.11269188939499E+0000	 8.00860861503939E-0004
 5.11894241961515E+0000	 4.84666845419357E-0004
 5.12512975689009E+0000	 1.56186561038521E-0004
 5.13125374571790E+0000	-1.72549674753263E-0004
 5.13731651765745E+0000	-4.90029331737924E-0004
 5.14332212339565E+0000	-7.85769498157287E-0004
 5.14927604453467E+0000	-1.05054129907644E-0003
 5.15518479287228E+0000	-1.27633858950598E-0003
 5.16105570822692E+0000	-1.45623280824396E-0003
 5.16689694560204E+0000	-1.58426748084658E-0003
 5.17271756284894E+0000	-1.65548724544986E-0003
 5.17852760236053E+0000	-1.66611880243185E-0003
 5.18433808859277E+0000	-1.61386649984839E-0003
 5.19016090457900E+0000	-1.49826810823660E-0003
 5.19600853809673E+0000	-1.32106631014530E-0003
 5.20189369217819E+0000	-1.08656707418849E-0003
 5.20782874138456E+0000	-8.01958414282986E-0004
 5.21382499995531E+0000	-4.77541060759991E-0004
 5.21989177183987E+0000	-1.26774240961061E-0004
 5.22603520295553E+0000	 2.34022710096690E-0004
 5.23225707754925E+0000	 5.86508465695252E-0004
 5.23855388192208E+0000	 9.11826376352799E-0004
 5.24491659961354E+0000	 1.19266390655708E-0003
 5.25133161363364E+0000	 1.41536823036440E-0003
 5.25778265619313E+0000	 1.57135903039784E-0003
 5.26425315861405E+0000	 1.65725819802340E-0003
 5.27072807614636E+0000	 1.67378588740761E-0003
 5.27719457397502E+0000	 1.62411794208749E-0003
 5.28364163678375E+0000	 1.51258447894939E-0003
 5.29005921716955E+0000	 1.34423863928085E-0003
 5.29643765601611E+0000	 1.12523905030449E-0003
 5.30276780653416E+0000	 8.63538987925907E-0004
 5.30904180817411E+0000	 5.69277226598568E-0004
 5.31525407753902E+0000	 2.54519171738066E-0004
 5.32140200938843E+0000	-6.75897024771960E-0005
 5.32748610973908E+0000	-3.83890448443007E-0004
 5.33350961985561E+0000	-6.82096360810885E-0004
 5.33947790614065E+0000	-9.51290118840658E-0004
 5.34539789754519E+0000	-1.18206432976530E-0003
 5.35127771938452E+0000	-1.36647611212644E-0003
 5.35712652298480E+0000	-1.49799283749894E-0003
 5.36295442301193E+0000	-1.57153346355089E-0003
 5.36877244014560E+0000	-1.58362692539009E-0003
 5.37459237585999E+0000	-1.53265703318890E-0003
 5.38042658169126E+0000	-1.41914754038831E-0003
 5.38628760624918E+0000	-1.24604469008414E-0003
 5.39218770787140E+0000	-1.01895725603506E-0003
 5.39813822073586E+0000	-7.46303500398942E-0004
 5.40414877390706E+0000	-4.39289643203877E-0004
 5.41022640198234E+0000	-1.11616803622089E-0004
 5.41637466057017E+0000	 2.21191427044295E-0004
 5.42259295512140E+0000	 5.42893444190471E-0004
 5.42887635380143E+0000	 8.37976287748353E-0004
 5.43521609919513E+0000	 1.09315227929634E-0003
 5.44160080783697E+0000	 1.29846597551886E-0003
 5.44801802407207E+0000	 1.44762966673599E-0003
 5.45445557758877E+0000	 1.53751232404865E-0003
 5.46090226212685E+0000	 1.56710943635865E-0003
 5.46734769705316E+0000	 1.53656943563490E-0003
 5.47378165759927E+0000	 1.44679254846184E-0003
 5.48019342703646E+0000	 1.29978643072377E-0003
 5.48657169743502E+0000	 1.09954212824217E-0003
 5.49290524572843E+0000	 8.52902718629095E-0004
 5.49918419504195E+0000	 5.69883288009000E-0004
 5.50540135578560E+0000	 2.63175998726339E-0004
 5.51155310832837E+0000	-5.30093616130567E-0005
 5.51763955880594E+0000	-3.64315114938048E-0004
 5.52366407662317E+0000	-6.57353573044223E-0004
 5.52963255120847E+0000	-9.20349494447931E-0004
 5.53555269235091E+0000	-1.14335719738225E-0003
 5.54143353833939E+0000	-1.31824727208841E-0003
 5.54728517271249E+0000	-1.43865489735452E-0003
 5.55311856149767E+0000	-1.50000160457587E-0003
 5.55894540886215E+0000	-1.49961849607057E-0003
 5.56477795422273E+0000	-1.43694670509329E-0003
 5.57062866422208E+0000	-1.31376952727677E-0003
 5.57650979381492E+0000	-1.13442300121528E-0003
 5.58243280553977E+0000	-9.05922244722563E-0004
 5.58840765795291E+0000	-6.37925308480171E-0004
 5.59444201578498E+0000	-3.42444509419521E-0004
 5.60054049725370E+0000	-3.32290959960866E-0005
 5.60670413785706E+0000	 2.75192933763258E-0004
 5.61293026988455E+0000	 5.68706796151618E-0004
 5.61921294398271E+0000	 8.34793790730508E-0004
 5.62554384619945E+0000	 1.06339068998968E-0003
 5.63191345790623E+0000	 1.24717714785939E-0003
 5.63831207940506E+0000	 1.38124567401333E-0003
 5.64473037297010E+0000	 1.46236265580899E-0003
 5.65115927853976E+0000	 1.48821420310331E-0003
 5.65758944122304E+0000	 1.45705307693634E-0003
 5.66401054060879E+0000	 1.36798856890635E-0003
 5.67041099427871E+0000	 1.22184889804095E-0003
 5.67677836042563E+0000	 1.02224601410447E-0003
 5.68310045450616E+0000	 7.76338670135235E-0004
 5.68936686685635E+0000	 4.94882391508765E-0004
 5.69557036570020E+0000	 1.91442635961907E-0004
 5.70170770857765E+0000	-1.18986743512674E-0004
 5.70777967292320E+0000	-4.21477557586569E-0004
 5.71379047400421E+0000	-7.02331488068641E-0004
 5.71974693129130E+0000	-9.49728958704252E-0004
 5.72565770212463E+0000	-1.15394141766131E-0003
 5.73153273300241E+0000	-1.30731128345275E-0003
 5.73738292179345E+0000	-1.40418940197479E-0003
 5.74321990231450E+0000	-1.44093984389009E-0003
 5.74905584854218E+0000	-1.41604200250354E-0003
 5.75490321545693E+0000	-1.33026694449683E-0003
 5.76077436047488E+0000	-1.18687542404427E-0003
 5.76668101533208E+0000	-9.91765160539476E-0004
 5.77263360990296E+0000	-7.53476636195239E-0004
 5.77864049833935E+0000	-4.82955646864565E-0004
 5.78470720646192E+0000	-1.92988089043027E-0004
 5.79083588573097E+0000	 1.02706903293132E-0004
 5.79702517405636E+0000	 3.90612838123023E-0004
 5.80327057825973E+0000	 6.58534033654256E-0004
 5.80956531369958E+0000	 8.96396390345131E-0004
 5.81590135042552E+0000	 1.09651910734789E-0003
 5.82227033018713E+0000	 1.25334029903703E-0003
 5.82866407251879E+0000	 1.36278026349347E-0003
 5.83507454142217E+0000	 1.42155654774476E-0003
 5.84149334775615E+0000	 1.42679712311287E-0003
 5.84791107259307E+0000	 1.37620577183284E-0003
 5.85431682444123E+0000	 1.26880392617720E-0003
 5.86069838203342E+0000	 1.10598958246545E-0003
 5.86704303063835E+0000	 8.92482078828001E-0004
 5.87333891613966E+0000	 6.36750137849256E-0004
 5.87957654453991E+0000	 3.50698531702595E-0004
 5.88574998631404E+0000	 4.86417438752681E-0005
 5.89185744178747E+0000	-2.54143248924683E-0004
 5.89790108589563E+0000	-5.42847457183874E-0004
 5.90388639800213E+0000	-8.04185833022487E-0004
 5.90982131344107E+0000	-1.02695919819456E-0003
 5.91571546980603E+0000	-1.20222267904440E-0003
 5.92157966558792E+0000	-1.32325412208905E-0003
 5.92742551373541E+0000	-1.38549368877955E-0003
 5.93326520295042E+0000	-1.38655319127208E-0003
 5.93911126479201E+0000	-1.32632156777657E-0003
 5.94497625859126E+0000	-1.20713932349472E-0003
 5.95087231137351E+0000	-1.03397619490965E-0003
 5.95681048478260E+0000	-8.14514642795776E-0004
 5.96279999455558E+0000	-5.59018408029005E-0004
 5.96884738702567E+0000	-2.79868898311903E-0004
 5.97495586550901E+0000	 9.28628302624183E-0006
 5.98112500435073E+0000	 2.94692607838019E-0004
 5.98735102048347E+0000	 5.63707362123979E-0004
 5.99362757591483E+0000	 8.05737283918799E-0004
 5.99994685666306E+0000	 1.01263461243094E-0003
 6.00630056644717E+0000	 1.17851416644254E-0003
 6.01268054491483E+0000	 1.29917424938272E-0003
 6.01907888674947E+0000	 1.37141135658628E-0003
 6.02548760257623E+0000	 1.39252660140454E-0003
 6.03189801612205E+0000	 1.36027065186184E-0003
 6.03830023113956E+0000	 1.27333276030099E-0003
 6.04468302926137E+0000	 1.13223516558320E-0003
 6.05103438993134E+0000	 9.40275088957772E-0004
 6.05734254791285E+0000	 7.04126936690421E-0004
 6.06359731039369E+0000	 4.33866696421058E-0004
 6.06979130045199E+0000	 1.42369294452379E-0004
 6.07592081890394E+0000	-1.55800808611005E-0004
 6.08198612273694E+0000	-4.45730937973526E-0004
 6.08799112081325E+0000	-7.13389954968209E-0004
 6.09394268993039E+0000	-9.46494217615449E-0004
 6.09984988900539E+0000	-1.13495105148948E-0003
 6.10572328067407E+0000	-1.27098486991233E-0003
 6.11157444119514E+0000	-1.34911308814026E-0003
 6.11741563210220E+0000	-1.36611505469839E-0003
 6.12325954950836E+0000	-1.32107609610554E-0003
 6.12911905073176E+0000	-1.21552525988623E-0003
 6.13500676621346E+0000	-1.05363044570160E-0003
 6.14093453001905E+0000	-8.42365916280570E-0004
 6.14691261000169E+0000	-5.91523687541854E-0004
 6.15294880002080E+0000	-3.13415912863932E-0004
 6.15904754849274E+0000	-2.21447356601373E-0005
 6.16520939602057E+0000	 2.67562504292945E-0004
 6.17143099065173E+0000	 5.41750741304088E-0004
 6.17770577173212E+0000	 7.88485485526702E-0004
 6.18402512110032E+0000	 9.98573084334846E-0004
 6.19037957298405E+0000	 1.16560592571727E-0003
 6.19675970727888E+0000	 1.28548407472706E-0003
 6.20315655814276E+0000	 1.35571851608191E-0003
 6.20956156061560E+0000	 1.37480192125776E-0003
 6.21596616344815E+0000	 1.34186483423540E-0003
 6.22236132902189E+0000	 1.25676600839074E-0003
 6.22873722699552E+0000	 1.12061990388484E-0003
 6.23508338459968E+0000	 9.36545050251718E-0004
 6.24138934152031E+0000	 7.10289352894050E-0004
 6.24764563090824E+0000	 4.50464494979656E-0004
 6.25384482675480E+0000	 1.68297498456810E-0004
 6.25998242552053E+0000	-1.23061636035628E-0004
 6.26605737504320E+0000	-4.09549208922113E-0004
 6.27207214292484E+0000	-6.77301051427334E-0004
 6.27803235855802E+0000	-9.13625779568253E-0004
