-7.07914020033014E-0004	 2.26570165051936E-0003
 5.97604209627438E-0003	 2.38648124977985E-0003
 1.26790668972925E-0002	 2.35653648754102E-0003
 1.93509660361877E-0002	 2.17720970312793E-0003
 2.59476746001085E-0002	 1.86983990140679E-0003
 3.24394748081625E-0002	 1.46874891641325E-0003
 3.88129339143230E-0002	 1.01207229727144E-0003
 4.50679647441772E-0002	 5.34862726306398E-0004
 5.12132442022290E-0002	 6.58335330535601E-0005
 5.72622284341959E-0002	-3.73198464491626E-0004
 6.32304508539010E-0002	-7.66581677134638E-0004
 6.91339208527685E-0002	-1.10376064780926E-0003
 7.49882232940321E-0002	-1.37828867119053E-0003
 8.08079934802979E-0002	-1.58701969661717E-0003
 8.66065768998240E-0002	-1.72944119299142E-0003
 9.23957923430254E-0002	-1.80707780038691E-0003
 9.81857876741799E-0002	-1.82290996762549E-0003
 1.03985016682058E-0001	-1.78078454735692E-0003
 1.09800379424792E-0001	-1.68483389422391E-0003
 1.15637559829626E-0001	-1.53895923770949E-0003
 1.21501564763314E-0001	-1.34646511264623E-0003
 1.27397422791789E-0001	-1.10994571565150E-0003
 1.33330947224779E-0001	-8.31514057421881E-0004
 1.39309419247826E-0001	-5.13428788058322E-0004
 1.45342014133678E-0001	-1.59117903249321E-0004
 1.51439777989238E-0001	 2.25465647984285E-0004
 1.57614952381738E-0001	 6.30292762609053E-0004
 1.63879431193857E-0001	 1.03975321160827E-0003
 1.70242156425190E-0001	 1.43163190615452E-0003
 1.76705451585805E-0001	 1.77730255254058E-0003
 1.83260862033645E-0001	 2.04412615585802E-0003
 1.89886061862928E-0001	 2.20076298566023E-0003
 1.96545180554932E-0001	 2.22472428875773E-0003
 2.03194158717582E-0001	 2.10931866662595E-0003
 2.09789868622471E-0001	 1.86618162745127E-0003
 2.16298833524046E-0001	 1.52174799204970E-0003
 2.22701649441269E-0001	 1.10989345157992E-0003
 2.28992454973078E-0001	 6.64722112826628E-0004
 2.35175536531940E-0001	 2.16002413833329E-0004
 2.41261465054283E-0001	-2.12583387234427E-0004
 2.47264050484071E-0001	-6.03398891648454E-0004
 2.53198356962632E-0001	-9.44059591898674E-0004
 2.59079537239511E-0001	-1.22650578055893E-0003
 2.64922164295519E-0001	-1.44618939093357E-0003
 2.70739820872357E-0001	-1.60140990023448E-0003
 2.76544816001554E-0001	-1.69275004769586E-0003
 2.82347982776033E-0001	-1.72254919549666E-0003
 2.88158565942849E-0001	-1.69437266447389E-0003
 2.93984235255495E-0001	-1.61246976767658E-0003
 2.99831264702902E-0001	-1.48125141673490E-0003
 3.05704901318992E-0001	-1.30485269183913E-0003
 3.11609913312668E-0001	-1.08686975780085E-0003
 3.17551260248850E-0001	-8.30367463535422E-0004
 3.23534774852260E-0001	-5.38237982099745E-0004
 3.29567696979495E-0001	-2.13948609296653E-0004
 3.35658866505276E-0001	 1.37348993679133E-0004
 3.41818368100216E-0001	 5.07458910274508E-0004
 3.48056425668736E-0001	 8.83745058511240E-0004
 3.54381383252645E-0001	 1.24806235374058E-0003
 3.60796755813477E-0001	 1.57658808270844E-0003
 3.67297721986069E-0001	 1.84131630752793E-0003
 3.73868123557937E-0001	 2.01385751776119E-0003
 3.80479715871989E-0001	 2.07134452241509E-0003
 3.87095233170312E-0001	 2.00269952944799E-0003
 3.93675115398104E-0001	 1.81235315542149E-0003
 4.00185332646799E-0001	 1.51928853110246E-0003
 4.06602880804754E-0001	 1.15195530957801E-0003
 4.12917213265221E-0001	 7.41829877965428E-0004
 4.19128379015451E-0001	 3.18314767569326E-0004
 4.25243795934149E-0001	-9.39870650180571E-0005
 4.31275193892988E-0001	-4.76019625692711E-0004
 4.37236369183694E-0001	-8.13913766145035E-0004
 4.43141760786411E-0001	-1.09822731096309E-0003
 4.49005613217628E-0001	-1.32316907521128E-0003
 4.54841480032697E-0001	-1.48593980846108E-0003
 4.60661898824170E-0001	-1.58618786493006E-0003
 4.66478153993527E-0001	-1.62552808763842E-0003
 4.72300109176409E-0001	-1.60707267927276E-0003
 4.78136131423547E-0001	-1.53494776045154E-0003
 4.83993145385110E-0001	-1.41380411538116E-0003
 4.89876850487496E-0001	-1.24836563399062E-0003
 4.95792111022117E-0001	-1.04308701181982E-0003
 5.01743492262006E-0001	-8.02008265342666E-0004
 5.07735868725213E-0001	-5.28893141482751E-0004
 5.13774978074508E-0001	-2.27715484880226E-0004
 5.19867745369256E-0001	 9.64942983133841E-0005
 5.26022171533543E-0001	 4.36512811549555E-0004
 5.32246579962788E-0001	 7.81676830774676E-0004
 5.38548061830078E-0001	 1.11684318306022E-0003
 5.44930095659072E-0001	 1.42203718211798E-0003
 5.51389619530683E-0001	 1.67340760239577E-0003
 5.57914345840367E-0001	 1.84602712448714E-0003
 5.64481635165879E-0001	 1.91850580010307E-0003
 5.71060239218664E-0001	 1.87828363525351E-0003
 5.77615159433753E-0001	 1.72547307762869E-0003
 5.84114097558910E-0001	 1.47331362477327E-0003
 5.90532897747459E-0001	 1.14498233453929E-0003
 5.96858064459377E-0001	 7.68427746977400E-0004
 6.03086243747241E-0001	 3.71485268548920E-0004
 6.09221899009756E-0001	-2.13437350975575E-0005
 6.15274580310307E-0001	-3.90296639811804E-0004
 6.21256633974632E-0001	-7.20484454075938E-0004
 6.27181603402417E-0001	-1.00139960799933E-0003
 6.33063229495026E-0001	-1.22624509301010E-0003
 6.38914851924808E-0001	-1.39130490507154E-0003
 6.44749033591897E-0001	-1.49541545726876E-0003
 6.50577296131492E-0001	-1.53951540480227E-0003
 6.56409920466093E-0001	-1.52622645258502E-0003
 6.62255815681860E-0001	-1.45942783561231E-0003
 6.68122486651212E-0001	-1.34381547033948E-0003
 6.74016135482090E-0001	-1.18447076739539E-0003
 6.79941916938534E-0001	-9.86493962155288E-0004
 6.85904338779649E-0001	-7.54776112199898E-0004
 6.91907759393398E-0001	-4.93989817933082E-0004
 6.97956889300574E-0001	-2.08868463798421E-0004
 7.04057153018612E-0001	 9.51899874052210E-0005
 7.10214724442863E-0001	 4.11225651613615E-0004
 7.16436032942204E-0001	 7.29661074095018E-0004
 7.22726574819409E-0001	 1.03735818038261E-0003
 7.29088990720058E-0001	 1.31720798385962E-0003
 7.35520632033166E-0001	 1.54878051440468E-0003
 7.42011251533847E-0001	 1.71048912419482E-0003
 7.48541863735031E-0001	 1.78327775591173E-0003
 7.55085836172070E-0001	 1.75500437258023E-0003
 7.61612523992245E-0001	 1.62391348137450E-0003
 7.68092459762718E-0001	 1.39961716787487E-0003
 7.74502183337179E-0001	 1.10111296159190E-0003
 7.80827049169408E-0001	 7.52823980600350E-0004
 7.87061547498351E-0001	 3.80351716180699E-0004
 7.93207817790257E-0001	 7.25190973652743E-0006
 7.99273431634922E-0001	-3.46731978281191E-0004
 8.05269275311709E-0001	-6.66217537059018E-0004
 8.11207916223205E-0001	-9.39995295238725E-0004
 8.17102497859011E-0001	-1.16052613580138E-0003
 8.22966045094004E-0001	-1.32338495420865E-0003
 8.28811028132456E-0001	-1.42676264694438E-0003
 8.34649065579034E-0001	-1.47104138641546E-0003
 8.40490700572117E-0001	-1.45841210667307E-0003
 8.46345234287616E-0001	-1.39249589195972E-0003
 8.52220636165112E-0001	-1.27794917091835E-0003
 8.58123564072013E-0001	-1.12006364722265E-0003
 8.64059519493427E-0001	-9.24403409170277E-0004
 8.70033137396594E-0001	-6.96543296702793E-0004
 8.76048575664476E-0001	-4.41979306889428E-0004
 8.82109930651242E-0001	-1.66273658838715E-0004
 8.88221564362062E-0001	 1.24527256074036E-0004
 8.94388187838339E-0001	 4.23213320695516E-0004
 9.00614520089472E-0001	 7.20567149107126E-0004
 9.06904363232329E-0001	 1.00457853677582E-0003
 9.13259042755662E-0001	 1.26007954351734E-0003
 9.19675395691118E-0001	 1.46925865039442E-0003
 9.26143844114541E-0001	 1.61344157922264E-0003
 9.32647425157297E-0001	 1.67614320540043E-0003
 9.39162643597730E-0001	 1.64671142415975E-0003
 9.45662402039487E-0001	 1.52327271303313E-0003
 9.52120248796876E-0001	 1.31371921955207E-0003
 9.58514468408606E-0001	 1.03431691215488E-0003
 9.64830689574744E-0001	 7.06611276208209E-0004
 9.71062533498594E-0001	 3.53888795269750E-0004
 9.77210692716164E-0001	-1.73525313217624E-0006
 9.83281218518341E-0001	-3.41131818899719E-0004
 9.89283705105645E-0001	-6.48938715664675E-0004
 9.95229763033675E-0001	-9.13625150808716E-0004
 1.00113190239284E+0000	-1.12717899686982E-0003
 1.00700278262257E+0000	-1.28466385318133E-0003
 1.01285472275094E+0000	-1.38378061338226E-0003
 1.01869936713982E+0000	-1.42447855812334E-0003
 1.02454743502652E+0000	-1.40860617997563E-0003
 1.03040852490262E+0000	-1.33957076864050E-0003
 1.03629098212684E+0000	-1.22198227343653E-0003
 1.04220185949192E+0000	-1.06128247287660E-0003
 1.04814699935392E+0000	-8.63393090407567E-0004
 1.05413124289668E+0000	-6.34442241528811E-0004
 1.06015873573230E+0000	-3.80636681676487E-0004
 1.06623326114046E+0000	-1.08335416858561E-0004
 1.07235849948356E+0000	 1.75647570122347E-0004
 1.07853808476394E+0000	 4.63526993168200E-0004
 1.08477531167361E+0000	 7.45899767093775E-0004
 1.09107236181429E+0000	 1.01115315553074E-0003
 1.09742900723770E+0000	 1.24523373864138E-0003
 1.10384095286757E+0000	 1.43216642394846E-0003
 1.11029828733679E+0000	 1.55564342704523E-0003
 1.11678478769839E+0000	 1.60165876100403E-0003
 1.12327878749068E+0000	 1.56157621457169E-0003
 1.12975576511711E+0000	 1.43453280310283E-0003
 1.13619196262470E+0000	 1.22816617129791E-0003
 1.14256781158741E+0000	 9.57386956286987E-0004
 1.14887012702995E+0000	 6.41785443050260E-0004
 1.15509272001538E+0000	 3.02674779308241E-0004
 1.16123573514193E+0000	-3.93977248000408E-0005
 1.16730430341551E+0000	-3.66293455282382E-0004
 1.17330704107669E+0000	-6.63097667810626E-0004
 1.17925471809738E+0000	-9.18323862254721E-0004
 1.18515922273978E+0000	-1.12375771017492E-0003
 1.19103281955790E+0000	-1.27414004456312E-0003
 1.19688763620979E+0000	-1.36681355869108E-0003
 1.20273530025706E+0000	-1.40138938885830E-0003
 1.20858666239249E+0000	-1.37943993296890E-0003
 1.21445157301199E+0000	-1.30419736089068E-0003
 1.22033871277855E+0000	-1.18023415024162E-0003
 1.22625550312480E+0000	-1.01312022182497E-0003
 1.23220812862550E+0000	-8.09082990532507E-0004
 1.23820168405283E+0000	-5.74727563414910E-0004
 1.24424041936914E+0000	-3.16887804090825E-0004
 1.25032801098990E+0000	-4.26652109724373E-0005
 1.25646775383421E+0000	 2.40325540284933E-0004
 1.26266255324568E+0000	 5.23538007989371E-0004
 1.26891459870200E+0000	 7.96999008716355E-0004
 1.27522463086877E+0000	 1.04891247773445E-0003
 1.28159079898905E+0000	 1.26562603849331E-0003
 1.28800728195575E+0000	 1.43227710139835E-0003
 1.29446310431728E+0000	 1.53435318722869E-0003
 1.30094179111374E+0000	 1.56008141061165E-0003
 1.30742242524134E+0000	 1.50305128426597E-0003
 1.31388214145342E+0000	 1.36409872343550E-0003
 1.32029935689259E+0000	 1.15164123841097E-0003
 1.32665665617913E+0000	 8.80352522383029E-0004
 1.33294251335433E+0000	 5.68787612790567E-0004
 1.33915166567906E+0000	 2.36829379449372E-0004
 1.34528447110942E+0000	-9.63963241269232E-0005
 1.35134575372592E+0000	-4.13887652725555E-0004
 1.35734354971239E+0000	-7.01469063727878E-0004
 1.36328798925531E+0000	-9.48011777480781E-0004
 1.36919040208963E+0000	-1.14536323404068E-0003
 1.37506264569846E+0000	-1.28813318901869E-0003
 1.38091661319754E+0000	-1.37343137990157E-0003
 1.38676386560397E+0000	-1.40060472812732E-0003
 1.39261533988119E+0000	-1.37098517155202E-0003
 1.39848110377974E+0000	-1.28763522118222E-0003
 1.40437015516407E+0000	-1.15507073682902E-0003
 1.41029028851933E+0000	-9.78951873932147E-0004
 1.41624806279261E+0000	-7.65761536412529E-0004
 1.42224889160988E+0000	-5.22525138951629E-0004
 1.42829723697844E+0000	-2.56647121361919E-0004
 1.43439683351646E+0000	 2.40698616759683E-0005
 1.44055082577498E+0000	 3.11203114317679E-0004
 1.44676168704698E+0000	 5.95335927183040E-0004
 1.45303081125169E+0000	 8.65658371279500E-0004
 1.45935773003040E+0000	 1.10974026235809E-0003
 1.46573901389667E+0000	 1.31372755728870E-0003
 1.47216708397924E+0000	 1.46321553500215E-0003
 1.47862936874509E+0000	 1.54492772932103E-0003
 1.48510836981814E+0000	 1.54901108547355E-0003
 1.49158304661290E+0000	 1.47131792160733E-0003
 1.49803139618701E+0000	 1.31479091554936E-0003
 1.50443346663792E+0000	 1.08932836563287E-0003
 1.51077380799866E+0000	 8.10202230483923E-0004
 1.51704272650058E+0000	 4.95712869990778E-0004
 1.52323632489437E+0000	 1.64885954234431E-0004
 1.52935573112214E+0000	-1.64278348553824E-0004
 1.53540599301062E+0000	-4.75877473322996E-0004
 1.54139497695647E+0000	-7.56617654495005E-0004
 1.54733243028936E+0000	-9.95955528139006E-0004
 1.55322924302262E+0000	-1.18603498865865E-0003
 1.55909688518438E+0000	-1.32152953533625E-0003
 1.56494697700921E+0000	-1.39945283433522E-0003
 1.57079094884847E+0000	-1.41896634109307E-0003
 1.57663975559865E+0000	-1.38118892859842E-0003
 1.58250362468983E+0000	-1.28899721153474E-0003
 1.58839183660097E+0000	-1.14679862569753E-0003
 1.59431255844833E+0000	-9.60266750626079E-0004
 1.60027276489789E+0000	-7.36052177111631E-0004
 1.60627827359844E+0000	-4.81516815102887E-0004
 1.61233388600698E+0000	-2.04568045451370E-0004
 1.61844356499550E+0000	 8.63318064158316E-0005
 1.62461052243028E+0000	 3.81951476193248E-0004
 1.63083706561920E+0000	 6.71929675115904E-0004
 1.63712408419519E+0000	 9.44425646886621E-0004
 1.64347015388809E+0000	 1.18602308411998E-0003
 1.64987038441235E+0000	 1.38216128570677E-0003
 1.65631532789737E+0000	 1.51830816132500E-0003
 1.66279043634998E+0000	 1.58188830319540E-0003
 1.66927658442557E+0000	 1.56462410177466E-0003
 1.67575190095137E+0000	 1.46456838748933E-0003
 1.68219458029760E+0000	 1.28700204753399E-0003
 1.68858580200988E+0000	 1.04376908129978E-0003
 1.69491182168725E+0000	 7.51333769643823E-0004
 1.70116477392192E+0000	 4.28346013792147E-0004
 1.70734234071064E+0000	 9.34824886394058E-0005
 1.71344677304003E+0000	-2.36040251913245E-0004
 1.71948374138323E+0000	-5.45264891767924E-0004
 1.72546130461398E+0000	-8.21790345589433E-0004
 1.73138909966212E+0000	-1.05578242938902E-0003
 1.73727774077421E+0000	-1.23985813690557E-0003
 1.74313837489430E+0000	-1.36893352823205E-0003
 1.74898233799451E+0000	-1.44007378521140E-0003
 1.75482086984619E+0000	-1.45235436726293E-0003
 1.76066485919726E+0000	-1.40672660260496E-0003
 1.76652460564599E+0000	-1.30587268634233E-0003
 1.77240960046994E+0000	-1.15403260431680E-0003
 1.77832834598831E+0000	-9.56792295153835E-0004
 1.78428824577067E+0000	-7.20842419991316E-0004
 1.79029559459205E+0000	-4.53749015507884E-0004
 1.79635566592559E+0000	-1.63808488047255E-0004
 1.80247283534115E+0000	 1.39933651873996E-0004
 1.80865061016978E+0000	 4.47461834589025E-0004
 1.81489139696943E+0000	 7.47423743210744E-0004
 1.82119586821027E+0000	 1.02680092794260E-0003
 1.82756191052072E+0000	 1.27091008550379E-0003
 1.83398334218901E+0000	 1.46405955158929E-0003
 1.84044882867917E+0000	 1.59106965763139E-0003
 1.84694158891688E+0000	 1.63955971590823E-0003
 1.85344040357731E+0000	 1.60246582624856E-0003
 1.85992199724088E+0000	 1.47991162112563E-0003
 1.86636420764809E+0000	 1.27962715393206E-0003
 1.87274890743230E+0000	 1.01569985510802E-0003
 1.87906378333278E+0000	 7.06193263154989E-0004
 1.88530269860749E+0000	 3.70547198603831E-0004
 1.89146497440409E+0000	 2.74973695575897E-0005
 1.89755416891398E+0000	-3.06199369587815E-0004
 1.90357683363475E+0000	-6.16323104360956E-0004
 1.90954149711560E+0000	-8.91281254686807E-0004
 1.91545793276965E+0000	-1.12197236552196E-0003
 1.92133666226978E+0000	-1.30158539893006E-0003
 1.92718861500060E+0000	-1.42541486638903E-0003
 1.93302487327662E+0000	-1.49071559482523E-0003
 1.93885645529437E+0000	-1.49659115381250E-0003
 1.94469410910926E+0000	-1.44389804578415E-0003
 1.95054810808975E+0000	-1.33514487308715E-0003
 1.95642805314306E+0000	-1.17436789680616E-0003
 1.96234270092268E+0000	-9.66972872194109E-0004
 1.96829984713095E+0000	-7.19551244293588E-0004
 1.97430629098575E+0000	-4.39707160151261E-0004
 1.98036787953040E+0000	-1.35961533255428E-0004
 1.98648957411738E+0000	 1.82190167125677E-0004
 1.99267540973407E+0000	 5.04025037246339E-0004
 1.99892816740451E+0000	 8.17200278451597E-0004
 2.00524860095139E+0000	 1.10742218709440E-0003
 2.01163419519687E+0000	 1.35851984152283E-0003
 2.01807769134000E+0000	 1.55331459071932E-0003
 2.02456592937128E+0000	 1.67551834584010E-0003
 2.03107974558236E+0000	 1.71246889251739E-0003
 2.03759547844384E+0000	 1.65794342185769E-0003
 2.04408798785385E+0000	 1.51395326071523E-0003
 2.05053429374739E+0000	 1.29069587174896E-0003
 2.05691658047563E+0000	 1.00467483250282E-0003
 2.06322369812857E+0000	 6.75817797108634E-0004
 2.06945108883917E+0000	 3.24660091919240E-0004
 2.07559967419442E+0000	-2.96964485498846E-0005
 2.08167437859943E+0000	-3.70679099398234E-0004
 2.08768276970520E+0000	-6.84589153627186E-0004
 2.09363402690109E+0000	-9.60504507196791E-0004
 2.09953825270824E+0000	-1.19000204160229E-0003
 2.10540604793020E+0000	-1.36686304561684E-0003
 2.11124825117320E+0000	-1.48683548177308E-0003
 2.11707576040257E+0000	-1.54746782097986E-0003
 2.12289938246476E+0000	-1.54799906862762E-0003
 2.12872968259007E+0000	-1.48927921038420E-0003
 2.13457682593973E+0000	-1.37369458849818E-0003
 2.14045041835408E+0000	-1.20507861075539E-0003
 2.14635936511278E+0000	-9.88599144452058E-0004
 2.15231177305348E+0000	-7.30631973624815E-0004
 2.15831491618717E+0000	-4.38655195990134E-0004
 2.16437525832779E+0000	-1.21225679566078E-0004
 2.17049847260173E+0000	 2.11891954134174E-0004
 2.17668932626096E+0000	 5.49406644981964E-0004
 2.18295124253813E+0000	 8.78052656823609E-0004
 2.18928536401846E+0000	 1.18223075169327E-0003
 2.19568908571121E+0000	 1.44413006060193E-0003
 2.20215433235880E+0000	 1.64479666915262E-0003
 2.20866625331132E+0000	 1.76643005837939E-0003
 2.21520324993524E+0000	 1.79564049729831E-0003
 2.22173897692249E+0000	 1.72666663544589E-0003
 2.22824606809712E+0000	 1.56317960431863E-0003
 2.23470034255483E+0000	 1.31778660384628E-0003
 2.24108396320165E+0000	 1.00948254951834E-0003
 2.24738668803711E+0000	 6.60216374870392E-0004
 2.25360536263863E+0000	 2.91820269700981E-0004
 2.25974241019391E+0000	-7.60168675329929E-0005
 2.26580409568907E+0000	-4.26686387778804E-0004
 2.27179904402899E+0000	-7.46812385784644E-0004
 2.27773718016346E+0000	-1.02598597282644E-0003
 2.28362906396245E+0000	-1.25636032287336E-0003
 2.28948551296339E+0000	-1.43226732774772E-0003
 2.29531739837133E+0000	-1.54992205572280E-0003
 2.30113552420718E+0000	-1.60722232454342E-0003
 2.30695053193819E+0000	-1.60362189660461E-0003
 2.31277280174392E+0000	-1.54004697825403E-0003
 2.31861234336754E+0000	-1.41882816407332E-0003
 2.32447868486631E+0000	-1.24362859245703E-0003
 2.33038077754974E+0000	-1.01936245541572E-0003
 2.33632693861873E+0000	-7.52116820584445E-0004
 2.34232484428098E+0000	-4.49113448266016E-0004
 2.34838155764280E+0000	-1.18769693810161E-0004
 2.35450352254602E+0000	 2.29076848029803E-0004
 2.36069638381547E+0000	 5.82750528145956E-0004
 2.36696443480882E+0000	 9.28197046840299E-0004
 2.37330950015387E+0000	 1.24856081457785E-0003
 2.37972921079108E+0000	 1.52432163876528E-0003
 2.38621497838132E+0000	 1.73453963343024E-0003
 2.39275046711099E+0000	 1.85955864274733E-0003
 2.39931168183122E+0000	 1.88484713529015E-0003
 2.40586944773879E+0000	 1.80472156149099E-0003
 2.41239389663531E+0000	 1.62424800327772E-0003
 2.41885932843292E+0000	 1.35832485339415E-0003
 2.42524759093391E+0000	 1.02843904444686E-0003
 2.43154910829562E+0000	 6.58638798844593E-0004
 2.43776194322057E+0000	 2.72178245494039E-0004
 2.44388988858104E+0000	-1.10512326404257E-0004
 2.44994047308807E+0000	-4.72618715962211E-0004
 2.45592335711091E+0000	-8.00918119467194E-0004
 2.46184924020596E+0000	-1.08536159084112E-0003
 2.46772920933016E+0000	-1.31855685393685E-0003
 2.47357439377360E+0000	-1.49530676248494E-0003
 2.47939579937809E+0000	-1.61225978147515E-0003
 2.48520422734680E+0000	-1.66767182812436E-0003
 2.49101021920998E+0000	-1.66125290223823E-0003
 2.49682400000992E+0000	-1.59406557710848E-0003
 2.50265541426443E+0000	-1.46844711647263E-0003
 2.50851386438807E+0000	-1.28793796471323E-0003
 2.51440826959011E+0000	-1.05721497101537E-0003
 2.52034706331047E+0000	-7.82047740943750E-0004
 2.52633823447078E+0000	-4.69319383745480E-0004
 2.53238938590537E+0000	-1.27172125853907E-0004
 2.53850772854452E+0000	 2.34660629698186E-0004
 2.54469985853539E+0000	 6.04313568504379E-0004
 2.55097110230726E+0000	 9.67122493899204E-0004
 2.55732421656737E+0000	 1.30509635980664E-0003
 2.56375738339099E+0000	 1.59702344509254E-0003
 2.57026183163415E+0000	 1.81985371909781E-0003
 2.57682000657346E+0000	 1.95180042305375E-0003
 2.58340563638830E+0000	 1.97681195247770E-0003
 2.58998665439309E+0000	 1.88889916429085E-0003
 2.59653048446477E+0000	 1.69423035426653E-0003
 2.60300963948253E+0000	 1.40983231738758E-0003
 2.60940538981566E+0000	 1.05963346405647E-0003
 2.61570859878172E+0000	 6.69806657859177E-0004
 2.62191836031805E+0000	 2.65101979529824E-0004
 2.62803969243946E+0000	-1.33201747773063E-0004
 2.63408128594448E+0000	-5.07955654407084E-0004
 2.64005377965886E+0000	-8.45950620297103E-0004
 2.64596863462172E+0000	-1.13736087929127E-0003
 2.65183749085777E+0000	-1.37512748716653E-0003
 2.65767184547351E+0000	-1.55442944275601E-0003
 2.66348291276870E+0000	-1.67228721417803E-0003
 2.66928156881539E+0000	-1.72728891944420E-0003
 2.67507832329983E+0000	-1.71940733654008E-0003
 2.68088329333056E+0000	-1.64987283887610E-0003
 2.68670617658277E+0000	-1.52107469925960E-0003
 2.69255623559772E+0000	-1.33647658916927E-0003
 2.69844231164204E+0000	-1.10054990462473E-0003
 2.70437288348911E+0000	-8.18750009588733E-0004
 2.71035616960695E+0000	-4.97583147930883E-0004
 2.71640023625529E+0000	-1.44828632125557E-0004
 2.72251301619011E+0000	 2.30021885150949E-0004
 2.72870206890769E+0000	 6.15089936512165E-0004
 2.73497384700129E+0000	 9.95292742193402E-0004
 2.74133222818242E+0000	 1.35167104431293E-0003
 2.74777622580536E+0000	 1.66141237344125E-0003
 2.75429721903891E+0000	 1.89931529538293E-0003
 2.76087674130587E+0000	 2.04125809674958E-0003
 2.76748642823655E+0000	 2.06933106329845E-0003
 2.77409132464258E+0000	 1.97686242470424E-0003
 2.78065599228751E+0000	 1.77081346065847E-0003
 2.78715092438661E+0000	 1.47015114623702E-0003
 2.79355657514746E+0000	 1.10116786511296E-0003
 2.79986403638127E+0000	 6.92159149943167E-0004
 2.80607325773358E+0000	 2.69416534625837E-0004
 2.81219034146207E+0000	-1.44855333262181E-0004
 2.81822503442341E+0000	-5.33073699684858E-0004
 2.82418888374287E+0000	-8.81931058338444E-0004
 2.83009407754729E+0000	-1.18170953733553E-0003
 2.83595280785552E+0000	-1.42557475960011E-0003
 2.84177696667231E+0000	-1.60898845705716E-0003
 2.84757802433164E+0000	-1.72927190668491E-0003
 2.85336699041256E+0000	-1.78530047284061E-0003
 2.85915440229171E+0000	-1.77729167774920E-0003
 2.86495031978158E+0000	-1.70664985579102E-0003
 2.87076432701558E+0000	-1.57584077100507E-0003
 2.87660555636189E+0000	-1.38828550800747E-0003
 2.88248275395263E+0000	-1.14828298973720E-0003
 2.88840440043611E+0000	-8.60993502058173E-0004
 2.89437887979050E+0000	-5.32538477846900E-0004
 2.90041464898242E+0000	-1.70287090845168E-0004
 2.90652029995103E+0000	 2.16605483121149E-0004
 2.91270432814119E+0000	 6.16390255243308E-0004
 2.91897434933083E+0000	 1.01374412383153E-0003
 2.92533549087197E+0000	 1.38892306463485E-0003
 2.93178783025346E+0000	 1.71765036252902E-0003
 2.93832321181967E+0000	 1.97259589192514E-0003
 2.94492258063619E+0000	 2.12715984776684E-0003
 2.95155570392965E+0000	 2.16127485979818E-0003
 2.95818478354081E+0000	 2.06722051927503E-0003
 2.96477139473173E+0000	 1.85243739687640E-0003
 2.97128379705985E+0000	 1.53763851017225E-0003
 2.97770140567777E+0000	 1.15139947947692E-0003
 2.98401534792445E+0000	 7.24132396015879E-0004
 2.99022627222090E+0000	 2.83706616319008E-0004
 2.99634124025941E+0000	-1.46685494061501E-0004
 3.00237095934894E+0000	-5.48948498890576E-0004
 3.00832781755257E+0000	-9.09587234115644E-0004
 3.01422469028921E+0000	-1.21889839620966E-0003
 3.02007430773329E+0000	-1.47018130619578E-0003
 3.02588896588416E+0000	-1.65909816075410E-0003
 3.03168041864204E+0000	-1.78320262574693E-0003
 3.03745984927221E+0000	-1.84160659852109E-0003
 3.04323786895899E+0000	-1.83474140434653E-0003
 3.04902452512367E+0000	-1.76417416462828E-0003
 3.05482932498628E+0000	-1.63245348610075E-0003
 3.06066129268482E+0000	-1.44297715730407E-0003
 3.06652908140102E+0000	-1.19989684735021E-0003
 3.07244115326847E+0000	-9.08099481456715E-0004
 3.07840601553246E+0000	-5.73328340833317E-0004
 3.08443245764952E+0000	-2.02521306971275E-0004
 3.09052966933981E+0000	 1.95563837039484E-0004
 3.09670703846490E+0000	 6.09415820556806E-0004
 3.10297334752966E+0000	 1.02362422564504E-0003
 3.10933505747854E+0000	 1.41783727706760E-0003
 3.11579349941065E+0000	 1.76646808008844E-0003
 3.12234127075571E+0000	 2.04011753052836E-0003
 3.12895904983349E+0000	 2.20960542136201E-0003
 3.13561497599062E+0000	 2.25243410222411E-0003
 3.14226847015673E+0000	 2.15947727981214E-0003
 3.14887800225145E+0000	 1.93834414656805E-0003
 3.15540938441474E+0000	 1.61130969992583E-0003
 3.16184077629724E+0000	 1.20916899739757E-0003
 3.16816316465717E+0000	 7.64459770361163E-0004
 3.17437776320534E+0000	 3.06672094325517E-0004
 3.18049249215339E+0000	-1.39955899759045E-0004
 3.18651894326859E+0000	-5.56749681285503E-0004
 3.19247029091869E+0000	-9.29954937958071E-0004
 3.19836006291710E+0000	-1.24980948568660E-0003
 3.20420151106950E+0000	-1.50967438740134E-0003
 3.21000733540696E+0000	-1.70534534828424E-0003
 3.21578958751612E+0000	-1.83454972193615E-0003
 3.22155964936170E+0000	-1.89658825129655E-0003
 3.22732823795718E+0000	-1.89207142404324E-0003
 3.23310542285040E+0000	-1.82270860890452E-0003
 3.23890066636091E+0000	-1.69112459437972E-0003
 3.24472290866544E+0000	-1.50069923908514E-0003
 3.25058072148372E+0000	-1.25545046767678E-0003
 3.25648254305434E+0000	-9.60007186937980E-0004
 3.26243697968784E+0000	-6.19742737504570E-0004
 3.26845311221067E+0000	-2.41153417362365E-0004
 3.27454067806687E+0000	 1.67441747966586E-0004
 3.28070991500660E+0000	 5.94852525316590E-0004
 3.28697076382744E+0000	 1.02571005305623E-0003
 3.29333107956846E+0000	 1.43921633103055E-0003
 3.29979360875296E+0000	 1.80862778152792E-0003
 3.30635196935106E+0000	 2.10254978427535E-0003
 3.31298688921560E+0000	 2.28913677456911E-0003
 3.31966512469470E+0000	 2.34319517648398E-0003
 3.32634337565402E+0000	 2.25383081073111E-0003
 3.33297687116701E+0000	 2.02850964747567E-0003
 3.33952874227440E+0000	 1.69090040129130E-0003
 3.34597566962768E+0000	 1.27398278261774E-0003
 3.35230833394689E+0000	 8.12457844397556E-0004
 3.35852840310365E+0000	 3.37497486058861E-0004
 3.36464458051125E+0000	-1.25550918469452E-0004
 3.37066928922136E+0000	-5.57372470441136E-0004
 3.37661645226065E+0000	-9.43894408828179E-0004
 3.38250022499183E+0000	-1.27523814138226E-0003
 3.38833436743431E+0000	-1.54477136249125E-0003
 3.39413198052326E+0000	-1.74837175717098E-0003
 3.39990541943452E+0000	-1.88389377365441E-0003
 3.40566627825555E+0000	-1.95078671676535E-0003
 3.41142539889785E+0000	-1.94980754534142E-0003
 3.41719289538086E+0000	-1.88278380920757E-0003
 3.42297820778286E+0000	-1.75240155431131E-0003
 3.42879021173586E+0000	-1.56201653733277E-0003
 3.43463740970092E+0000	-1.31551370797631E-0003
 3.44052821711581E+0000	-1.01726783263299E-0003
 3.44647132647841E+0000	-6.72282874571608E-0004
 3.45247608290818E+0000	-2.86601513312873E-0004
 3.45855273505928E+0000	 1.31932242051367E-0004
 3.46471233736398E+0000	 5.72521516797047E-0004
 3.47096598260825E+0000	 1.01995437555009E-0003
 3.47732297515073E+0000	 1.45313754697525E-0003
 3.48378763066119E+0000	 1.84432165221778E-0003
 3.49035485305555E+0000	 2.16019484222894E-0003
 3.49700574597055E+0000	 2.36616319157702E-0003
 3.50370594151765E+0000	 2.43405680451939E-0003
 3.51040947551220E+0000	 2.35082123835011E-0003
 3.51706817119099E+0000	 2.12344369741409E-0003
 3.52364220450322E+0000	 1.77682169977137E-0003
 3.53010652641913E+0000	 1.34611226818805E-0003
 3.53645134153660E+0000	 8.68251230702038E-0004
 3.54267867308645E+0000	 3.76179359917272E-0004
 3.54879795192234E+0000	-1.03569701741951E-0004
 3.55482239884822E+0000	-5.50976835221726E-0004
 3.56076666392831E+0000	-9.51596719437068E-0004
 3.56664551614326E+0000	-1.29538675602721E-0003
 3.57247321572318E+0000	-1.57567838031578E-0003
 3.57826326146414E+0000	-1.78839224558979E-0003
 3.58402831333854E+0000	-1.93147443617898E-0003
 3.58978018240390E+0000	-2.00449088171936E-0003
 3.59552984331265E+0000	-2.00831679757444E-0003
 3.60128746453425E+0000	-1.94487378939697E-0003
 3.60706247473967E+0000	-1.81688949564099E-0003
 3.61286369483737E+0000	-1.62768043701574E-0003
 3.61869956432941E+0000	-1.38098727570731E-0003
 3.62457847567862E+0000	-1.08092098965573E-0003
 3.63050919818214E+0000	-7.32103781631192E-0004
 3.63650132150048E+0000	-3.40102249415992E-0004
 3.64256557817964E+0000	 8.77575743502118E-0005
 3.64871381462248E+0000	 5.41147762971359E-0004
 3.65495827506277E+0000	 1.00513095274304E-0003
 3.66130977202023E+0000	 1.45847521753484E-0003
 3.66777435117362E+0000	 1.87258911997374E-0003
 3.67434848906882E+0000	 2.21233904017819E-0003
 3.68101403383639E+0000	 2.44030531655700E-0003
 3.68773580315545E+0000	 2.52503315969616E-0003
 3.69446525144190E+0000	 2.45085089075905E-0003
 3.70115060751236E+0000	 2.22386261620610E-0003
 3.70774876061223E+0000	 1.86999488111879E-0003
 3.71423262556466E+0000	 1.42658105146080E-0003
 3.72059172821420E+0000	 9.32891567581608E-0004
 3.72682833884169E+0000	 4.23753146161870E-0004
 3.73295256432968E+0000	-7.30153690503502E-0005
 3.73897839960949E+0000	-5.36614533253173E-0004
 3.74492121064027E+0000	-9.52168039661729E-0004
 3.75079637462009E+0000	-1.30942305473776E-0003
 3.75661864936835E+0000	-1.60163693254526E-0003
 3.76240193018387E+0000	-1.82474137638867E-0003
 3.76815918087753E+0000	-1.97674628266976E-0003
 3.77390242848664E+0000	-2.05730908175949E-0003
 3.77964277925447E+0000	-2.06739979081266E-0003
 3.78539045479105E+0000	-2.00901162715914E-0003
 3.79115487078044E+0000	-1.88489205846175E-0003
 3.79694479106148E+0000	-1.69829711764152E-0003
 3.80276858792912E+0000	-1.45280205531338E-0003
 3.80863462285135E+0000	-1.15223180262057E-0003
 3.81455172785022E+0000	-8.00800295953263E-0004
 3.82052971541924E+0000	-4.03561209568618E-0004
 3.82657977411185E+0000	 3.27344484724061E-0005
 3.83271451663736E+0000	 4.98318126687237E-0004
 3.83894733593600E+0000	 9.78663691499375E-0004
 3.84529061080739E+0000	 1.45258604548958E-0003
 3.85175228851974E+0000	 1.89085895931610E-0003
 3.85833074520751E+0000	 2.25667586016244E-0003
 3.86500902739514E+0000	 2.50975133069681E-0003
 3.87175156454105E+0000	 2.61501617570707E-0003
 3.87850740429100E+0000	 2.55362558530445E-0003
 3.88522100414867E+0000	 2.33025955108539E-0003
 3.89184556874825E+0000	 1.97156896760740E-0003
 3.89835157705451E+0000	 1.51702273600548E-0003
 3.90472759760347E+0000	 1.00833594141366E-0003
 3.91097599400578E+0000	 4.82369196592676E-0004
 3.91710747690559E+0000	-3.16425546172468E-0005
 3.92313678565502E+0000	-5.12018145701752E-0004
 3.92907999224279E+0000	-9.43374579737843E-0004
 3.93495308076496E+0000	-1.31519232760884E-0003
 3.94077130822913E+0000	-1.62061217811220E-0003
 3.94654896784326E+0000	-1.85554440111541E-0003
 3.95229932664127E+0000	-2.01803701506479E-0003
 3.95803462404763E+0000	-2.10781731789894E-0003
 3.96376609105826E+0000	-2.12593023590989E-0003
 3.96950399256230E+0000	-2.07442060607355E-0003
 3.97525771881838E+0000	-1.95603432083786E-0003
 3.98103596189228E+0000	-1.77394327300117E-0003
 3.98684700965854E+0000	-1.53153076943948E-0003
 3.99269917170528E+0000	-1.23230520020923E-0003
 3.99860131614976E+0000	-8.80035104678256E-0004
 4.00456344380836E+0000	-4.79211645935456E-0004
 4.01059715695244E+0000	-3.59382367592412E-0005
 4.01671579127949E+0000	 4.40687329697674E-0004
 4.02293386449101E+0000	 9.36719048778554E-0004
 4.02926535970917E+0000	 1.43125703310506E-0003
 4.03572029397837E+0000	 1.89473053621837E-0003
 4.04229931380175E+0000	 2.28891926764401E-0003
 4.04898724293665E+0000	 2.57073425495180E-0003
 4.05574875115940E+0000	 2.70118333946561E-0003
 4.06253085429095E+0000	 2.65757466716252E-0003
 4.06927414992803E+0000	 2.44240237678513E-0003
 4.07592770338969E+0000	 2.08252734921201E-0003
 4.08245902127237E+0000	 1.61939660208164E-0003
 4.08885530040706E+0000	 1.09725625832544E-0003
 4.09511874734799E+0000	 5.55177164268123E-0004
 4.10126054798898E+0000	 2.39859165246308E-0005
 4.10729612877666E+0000	-4.73610636959481E-0004
 4.11324224737221E+0000	-9.21612933816814E-0004
 4.11911549215454E+0000	-1.30915332494704E-0003
 4.12493162390387E+0000	-1.62919673673151E-0003
 4.13070533940790E+0000	-1.87758937358039E-0003
 4.13645021197325E+0000	-2.05238672669166E-0003
 4.14217869169048E+0000	-2.15336318617112E-0003
 4.14790212680857E+0000	-2.18162010343091E-0003
 4.15363081203861E+0000	-2.13923674335726E-0003
 4.15937409310487E+0000	-2.02893918110683E-0003
 4.16514056588975E+0000	-1.85379418291595E-0003
 4.17093840397882E+0000	-1.61696809608730E-0003
 4.17677582853780E+0000	-1.32162217046231E-0003
 4.18266169804408E+0000	-9.71040243688162E-0004
 4.18860614348524E+0000	-5.69096317587733E-0004
 4.19462110854091E+0000	-1.21163728905865E-0004
 4.20072056995724E+0000	 3.64461028424409E-0004
 4.20692009807741E+0000	 8.74618064414972E-0004
 4.21323526541427E+0000	 1.38900058981979E-0003
 4.21967828846936E+0000	 1.87810350586599E-0003
 4.22625247490994E+0000	 2.30272928094243E-0003
 4.23294514544071E+0000	 2.61724513812683E-0003
 4.23972212671366E+0000	 2.77853838513230E-0003
 4.24652912240570E+0000	 2.75929951103084E-0003
 4.25330300023736E+0000	 2.55877387246244E-0003
 4.25998821969075E+0000	 2.20317284999036E-0003
 4.26654860219736E+0000	 1.73553486843816E-0003
 4.27296934905124E+0000	 1.20264482427548E-0003
 4.27925209623178E+0000	 6.45979895593220E-0004
 4.28540827462652E+0000	 9.81928613616396E-0005
 4.29145388622531E+0000	-4.16776170624792E-0004
 4.29740632983090E+0000	-8.82146640961827E-0004
 4.30328278850276E+0000	-1.28657901150899E-0003
 4.30909953356067E+0000	-1.62277214037539E-0003
 4.31487167764529E+0000	-1.88644430201443E-0003
 4.32061311155876E+0000	-2.07561453058253E-0003
 4.32633650226673E+0000	-2.19007476578925E-0003
 4.33205331418281E+0000	-2.23096288341504E-0003
 4.33777386225629E+0000	-2.20037834557104E-0003
 4.34350742898743E+0000	-2.10101562468711E-0003
 4.34926248573347E+0000	-1.93582444330084E-0003
 4.35504705271511E+0000	-1.70773989890337E-0003
 4.36086921063496E+0000	-1.41955679402778E-0003
 4.36673773957546E+0000	-1.07404550459521E-0003
 4.37266281032188E+0000	-6.74416241495467E-0004
 4.37865659180005E+0000	-2.25232414024664E-0004
 4.38473356113406E+0000	 2.66149435877426E-0004
 4.39091019257229E+0000	 7.87590763348779E-0004
 4.39720354012713E+0000	 1.31975502986260E-0003
 4.40362805727937E+0000	 1.83375068264356E-0003
 4.41019006363619E+0000	 2.29007136748476E-0003
 4.41688020247007E+0000	 2.64110657521545E-0003
 4.42366670786122E+0000	 2.83968070707886E-0003
 4.43049518982655E+0000	 2.85309668909578E-0003
 4.43729932644190E+0000	 2.67595219165642E-0003
 4.44401860283704E+0000	 2.33245812617986E-0003
 4.45061225578545E+0000	 1.86647594401634E-0003
 4.45706258178648E+0000	 1.32717079054612E-0003
 4.46336999044620E+0000	 7.58618256498536E-0004
 4.46954576959553E+0000	 1.95601470420060E-0004
 4.47560629840019E+0000	-3.36413148944857E-0004
 4.48156953167198E+0000	-8.19622990711567E-0004
 4.48745322383055E+0000	-1.24203165782106E-0003
 4.49327416467340E+0000	-1.59593553424548E-0003
 4.49904790419852E+0000	-1.87682772048880E-0003
 4.50478867534438E+0000	-2.08262424528667E-0003
 4.51050938337572E+0000	-2.21309171995326E-0003
 4.51622162301698E+0000	-2.26937964623823E-0003
 4.52193573347062E+0000	-2.25359615904171E-0003
 4.52766092551330E+0000	-2.16840215577216E-0003
 4.53340552247680E+0000	-2.01663449210780E-0003
 4.53917734961775E+0000	-1.80100385263647E-0003
 4.54498428330133E+0000	-1.52394371880984E-0003
 4.55083493349899E+0000	-1.18770786107111E-0003
 4.55673938442874E+0000	-7.94820444124005E-0004
 4.56270986249198E+0000	-3.48975270408649E-0004
 4.56876113318454E+0000	 1.43538417068378E-0004
 4.57491032892694E+0000	 6.71845543696030E-0004
 4.58117574945737E+0000	 1.21800160752303E-0003
 4.58757397007641E+0000	 1.75439523620644E-0003
 4.59411453862117E+0000	 2.24212276342577E-0003
 4.60079224247365E+0000	 2.63255268169448E-0003
 4.60757925677820E+0000	 2.87494127909075E-0003
 4.61442291797563E+0000	 2.93064360680748E-0003
 4.62125490387476E+0000	 2.78795680055801E-0003
 4.62800966852662E+0000	 2.46714218257840E-0003
 4.63464084508062E+0000	 2.01154753439588E-0003
 4.64112657955613E+0000	 1.47225452982620E-0003
 4.64746507289066E+0000	 8.96066886459712E-0004
 4.65366685614238E+0000	 3.20266260974119E-0004
 4.65974835841494E+0000	-2.27760433791302E-0004
 4.66572794223051E+0000	-7.28850842356210E-0004
 4.67162388570003E+0000	-1.17008718091369E-0003
 4.67745350262317E+0000	-1.54316523595230E-0003
 4.68323281204494E+0000	-1.84320943626737E-0003
 4.68897643143802E+0000	-2.06793318386528E-0003
 4.69469754813438E+0000	-2.21701360901388E-0003
 4.70040792595734E+0000	-2.29157689653028E-0003
 4.70611795698816E+0000	-2.29372937347894E-0003
 4.71183679367102E+0000	-2.22610832211966E-0003
 4.71757260395260E+0000	-2.09146400550247E-0003
 4.72333298383848E+0000	-1.89232023835674E-0003
 4.72912553727247E+0000	-1.63079122422907E-0003
 4.73495859466715E+0000	-1.30865123642150E-0003
 4.74084199459460E+0000	-9.27756980357321E-0004
 4.74678780363088E+0000	-4.90912230997907E-0004
 4.75281079331176E+0000	-3.24718153035456E-0006
 4.75892840900580E+0000	 5.25841363802198E-0004
 4.76515981797775E+0000	 1.08021750312723E-0003
 4.77152340351039E+0000	 1.63426910914546E-0003
 4.77803191588927E+0000	 2.15078697780908E-0003
 4.78468491847603E+0000	 2.58146965375775E-0003
 4.79146014239663E+0000	 2.87309878842272E-0003
 4.79830902351471E+0000	 2.98105235956982E-0003
 4.80516329667666E+0000	 2.88570522188559E-0003
 4.81195298214090E+0000	 2.60085393058600E-0003
 4.81862518897126E+0000	 2.16724292525835E-0003
 4.82515235900028E+0000	 1.63689279884863E-0003
 4.83152910632043E+0000	 1.05927861724137E-0003
 4.83776428643378E+0000	 4.74568047827122E-0004
 4.84387386499343E+0000	-8.74394956073989E-0005
 4.84987636592249E+0000	-6.05776103906536E-0004
 4.85579049929205E+0000	-1.06624385885317E-0003
 4.86163409560090E+0000	-1.45966383735765E-0003
 4.86742368051354E+0000	-1.78058889491903E-0003
 4.87317431652578E+0000	-2.02638526638402E-0003
 4.87889954341346E+0000	-2.19654497420318E-0003
 4.88461136520165E+0000	-2.29211792562296E-0003
 4.89032029052622E+0000	-2.31519413949842E-0003
 4.89603546111781E+0000	-2.26840760908267E-0003
 4.90176491150884E+0000	-2.15447259579328E-0003
 4.90751599451242E+0000	-1.97580014817657E-0003
 4.91329598158633E+0000	-1.73427308364099E-0003
 4.91911280788886E+0000	-1.43127487171081E-0003
 4.92497588625453E+0000	-1.06806772177741E-0003
 4.93089687024031E+0000	-6.46601118996873E-0004
 4.93689020206440E+0000	-1.70814004673959E-0004
 4.94297321608463E+0000	 3.51524005620589E-0004
 4.94916544414740E+0000	 9.06431593510140E-0004
 4.95548655812868E+0000	 1.47096146634429E-0003
 4.96195216432125E+0000	 2.01072548872953E-0003
 4.96856682944547E+0000	 2.47936939742293E-0003
 4.97531518190256E+0000	 2.82293035761750E-0003
 4.98215537634239E+0000	 2.99165860482205E-0003
 4.98902217599609E+0000	 2.95694377073621E-0003
 4.99584283631578E+0000	 2.72335093964285E-0003
 5.00255755854594E+0000	 2.32610134311893E-0003
 5.00913141611441E+0000	 1.81639591842144E-0003
 5.01555365481867E+0000	 1.24591360322234E-0003
 5.02183015066027E+0000	 6.57997379129737E-0004
 5.02797562977801E+0000	 8.54059777633788E-0005
 5.03400837903959E+0000	-4.48541160379837E-0004
 5.03994736948533E+0000	-9.27907663336334E-0004
 5.04581090550801E+0000	-1.34227977633955E-0003
 5.05161604847867E+0000	-1.68536457386529E-0003
 5.05737837636647E+0000	-1.95397883921165E-0003
 5.06311187560299E+0000	-2.14728929849303E-0003
 5.06882889599928E+0000	-2.26618603317348E-0003
 5.07454016821616E+0000	-2.31271311686321E-0003
 5.08025491590418E+0000	-2.28952326831219E-0003
 5.08598110551864E+0000	-2.19936427110325E-0003
 5.09172586939331E+0000	-2.04464349009587E-0003
 5.09749611215687E+0000	-1.82714833188662E-0003
 5.10329927052251E+0000	-1.54801738889986E-0003
 5.10914415095614E+0000	-1.20805440072657E-0003
 5.11504172907973E+0000	-8.08458749581997E-0004
 5.12100576038372E+0000	-3.52024328049857E-0004
 5.12705300637045E+0000	 1.55156540287444E-0004
 5.13320278599391E+0000	 7.01470533837528E-0004
 5.13947538100059E+0000	 1.26713176290608E-0003
 5.14588858328832E+0000	 1.82153911796762E-0003
 5.15245163514236E+0000	 2.32190635771967E-0003
 5.15915672373657E+0000	 2.71570567192409E-0003
 5.16597100615377E+0000	 2.94996240605761E-0003
 5.17283582684258E+0000	 2.98722844220207E-0003
 5.17967869740908E+0000	 2.82052560020316E-0003
 5.18643370009201E+0000	 2.47603317639650E-0003
 5.19305723744634E+0000	 2.00136853770807E-0003
 5.19953115009571E+0000	 1.44920701375498E-0003
 5.20585660506495E+0000	 8.66030476905079E-0004
 5.21204596283741E+0000	 2.88045809569876E-0004
 5.21811664666356E+0000	-2.58474992733597E-0004
 5.22408758307645E+0000	-7.55313257353396E-0004
 5.22997743260140E+0000	-1.19037481957565E-0003
 5.23580378393665E+0000	-1.55616915640568E-0003
 5.24158278949903E+0000	-1.84869266992015E-0003
 5.24732898544021E+0000	-2.06658752351521E-0003
 5.25305519881392E+0000	-2.21045256873964E-0003
 5.25877252767966E+0000	-2.28222228281258E-0003
 5.26449042041644E+0000	-2.28457287854304E-0003
 5.27021689625538E+0000	-2.22035701421946E-0003
 5.27595894482864E+0000	-2.09210906932861E-0003
 5.28172311860341E+0000	-1.90169691707920E-0003
 5.28751629174301E+0000	-1.65021495008234E-0003
 5.29334651209925E+0000	-1.33821026526926E-0003
 5.29922383266641E+0000	-9.66311866563068E-0004
 5.30516098077715E+0000	-5.36304815777582E-0004
 5.31117369510524E+0000	-5.26726554789082E-0005
 5.31728049817500E+0000	 4.75380830153619E-0004
 5.32350153334996E+0000	 1.03147419564978E-0003
 5.32985587446813E+0000	 1.58942260019045E-0003
 5.33635656230096E+0000	 2.11131441419597E-0003
 5.34300306128063E+0000	 2.54826843109984E-0003
 5.34977280173695E+0000	 2.84682687149471E-0003
 5.35661704094087E+0000	 2.96249255095167E-0003
 5.36346770035473E+0000	 2.87587225165017E-0003
 5.37025528229438E+0000	 2.60074389475822E-0003
 5.37692734804727E+0000	 2.17744013994717E-0003
 5.38345647618631E+0000	 1.65734476369699E-0003
 5.38983706317990E+0000	 1.08936781323382E-0003
 5.39607756908764E+0000	 5.13378942781318E-0004
 5.40219361321596E+0000	-4.08491501173375E-0005
 5.40820356529512E+0000	-5.52235729301222E-0004
 5.41412619331248E+0000	-1.00649737048106E-0003
 5.41997952274903E+0000	-1.39452456218530E-0003
 5.42578029064977E+0000	-1.71115215358412E-0003
 5.43154366347355E+0000	-1.95422951843201E-0003
 5.43728307789919E+0000	-2.12386749155051E-0003
 5.44301016754221E+0000	-2.22176908963715E-0003
 5.44873479105239E+0000	-2.25059250502678E-0003
 5.45446520057181E+0000	-2.21333750125700E-0003
 5.46020839124129E+0000	-2.11278871683058E-0003
 5.46597065267747E+0000	-1.95108695004214E-0003
 5.47175830437040E+0000	-1.72952298665684E-0003
 5.47757854819018E+0000	-1.44864909472867E-0003
 5.48344032755633E+0000	-1.10878042396279E-0003
 5.48935505527213E+0000	-7.10924272238415E-0004
 5.49533705512096E+0000	-2.58148086767567E-0004
 5.50140352835887E+0000	 2.42615374916068E-0004
 5.50757376380354E+0000	 7.78352848351680E-0004
 5.51386713451104E+0000	 1.32750040356246E-0003
 5.52029923357760E+0000	 1.85777179078927E-0003
 5.52687562327106E+0000	 2.32568298645937E-0003
 5.53358384440981E+0000	 2.68024367378931E-0003
 5.54038715857447E+0000	 2.87313999364071E-0003
 5.54722622183141E+0000	 2.87390054760893E-0003
 5.55403224224422E+0000	 2.68194369313372E-0003
 5.56074571558046E+0000	 2.32636903482614E-0003
 5.56732907433226E+0000	 1.85382119858984E-0003
 5.57376792251927E+0000	 1.31386957374125E-0003
 5.58006493883578E+0000	 7.49658135596355E-0004
 5.58623263090962E+0000	 1.94758565568407E-0004
 5.59228802149353E+0000	-3.26376012110947E-0004
 5.59824954429044E+0000	-7.96758899451902E-0004
 5.60413543542240E+0000	-1.20520500924368E-0003
 5.60996292908431E+0000	-1.54499556847107E-0003
 5.61574783386088E+0000	-1.81285637704839E-0003
 5.62150428620596E+0000	-2.00814158767449E-0003
 5.62724460862443E+0000	-2.13212328663504E-0003
 5.63297926985833E+0000	-2.18732257827314E-0003
 5.63871697903265E+0000	-2.17685908345187E-0003
 5.64446495627206E+0000	-2.10383893207480E-0003
 5.65022941002003E+0000	-1.97084256344160E-0003
 5.65601621690516E+0000	-1.77960392158413E-0003
 5.66183175076818E+0000	-1.53098100718069E-0003
 5.66768375834986E+0000	-1.22529924662528E-0003
 5.67358214566153E+0000	-8.63111592567270E-0004
 5.67953952446258E+0000	-4.46381554180207E-0004
 5.68557135407481E+0000	 1.99266962141622E-0005
 5.69169546319448E+0000	 5.25882630755224E-0004
 5.69793061561905E+0000	 1.05434602898965E-0003
 5.70429361202580E+0000	 1.57878397802414E-0003
 5.71079437805501E+0000	 2.06206480199508E-0003
 5.71742907441159E+0000	 2.45806427542306E-0003
 5.72417315707647E+0000	 2.71843428112282E-0003
 5.73097911162077E+0000	 2.80506985047003E-0003
 5.73778386728588E+0000	 2.70359432773221E-0003
 5.74452480318932E+0000	 2.42904441759142E-0003
 5.75115521832757E+0000	 2.01929395510216E-0003
 5.75765068315857E+0000	 1.52159342200961E-0003
 5.76400618780070E+0000	 9.81009521196021E-0004
 5.77022951525087E+0000	 4.34675689328770E-0004
 5.77633524536418E+0000	-8.93165447362227E-0005
 5.78234079850010E+0000	-5.70862871063672E-0004
 5.78826421582646E+0000	-9.96280538063910E-0004
 5.79412299864920E+0000	-1.35690470746825E-0003
 5.79993349192091E+0000	-1.64797985558279E-0003
 5.80571052679149E+0000	-1.86778304391836E-0003
 5.81146719827306E+0000	-2.01688128431427E-0003
 5.81721474690269E+0000	-2.09744637371213E-0003
 5.82296256290818E+0000	-2.11258724766371E-0003
 5.82871835341793E+0000	-2.06570186711310E-0003
 5.83448851159468E+0000	-1.95989398801900E-0003
 5.84027870104347E+0000	-1.79753727642215E-0003
 5.84609462335834E+0000	-1.58008862257158E-0003
 5.85194288341992E+0000	-1.30824485174102E-0003
 5.85783182337430E+0000	-9.82503320040444E-0004
 5.86377217378432E+0000	-6.04141670266309E-0004
 5.86977736290407E+0000	-1.76595231051916E-0004
 5.87586330477410E+0000	 2.92811626165743E-0004
 5.88204741829970E+0000	 7.90861217287319E-0004
 5.88834650381189E+0000	 1.29638202037821E-0003
 5.89477300930629E+0000	 1.77871401443060E-0003
 5.90132945715908E+0000	 2.19795910309136E-0003
 5.90800191341750E+0000	 2.50895508407465E-0003
 5.91475556679267E+0000	 2.67039666204164E-0003
 5.92153709594240E+0000	 2.65729188187564E-0003
 5.92828593284658E+0000	 2.47028825682285E-0003
 5.93494953943193E+0000	 2.13522256886173E-0003
 5.94149389762875E+0000	 1.69331446378655E-0003
 5.94790502997631E+0000	 1.18909326219207E-0003
 5.95418436365731E+0000	 6.62189138217740E-0004
 5.96034271595572E+0000	 1.44125136551954E-0004
 5.96639558765593E+0000	-3.41710109871683E-0004
 5.97236023164958E+0000	-7.78849760893295E-0004
 5.97825402720796E+0000	-1.15636974998379E-0003
 5.98409360507472E+0000	-1.46771615128141E-0003
 5.98989435038166E+0000	-1.70977271202093E-0003
 5.99567009117411E+0000	-1.88209345532493E-0003
 6.00143289988508E+0000	-1.98621702349525E-0003
 6.00719300399405E+0000	-2.02500592493566E-0003
 6.01295883798717E+0000	-2.00199190833625E-0003
 6.01873727964875E+0000	-1.92075143109062E-0003
 6.02453410056640E+0000	-1.78437661369692E-0003
 6.03035462463750E+0000	-1.59513723536583E-0003
 6.03620453667285E+0000	-1.35443690321860E-0003
 6.04209073069006E+0000	-1.06314562840341E-0003
 6.04802205041804E+0000	-7.22347633261267E-0004
 6.05400975897849E+0000	-3.34494363962548E-0004
 6.06006756719415E+0000	 9.50859015941496E-0005
 6.06621102081756E+0000	 5.56405440111005E-0004
 6.07245597353033E+0000	 1.03292518314136E-0003
 6.07881578829153E+0000	 1.49993764347026E-0003
 6.08529698444376E+0000	 1.92406316108546E-0003
 6.09189364769718E+0000	 2.26529109141214E-0003
 6.09858238345231E+0000	 2.48308479021898E-0003
 6.10532134415280E+0000	 2.54642841336226E-0003
 6.11205655861078E+0000	 2.44406968135682E-0003
 6.11873441917929E+0000	 2.18877393353454E-0003
 6.12531387937924E+0000	 1.81250915702324E-0003
 6.13177213272184E+0000	 1.35610982552355E-0003
 6.13810315159888E+0000	 8.59722010523244E-0004
 6.14431270752777E+0000	 3.57418571889139E-0004
 6.15041335292780E+0000	-1.24369887784436E-0004
 6.15642082047607E+0000	-5.66353074368128E-0004
 6.16235185042779E+0000	-9.55201120951799E-0004
 6.16822298207084E+0000	-1.28236644875646E-0003
 6.17404987879174E+0000	-1.54310741329992E-0003
 6.17984691832830E+0000	-1.73569946217190E-0003
 6.18562692003322E+0000	-1.86075879688036E-0003
 6.19140097219391E+0000	-1.92060913992757E-0003
 6.19717837482689E+0000	-1.91865226704610E-0003
 6.20296673783006E+0000	-1.85874233532064E-0003
 6.20877227491645E+0000	-1.74460606331225E-0003
 6.21460031105927E+0000	-1.57938789862365E-0003
 6.22045597837642E+0000	-1.36542126936536E-0003
 6.22634502165181E+0000	-1.10432448300587E-0003
 6.23227458455465E+0000	-7.97489932241684E-0004
 6.23825381449266E+0000	-4.46985808152614E-0004
 6.24429410988734E+0000	-5.68358975034047E-0005
 6.25040882286090E+0000	 3.65406067721014E-0004
 6.25661219935558E+0000	 8.06934696956304E-0004
 6.26291729015044E+0000	 1.24810911839696E-0003
 6.26933258766311E+0000	 1.66158391618544E-0003
 6.27585746348583E+0000	 2.01316984376319E-0003
