-1.35872949209816E-0003	-1.16488103358932E-0004
 4.74666409073778E-0003	 1.88586741600055E-0004
 1.09214164780682E-0002	 5.04815345923551E-0004
 1.71713903278041E-0002	 8.15263220915505E-0004
 2.34978394365780E-0002	 1.09964260288838E-0003
 2.98953774390779E-0002	 1.33574660690007E-0003
 3.63504725977132E-0002	 1.50223502165340E-0003
 4.28414825632635E-0002	 1.58251683486873E-0003
 4.93410396654369E-0002	 1.56861286797528E-0003
 5.58205772660048E-0002	 1.46329100919675E-0003
 6.22554163042817E-0002	 1.27926726011517E-0003
 6.86283472711529E-0002	 1.03583925159369E-0003
 7.49306493727767E-0002	 7.54644973999958E-0004
 8.11609883917397E-0002	 4.56200927102484E-0004
 8.73233393073390E-0002	 1.57895065594745E-0004
 9.34248660248988E-0002	-1.26734417836039E-0004
 9.94741953885135E-0002	-3.87887419042259E-0004
 1.05480186236302E-0001	-6.18944298267812E-0004
 1.11451162068446E-0001	-8.15713548782538E-0004
 1.17394545215153E-0001	-9.75645249348785E-0004
 1.23316821652056E-0001	-1.09712552825161E-0003
 1.29223751173233E-0001	-1.17893780481002E-0003
 1.35120721730983E-0001	-1.21994155198975E-0003
 1.41013143882029E-0001	-1.21897568157471E-0003
 1.46906799795944E-0001	-1.17495314151631E-0003
 1.52808095784440E-0001	-1.08709051387529E-0003
 1.58724203118289E-0001	-9.55216982586751E-0004
 1.64663095630284E-0001	-7.80125462866117E-0004
 1.70633498186473E-0001	-5.63954521344261E-0004
 1.76644746625833E-0001	-3.10613696891915E-0004
 1.82706526677177E-0001	-2.62782202446626E-0005
 1.88828406831032E-0001	 2.80032341222433E-0004
 1.95019019004486E-0001	 5.95837618561293E-0004
 2.01284710747312E-0001	 9.04724391794530E-0004
 2.07627575726827E-0001	 1.18640826486250E-0003
 2.14043066187656E-0001	 1.41790182634907E-0003
 2.20517917100967E-0001	 1.57629488777062E-0003
 2.27029620909165E-0001	 1.64306597286094E-0003
 2.33548621616657E-0001	 1.60875916972185E-0003
 2.40043272777696E-0001	 1.47596063720273E-0003
 2.46485862017413E-0001	 1.25887241308530E-0003
 2.52857138618674E-0001	 9.79606025480539E-0004
 2.59147785581566E-0001	 6.63136090757690E-0004
 2.65357182963989E-0001	 3.33069414882994E-0004
 2.71490889713516E-0001	 9.22190046451297E-0006
 2.77558099312235E-0001	-2.93177749775942E-0004
 2.83569652993772E-0001	-5.63288876275579E-0004
 2.89536691179065E-0001	-7.94008269463715E-0004
 2.95469825351777E-0001	-9.81183578723875E-0004
 3.01378693900583E-0001	-1.12283763371835E-0003
 3.07271801243134E-0001	-1.21846930494651E-0003
 3.13156570152283E-0001	-1.26846918276213E-0003
 3.19039548448240E-0001	-1.27368036641645E-0003
 3.24926709620313E-0001	-1.23512512561644E-0003
 3.30823785235314E-0001	-1.15390084888383E-0003
 3.36736574486681E-0001	-1.03122879044084E-0003
 3.42671193203209E-0001	-8.68626332810074E-0004
 3.48634243453966E-0001	-6.68173661068677E-0004
 3.54632896200814E-0001	-4.32857530425795E-0004
 3.60674876773072E-0001	-1.66992095592098E-0004
 3.66768321919372E-0001	 1.23268364886813E-0004
 3.72921433384952E-0001	 4.29310174398448E-0004
 3.79141787573164E-0001	 7.39360461777987E-0004
 3.85435102168435E-0001	 1.03785359429514E-0003
 3.91803294074203E-0001	 1.30523605692589E-0003
 3.98241930271466E-0001	 1.51884402675905E-0003
 4.04737762646513E-0001	 1.65553192912361E-0003
 4.11267729257643E-0001	 1.69616841012541E-0003
 4.17800900849978E-0001	 1.63085160649265E-0003
 4.24303657883212E-0001	 1.46250560449255E-0003
 4.30746329577927E-0001	 1.20676960199309E-0003
 4.37108382772751E-0001	 8.88114794246585E-0004
 4.43380253648049E-0001	 5.34273001606413E-0004
 4.49562069104748E-0001	 1.71456050845169E-0004
 4.55660839200731E-0001	-1.78401947067023E-0004
 4.61687598254861E-0001	-4.98527354177735E-0004
 4.67655209464457E-0001	-7.77050614180413E-0004
 4.73576927345779E-0001	-1.00627493161058E-0003
 4.79465548279331E-0001	-1.18185540601530E-0003
 4.85332949120827E-0001	-1.30204878996722E-0003
 4.91189867728301E-0001	-1.36707458494534E-0003
 4.97045838569148E-0001	-1.37858393716510E-0003
 5.02909236454470E-0001	-1.33922632887575E-0003
 5.08787400562574E-0001	-1.25231063639961E-0003
 5.14686815775600E-0001	-1.12156327036155E-0003
 5.20613327616526E-0001	-9.50986792158392E-0004
 5.26572367639159E-0001	-7.44819534695965E-0004
 5.32569169401904E-0001	-5.07595961486313E-0004
 5.38608956452045E-0001	-2.44312594171539E-0004
 5.44697076023233E-0001	 3.92865526634279E-0005
 5.50839030318741E-0001	 3.36284916717119E-0004
 5.57040318496819E-0001	 6.38015790434132E-0004
 5.63305946444749E-0001	 9.33358485475279E-0004
 5.69639404784956E-0001	 1.20804105541365E-0003
 5.76040928020708E-0001	 1.44429299535845E-0003
 5.82505074101727E-0001	 1.62146844254811E-0003
 5.89018234566848E-0001	 1.71836920402890E-0003
 5.95557436509698E-0001	 1.71750881950792E-0003
 6.02092013238621E-0001	 1.61028115893521E-0003
 6.08588582092147E-0001	 1.40068571856366E-0003
 6.15017642064687E-0001	 1.10540726352603E-0003
 6.21358857805999E-0001	 7.50068746205912E-0004
 6.27603041664268E-0001	 3.63676936897706E-0004
 6.33750982042167E-0001	-2.62502262037556E-0005
 6.39810648466000E-0001	-3.96565441011257E-0004
 6.45794279329471E-0001	-7.29456649841429E-0004
 6.51716129279738E-0001	-1.01221491755929E-0003
 6.57591008991183E-0001	-1.23650221262775E-0003
 6.63433446893581E-0001	-1.39754498216843E-0003
 6.69257247613284E-0001	-1.49343746350852E-0003
 6.75075269229507E-0001	-1.52459766822281E-0003
 6.80899305288981E-0001	-1.49335698213683E-0003
 6.86740008184603E-0001	-1.40364520024650E-0003
 6.92606824840577E-0001	-1.26073252486725E-0003
 6.98507937976738E-0001	-1.07099694207567E-0003
 7.04450221265235E-0001	-8.41695088028828E-0004
 7.10439227713419E-0001	-5.80727185856597E-0004
 7.16479237533549E-0001	-2.96404703789365E-0004
 7.22573388835548E-0001	 2.74476900652821E-0006
 7.28723891665308E-0001	 3.08072176005916E-0004
 7.34932277033106E-0001	 6.10721856002956E-0004
 7.41199564347912E-0001	 9.01304568671310E-0004
 7.47526162047369E-0001	 1.16933309406566E-0003
 7.53911273836696E-0001	 1.40255252559672E-0003
 7.60351617964913E-0001	 1.58649750675960E-0003
 7.66839483696717E-0001	 1.70484598139009E-0003
 7.73360649069543E-0001	 1.74122530884744E-0003
 7.79893332036854E-0001	 1.68270769637730E-0003
 7.86409545177880E-0001	 1.52414260471408E-0003
 7.92879277942639E-0001	 1.27134256710361E-0003
 7.99276133019430E-0001	 9.41222131166098E-0004
 8.05581954109721E-0001	 5.58657488276410E-0004
 8.11788707984702E-0001	 1.51692034142126E-0004
 8.17897632024149E-0001	-2.52817505128860E-0004
 8.23916860616433E-0001	-6.31918560426706E-0004
 8.29858823830194E-0001	-9.67594402002741E-0004
 8.35738160730674E-0001	-1.24667093220172E-0003
 8.41570335252688E-0001	-1.46021191077019E-0003
 8.47370840389744E-0001	-1.60281731206851E-0003
 8.53154791387709E-0001	-1.67202836390513E-0003
 8.58936729489757E-0001	-1.66790409923489E-0003
 8.64730505622187E-0001	-1.59276361193952E-0003
 8.70549154990098E-0001	-1.45105682013417E-0003
 8.76404703696943E-0001	-1.24931052616375E-0003
 8.82307873771911E-0001	-9.96083495793549E-0004
 8.88267682880976E-0001	-7.01852078884217E-0004
 8.94290977178278E-0001	-3.78743706687011E-0004
 9.00381990042451E-0001	-4.00550819463286E-0005
 9.06542068612898E-0001	 3.00446849495517E-0004
 9.12769715304616E-0001	 6.29337731590494E-0004
 9.19061010264138E-0001	 9.34247655801689E-0004
 9.25410311475460E-0001	 1.20421784475238E-0003
 9.31810943428456E-0001	 1.42954711355086E-0003
 9.38255493100147E-0001	 1.60120258527934E-0003
 9.44735410824823E-0001	 1.71014776404674E-0003
 9.51239890119486E-0001	 1.74716017350012E-0003
 9.57754456995052E-0001	 1.70372434712102E-0003
 9.64260177277390E-0001	 1.57420508900573E-0003
 9.70734488190223E-0001	 1.35870353118280E-0003
 9.77153987885649E-0001	 1.06523089471251E-0003
 9.83498314525302E-0001	 7.09878174462975E-0004
 9.89753487776290E-0001	 3.14721485325970E-0004
 9.95913467198233E-0001	-9.55609851285495E-0005
 1.00197977733896E+0000	-4.96964224213989E-0004
 1.00795990649721E+0000	-8.68402376323385E-0004
 1.01386536657597E+0000	-1.19274473947202E-0003
 1.01971001699186E+0000	-1.45694338527574E-0003
 1.02550888319011E+0000	-1.65167931033472E-0003
 1.03127744848231E+0000	-1.77086836265649E-0003
 1.03703129147227E+0000	-1.81122950965476E-0003
 1.04278592585944E+0000	-1.77200745939869E-0003
 1.04855671827680E+0000	-1.65487553161513E-0003
 1.05435877980378E+0000	-1.46400918402806E-0003
 1.06020673685094E+0000	-1.20629503003494E-0003
 1.06611429166279E+0000	-8.91606769094917E-0004
 1.07209349795786E+0000	-5.33027649234433E-0004
 1.07815372982493E+0000	-1.46832493367621E-0004
 1.08430044069777E+0000	 2.48007750988866E-0004
 1.09053399546524E+0000	 6.30999992379607E-0004
 1.09684903569985E+0000	 9.81979358325216E-0004
 1.10323483406135E+0000	 1.28326838114185E-0003
 1.10967676166983E+0000	 1.52144812467228E-0003
 1.11615843271225E+0000	 1.68806378862688E-0003
 1.12266368704662E+0000	 1.77906266820542E-0003
 1.12917765007991E+0000	 1.79340648417235E-0003
 1.13568661866269E+0000	 1.73169159762744E-0003
 1.14217714502207E+0000	 1.59555079614498E-0003
 1.14863511781126E+0000	 1.38815552215624E-0003
 1.15504565587159E+0000	 1.11549246744489E-0003
 1.16139417147427E+0000	 7.87586635106586E-0004
 1.16766825188246E+0000	 4.18829469485226E-0004
 1.17385952700564E+0000	 2.70922455402239E-0005
 1.17996476791180E+0000	-3.68026664996229E-0004
 1.18598595456428E+0000	-7.47132323228529E-0004
 1.19192954023347E+0000	-1.09256497254181E-0003
 1.19780535132577E+0000	-1.38929366446604E-0003
 1.20362550822224E+0000	-1.62523008962074E-0003
 1.20940358434238E+0000	-1.79116618318278E-0003
 1.21515406194744E+0000	-1.88055268651708E-0003
 1.22089204456616E+0000	-1.88928454576814E-0003
 1.22663314345154E+0000	-1.81559729071447E-0003
 1.23239344407772E+0000	-1.66013217750974E-0003
 1.23818945345105E+0000	-1.42619916068512E-0003
 1.24403791383528E+0000	-1.12024351487933E-0003
 1.24995533921283E+0000	-7.52483351234412E-0004
 1.25595710042146E+0000	-3.37605254837802E-0004
 1.26205589537593E+0000	 1.04738292941364E-0004
 1.26825957388859E+0000	 5.50079435312023E-0004
 1.27456863588011E+0000	 9.70512815330312E-0004
 1.28097426004309E+0000	 1.33769207029821E-0003
 1.28745809383165E+0000	 1.62709622192367E-0003
 1.29399463347133E+0000	 1.82216550030324E-0003
 1.30055568748946E+0000	 1.91646300312972E-0003
 1.30711509573760E+0000	 1.91291807558268E-0003
 1.31365180166169E+0000	 1.82084945548462E-0003
 1.32015054627610E+0000	 1.65245833165988E-0003
 1.32660075104522E+0000	 1.42025749882444E-0003
 1.33299474486251E+0000	 1.13601221808535E-0003
 1.33932634711314E+0000	 8.10938615858468E-0004
 1.34559030487985E+0000	 4.56478203641769E-0004
 1.35178253963856E+0000	 8.49633941117515E-0005
 1.35790081201731E+0000	-2.90225780160091E-0004
 1.36394535222154E+0000	-6.55046660983281E-0004
 1.36991916745003E+0000	-9.95498871521359E-0004
 1.37582796972607E+0000	-1.29836547411113E-0003
 1.38167983392284E+0000	-1.55178986744285E-0003
 1.38748475273874E+0000	-1.74561772687769E-0003
 1.39325422991706E+0000	-1.87153766838623E-0003
 1.39900099230030E+0000	-1.92310842395841E-0003
 1.40473884117699E+0000	-1.89577173343325E-0003
 1.41048261961943E+0000	-1.78693867701917E-0003
 1.41624824399192E+0000	-1.59622090281476E-0003
 1.42205272301669E+0000	-1.32586628442844E-0003
 1.42791405128751E+0000	-9.81447746220384E-0004
 1.43385080293825E+0000	-5.72825865032255E-0004
 1.43988116567958E+0000	-1.15322502030621E-0004
 1.44602108471449E+0000	 3.69152806586726E-0004
 1.45228125372829E+0000	 8.51632747635729E-0004
 1.45866312845104E+0000	 1.29730159122174E-0003
 1.46515512343089E+0000	 1.66945207512745E-0003
 1.47173126977834E+0000	 1.93620923423014E-0003
 1.47835447224789E+0000	 2.07783244793735E-0003
 1.48498404134703E+0000	 2.09085812136360E-0003
 1.49158406054784E+0000	 1.98677533393140E-0003
 1.49812868765560E+0000	 1.78648366201287E-0003
 1.50460304353959E+0000	 1.51391517260114E-0003
 1.51100099650684E+0000	 1.19145839828972E-0003
 1.51732193411351E+0000	 8.37902614200847E-0004
 1.52356799033319E+0000	 4.68314525795735E-0004
 1.52974229876401E+0000	 9.49034934977065E-0005
 1.53584823496499E+0000	-2.71889915558203E-0004
 1.54188934306394E+0000	-6.22523352327816E-0004
 1.54786960135675E+0000	-9.47856504709057E-0004
 1.55379376034273E+0000	-1.23899823356381E-0003
 1.55966760519998E+0000	-1.48738030239248E-0003
 1.56549810012042E+0000	-1.68493408089733E-0003
 1.57129343915879E+0000	-1.82428344627847E-0003
 1.57706305565661E+0000	-1.89891675722818E-0003
 1.58281764023523E+0000	-1.90334430225714E-0003
 1.58856919868365E+0000	-1.83327747950359E-0003
 1.59433115610217E+0000	-1.68588279314882E-0003
 1.60011848700655E+0000	-1.46017303140651E-0003
 1.60594781939034E+0000	-1.15760560483327E-0003
 1.61183741211941E+0000	-7.82963873740161E-0004
 1.61780682186130E+0000	-3.45586248432749E-0004
 1.62387594534175E+0000	 1.39063397931144E-0004
 1.63006297000207E+0000	 6.47707136093272E-0004
 1.63638073125982E+0000	 1.14814087738058E-0003
 1.64283141473062E+0000	 1.60010288991781E-0003
 1.64940091645659E+0000	 1.95993782971210E-0003
 1.65605619318090E+0000	 2.18967937625264E-0003
 1.66274936370635E+0000	 2.26765105586785E-0003
 1.66942859998724E+0000	 2.19456417010095E-0003
 1.67605031479941E+0000	 1.99112099437149E-0003
 1.68258625983043E+0000	 1.68932818295034E-0003
 1.68902380130348E+0000	 1.32320239473978E-0003
 1.69536200765241E+0000	 9.22723155861046E-0004
 1.70160686062555E+0000	 5.11516341638297E-0004
 1.70776744226030E+0000	 1.07004883312931E-0004
 1.71385354521176E+0000	-2.78343576310179E-0004
 1.71987447403473E+0000	-6.35551878332449E-0004
 1.72583864175528E+0000	-9.57867906332514E-0004
 1.73175361911567E+0000	-1.23983027742765E-0003
 1.73762639847331E+0000	-1.47665638736506E-0003
 1.74346372998419E+0000	-1.66388959483931E-0003
 1.74927245899817E+0000	-1.79723388455926E-0003
 1.75505984001557E+0000	-1.87251805455708E-0003
 1.76083382835908E+0000	-1.88575360485178E-0003
 1.76660336109512E+0000	-1.83327395192893E-0003
 1.77237863792467E+0000	-1.71196429459383E-0003
 1.77817140350982E+0000	-1.51961070569956E-0003
 1.78399521561313E+0000	-1.25541493850230E-0003
 1.78986565469160E+0000	-9.20739951728103E-0004
 1.79580037873766E+0000	-5.20168779897172E-0004
 1.80181883185626E+0000	-6.29609038309167E-0005
 1.80794125525838E+0000	 4.35072196321319E-0004
 1.81418643980166E+0000	 9.49483200681199E-0004
 1.82056755236213E+0000	 1.44567107957887E-0003
 1.82708582150534E+0000	 1.87964207525447E-0003
 1.83372358039627E+0000	 2.20345147243359E-0003
 1.84044094613485E+0000	 2.37634551069632E-0003
 1.84718120843491E+0000	 2.37786315236989E-0003
 1.85388487992871E+0000	 2.21478168394943E-0003
 1.86050468863836E+0000	 1.91687114762878E-0003
 1.86701317456865E+0000	 1.52520719053643E-0003
 1.87340156735220E+0000	 1.08086441920257E-0003
 1.87967415321259E+0000	 6.18398884300176E-0004
 1.88584236034632E+0000	 1.63927143611020E-0004
 1.89192044755881E+0000	-2.64173631149881E-0004
 1.89792295378435E+0000	-6.53617702238298E-0004
 1.90386343912151E+0000	-9.96510180410753E-0004
 1.90975401600508E+0000	-1.28793121713048E-0003
 1.91560531268384E+0000	-1.52486485712357E-0003
 1.92142665436542E+0000	-1.70542794290762E-0003
 1.92722634811885E+0000	-1.82833188945826E-0003
 1.93301201907865E+0000	-1.89252018122317E-0003
 1.93879097889066E+0000	-1.89694481750251E-0003
 1.94457062208823E+0000	-1.84046624353933E-0003
 1.95035884889555E+0000	-1.72187996907859E-0003
 1.95616450820008E+0000	-1.54008853821258E-0003
 1.96199784418033E+0000	-1.29445101473960E-0003
 1.96787091342734E+0000	-9.85356010372228E-0004
 1.97379791059864E+0000	-6.15080638311978E-0004
 1.97979528590893E+0000	-1.89014282872934E-0004
 1.98588143351744E+0000	 2.82675348993647E-0004
 1.99207555176316E+0000	 7.82932502455487E-0004
 1.99839504418518E+0000	 1.28553620877760E-0003
 2.00485073650741E+0000	 1.75360056149088E-0003
 2.01143979635241E+0000	 2.14088219050052E-0003
 2.01813837207322E+0000	 2.39858200600089E-0003
 2.02489914631640E+0000	 2.48830034378197E-0003
 2.03165919363057E+0000	 2.39595123419115E-0003
 2.03835660270857E+0000	 2.13720671452751E-0003
 2.04494601735885E+0000	 1.75031403580173E-0003
 2.05140464039107E+0000	 1.28232016683228E-0003
 2.05772908139667E+0000	 7.77492834773473E-0004
 2.06392851695285E+0000	 2.71599803089093E-0004
 2.07001845653198E+0000	-2.09123053168651E-0004
 2.07601656350734E+0000	-6.46707062820462E-0004
 2.08194033596320E+0000	-1.02955990994040E-0003
 2.08780602060418E+0000	-1.35071620566763E-0003
 2.09362822345314E+0000	-1.60645519096991E-0003
 2.09941987387536E+0000	-1.79527727846922E-0003
 2.10519235391337E+0000	-1.91716015220039E-0003
 2.11095570469059E+0000	-1.97301242265450E-0003
 2.11671887951760E+0000	-1.96426381525438E-0003
 2.12249004382032E+0000	-1.89255834211646E-0003
 2.12827693399340E+0000	-1.75954481306238E-0003
 2.13408728541897E+0000	-1.56678464919847E-0003
 2.13992932697625E+0000	-1.31581836053362E-0003
 2.14581231744525E+0000	-1.00844821906628E-0003
 2.15174706867545E+0000	-6.47306140433416E-0004
 2.15774635682736E+0000	-2.36783821285738E-0004
 2.16382505270477E+0000	 2.15596951951784E-0004
 2.16999968108226E+0000	 6.97325945991007E-0004
 2.17628692855785E+0000	 1.18864317540272E-0003
 2.18270041385631E+0000	 1.66034583879772E-0003
 2.18924510364455E+0000	 2.07295243949367E-0003
 2.19590980229355E+0000	 2.37960457387382E-0003
 2.20266082020012E+0000	 2.53513184293894E-0003
 2.20944274022925E+0000	 2.51027540468413E-0003
 2.21619014302703E+0000	 2.30370292480066E-0003
 2.22284536765657E+0000	 1.94286173364504E-0003
 2.22937136912765E+0000	 1.47314328959542E-0003
 2.23575392498736E+0000	 9.43766860574338E-0004
 2.24199629077592E+0000	 3.98048958443588E-0004
 2.24811205241309E+0000	-1.30360007503899E-0004
 2.25411948785223E+0000	-6.17356420418072E-0004
 2.26003809889260E+0000	-1.04669826414713E-0003
 2.26588681698117E+0000	-1.40809573392504E-0003
 2.27168322850623E+0000	-1.69560172016750E-0003
 2.27744333732706E+0000	-1.90640533247866E-0003
 2.28318157608773E+0000	-2.03997186045782E-0003
 2.28891091529798E+0000	-2.09743456634729E-0003
 2.29464300368040E+0000	-2.08115136143647E-0003
 2.30038832337142E+0000	-1.99436122449615E-0003
 2.30615637318690E+0000	-1.84090162209440E-0003
 2.31195590870027E+0000	-1.62497795755844E-0003
 2.31779526979538E+0000	-1.35100914757915E-0003
 2.32368281210504E+0000	-1.02360756957707E-0003
 2.32962742563657E+0000	-6.47781794629039E-0004
 2.33563907032400E+0000	-2.29470170953104E-0004
 2.34172918157975E+0000	 2.23484757855848E-0004
 2.34791069044041E+0000	 6.99840039340171E-0004
 2.35419724884829E+0000	 1.18295154936318E-0003
 2.36060106415602E+0000	 1.64854901026966E-0003
 2.36712867530468E+0000	 2.06315425272142E-0003
 2.37377451421955E+0000	 2.38497201303957E-0003
 2.38051393210315E+0000	 2.56976617918036E-0003
 2.38730033453589E+0000	 2.58267416601076E-0003
 2.39407179620301E+0000	 2.41167622117967E-0003
 2.40076665763057E+0000	 2.07378957311546E-0003
 2.40733917205781E+0000	 1.60897077933961E-0003
 2.41376628537464E+0000	 1.06669595037491E-0003
 2.42004501423782E+0000	 4.94054664178033E-0004
 2.42618567355600E+0000	-7.03913491616584E-0005
 2.43220550409494E+0000	-5.97871801984466E-0004
 2.43812436007822E+0000	-1.06822156514227E-0003
 2.44396231702441E+0000	-1.46801467531797E-0003
 2.44973855667729E+0000	-1.78884543152096E-0003
 2.45547096462921E+0000	-2.02600410171798E-0003
 2.46117607354970E+0000	-2.17754331984505E-0003
 2.46686914392570E+0000	-2.24365256949609E-0003
 2.47256427513814E+0000	-2.22624894380930E-0003
 2.47827449940309E+0000	-2.12870453820030E-0003
 2.48401184812086E+0000	-1.95564738596484E-0003
 2.48978740657600E+0000	-1.71279144574465E-0003
 2.49561139328339E+0000	-1.40677562400710E-0003
 2.50149331166985E+0000	-1.04502700524007E-0003
 2.50744221468765E+0000	-6.35710519405811E-0004
 2.51346708420622E+0000	-1.87879214133792E-0004
 2.51957724501245E+0000	 2.88021500750894E-0004
 2.52578260267452E+0000	 7.79144046523687E-0004
 2.53209331901102E+0000	 1.26865647129037E-0003
 2.53851834416354E+0000	 1.73376068691966E-0003
 2.54506212251524E+0000	 2.14399576698323E-0003
 2.55171912952338E+0000	 2.46136496526006E-0003
 2.55846732049650E+0000	 2.64461410986489E-0003
 2.56526424344085E+0000	 2.65917072396956E-0003
 2.57205114152990E+0000	 2.49005173499868E-0003
 2.57876639614185E+0000	 2.14986112586544E-0003
 2.58536136766293E+0000	 1.67541013900010E-0003
 2.59180914702528E+0000	 1.11555300813351E-0003
 2.59810363254322E+0000	 5.18724770976108E-0004
 2.60425329439960E+0000	-7.43183459630365E-0005
 2.61027459062171E+0000	-6.32533132274381E-0004
 2.61618727520739E+0000	-1.13370882103221E-0003
 2.62201172438607E+0000	-1.56263794871203E-0003
 2.62776767581596E+0000	-1.90933992517692E-0003
 2.63347377948331E+0000	-2.16767377218588E-0003
 2.63914755242437E+0000	-2.33437011265564E-0003
 2.64480549996524E+0000	-2.40841092045745E-0003
 2.65046327508200E+0000	-2.39066968177725E-0003
 2.65613580843282E+0000	-2.28373484805933E-0003
 2.66183737484790E+0000	-2.09185210069766E-0003
 2.66758158341008E+0000	-1.82092952755476E-0003
 2.67338129834771E+0000	-1.47855642762002E-0003
 2.67924852182656E+0000	-1.07399888046201E-0003
 2.68519429397821E+0000	-6.18164881930075E-0004
 2.69122867395792E+0000	-1.23588354051266E-0004
 2.69736082839456E+0000	 3.95439292314643E-0004
 2.70359913556089E+0000	 9.22392127259339E-0004
 2.70995099903420E+0000	 1.43750256678846E-0003
 2.71642179154930E+0000	 1.91624507353461E-0003
 2.72301216621754E+0000	 2.32785778896941E-0003
 2.72971324268357E+0000	 2.63534731222756E-0003
 2.73650052580448E+0000	 2.79929674356899E-0003
 2.74333006661553E+0000	 2.78717850221710E-0003
 2.75014219889061E+0000	 2.58589552610243E-0003
 2.75687465963669E+0000	 2.20989302081386E-0003
 2.76347853859907E+0000	 1.69797928426648E-0003
 2.76992728426317E+0000	 1.10098862795405E-0003
 2.77621572344032E+0000	 4.68934806553760E-0004
 2.78235348587889E+0000	-1.56444366308563E-0004
 2.78835808869570E+0000	-7.43636985184281E-0004
 2.79425007737999E+0000	-1.27025781061427E-0003
 2.80005033710941E+0000	-1.72100493001011E-0003
 2.80577890373534E+0000	-2.08573044817568E-0003
 2.81145462134509E+0000	-2.35796547258448E-0003
 2.81709521172873E+0000	-2.53391613440577E-0003
 2.82271750879837E+0000	-2.61184685424486E-0003
 2.82833772761081E+0000	-2.59175823546831E-0003
 2.83397169898649E+0000	-2.47528488472747E-0003
 2.83963502845043E+0000	-2.26575695006665E-0003
 2.84534314880621E+0000	-1.96837917007436E-0003
 2.85111124134429E+0000	-1.59048074036209E-0003
 2.85695401204051E+0000	-1.14178112399468E-0003
 2.86288533473481E+0000	-6.34610843940736E-0004
 2.86891781353615E+0000	-8.40417825055125E-0005
 2.87506235002852E+0000	 4.92056922346564E-0004
 2.88132777110377E+0000	 1.07290782808829E-0003
 2.88772040271950E+0000	 1.63442251337291E-0003
 2.89424313368519E+0000	 2.14833282241783E-0003
 2.90089314795160E+0000	 2.58115105522792E-0003
 2.90765758066351E+0000	 2.89427147213197E-0003
 2.91450766808497E+0000	 3.04768029934899E-0003
 2.92139489823664E+0000	 3.00937324508881E-0003
 2.92825500067662E+0000	 2.76840360333991E-0003
 2.93502208073440E+0000	 2.34331260424489E-0003
 2.94164580503950E+0000	 1.77820124273558E-0003
 2.94810068273915E+0000	 1.12882810950738E-0003
 2.95438419704944E+0000	 4.48577809290988E-0004
 2.96050903282216E+0000	-2.19206571802863E-0004
 2.96649535576469E+0000	-8.42740858007457E-0004
 2.97236564018745E+0000	-1.40012722299714E-0003
 2.97814197590105E+0000	-1.87685231108419E-0003
 2.98384500641196E+0000	-2.26355949638186E-0003
 2.98949374725644E+0000	-2.55440112870500E-0003
 2.99510581020189E+0000	-2.74594409324851E-0003
 3.00069777610159E+0000	-2.83651317928912E-0003
 3.00628558783954E+0000	-2.82586097379367E-0003
 3.01188489999116E+0000	-2.71508140909991E-0003
 3.01751134906547E+0000	-2.50671111570878E-0003
 3.02318071443327E+0000	-2.20497991420898E-0003
 3.02890893645311E+0000	-1.81617598329857E-0003
 3.03471195480884E+0000	-1.34908121231504E-0003
 3.04060533864799E+0000	-8.15410662701928E-0004
 3.04660371358438E+0000	-2.30170000921163E-0004
 3.05272005098458E+0000	 3.88143432403800E-0004
 3.05896493741619E+0000	 1.01748611748455E-0003
 3.06534589150456E+0000	 1.63218901687195E-0003
 3.07186651997300E+0000	 2.20256056664663E-0003
 3.07852481069701E+0000	 2.69409421139769E-0003
 3.08530953306410E+0000	 3.06709934432428E-0003
 3.09219447224185E+0000	 3.27906671733889E-0003
 3.09913302998360E+0000	 3.29276164267805E-0003
 3.10605940184067E+0000	 3.08994072814298E-0003
 3.11290137343702E+0000	 2.68322720579374E-0003
 3.11959988844022E+0000	 2.11557997485763E-0003
 3.12612237758591E+0000	 1.44634737012948E-0003
 3.13246293618208E+0000	 7.34455930707962E-0004
 3.13863398734226E+0000	 2.81789288591815E-0005
 3.14465704203132E+0000	-6.37413850035678E-0004
 3.15055630555456E+0000	-1.23871215501079E-0003
 3.15635533151251E+0000	-1.76060174086647E-0003
 3.16207571385778E+0000	-2.19377220930669E-0003
 3.16773687088952E+0000	-2.53271775288692E-0003
 3.17335632364064E+0000	-2.77440383601646E-0003
 3.17895014957460E+0000	-2.91745391079174E-0003
 3.18453345641441E+0000	-2.96171429342881E-0003
 3.19012080432789E+0000	-2.90808998886235E-0003
 3.19572654201149E+0000	-2.75857747450080E-0003
 3.20136503521587E+0000	-2.51644345361160E-0003
 3.20705076771133E+0000	-2.18650953022524E-0003
 3.21279829376112E+0000	-1.77550155589239E-0003
 3.21862202721227E+0000	-1.29241117839429E-0003
 3.22453587545330E+0000	-7.48804351301574E-0004
 3.23055277164471E+0000	-1.59017611365536E-0004
 3.23668420948866E+0000	 4.59760434815986E-0004
 3.24293988305237E+0000	 1.08739620575029E-0003
 3.24932738103060E+0000	 1.70042168486570E-0003
 3.25585150722989E+0000	 2.27104028402393E-0003
 3.26251229292900E+0000	 2.76562061208454E-0003
 3.26930057867330E+0000	 3.14385956679579E-0003
 3.27619110501229E+0000	 3.36138736878981E-0003
 3.28313633077177E+0000	 3.37909355413902E-0003
 3.29006817916282E+0000	 3.17854968326782E-0003
 3.29691285278674E+0000	 2.77446653736569E-0003
 3.30361206512293E+0000	 2.21265564675009E-0003
 3.31013597439069E+0000	 1.55397598962510E-0003
 3.31648169226678E+0000	 8.56799020582841E-0004
 3.32266371985471E+0000	 1.67422602959112E-0004
 3.32870441882467E+0000	-4.81550812233107E-0004
 3.33462784825658E+0000	-1.06886728799238E-0003
 3.34045674941217E+0000	-1.58140439746934E-0003
 3.34621149971008E+0000	-2.01142545659255E-0003
 3.35191006665762E+0000	-2.35461018428676E-0003
 3.35756838373944E+0000	-2.60877630981143E-0003
 3.36320084945912E+0000	-2.77312109141052E-0003
 3.36882080740998E+0000	-2.84782819031412E-0003
 3.37444094446141E+0000	-2.83392205403525E-0003
 3.38007358217329E+0000	-2.73328380082068E-0003
 3.38573085471939E+0000	-2.54876460091348E-0003
 3.39142477697639E+0000	-2.28434563984724E-0003
 3.39716721675010E+0000	-1.94530107500497E-0003
 3.40296980057325E+0000	-1.53832785209732E-0003
 3.40884380411656E+0000	-1.07162369288920E-0003
 3.41480009796347E+0000	-5.54934607072716E-0004
 3.42084921485737E+0000	 3.35902079993727E-0007
 3.42700153918957E+0000	 5.80772690699090E-0004
 3.43326745643234E+0000	 1.17010021387744E-0003
 3.43965702668754E+0000	 1.74763488974837E-0003
 3.44617840679277E+0000	 2.28612396091180E-0003
 3.45283401657151E+0000	 2.74977260055536E-0003
 3.45961384600352E+0000	 3.09453108279252E-0003
 3.46648736589967E+0000	 3.27396897361169E-0003
 3.47339961278556E+0000	 3.25279439432582E-0003
 3.48027912295554E+0000	 3.02324099145536E-0003
 3.48705785164510E+0000	 2.61198495877509E-0003
 3.49369032191551E+0000	 2.07035512469027E-0003
 3.50015946338926E+0000	 1.45595168883369E-0003
 3.50647015147830E+0000	 8.18642108461461E-0004
 3.51263916423506E+0000	 1.95410256168809E-0004
 3.51868742985804E+0000	-3.88823046965800E-0004
 3.52463572180683E+0000	-9.18237980789944E-0004
 3.53050287299654E+0000	-1.38314225007876E-0003
 3.53630539175112E+0000	-1.77769798434265E-0003
 3.54205772011381E+0000	-2.09840481465384E-0003
 3.54777271032119E+0000	-2.34318882204797E-0003
 3.55346210698309E+0000	-2.51091958828306E-0003
 3.55913694146305E+0000	-2.60120328877597E-0003
 3.56480780998686E+0000	-2.61433496077113E-0003
 3.57048504258620E+0000	-2.55132559419430E-0003
 3.57617878967473E+0000	-2.41394732686990E-0003
 3.58189906452501E+0000	-2.20476404280133E-0003
 3.58765578686531E+0000	-1.92713831756515E-0003
 3.59345887477930E+0000	-1.58523299555932E-0003
 3.59931842409077E+0000	-1.18405930891918E-0003
 3.60524498808654E+0000	-7.29661541681562E-0004
 3.61124991682224E+0000	-2.29562722432272E-0004
 3.61734562711464E+0000	 3.06387497089338E-0004
 3.62354554472438E+0000	 8.64644391971484E-0004
 3.62986328102622E+0000	 1.42606541355420E-0003
 3.63631039185163E+0000	 1.96374433476433E-0003
 3.64289196359864E+0000	 2.44149963271335E-0003
 3.64959980707557E+0000	 2.81504416923120E-0003
 3.65640516474246E+0000	 3.03872528415146E-0003
 3.66325644478721E+0000	 3.07884540410852E-0003
 3.67008818647025E+0000	 2.92797814342584E-0003
 3.67683946342666E+0000	 2.60936194602602E-0003
 3.68346976531967E+0000	 2.16697352149378E-0003
 3.68996288547196E+0000	 1.64959207562045E-0003
 3.69632093348256E+0000	 1.09935762774791E-0003
 3.70255584717880E+0000	 5.47785764678485E-0004
 3.70868298856112E+0000	 1.66250642454427E-0005
 3.71471765871645E+0000	-4.79580700916097E-0004
 3.72067374663242E+0000	-9.30978654035011E-0004
 3.72656356041457E+0000	-1.33055141027673E-0003
 3.73239816331784E+0000	-1.67296812266883E-0003
 3.73818782195055E+0000	-1.95398580395055E-0003
 3.74394237864697E+0000	-2.17020453537122E-0003
 3.74967148957699E+0000	-2.31900722482147E-0003
 3.75538474274907E+0000	-2.39856487875556E-0003
 3.76109170241682E+0000	-2.40784004091711E-0003
 3.76680193338734E+0000	-2.34656406105601E-0003
 3.77252505185702E+0000	-2.21519604156955E-0003
 3.77827083534470E+0000	-2.01489463065556E-0003
 3.78404940541477E+0000	-1.74755071721571E-0003
 3.78987147326179E+0000	-1.41594057088874E-0003
 3.79574860927552E+0000	-1.02406497671530E-0003
 3.80169346162680E+0000	-5.77740190465879E-0004
 3.80771979976570E+0000	-8.54993633954902E-0005
 3.81384218354529E+0000	 4.40162174489357E-0004
 3.82007494261534E+0000	 9.81244436960692E-0004
 3.82643000964685E+0000	 1.51267150036480E-0003
 3.83291312574255E+0000	 2.00145436091200E-0003
 3.83951844019201E+0000	 2.40812491919547E-0003
 3.84622314466251E+0000	 2.69239553317955E-0003
 3.85298613964469E+0000	 2.82337840980121E-0003
 3.85975476748439E+0000	 2.79019405614456E-0003
 3.86647816582670E+0000	 2.60559246235513E-0003
 3.87311925771488E+0000	 2.29952633139971E-0003
 3.87965869473160E+0000	 1.90786369165870E-0003
 3.88609144555042E+0000	 1.46350647162256E-0003
 3.89242085667304E+0000	 9.92697609766569E-0004
 3.89865380860504E+0000	 5.15187141936472E-0004
 3.90479802692595E+0000	 4.59816731694517E-0005
 3.91086114015119E+0000	-4.02858955985679E-0004
 3.91685070142245E+0000	-8.21015139892299E-0004
 3.92277452446945E+0000	-1.19935072808115E-0003
 3.92864095728535E+0000	-1.52980346427271E-0003
 3.93445896349893E+0000	-1.80547274048061E-0003
 3.94023803749773E+0000	-2.02072052309284E-0003
 3.94598804155989E+0000	-2.17119756006684E-0003
 3.95171905168480E+0000	-2.25378475766099E-0003
 3.95744126899531E+0000	-2.26648409620689E-0003
 3.96316501949126E+0000	-2.20831012035957E-0003
 3.96890083694020E+0000	-2.07923284211106E-0003
 3.97465960387240E+0000	-1.88021472901142E-0003
 3.98045271265584E+0000	-1.61337412145313E-0003
 3.98629219934997E+0000	-1.28229882242944E-0003
 3.99219079189596E+0000	-8.92528822138262E-0004
 3.99816179206548E+0000	-4.52223978407798E-0004
 4.00421866589137E+0000	 2.69813603904637E-0005
 4.01037414440314E+0000	 5.28991005316980E-0004
 4.01663856129377E+0000	 1.03233680457546E-0003
 4.02301718589199E+0000	 1.50986941862470E-0003
 4.02950668598507E+0000	 1.92998774534205E-0003
 4.03609180744982E+0000	 2.26044619903635E-0003
 4.04274453324498E+0000	 2.47475982342169E-0003
 4.04942786007730E+0000	 2.55888408818312E-0003
 4.05610356181772E+0000	 2.51421660322075E-0003
 4.06273988382156E+0000	 2.35488257448533E-0003
 4.06931515366589E+0000	 2.10149208548710E-0003
 4.07581682937499E+0000	 1.77544555247058E-0003
 4.08223838404752E+0000	 1.39610025836148E-0003
 4.08857652233495E+0000	 9.80537942194887E-0004
 4.09482981739865E+0000	 5.44490633907110E-0004
 4.10099858969779E+0000	 1.03155431190404E-0004
 4.10708530527381E+0000	-3.28655198339047E-0004
 4.11309484952484E+0000	-7.36940467374103E-0004
 4.11903439958207E+0000	-1.10913851056539E-0003
 4.12491295333153E+0000	-1.43461757830386E-0003
 4.13074072125533E+0000	-1.70488421457218E-0003
 4.13652857106974E+0000	-1.91352993941354E-0003
 4.14228762920888E+0000	-2.05601952901719E-0003
 4.14802906066626E+0000	-2.12943242193302E-0003
 4.15376399719158E+0000	-2.13224113647275E-0003
 4.15950356242625E+0000	-2.06417497892176E-0003
 4.16525894126614E+0000	-1.92618782823880E-0003
 4.17104144955137E+0000	-1.72053055222443E-0003
 4.17686257056493E+0000	-1.45092242507256E-0003
 4.18273392879001E+0000	-1.12281959088160E-0003
 4.18866716107316E+0000	-7.43785784147705E-0004
 4.19467361506491E+0000	-3.23967760482656E-0004
 4.20076375785779E+0000	 1.23357776844701E-0004
 4.20694614031561E+0000	 5.81296724265477E-0004
 4.21322580190976E+0000	 1.02921409459371E-0003
 4.21960222412005E+0000	 1.44346966211000E-0003
 4.22606740968709E+0000	 1.79950764859667E-0003
 4.23260517443818E+0000	 2.07528955568734E-0003
 4.23919266986424E+0000	 2.25502769744615E-0003
 4.24580400456925E+0000	 2.33141855620116E-0003
 4.25241428225557E+0000	 2.30521181277738E-0003
 4.25900204816619E+0000	 2.18277187957083E-0003
 4.26554951460240E+0000	 1.97353325939250E-0003
 4.27204159501466E+0000	 1.68879545078038E-0003
 4.27846525816138E+0000	 1.34187456664096E-0003
 4.28480995766519E+0000	 9.48584015923780E-0004
 4.29106878986457E+0000	 5.27011444033180E-0004
 4.29723947353497E+0000	 9.63209208783146E-0005
 4.30332449189500E+0000	-3.24927609093794E-0004
 4.30933036560259E+0000	-7.20240776953508E-0004
 4.31526646266771E+0000	-1.07602628953251E-0003
 4.32114380010969E+0000	-1.38178501387964E-0003
 4.32697411084492E+0000	-1.62987219331745E-0003
 4.33276924818630E+0000	-1.81507263373001E-0003
 4.33854087695594E+0000	-1.93416768939421E-0003
 4.34430035649997E+0000	-1.98558647445656E-0003
 4.35005872630154E+0000	-1.96916822717471E-0003
 4.35582673125789E+0000	-1.88602588485352E-0003
 4.36161485281515E+0000	-1.73848918716622E-0003
 4.36743333322479E+0000	-1.53011196752182E-0003
 4.37329218655073E+0000	-1.26574435180673E-0003
 4.37920117815040E+0000	-9.51686103192568E-0004
 4.38516972517179E+0000	-5.95939376367054E-0004
 4.39120663329532E+0000	-2.08553057355826E-0004
 4.39731956134459E+0000	 1.98014715128038E-0004
 4.40351413275815E+0000	 6.08690714013107E-0004
 4.40979273552031E+0000	 1.00600958922763E-0003
 4.41615328108266E+0000	 1.37103406303900E-0003
 4.42258842736681E+0000	 1.68501535730971E-0003
 4.42908576586730E+0000	 1.93139417844731E-0003
 4.43562902866454E+0000	 2.09738496201570E-0003
 4.44219970324066E+0000	 2.17456432815995E-0003
 4.44877818994603E+0000	 2.15863395665102E-0003
 4.45534418790859E+0000	 2.04919514651850E-0003
 4.46187690893705E+0000	 1.85023165935166E-0003
 4.46835608417530E+0000	 1.57108299055280E-0003
 4.47476408665079E+0000	 1.22685687667583E-0003
 4.48108838903597E+0000	 8.37359092981737E-0004
 4.48732310166734E+0000	 4.24647369744777E-0004
 4.49346892503780E+0000	 1.02300352722886E-0005
 4.49953181851178E+0000	-3.87046955112927E-0004
 4.50552117798322E+0000	-7.52006978785761E-0004
 4.51144819070401E+0000	-1.07322033298667E-0003
 4.51732466658231E+0000	-1.34256053631734E-0003
 4.52316235106676E+0000	-1.55459621880264E-0003
 4.52897259131009E+0000	-1.70602741326884E-0003
 4.53476621105440E+0000	-1.79524441647383E-0003
 4.54055348772312E+0000	-1.82200906210433E-0003
 4.54634417485499E+0000	-1.78722816096436E-0003
 4.55214755225563E+0000	-1.69279174729850E-0003
 4.55797250584628E+0000	-1.54146890482811E-0003
 4.56382763711561E+0000	-1.33687742903431E-0003
 4.56972138128961E+0000	-1.08355823731448E-0003
 4.57566208156657E+0000	-7.87181288171600E-0004
 4.58165793645734E+0000	-4.54880682237569E-0004
 4.58771672489131E+0000	-9.56626497392195E-0005
 4.59384523835974E+0000	 2.79238800632471E-0004
 4.60004842722473E+0000	 6.56241573891830E-0004
 4.60632839603193E+0000	 1.01971386090032E-0003
 4.61268350929383E+0000	 1.35276844185093E-0003
 4.61910788927022E+0000	 1.63842376748953E-0003
 4.62559141289988E+0000	 1.86082149103245E-0003
 4.63212002106749E+0000	 2.00623544831938E-0003
 4.63867602541325E+0000	 2.06393702175791E-0003
 4.64523839274125E+0000	 2.02730817668465E-0003
 4.65178354076655E+0000	 1.89543953867096E-0003
 4.65828734710818E+0000	 1.67470754855083E-0003
 4.66472835189539E+0000	 1.37916010653089E-0003
 4.67109099865527E+0000	 1.02887725445343E-0003
 4.67736742029425E+0000	 6.46742003796222E-0004
 4.68355717121252E+0000	 2.55025395155131E-0004
 4.68966548930495E+0000	-1.26990372923232E-0004
 4.69570113273301E+0000	-4.83997787808099E-0004
 4.70167455465537E+0000	-8.04596388482088E-0004
 4.70759668848554E+0000	-1.08070345998786E-0003
 4.71347828271826E+0000	-1.30684959345659E-0003
 4.71932960430980E+0000	-1.47956466969286E-0003
 4.72516034292149E+0000	-1.59690841253951E-0003
 4.73097961112608E+0000	-1.65812400509840E-0003
 4.73679599715922E+0000	-1.66337698550532E-0003
 4.74261766477310E+0000	-1.61355885749446E-0003
 4.74845250449597E+0000	-1.51016262543945E-0003
 4.75430832700768E+0000	-1.35525892836057E-0003
 4.76019306244384E+0000	-1.15160625653020E-0003
 4.76611490136449E+0000	-9.02913150139676E-0004
 4.77208229529764E+0000	-6.14236564658153E-0004
 4.77810373614902E+0000	-2.92455361321569E-0004
 4.78418726073852E+0000	 5.32889964973891E-0005
 4.79033968253733E+0000	 4.11326645638748E-0004
 4.79656563233717E+0000	 7.67511508584295E-0004
 4.80286656933903E+0000	 1.10568128596327E-0003
 4.80923995636566E+0000	 1.40850794955772E-0003
 4.81567873080012E+0000	 1.65861358624237E-0003
 4.82217106872983E+0000	 1.83982012713505E-0003
 4.82870037967307E+0000	 1.93854884475378E-0003
 4.83524565676276E+0000	 1.94553340363414E-0003
 4.84178265728060E+0000	 1.85782352087758E-0003
 4.84828640296557E+0000	 1.68043129169362E-0003
 4.85473473952378E+0000	 1.42648746200337E-0003
 4.86111165892234E+0000	 1.11526026109556E-0003
 4.86740892644814E+0000	 7.68687477385060E-0004
 4.87362557693406E+0000	 4.07929137447061E-0004
 4.87976601674091E+0000	 5.11196046291943E-0005
 4.88583783120734E+0000	-2.87438007623162E-0004
 4.89185003334788E+0000	-5.97059037181493E-0004
 4.89781197062947E+0000	-8.70012438007446E-0004
 4.90373278146511E+0000	-1.10080533055304E-0003
 4.90962119489690E+0000	-1.28559852558294E-0003
 4.91548550196710E+0000	-1.42178189578410E-0003
 4.92133360378756E+0000	-1.50767289892513E-0003
 4.92717310525946E+0000	-1.54229878350690E-0003
 4.93301145443839E+0000	-1.52524943467378E-0003
 4.93885612691977E+0000	-1.45661607430054E-0003
 4.94471483428091E+0000	-1.33704487106291E-0003
 4.95059571022485E+0000	-1.16792875152683E-0003
 4.95650740954860E+0000	-9.51738518512323E-0004
 4.96245904985689E+0000	-6.92463048638178E-0004
 4.96845993562217E+0000	-3.96094976469759E-0004
 4.97451902838483E+0000	-7.10679713740870E-0005
 4.98064416601213E+0000	 2.71470836971160E-0004
 4.98684108842170E+0000	 6.17676246827341E-0004
 4.99311239068338E+0000	 9.51407647459188E-0004
 4.99945657339574E+0000	 1.25505362829758E-0003
 5.00586735651810E+0000	 1.51072359994062E-0003
 5.01233335554755E+0000	 1.70169995971766E-0003
 5.01883816702708E+0000	 1.81408862023567E-0003
 5.02536100482663E+0000	 1.83866504945853E-0003
 5.03187822396512E+0000	 1.77274514455606E-0003
 5.03836598421967E+0000	 1.62144261803667E-0003
 5.04480363033581E+0000	 1.39739359375425E-0003
 5.05117656338492E+0000	 1.11857876991795E-0003
 5.05747740564230E+0000	 8.05006274513492E-0004
 5.06370524862823E+0000	 4.75640649414016E-0004
 5.06986376403133E+0000	 1.46551228620150E-0004
 5.07595918889792E+0000	-1.69607303719649E-0004
 5.08199881524250E+0000	-4.63234637111426E-0004
 5.08799013170814E+0000	-7.27087326935521E-0004
 5.09394047492566E+0000	-9.55609338543490E-0004
 5.09985697246601E+0000	-1.14443874801842E-0003
 5.10574660833604E+0000	-1.29009353582951E-0003
 5.11161632565160E+0000	-1.38978422802650E-0003
 5.11747314479908E+0000	-1.44130830062322E-0003
 5.12332430092899E+0000	-1.44301267499033E-0003
 5.12917739852655E+0000	-1.39383718219676E-0003
 5.13504055985640E+0000	-1.29346010947340E-0003
 5.14092252395229E+0000	-1.14255698409357E-0003
 5.14683264223243E+0000	-9.43162844476604E-0004
 5.15278071727606E+0000	-6.99104056624699E-0004
 5.15877664059821E+0000	-4.16442316130112E-0004
 5.16482980204850E+0000	-1.03850987494963E-0004
 5.17094827069218E+0000	 2.27178177005576E-0004
 5.17713779192753E+0000	 5.62416614472703E-0004
 5.18340071187969E+0000	 8.85381902960363E-0004
 5.18973501138518E+0000	 1.17828281025175E-0003
 5.19613366302073E+0000	 1.42338430525474E-0003
 5.20258447710866E+0000	 1.60464839468302E-0003
 5.20907051830225E+0000	 1.70948097081682E-0003
 5.21557116753036E+0000	 1.73043830335119E-0003
 5.22206396794757E+0000	 1.66664527382214E-0003
 5.22852725849863E+0000	 1.52440018909878E-0003
 5.23494307324953E+0000	 1.31636203996589E-0003
 5.24129928048803E+0000	 1.05926011548092E-0003
 5.24759013451288E+0000	 7.70928102842362E-0004
 5.25381527041081E+0000	 4.67809086401699E-0004
 5.25997790363745E+0000	 1.63627490826178E-0004
 5.26608308987535E+0000	-1.30794238892393E-0004
 5.27213653449739E+0000	-4.07027890960472E-0004
 5.27814402337957E+0000	-6.58333337921215E-0004
 5.28411130309359E+0000	-8.79069463100401E-0004
 5.29004418459900E+0000	-1.06433185180828E-0003
 5.29594870415443E+0000	-1.20979151847990E-0003
 5.30183126452993E+0000	-1.31166241054782E-0003
 5.30769874464152E+0000	-1.36674017717814E-0003
 5.31355858965349E+0000	-1.37249054872642E-0003
 5.31941888624602E+0000	-1.32719313706445E-0003
 5.32528840813642E+0000	-1.23015462384022E-0003
 5.33117659983674E+0000	-1.08199726760944E-0003
 5.33709345794288E+0000	-8.85012442965011E-0004
 5.34304926830231E+0000	-6.43550462287785E-0004
 5.34905416171247E+0000	-3.64398492073092E-0004
 5.35511746065314E+0000	-5.70754994697418E-0005
 5.36124681151232E+0000	 2.66055277525232E-0004
 5.36744714356588E+0000	 5.89983616708130E-0004
 5.37371957652318E+0000	 8.97690101550715E-0004
 5.38006049527835E+0000	 1.17129718940877E-0003
 5.38646106440043E+0000	 1.39367080535627E-0003
 5.39290740033283E+0000	 1.55024936655924E-0003
 5.39938147195897E+0000	 1.63079556962859E-0003
 5.40586267546655E+0000	 1.63079076478481E-0003
 5.41232997722343E+0000	 1.55220305619354E-0003
 5.41876438575678E+0000	 1.40329927168832E-0003
 5.42515120070390E+0000	 1.19726649021575E-0003
 5.43148129598202E+0000	 9.49876290593704E-0004
 5.43775101610026E+0000	 6.76967041930797E-0004
 5.44396093543168E+0000	 3.92597191593678E-0004
 5.45011418637902E+0000	 1.08272357349491E-0004
 5.45621502987839E+0000	-1.66902841948417E-0004
 5.46226800543297E+0000	-4.25588922751958E-0004
 5.46827765474195E+0000	-6.61522128656622E-0004
 5.47424862037636E+0000	-8.69028936539513E-0004
 5.48018589016696E+0000	-1.04281156568940E-0003
 5.48609502740723E+0000	-1.17794830183627E-0003
 5.49198232124346E+0000	-1.27001517280495E-0003
 5.49785485841354E+0000	-1.31525783761812E-0003
 5.50372054113032E+0000	-1.31078384744083E-0003
 5.50958806795387E+0000	-1.25477653629394E-0003
 5.51546687450874E+0000	-1.14674323043832E-0003
 5.52136701264463E+0000	-9.87806083745233E-0004
 5.52729893500024E+0000	-7.81030860523892E-0004
 5.53327314634313E+0000	-5.31771800187102E-0004
 5.53929968225844E+0000	-2.47989250328417E-0004
 5.54538738222043E+0000	 5.95322270102962E-0005
 5.55154294788085E+0000	 3.77175858420168E-0004
 5.55776983586736E+0000	 6.88843207736609E-0004
 5.56406713909572E+0000	 9.76816462017916E-0004
 5.57042873834612E+0000	 1.22320612546331E-0003
 5.57684307572762E+0000	 1.41186705005406E-0003
 5.58329381184671E+0000	 1.53042819495660E-0003
 5.58976137073855E+0000	 1.57195318222662E-0003
 5.59622510137179E+0000	 1.53583120310159E-0003
 5.60266564882181E+0000	 1.42769875459047E-0003
 5.60906709457402E+0000	 1.25836759176453E-0003
 5.61541839886634E+0000	 1.04192639609493E-0003
 5.62171377094258E+0000	 7.93470916718124E-0004
 5.62795194264608E+0000	 5.27117810664486E-0004
 5.63413475321834E+0000	 2.54826462552214E-0004
 5.64026565021814E+0000	-1.38445823130291E-0005
 5.64634858467142E+0000	-2.71295235046463E-0004
 5.65238748758418E+0000	-5.11164320915891E-0004
 5.65838625104624E+0000	-7.27689019873286E-0004
 5.66434899866822E+0000	-9.15335459676968E-0004
 5.67028042372422E+0000	-1.06872359427921E-0003
 5.67618605048599E+0000	-1.18276385323069E-0003
 5.68207236914523E+0000	-1.25289759277402E-0003
 5.68794685970495E+0000	-1.27536298183378E-0003
 5.69381794180683E+0000	-1.24745364298610E-0003
 5.69969487780159E+0000	-1.16777176198251E-0003
 5.70558763416284E+0000	-1.03649196423438E-0003
 5.71150668434130E+0000	-8.55650311681229E-0004
 5.71746271927521E+0000	-6.29460026176440E-0004
 5.72346622068275E+0000	-3.64635035958973E-0004
 5.72952684787890E+0000	-7.06733074004376E-0005
 5.73565259699021E+0000	 2.39988965435938E-0004
 5.74184872683248E+0000	 5.52093150437692E-0004
 5.74811653026560E+0000	 8.48130598979001E-0004
 5.75445217485851E+0000	 1.10955095815484E-0003
 5.76084600388062E+0000	 1.31865429401319E-0003
 5.76728275517153E+0000	 1.46092501321872E-0003
 5.77374296321531E+0000	 1.52722484318130E-0003
 5.78020535220394E+0000	 1.51513666628392E-0003
 5.78664958573504E+0000	 1.42902470723197E-0003
 5.79305864250869E+0000	 1.27887263513507E-0003
 5.79942032476643E+0000	 1.07831891615746E-0003
 5.80572771169330E+0000	 8.42418314038429E-0004
 5.81197862267696E+0000	 5.85641786264457E-0004
 5.81817438559598E+0000	 3.20523777771208E-0004
 5.82431836468022E+0000	 5.71410782174725E-0005
 5.83041469509556E+0000	-1.96672496755709E-0004
 5.83646750439400E+0000	-4.34672720060673E-0004
 5.84248067555578E+0000	-6.51461829730728E-0004
 5.84845802388896E+0000	-8.41925568942011E-0004
 5.85440367465014E+0000	-1.00097511836473E-0003
 5.86032244322438E+0000	-1.12357928217381E-0003
 5.86622009786921E+0000	-1.20499004534278E-0003
 5.87210347272310E+0000	-1.24105177277818E-0003
 5.87798045650915E+0000	-1.22851799598842E-0003
 5.88385989992401E+0000	-1.16534581623043E-0003
 5.88975147324421E+0000	-1.05097294421162E-0003
 5.89566548118362E+0000	-8.86598683438977E-0004
 5.90161261538193E+0000	-6.75489328841403E-0004
 5.90760360116654E+0000	-4.23313445057839E-0004
 5.91364867738313E+0000	-1.38483687663896E-0004
 5.91975684178238E+0000	 1.67563151913834E-0004
 5.92593481282843E+0000	 4.80278809641656E-0004
 5.93218572486635E+0000	 7.82311060975297E-0004
 5.93850771294158E+0000	 1.05445283375583E-0003
 5.94489275569240E+0000	 1.27742291100399E-0003
 5.95132634620812E+0000	 1.43441491396035E-0003
 5.95778854363623E+0000	 1.51389176151198E-0003
 5.96425650973408E+0000	 1.51168137617980E-0003
 5.97070787853490E+0000	 1.43149361578014E-0003
 5.97712382562146E+0000	 1.28367277877247E-0003
 5.98349094233084E+0000	 1.08280394819336E-0003
 5.98980169679344E+0000	 8.45078954270781E-0004
 5.99605378118890E+0000	 5.86094243834959E-0004
 6.00224880817944E+0000	 3.19398109450487E-0004
 6.00839079474397E+0000	 5.58511506532075E-0005
 6.01448479394730E+0000	-1.96303981221058E-0004
 6.02053592273317E+0000	-4.30885746116247E-0004
 6.02654889006785E+0000	-6.43009582506213E-0004
 6.03252798489455E+0000	-8.28379244145183E-0004
 6.03847737634754E+0000	-9.82814310305148E-0004
 6.04440153724959E+0000	-1.10207978219570E-0003
 6.05030562893572E+0000	-1.18198003848155E-0003
 6.05619575511109E+0000	-1.21862197335351E-0003
 6.06207906527539E+0000	-1.20874870147287E-0003
 6.06796373498391E+0000	-1.15007749551091E-0003
 6.07385886352601E+0000	-1.04161730541204E-0003
 6.07977431762571E+0000	-8.83974075159094E-0004
 6.08572052376775E+0000	-6.79669088155515E-0004
 6.09170817948605E+0000	-4.33495141864996E-0004
 6.09774782056626E+0000	-1.52915190589616E-0004
 6.10384915420958E+0000	 1.51537026935108E-0004
 6.11002006413374E+0000	 4.65970050529796E-0004
 6.11626524159077E+0000	 7.73177279338280E-0004
 6.12258453336143E+0000	 1.05331720736055E-0003
 6.12897134347262E+0000	 1.28554505183660E-0003
 6.13541172569352E+0000	 1.45070567327391E-0003
 6.14188495588022E+0000	 1.53469341413507E-0003
 6.14836604567371E+0000	 1.53142536904803E-0003
 6.15482973249507E+0000	 1.44410414255874E-0003
 6.16125452431467E+0000	 1.28410100941031E-0003
 6.16762531692793E+0000	 1.06804092124006E-0003
 6.17393403318233E+0000	 8.14432788368471E-0004
 6.18017873213194E+0000	 5.40951635463704E-0004
 6.18636198339402E+0000	 2.62783770022791E-0004
 6.19248912785240E+0000	-8.05034068322542E-0006
 6.19856677115470E+0000	-2.62647793760446E-0004
 6.20460167396490E+0000	-4.94707854078050E-0004
 6.21060009844248E+0000	-6.99783071423688E-0004
 6.21656759329102E+0000	-8.74504416564814E-0004
 6.22250913166823E+0000	-1.01594783203074E-0003
 6.22842946682336E+0000	-1.12124608917099E-0003
 6.23433355651179E+0000	-1.18747183895558E-0003
 6.24022693435410E+0000	-1.21174905397523E-0003
 6.24611595976704E+0000	-1.19151316664777E-0003
 6.25200793229536E+0000	-1.12484079571994E-0003
 6.25791109116229E+0000	-1.01079617614557E-0003
 6.26383453061350E+0000	-8.49775605220905E-0004
 6.26978804985866E+0000	-6.43860341961165E-0004
 6.27578192846851E+0000	-3.97205217671502E-0004
