-5.91847097741999E-0004	 1.34863764991033E-0003
 5.84357427052310E-0003	 1.43719665109936E-0003
 1.22827375348910E-0002	 1.45727748566551E-0003
 1.87106317960590E-0002	 1.41411645563229E-0003
 2.51159853650776E-0002	 1.31548121118520E-0003
 3.14910038585524E-0002	 1.16978138350000E-0003
 3.78303517348515E-0002	 9.84857576755002E-0004
 4.41298951957805E-0002	 7.67645738545908E-0004
 5.03857254081718E-0002	 5.24629495886589E-0004
 5.65938409620492E-0002	 2.62714131637386E-0004
 6.27505542440991E-0002	-9.99835880124880E-0006
 6.88533346681669E-0002	-2.83946373319724E-0004
 7.49016382111597E-0002	-5.48452300277669E-0004
 8.08973829323944E-0002	-7.92460724530013E-0004
 8.68449846050160E-0002	-1.00534933603293E-0003
 9.27510731399333E-0002	-1.17757566065523E-0003
 9.86240797542858E-0002	-1.30108025700993E-0003
 1.04473846157268E-0001	-1.36948946483054E-0003
 1.10311329541694E-0001	-1.37821431635191E-0003
 1.16148408136978E-0001	-1.32454381989418E-0003
 1.21997745429652E-0001	-1.20780815948521E-0003
 1.27872641759999E-0001	-1.02965758289274E-0003
 1.33786780787881E-0001	-7.94469496783302E-0004
 1.39753760983154E-0001	-5.09853635486959E-0004
 1.45786294308149E-0001	-1.87162659473175E-0004
 1.51894975572218E-0001	 1.58174841293616E-0004
 1.58086613844563E-0001	 5.06791659082350E-0004
 1.64362316372405E-0001	 8.36361043043193E-0004
 1.70715831474673E-0001	 1.12372025749416E-0003
 1.77132961802924E-0001	 1.34807370487658E-0003
 1.83592828670175E-0001	 1.49453414074588E-0003
 1.90071088277051E-0001	 1.55666513357342E-0003
 1.96544098818183E-0001	 1.53684758977680E-0003
 2.02992413219664E-0001	 1.44437229244837E-0003
 2.09402455325164E-0001	 1.29231891206038E-0003
 2.15766327964306E-0001	 1.09457831501056E-0003
 2.22080449839722E-0001	 8.63857190768867E-0004
 2.28343833194062E-0001	 6.10852587366538E-0004
 2.34556605917818E-0001	 3.44385830653641E-0004
 2.40719121285299E-0001	 7.21052717459353E-0005
 2.46831738643659E-0001	-1.98683729194702E-0004
 2.52895119786058E-0001	-4.60425243120879E-0004
 2.58910746314562E-0001	-7.05127063136086E-0004
 2.64881377932949E-0001	-9.24541663738604E-0004
 2.70811300419625E-0001	-1.11054646185200E-0003
 2.76706356918516E-0001	-1.25555010066827E-0003
 2.82573843207504E-0001	-1.35282256339719E-0003
 2.88422363104892E-0001	-1.39673086210359E-0003
 2.94261710221480E-0001	-1.38291948998744E-0003
 3.00102798174359E-0001	-1.30849855211821E-0003
 3.05957621067062E-0001	-1.17230261458848E-0003
 3.11839192676311E-0001	-9.75271480322155E-0004
 3.17761381261913E-0001	-7.20984755567917E-0004
 3.23738521582810E-0001	-4.16349521818312E-0004
 3.29784648595476E-0001	-7.23789516336971E-0005
 3.35912179345417E-0001	 2.95112096287246E-0004
 3.42129924450945E-0001	 6.65240907003901E-0004
 3.48440526994384E-0001	 1.01275672198798E-0003
 3.54837875467379E-0001	 1.31029130561092E-0003
 3.61305612429741E-0001	 1.53236864742223E-0003
 3.67818091063089E-0001	 1.66040804482225E-0003
 3.74344363714427E-0001	 1.68681901423268E-0003
 3.80854058258348E-0001	 1.61612972644778E-0003
 3.87322662834145E-0001	 1.46257749243536E-0003
 3.93734194847897E-0001	 1.24560942842140E-0003
 4.00081000662053E-0001	 9.85478837841641E-0004
 4.06361798422299E-0001	 7.00311958673260E-0004
 4.12579259161584E-0001	 4.04851122414999E-0004
 4.18737939189192E-0001	 1.10440556424930E-0004
 4.24842885253514E-0001	-1.74298011551822E-0004
 4.30898933449041E-0001	-4.42559096251979E-0004
 4.36910561098734E-0001	-6.88535903510897E-0004
 4.42882077289373E-0001	-9.06861044995308E-0004
 4.48817942010563E-0001	-1.09233617031735E-0003
 4.54723068044072E-0001	-1.23988685283757E-0003
 4.60603044006339E-0001	-1.34464747620290E-0003
 4.66464282827255E-0001	-1.40209995615992E-0003
 4.72314130548999E-0001	-1.40823181452246E-0003
 4.78160969422619E-0001	-1.35971902907151E-0003
 4.84014329641697E-0001	-1.25416522936425E-0003
 4.89884997261328E-0001	-1.09044009041832E-0003
 4.95785077148144E-0001	-8.69160333804758E-0004
 5.01727937209996E-0001	-5.93349508337162E-0004
 5.07727917168353E-0001	-2.69293076728190E-0004
 5.13799628040345E-0001	 9.24445983296558E-0005
 5.19956611517561E-0001	 4.75988519849833E-0004
 5.26209130324061E-0001	 8.59468496246025E-0004
 5.32561051704021E-0001	 1.21534818242370E-0003
 5.39006333701061E-0001	 1.51265338726693E-0003
 5.45526509523012E-0001	 1.72168389868393E-0003
 5.52091185952164E-0001	 1.82052596465227E-0003
 5.58662790053507E-0001	 1.80085610978702E-0003
 5.65204309069521E-0001	 1.66990369159150E-0003
 5.71686515990164E-0001	 1.44741613998781E-0003
 5.78091607003945E-0001	 1.15957270586850E-0003
 5.84412814218750E-0001	 8.33039164852375E-0004
 5.90651653812002E-0001	 4.91139127551950E-0004
 5.96814692565049E-0001	 1.52320673176327E-0004
 6.02910894100263E-0001	-1.69818380596400E-0004
 6.08949835710031E-0001	-4.65737762974220E-0004
 6.14940706618463E-0001	-7.28929953112132E-0004
 6.20891885182566E-0001	-9.54957843080263E-0004
 6.26810888496428E-0001	-1.14068815475569E-0003
 6.32704522993079E-0001	-1.28375117171310E-0003
 6.38579117581436E-0001	-1.38219723784624E-0003
 6.44440777278141E-0001	-1.43429824529842E-0003
 6.50295640011497E-0001	-1.43845022448676E-0003
 6.56150143141287E-0001	-1.39315739412688E-0003
 6.62011309054838E-0001	-1.29710480287726E-0003
 6.67887046436817E-0001	-1.14934692295183E-0003
 6.73786442177361E-0001	-9.49649712516929E-0004
 6.79719992959433E-0001	-6.99024435805285E-0004
 6.85699695053773E-0001	-4.00484891119693E-0004
 6.91738869408317E-0001	-6.00431019333741E-0005
 6.97851538420902E-0001	 3.12084066970547E-0004
 7.04051095898853E-0001	 7.00191953328909E-0004
 7.10347975559238E-0001	 1.08209195973399E-0003
 7.16746176446321E-0001	 1.42913979132349E-0003
 7.23239091747152E-0001	 1.70838665937316E-0003
 7.29806205475974E-0001	 1.88776097386146E-0003
 7.36413211370168E-0001	 1.94372734750084E-0003
 7.43017380920335E-0001	 1.86842855209222E-0003
 7.49576840481592E-0001	 1.67223034930373E-0003
 7.56059317313982E-0001	 1.38003015212351E-0003
 7.62446394505629E-0001	 1.02379373083546E-0003
 7.68732788058367E-0001	 6.35403234883931E-0004
 7.74922846461344E-0001	 2.42233387303788E-0004
 7.81026645209188E-0001	-1.34464713494246E-0004
 7.87056911149144E-0001	-4.79395108539489E-0004
 7.93027018223922E-0001	-7.82263214924255E-0004
 7.98949855359976E-0001	-1.03664487978615E-0003
 8.04837286434715E-0001	-1.23895856304293E-0003
 8.10699970601148E-0001	-1.38763514106276E-0003
 8.16547379802386E-0001	-1.48248923394569E-0003
 8.22387911926943E-0001	-1.52425503353457E-0003
 8.28229050571522E-0001	-1.51423805335884E-0003
 8.34077563240184E-0001	-1.45404471338577E-0003
 8.39939753615703E-0001	-1.34537760393999E-0003
 8.45821786477225E-0001	-1.18991623829563E-0003
 8.51730086519156E-0001	-9.89330700456851E-0004
 8.57671779865325E-0001	-7.45490263221094E-0004
 8.63655107199514E-0001	-4.60926473153224E-0004
 8.69689696427937E-0001	-1.39591056634452E-0004
 8.75786540407960E-0001	 2.12084939085929E-0004
 8.81957474224250E-0001	 5.83881083040103E-0004
 8.88213885882475E-0001	 9.60388439793833E-0004
 8.94564367289965E-0001	 1.31990817743785E-0003
 9.01011165539955E-0001	 1.63440951958236E-0003
 9.07545889919416E-0001	 1.87168740883995E-0003
 9.14146097002925E-0001	 2.00068509358405E-0003
 9.20775447313834E-0001	 1.99942539101449E-0003
 9.27389381109575E-0001	 1.86238628859583E-0003
 9.33944869523681E-0001	 1.60298810215630E-0003
 9.40409492841763E-0001	 1.24951028232030E-0003
 9.46765696109450E-0001	 8.37143253766494E-0004
 9.53009822978772E-0001	 4.00507765110359E-0004
 9.59148321845105E-0001	-3.08815832088051E-0005
 9.65193620527162E-0001	-4.34203414743552E-0004
 9.71160932186420E-0001	-7.93086505446812E-0004
 9.77066205791316E-0001	-1.09660062471346E-0003
 9.82924977110479E-0001	-1.33811295963549E-0003
 9.88751804424839E-0001	-1.51428387656526E-0003
 9.94560039753110E-0001	-1.62427794269746E-0003
 1.00036176855612E+0000	-1.66917757358808E-0003
 1.00616781630567E+0000	-1.65155108406272E-0003
 1.01198777156299E+0000	-1.57511519978750E-0003
 1.01783001874676E+0000	-1.44443641479726E-0003
 1.02370180927029E+0000	-1.26463677781007E-0003
 1.02960941991082E+0000	-1.04110757498954E-0003
 1.03555844203793E+0000	-7.79282213597494E-0004
 1.04155420807942E+0000	-4.84562469719775E-0004
 1.04760229591226E+0000	-1.62510552928967E-0004
 1.05370897359267E+0000	 1.80602204800332E-0004
 1.05988137685270E+0000	 5.36863996128903E-0004
 1.06612716375462E+0000	 8.95485440781402E-0004
 1.07245337174376E+0000	 1.24148026828039E-0003
 1.07886424384141E+0000	 1.55470586276744E-0003
 1.08535800510688E+0000	 1.81000721543868E-0003
 1.09192315169817E+0000	 1.97944375905036E-0003
 1.09853580047667E+0000	 2.03727161534963E-0003
 1.10516038627552E+0000	 1.96693070692985E-0003
 1.11175510472832E+0000	 1.76716226013723E-0003
 1.11828057688596E+0000	 1.45369366305795E-0003
 1.12470766434788E+0000	 1.05533300762032E-0003
 1.13102106504710E+0000	 6.06879052783503E-0004
 1.13721842829955E+0000	 1.42472499252323E-0004
 1.14330699426204E+0000	-3.08526228776803E-0004
 1.14929987644422E+0000	-7.23077966999685E-0004
 1.15521311650495E+0000	-1.08434453816096E-0003
 1.16106375012063E+0000	-1.38083418225643E-0003
 1.16686869804679E+0000	-1.60539625184229E-0003
 1.17264420477530E+0000	-1.75433643499465E-0003
 1.17840559166516E+0000	-1.82673814195517E-0003
 1.18416716004684E+0000	-1.82398763130751E-0003
 1.18994213525687E+0000	-1.74946250147679E-0003
 1.19574258399667E+0000	-1.60832447811740E-0003
 1.20157927474221E+0000	-1.40734648432826E-0003
 1.20746149203289E+0000	-1.15470314877142E-0003
 1.21339685961883E+0000	-8.59672892986833E-0004
 1.21939126172083E+0000	-5.32247598743463E-0004
 1.22544895217069E+0000	-1.82719935100121E-0004
 1.23157288454386E+0000	 1.78606237287447E-0004
 1.23776518127709E+0000	 5.41406001937730E-0004
 1.24402752306771E+0000	 8.94903967541715E-0004
 1.25036114502613E+0000	 1.22705719121288E-0003
 1.25676612888005E+0000	 1.52359750442001E-0003
 1.26323981430942E+0000	 1.76741060893316E-0003
 1.26977445565133E+0000	 1.93891644352191E-0003
 1.27635476703660E+0000	 2.01812001401349E-0003
 1.28295661975040E+0000	 1.98854254704728E-0003
 1.28954835948672E+0000	 1.84213918837019E-0003
 1.29609528086843E+0000	 1.58309680049536E-0003
 1.30256588947196E+0000	 1.22837355197958E-0003
 1.30893728038206E+0000	 8.04557028426172E-0004
 1.31519761579451E+0000	 3.42700795677851E-0004
 1.32134557064187E+0000	-1.26568742336782E-0004
 1.32738797885238E+0000	-5.76293237773497E-0004
 1.33333706309860E+0000	-9.84616687935077E-0004
 1.33920808858674E+0000	-1.33493736551062E-0003
 1.34501771161276E+0000	-1.61540080041004E-0003
 1.35078296428331E+0000	-1.81818645330298E-0003
 1.35652070254410E+0000	-1.93883890052697E-0003
 1.36224734269988E+0000	-1.97575209656128E-0003
 1.36797874488084E+0000	-1.92983611539191E-0003
 1.37373013418215E+0000	-1.80435554044876E-0003
 1.37951597285580E+0000	-1.60490368419490E-0003
 1.38534971564220E+0000	-1.33945227070627E-0003
 1.39124340699550E+0000	-1.01838798319079E-0003
 1.39720712578077E+0000	-6.54423255952416E-0004
 1.40324835403708E+0000	-2.62269499294939E-0004
 1.40937142471478E+0000	 1.41986152940190E-0004
 1.41557724218576E+0000	 5.41742155343947E-0004
 1.42186340854113E+0000	 9.20777543371840E-0004
 1.42822470892466E+0000	 1.26389614302422E-0003
 1.43465368691021E+0000	 1.55711982721549E-0003
 1.44114092649043E+0000	 1.78748525761403E-0003
 1.44767476689942E+0000	 1.94280118077112E-0003
 1.45424050579086E+0000	 2.01189536827161E-0003
 1.46081957323748E+0000	 1.98577614708758E-0003
 1.46738946306089E+0000	 1.85969054477202E-0003
 1.47392509560229E+0000	 1.63540666717721E-0003
 1.48040161707733E+0000	 1.32261223696997E-0003
 1.48679777349825E+0000	 9.38576541250432E-0004
 1.49309862753955E+0000	 5.06093931673535E-0004
 1.49929680571138E+0000	 5.05332684069446E-0005
 1.50539224298455E+0000	-4.02996654563111E-0004
 1.51139093812459E+0000	-8.31716138421014E-0004
 1.51730334470137E+0000	-1.21631658561849E-0003
 1.52314285592230E+0000	-1.54133887923019E-0003
 1.52892461024281E+0000	-1.79506637665652E-0003
 1.53466466702164E+0000	-1.96919038549294E-0003
 1.54037950313267E+0000	-2.05843405366534E-0003
 1.54608574338908E+0000	-2.06024870025336E-0003
 1.55180003096641E+0000	-1.97464420046173E-0003
 1.55753894612478E+0000	-1.80418140793229E-0003
 1.56331888027272E+0000	-1.55412972480684E-0003
 1.56915576567307E+0000	-1.23276390053743E-0003
 1.57506455661593E+0000	-8.51728941959580E-0004
 1.58105837443057E+0000	-4.26334592610395E-0004
 1.58714729505971E+0000	 2.44386118372450E-0005
 1.59333690021225E+0000	 4.78489594572875E-0004
 1.59962691912093E+0000	 9.11913772672449E-0004
 1.60601045914906E+0000	 1.30105989035570E-0003
 1.61247428185068E+0000	 1.62491940395521E-0003
 1.61900021293663E+0000	 1.86714562939242E-0003
 1.62556723473085E+0000	 2.01708176736390E-0003
 1.63215349522719E+0000	 2.06967611202698E-0003
 1.63873765419857E+0000	 2.02472985232371E-0003
 1.64529952087699E+0000	 1.88612276463840E-0003
 1.65182038113039E+0000	 1.66138888831651E-0003
 1.65828345274394E+0000	 1.36155561373570E-0003
 1.66467460543250E+0000	 1.00090211761558E-0003
 1.67098316053311E+0000	 5.96379628432002E-0004
 1.67720249370601E+0000	 1.66690183723460E-0004
 1.68333027786028E+0000	-2.68803926515274E-0004
 1.68936835478535E+0000	-6.91144396741526E-0004
 1.69532231377647E+0000	-1.08267561504642E-0003
 1.70120088880132E+0000	-1.42770361043235E-0003
 1.70701529129634E+0000	-1.71289688404120E-0003
 1.71277858244996E+0000	-1.92745963924652E-0003
 1.71850515793409E+0000	-2.06314443497870E-0003
 1.72421037796777E+0000	-2.11418822436132E-0003
 1.72991033811399E+0000	-2.07725448235960E-0003
 1.73562174703645E+0000	-1.95145294261990E-0003
 1.74136185402148E+0000	-1.73849478114330E-0003
 1.74714834427156E+0000	-1.44302608761318E-0003
 1.75299908717152E+0000	-1.07315914090067E-0003
 1.75893158145479E+0000	-6.41173689439372E-0004
 1.76496190605304E+0000	-1.64266433300520E-0004
 1.77110300008963E+0000	 3.34933080741866E-0004
 1.77736224366821E+0000	 8.28570256387522E-0004
 1.78373868753097E+0000	 1.28512430285228E-0003
 1.79022085692092E+0000	 1.67274787894839E-0003
 1.79678646981061E+0000	 1.96403243586655E-0003
 1.80340500832529E+0000	 2.14070082221928E-0003
 1.81004264968695E+0000	 2.19620325000564E-0003
 1.81666759281320E+0000	 2.13513919283774E-0003
 1.82325372208446E+0000	 1.97023269309771E-0003
 1.82978186165980E+0000	 1.71863697768466E-0003
 1.83623923212354E+0000	 1.39898666512513E-0003
 1.84261815123784E+0000	 1.02964386984764E-0003
 1.84891471573241E+0000	 6.27920256108252E-0004
 1.85512777407384E+0000	 2.09895457211459E-0004
 1.86125825530812E+0000	-2.09469027874162E-0004
 1.86730882438012E+0000	-6.16128199777718E-0004
 1.87328378552314E+0000	-9.96809414924338E-0004
 1.87918911990360E+0000	-1.33900685936025E-0003
 1.88503254040262E+0000	-1.63112142129981E-0003
 1.89082348451267E+0000	-1.86269380637301E-0003
 1.89657302526947E+0000	-2.02465997184960E-0003
 1.90229372831926E+0000	-2.10957895478259E-0003
 1.90799950239623E+0000	-2.11182338189738E-0003
 1.91370548204844E+0000	-2.02776091868357E-0003
 1.91942795628474E+0000	-1.85598048511318E-0003
 1.92518432321960E+0000	-1.59763032461606E-0003
 1.93099300916125E+0000	-1.25693842196895E-0003
 1.93687323460302E+0000	-8.41975846712009E-0004
 1.94284443209737E+0000	-3.65683408587985E-0004
 1.94892502757202E+0000	 1.52925767510464E-0004
 1.95513023539810E+0000	 6.87706926634647E-0004
 1.96146862886997E+0000	 1.20517801751616E-0003
 1.96793778386800E+0000	 1.66630513036846E-0003
 1.97452041827773E+0000	 2.03137308596173E-0003
 1.98118362373327E+0000	 2.26772232532177E-0003
 1.98788338217042E+0000	 2.35760279168386E-0003
 1.99457351258632E+0000	 2.30191175404772E-0003
 2.00121479562598E+0000	 2.11769681370791E-0003
 2.00778010900050E+0000	 1.83147605211296E-0003
 2.01425472873955E+0000	 1.47232308820020E-0003
 2.02063369438236E+0000	 1.06722704820371E-0003
 2.02691845285780E+0000	 6.39021316875926E-0004
 2.03311401886386E+0000	 2.06080251823206E-0004
 2.03922700454574E+0000	-2.17072476180362E-0004
 2.04526446086922E+0000	-6.18812665468187E-0004
 2.05123336438459E+0000	-9.89445350328546E-0004
 2.05714057350450E+0000	-1.32039914669648E-0003
 2.06299308196516E+0000	-1.60368380657105E-0003
 2.06879840660312E+0000	-1.83163929122217E-0003
 2.07456497548371E+0000	-1.99694271589686E-0003
 2.08030243290335E+0000	-2.09279946637142E-0003
 2.08602183523713E+0000	-2.11323809976829E-0003
 2.09173575600729E+0000	-2.05345251752493E-0003
 2.09745833767295E+0000	-1.91017514839288E-0003
 2.10320532055158E+0000	-1.68210651471337E-0003
 2.10899405030491E+0000	-1.37046085261141E-0003
 2.11484341588905E+0000	-9.79710748544003E-0004
 2.12077359350538E+0000	-5.18619507880542E-0004
 2.12680535723066E+0000	-1.61588904076099E-0006
 2.13295856264022E+0000	 5.49563565600350E-0004
 2.13924927412173E+0000	 1.10436440311357E-0003
 2.14568510938125E+0000	 1.62305334810073E-0003
 2.15225918288776E+0000	 2.05927899886884E-0003
 2.15894493078428E+0000	 2.36731800988881E-0003
 2.16569610482387E+0000	 2.51342297930473E-0003
 2.17245509254751E+0000	 2.48622400852926E-0003
 2.17916683252581E+0000	 2.29937508351319E-0003
 2.18579054392340E+0000	 1.98476513607362E-0003
 2.19230383823509E+0000	 1.58154195870522E-0003
 2.19870015112155E+0000	 1.12716897548619E-0003
 2.20498352192339E+0000	 6.52858931062117E-0004
 2.21116373098738E+0000	 1.82501051944012E-0004
 2.21725285547613E+0000	-2.66576363478109E-0004
 2.22326319233391E+0000	-6.82186831435774E-0004
 2.22920618815940E+0000	-1.05579965457140E-0003
 2.23509205003545E+0000	-1.38122587062336E-0003
 2.24092980854857E+0000	-1.65356452272340E-0003
 2.24672767143054E+0000	-1.86844429073525E-0003
 2.25249353850732E+0000	-2.02157040613842E-0003
 2.25823556699367E+0000	-2.10856130742498E-0003
 2.26396269962713E+0000	-2.12503278150699E-0003
 2.26968510239296E+0000	-2.06687089505344E-0003
 2.27541449596579E+0000	-1.93063885149164E-0003
 2.28116439208177E+0000	-1.71408783651704E-0003
 2.28695025190315E+0000	-1.41678064605265E-0003
 2.29278956164401E+0000	-1.04087952392755E-0003
 2.29870176512561E+0000	-5.92186167646359E-0004
 2.30470789175978E+0000	-8.15363695495196E-0005
 2.31082955518116E+0000	 4.73394827902681E-0004
 2.31708677567566E+0000	 1.04602056284049E-0003
 2.32349390821516E+0000	 1.59915868000343E-0003
 2.33005323576759E+0000	 2.08534827515920E-0003
 2.33674729751252E+0000	 2.45176506140642E-0003
 2.34353407916946E+0000	 2.65158577922712E-0003
 2.35035118915179E+0000	 2.65894508037668E-0003
 2.35713075827797E+0000	 2.47855469761786E-0003
 2.36381726796162E+0000	 2.14254045971289E-0003
 2.37037760815355E+0000	 1.69738259724296E-0003
 2.37680052084043E+0000	 1.19040005974124E-0003
 2.38309022426770E+0000	 6.61757789566697E-0004
 2.38925952650407E+0000	 1.42007324894134E-0004
 2.39532478579933E+0000	-3.47242536839377E-0004
 2.40130288579980E+0000	-7.91530464659533E-0004
 2.40720966320023E+0000	-1.18164079248397E-0003
 2.41305923352671E+0000	-1.51195501453533E-0003
 2.41886384960487E+0000	-1.77912348042207E-0003
 2.42463408704918E+0000	-1.98103591920471E-0003
 2.43037924328746E+0000	-2.11606433795446E-0003
 2.43610787556856E+0000	-2.18256662762466E-0003
 2.44182841324963E+0000	-2.17864695139903E-0003
 2.44754978197387E+0000	-2.10216394490164E-0003
 2.45328198571812E+0000	-1.95096695048140E-0003
 2.45903660950652E+0000	-1.72333613422142E-0003
 2.46482722274297E+0000	-1.41861398621680E-0003
 2.47066966637837E+0000	-1.03804550643051E-0003
 2.47658217998690E+0000	-5.85886200722521E-0004
 2.48258524807692E+0000	-7.08753721457440E-0005
 2.48870089445075E+0000	 4.91827765563539E-0004
 2.49495091046936E+0000	 1.07826805045033E-0003
 2.50135321723054E+0000	 1.65331332117346E-0003
 2.50791553693309E+0000	 2.16964461773095E-0003
 2.51462661949814E+0000	 2.57089337405040E-0003
 2.52144844608046E+0000	 2.80209945950555E-0003
 2.52831669206713E+0000	 2.82680051227516E-0003
 2.53515477041308E+0000	 2.64182864123796E-0003
 2.54189552550984E+0000	 2.27824492355571E-0003
 2.54849652765152E+0000	 1.78775448362671E-0003
 2.55494195819025E+0000	 1.22563171164260E-0003
 2.56123562849352E+0000	 6.39612156014371E-0004
 2.56739242245286E+0000	 6.60783763691479E-0005
 2.57343188160959E+0000	-4.69387633178765E-0004
 2.57937439711648E+0000	-9.49870611311788E-0004
 2.58523928025614E+0000	-1.36485540320705E-0003
 2.59104394082210E+0000	-1.70832365947947E-0003
 2.59680366142473E+0000	-1.97727691996699E-0003
 2.60253168921641E+0000	-2.17061301070116E-0003
 2.60823951401913E+0000	-2.28827202746801E-0003
 2.61393727854150E+0000	-2.33059848524566E-0003
 2.61963429611604E+0000	-2.29790163422150E-0003
 2.62533965354097E+0000	-2.19022178388134E-0003
 2.63106286675742E+0000	-2.00732227790774E-0003
 2.63681454720398E+0000	-1.74892777374687E-0003
 2.64260703224797E+0000	-1.41522914796221E-0003
 2.64845492953959E+0000	-1.00768516378942E-0003
 2.65437550630847E+0000	-5.30178071615845E-0004
 2.66038879282697E+0000	 9.38051478377520E-0006
 2.66651712568613E+0000	 5.96876025154758E-0004
 2.67278359031260E+0000	 1.20921475589403E-0003
 2.67920844887722E+0000	 1.81129368589806E-0003
 2.68580243844510E+0000	 2.35407831693849E-0003
 2.69255674251893E+0000	 2.77690997255582E-0003
 2.69943298277392E+0000	 3.01823970710082E-0003
 2.70636185006597E+0000	 3.03518915008051E-0003
 2.71325808620686E+0000	 2.82204159966227E-0003
 2.72004598942703E+0000	 2.41275576580131E-0003
 2.72667802288407E+0000	 1.86541010200048E-0003
 2.73313716003870E+0000	 1.24203360733071E-0003
 2.73942852133043E+0000	 5.95721764085502E-0004
 2.74556936618329E+0000	-3.34701630498356E-0005
 2.75158183638562E+0000	-6.17610504573755E-0004
 2.75748881760914E+0000	-1.13832069481386E-0003
 2.76331194548873E+0000	-1.58419951328160E-0003
 2.76907081636069E+0000	-1.94875274442761E-0003
 2.77478280267557E+0000	-2.22885373375277E-0003
 2.78046315353443E+0000	-2.42361831325346E-0003
 2.78612523374008E+0000	-2.53356995853376E-0003
 2.79178084932288E+0000	-2.56000519528908E-0003
 2.79744065346295E+0000	-2.50451165660831E-0003
 2.80311464231934E+0000	-2.36863051157452E-0003
 2.80881274614747E+0000	-2.15368652474188E-0003
 2.81454550527208E+0000	-1.86083063273365E-0003
 2.82032479995028E+0000	-1.49135326940971E-0003
 2.82616458088827E+0000	-1.04733872951259E-0003
 2.83208151590857E+0000	-5.32752114336378E-0004
 2.83809540321375E+0000	 4.49133054732061E-0005
 2.84422905452749E+0000	 6.72266351390886E-0004
 2.85050705371958E+0000	 1.32681281817479E-0003
 2.85695231521995E+0000	 1.97316031494210E-0003
 2.86357894497432E+0000	 2.55999804186261E-0003
 2.87038065663097E+0000	 3.02146510658108E-0003
 2.87731812113893E+0000	 3.28846151597734E-0003
 2.88431583214287E+0000	 3.31149407724461E-0003
 2.89127908710787E+0000	 3.08328016552087E-0003
 2.89812429219728E+0000	 2.64186732706260E-0003
 2.90480038118278E+0000	 2.05174975666531E-0003
 2.91129032819178E+0000	 1.38044906636146E-0003
 2.91760074945632E+0000	 6.84650692822409E-0004
 2.92375059269548E+0000	 6.52675739016802E-0006
 2.92976344428640E+0000	-6.24704097096061E-0004
 2.93566337314233E+0000	-1.18978446674852E-0003
 2.94147303043958E+0000	-1.67663969454652E-0003
 2.94721294855724E+0000	-2.07823354980949E-0003
 2.95290141225384E+0000	-2.39101845583679E-0003
 2.95855458134859E+0000	-2.61382951470990E-0003
 2.96418672003736E+0000	-2.74707965692019E-0003
 2.96981048177075E+0000	-2.79215163171240E-0003
 2.97543724662272E+0000	-2.75092426105676E-0003
 2.98107752942311E+0000	-2.62540931327105E-0003
 2.98674148025575E+0000	-2.41751013651291E-0003
 2.99243948869787E+0000	-2.12894238546896E-0003
 2.99818288338817E+0000	-1.76137979275700E-0003
 3.00398469263443E+0000	-1.31690619055715E-0003
 3.00986039820915E+0000	-7.98876012492820E-0004
 3.01582855808819E+0000	-2.13318115889801E-0004
 3.02191105566374E+0000	 4.28940890409088E-0004
 3.02813248378268E+0000	 1.10925596274301E-0003
 3.03451771832254E+0000	 1.79727543098290E-0003
 3.04108616481674E+0000	 2.44704094287358E-0003
 3.04784124897686E+0000	 2.99594691708392E-0003
 3.05475662162958E+0000	 3.37213809075388E-0003
 3.06176783553539E+0000	 3.51472960562442E-0003
 3.06878268820016E+0000	 3.39954517819542E-0003
 3.07571020894527E+0000	 3.05007173362037E-0003
 3.08248728628929E+0000	 2.52363307610685E-0003
 3.08908574664224E+0000	 1.88714727866444E-0003
 3.09550410877069E+0000	 1.20014255483145E-0003
 3.10175608198444E+0000	 5.08772608922534E-0004
 3.10786208889078E+0000	-1.53726086007764E-0004
 3.11384442920657E+0000	-7.64467875659538E-0004
 3.11972489231120E+0000	-1.30827499839724E-0003
 3.12552371338551E+0000	-1.77554599584486E-0003
 3.13125920215059E+0000	-2.16066254236873E-0003
 3.13694769509467E+0000	-2.46081590779733E-0003
 3.14260366524272E+0000	-2.67512849458200E-0003
 3.14823992037695E+0000	-2.80397555620203E-0003
 3.15386787093061E+0000	-2.84844680348923E-0003
 3.15949787286491E+0000	-2.80992043593611E-0003
 3.16513965760444E+0000	-2.68975155170656E-0003
 3.17080285506938E+0000	-2.48910107260179E-0003
 3.17649760118294E+0000	-2.20894847023991E-0003
 3.18223520257098E+0000	-1.85034224592128E-0003
 3.18802881089667E+0000	-1.41495112002512E-0003
 3.19389403223571E+0000	-9.05994243567432E-0004
 3.19984934425108E+0000	-3.29655376202913E-0004
 3.20591607838764E+0000	 3.02888868775041E-0004
 3.21211749363829E+0000	 9.72734316718233E-0004
 3.21847609779968E+0000	 1.64998518105195E-0003
 3.22500803703282E+0000	 2.29096975551966E-0003
 3.23171386076807E+0000	 2.83861611063890E-0003
 3.23856784667205E+0000	 3.23024174868194E-0003
 3.24551339468450E+0000	 3.41467147139188E-0003
 3.25247314167378E+0000	 3.37131097397076E-0003
 3.25937125989928E+0000	 3.11678289320623E-0003
 3.26615259158110E+0000	 2.69424600144478E-0003
 3.27278801003045E+0000	 2.15608267776759E-0003
 3.27926933856480E+0000	 1.55146821214448E-0003
 3.28560171838772E+0000	 9.21233089192108E-0004
 3.29179759641155E+0000	 2.97189842157270E-0004
 3.29787289557815E+0000	-2.96832243890105E-0004
 3.30384473370850E+0000	-8.43579393515863E-0004
 3.30973008001209E+0000	-1.33102759344777E-0003
 3.31554498183068E+0000	-1.75119379107295E-0003
 3.32130416211065E+0000	-2.09910870271193E-0003
 3.32702087590584E+0000	-2.37193953798663E-0003
 3.33270696042744E+0000	-2.56825208696954E-0003
 3.33837303894462E+0000	-2.68740864581244E-0003
 3.34402885117874E+0000	-2.72910804142456E-0003
 3.34968368464719E+0000	-2.69308284187396E-0003
 3.35534687656611E+0000	-2.57897319821639E-0003
 3.36102834951971E+0000	-2.38639591221329E-0003
 3.36673914001223E+0000	-2.11522452455195E-0003
 3.37249187660300E+0000	-1.76609745740381E-0003
 3.37830115625941E+0000	-1.34118164476910E-0003
 3.38418373937676E+0000	-8.45237838135568E-0004
 3.39015841520076E+0000	-2.87047004546303E-0004
 3.39624525959831E+0000	 3.18774878015837E-0004
 3.40246382028708E+0000	 9.49710550888685E-0004
 3.40882962648719E+0000	 1.57359801194239E-0003
 3.41534868518344E+0000	 2.14857746673872E-0003
 3.42201091635558E+0000	 2.62683408319313E-0003
 3.42878586550354E+0000	 2.96345936675420E-0003
 3.43562523642379E+0000	 3.12802411876109E-0003
 3.44247316197382E+0000	 3.11232711506034E-0003
 3.44927858428308E+0000	 2.92946444369712E-0003
 3.45600284518832E+0000	 2.60643712931378E-0003
 3.46262101709399E+0000	 2.17620451332906E-0003
 3.46911994295649E+0000	 1.67244748859639E-0003
 3.47549573232626E+0000	 1.12677927778406E-0003
 3.48175155557678E+0000	 5.67208419584743E-0004
 3.48789563551615E+0000	 1.72609867821261E-0005
 3.49393936162520E+0000	-5.04320784144746E-0004
 3.49989565152492E+0000	-9.83333995322089E-0004
 3.50577770882547E+0000	-1.40947044618741E-0003
 3.51159823322615E+0000	-1.77547555471159E-0003
 3.51736904617021E+0000	-2.07629006433786E-0003
 3.52310104744666E+0000	-2.30829665561380E-0003
 3.52880440618142E+0000	-2.46874044317782E-0003
 3.53448889533257E+0000	-2.55535333263694E-0003
 3.54016429153822E+0000	-2.56618534564944E-0003
 3.54584077835180E+0000	-2.49962873253266E-0003
 3.55152930841412E+0000	-2.35461302316227E-0003
 3.55724189492726E+0000	-2.13095192839166E-0003
 3.56299180872809E+0000	-1.82983499043852E-0003
 3.56879364726358E+0000	-1.45447304619332E-0003
 3.57466320939945E+0000	-1.01091649685097E-0003
 3.58061705210410E+0000	-5.09050204582849E-0004
 3.58667153072354E+0000	 3.63032295896525E-0005
 3.59284107794403E+0000	 6.04410878879090E-0004
 3.59913557146222E+0000	 1.16831056751369E-0003
 3.60555705349029E+0000	 1.69594169603849E-0003
 3.61209684308516E+0000	 2.15339171174821E-0003
 3.61873471754820E+0000	 2.50992360741472E-0003
 3.62544126114163E+0000	 2.74290840192247E-0003
 3.63218244902615E+0000	 2.84034833966009E-0003
 3.63892397721472E+0000	 2.80044313213524E-0003
 3.64563375436442E+0000	 2.62987162780868E-0003
 3.65228319097678E+0000	 2.34253438932342E-0003
 3.65884869451138E+0000	 1.95873415405352E-0003
 3.66531357759755E+0000	 1.50364467392288E-0003
 3.67166931805800E+0000	 1.00459110646540E-0003
 3.67791526197284E+0000	 4.87934347816439E-0004
 3.68405692150470E+0000	-2.32911809488106E-0005
 3.69010372281638E+0000	-5.10442673388168E-0004
 3.69606700044731E+0000	-9.59210379399544E-0004
 3.70195861626753E+0000	-1.35892126141098E-0003
 3.70779022340581E+0000	-1.70165115545229E-0003
 3.71357302316393E+0000	-1.98142447551571E-0003
 3.71931782764073E+0000	-2.19362601949680E-0003
 3.72503527023711E+0000	-2.33464828600569E-0003
 3.73073605483265E+0000	-2.40174539650531E-0003
 3.73643118049080E+0000	-2.39304711285651E-0003
 3.74213211252286E+0000	-2.30769069228000E-0003
 3.74785088873956E+0000	-2.14604375449264E-0003
 3.75360015107088E+0000	-1.91000875272251E-0003
 3.75939307899708E+0000	-1.60341066242266E-0003
 3.76524317627288E+0000	-1.23246550144575E-0003
 3.77116383478868E+0000	-8.06298519806823E-0004
 3.77716758781892E+0000	-3.37418930538901E-0004
 3.78326500360310E+0000	 1.58032428124827E-0004
 3.78946330037077E+0000	 6.60522563190501E-0004
 3.79576498650140E+0000	 1.14807464060493E-0003
 3.80216702012849E+0000	 1.59788142319021E-0003
 3.80866087792935E+0000	 1.98809816018183E-0003
 3.81523336788159E+0000	 2.29908754450679E-0003
 3.82186736791845E+0000	 2.51381333184075E-0003
 3.82854170126826E+0000	 2.61805739140904E-0003
 3.83523042827645E+0000	 2.60172340319405E-0003
 3.84190314338907E+0000	 2.46171640123162E-0003
 3.84852786457412E+0000	 2.20500754108801E-0003
 3.85507615123128E+0000	 1.84936799614754E-0003
 3.86152790463502E+0000	 1.42055214316781E-0003
 3.86787337855701E+0000	 9.47329215083793E-0004
 3.87411207721755E+0000	 4.56919678160074E-0004
 3.88024999352927E+0000	-2.76237956003979E-0005
 3.88629678520388E+0000	-4.88097937872052E-0004
 3.89226371379194E+0000	-9.10662794567445E-0004
 3.89816245972917E+0000	-1.28494112378403E-0003
 3.90400459490999E+0000	-1.60315359211588E-0003
 3.90980144125201E+0000	-1.85946712782177E-0003
 3.91556410797789E+0000	-2.04957441082449E-0003
 3.92130358507920E+0000	-2.17045753805578E-0003
 3.92703083623684E+0000	-2.22027991977666E-0003
 3.93275687205264E+0000	-2.19836639764289E-0003
 3.93849279726092E+0000	-2.10525231304671E-0003
 3.94424982149605E+0000	-1.94279636337347E-0003
 3.95003921094933E+0000	-1.71435393438439E-0003
 3.95587214679049E+0000	-1.42499527637799E-0003
 3.96175945537106E+0000	-1.08172799033190E-0003
 3.96771119569911E+0000	-6.93653424020785E-0004
 3.97373613887790E+0000	-2.71969873027555E-0004
 3.97984124391730E+0000	 1.70238473391251E-0004
 3.98603128339926E+0000	 6.18392721229404E-0004
 3.99230872548451E+0000	 1.05680855811569E-0003
 3.99867377506218E+0000	 1.46880332487907E-0003
 4.00512416998734E+0000	 1.83636118355857E-0003
 4.01165415212347E+0000	 2.13964261485058E-0003
 4.01825232788127E+0000	 2.35725615727523E-0003
 4.02489910036864E+0000	 2.46852366908702E-0003
 4.03156562147977E+0000	 2.45820978293724E-0003
 4.03821646075296E+0000	 2.32211555301517E-0003
 4.04481610034295E+0000	 2.07011624075227E-0003
 4.05133616646624E+0000	 1.72424260799840E-0003
 4.05775956450085E+0000	 1.31296871660433E-0003
 4.06408032410022E+0000	 8.65160493749562E-0004
 4.07030077799475E+0000	 4.06193947560607E-0004
 4.07642827116792E+0000	-4.34327217014196E-0005
 4.08247263354453E+0000	-4.67896565520242E-0004
 4.08844464871762E+0000	-8.55225061505157E-0004
 4.09435527895237E+0000	-1.19642556759444E-0003
 4.10021533496303E+0000	-1.48478771537527E-0003
 4.10603536665788E+0000	-1.71538249439971E-0003
 4.11182565498661E+0000	-1.88471578043271E-0003
 4.11759625367371E+0000	-1.99049433909493E-0003
 4.12335705895403E+0000	-2.03148250010765E-0003
 4.12911788886476E+0000	-2.00744308725625E-0003
 4.13488854704232E+0000	-1.91915849961813E-0003
 4.14067884150749E+0000	-1.76851850838149E-0003
 4.14649853370584E+0000	-1.55864646964248E-0003
 4.15235720967361E+0000	-1.29402322323153E-0003
 4.15826409196124E+0000	-9.80566895748988E-0004
 4.16422784042192E+0000	-6.25646427139132E-0004
 4.17025640580331E+0000	-2.38052909720680E-0004
 4.17635697642717E+0000	 1.71980747480415E-0004
 4.18253596930769E+0000	 5.92566343434204E-0004
 4.18879886105797E+0000	 1.00962565800061E-0003
 4.19514948441121E+0000	 1.40607319064767E-0003
 4.20158836689958E+0000	 1.76111385973282E-0003
 4.20810997669499E+0000	 2.05053362832529E-0003
 4.21469957490140E+0000	 2.24912492284632E-0003
 4.22133156529403E+0000	 2.33575513371783E-0003
 4.22797163856139E+0000	 2.29963489197908E-0003
 4.23458314767781E+0000	 2.14434207148711E-0003
 4.24113482696859E+0000	 1.88680785638980E-0003
 4.24760577299830E+0000	 1.55200861790496E-0003
 4.25398604187836E+0000	 1.16679750778670E-0003
 4.26027426437552E+0000	 7.55665172160927E-0004
 4.26647452545495E+0000	 3.38993354384133E-0004
 4.27259386194994E+0000	-6.70211470015774E-0005
 4.27864068502746E+0000	-4.49741510151214E-0004
 4.28462392116149E+0000	-7.99349874608819E-0004
 4.29055258667526E+0000	-1.10821083126468E-0003
 4.29643560179954E+0000	-1.37037286011439E-0003
 4.30228174651917E+0000	-1.58119050015018E-0003
 4.30809970973056E+0000	-1.73705730630185E-0003
 4.31389819312351E+0000	-1.83525136947721E-0003
 4.31968602677174E+0000	-1.87389179145011E-0003
 4.32547225397001E+0000	-1.85198911090691E-0003
 4.33126615514600E+0000	-1.76955648304187E-0003
 4.33707720179199E+0000	-1.62774074632549E-0003
 4.34291495459563E+0000	-1.42893748689483E-0003
 4.34878893861507E+0000	-1.17687215433717E-0003
 4.35470853586084E+0000	-8.76658829907596E-0004
 4.36068292359792E+0000	-5.34885740354213E-0004
 4.36672104459152E+0000	-1.59811822018072E-0004
 4.37283151599659E+0000	 2.38230757280505E-0004
 4.37902227411683E+0000	 6.46183754719378E-0004
 4.38529965306079E+0000	 1.04747133610117E-0003
 4.39166660307448E+0000	 1.42147033028745E-0003
 4.39812003633128E+0000	 1.74400369177594E-0003
 4.40464799893164E+0000	 1.98976717385610E-0003
 4.41122831115572E+0000	 2.13698744089828E-0003
 4.41783053458697E+0000	 2.17297173162505E-0003
 4.42442150268073E+0000	 2.09765629932800E-0003
 4.43097196437958E+0000	 1.92289849672422E-0003
 4.43746097880357E+0000	 1.66814561484414E-0003
 4.44387667477103E+0000	 1.35529390063394E-0003
 4.45021447863256E+0000	 1.00506885723089E-0003
 4.45647466284271E+0000	 6.35449140313581E-0004
 4.46266036258136E+0000	 2.61475739778994E-0004
 4.46877632458485E+0000	-1.04358602450880E-0004
 4.47482821420094E+0000	-4.51615868442951E-0004
 4.48082225519147E+0000	-7.71480127100673E-0004
 4.48676506695980E+0000	-1.05641065056963E-0003
 4.49266363592420E+0000	-1.29988620342774E-0003
 4.49852537468831E+0000	-1.49625737156901E-0003
 4.50435821328765E+0000	-1.64071745344659E-0003
 4.51017066523770E+0000	-1.72937728084539E-0003
 4.51597182887082E+0000	-1.75940496945931E-0003
 4.52177131319386E+0000	-1.72918294315355E-0003
 4.52757910378847E+0000	-1.63844343283168E-0003
 4.53340539994272E+0000	-1.48836358658154E-0003
 4.53926045750405E+0000	-1.28162543974510E-0003
 4.54515446319336E+0000	-1.02247045513481E-0003
 4.55109744342255E+0000	-7.16800478314278E-0004
 4.55709916943441E+0000	-3.72390133518346E-0004
 4.56316895834941E+0000	 7.35557436324556E-0007
 4.56931519604705E+0000	 3.89765781834101E-0004
 4.57554435934315E+0000	 7.78558182958645E-0004
 4.58185937218119E+0000	 1.14745516394117E-0003
 4.58825741342585E+0000	 1.47406621656174E-0003
 4.59472786315745E+0000	 1.73561074006526E-0003
 4.60125167640152E+0000	 1.91280266009711E-0003
 4.60780337894344E+0000	 1.99403397013280E-0003
 4.61435551524560E+0000	 1.97773227666429E-0003
 4.62088357517971E+0000	 1.87152559468104E-0003
 4.62736906888818E+0000	 1.68893450815879E-0003
 4.63379994939553E+0000	 1.44567735451394E-0003
 4.64016930240588E+0000	 1.15719856817053E-0003
 4.64647368527717E+0000	 8.37698999802858E-0004
 4.65271192544846E+0000	 5.00094084054387E-0004
 4.65888449115980E+0000	 1.56258601812404E-0004
 4.66499322064395E+0000	-1.82772766989027E-0004
 4.67104120560059E+0000	-5.06709627368792E-0004
 4.67703273930000E+0000	-8.05984144525905E-0004
 4.68297330330850E+0000	-1.07179034197573E-0003
 4.68886956512152E+0000	-1.29619289045449E-0003
 4.69472934411938E+0000	-1.47230110698800E-0003
 4.70056151089049E+0000	-1.59447690486289E-0003
 4.70637581216320E+0000	-1.65853234295013E-0003
 4.71218264063117E+0000	-1.66188095588377E-0003
 4.71799278260089E+0000	-1.60362799093286E-0003
 4.72381717569243E+0000	-1.48460632067915E-0003
 4.72966669893479E+0000	-1.30738147281455E-0003
 4.73555200222861E+0000	-1.07626095923779E-0003
 4.74148336031343E+0000	-7.97350560036981E-0004
 4.74747050421821E+0000	-4.78699186540614E-0004
 4.75352234000368E+0000	-1.30552136654869E-0004
 4.75964642211057E+0000	 2.34328706905044E-0004
 4.76584804148182E+0000	 6.00434729209336E-0004
 4.77212887956520E+0000	 9.49682647636890E-0004
 4.77848543550907E+0000	 1.26240774493331E-0003
 4.78490783396476E+0000	 1.51946773190066E-0003
 4.79137990634259E+0000	 1.70520170243561E-0003
 4.79788113832987E+0000	 1.81019022340663E-0003
 4.80439002846786E+0000	 1.83242637278869E-0003
 4.81088735397988E+0000	 1.77628117400069E-0003
 4.81735789343986E+0000	 1.65004968890256E-0003
 4.82379032654882E+0000	 1.46358529721614E-0003
 4.83017615895033E+0000	 1.22702924269105E-0003
 4.83650873056988E+0000	 9.50635297432846E-0004
 4.84278283293957E+0000	 6.45076794787375E-0004
 4.84899484760380E+0000	 3.21654338914019E-0004
 4.85514305879248E+0000	-7.81455537987184E-0006
 4.86122787952815E+0000	-3.31347327542906E-0004
 4.86725191410303E+0000	-6.37239039601994E-0004
 4.87321988094320E+0000	-9.14502274416275E-0004
 4.87913842994194E+0000	-1.15326845497183E-0003
 4.88501587448227E+0000	-1.34513115051649E-0003
 4.89086185873010E+0000	-1.48341092438533E-0003
 4.89668699069356E+0000	-1.56332771364784E-0003
 4.90250247576711E+0000	-1.58208256002081E-0003
 4.90831977896469E+0000	-1.53886623188437E-0003
 4.91415033126413E+0000	-1.43482122407840E-0003
 4.92000528219882E+0000	-1.27298591369683E-0003
 4.92589528869974E+0000	-1.05824873698717E-0003
 4.93183031641201E+0000	-7.97337744405712E-0004
 4.93781941046427E+0000	-4.98862931419531E-0004
 4.94387036882697E+0000	-1.73405482141769E-0004
 4.94998923508102E+0000	 1.66402359124984E-0004
 4.95617954679059E+0000	 5.05943849542292E-0004
 4.96244137089576E+0000	 8.29054072409325E-0004
 4.96877035268002E+0000	 1.11906594483456E-0003
 4.97515724181812E+0000	 1.36053526361260E-0003
 4.98158843287520E+0000	 1.54130039818875E-0003
 4.98804770761488E+0000	 1.65407570678723E-0003
 4.99451862922876E+0000	 1.69675358459086E-0003
 5.00098648763378E+0000	 1.67127183951735E-0003
 5.00743894871373E+0000	 1.58183045030403E-0003
 5.01386547779196E+0000	 1.43357876474225E-0003
 5.02025638231379E+0000	 1.23237535441968E-0003
 5.02660236477965E+0000	 9.85374491947663E-0004
 5.03289490832168E+0000	 7.01704049216575E-0004
 5.03912718625057E+0000	 3.92628338629730E-0004
 5.04529495141406E+0000	 7.10676251635979E-0005
 5.05139704254782E+0000	-2.49275938144072E-0004
 5.05743544527099E+0000	-5.54861803112763E-0004
 5.06341502210547E+0000	-8.33118451100366E-0004
 5.06934305563284E+0000	-1.07304204326770E-0003
 5.07522871507338E+0000	-1.26558778270466E-0003
 5.08108251884670E+0000	-1.40388434917515E-0003
 5.08691583766675E+0000	-1.48331176523372E-0003
 5.09274046066471E+0000	-1.50148542833133E-0003
 5.09856822874013E+0000	-1.45818545561874E-0003
 5.10441072603956E+0000	-1.35526208276558E-0003
 5.11027901295630E+0000	-1.19653771047220E-0003
 5.11618338052996E+0000	-9.87717321575653E-0004
 5.12213310301597E+0000	-7.36311725844829E-0004
 5.12813616012252E+0000	-4.51568961706446E-0004
 5.13419889473632E+0000	-1.44392129301730E-0004
 5.14032557456736E+0000	 1.72808088390132E-0004
 5.14651785332120E+0000	 4.86418507966683E-0004
 5.15277419802738E+0000	 7.82209575402550E-0004
 5.15908946780217E+0000	 1.04630021642305E-0003
 5.16545494404540E+0000	 1.26645259908235E-0003
 5.17185908578853E+0000	 1.43337410300952E-0003
 5.17828897664768E+0000	 1.54146922833392E-0003
 5.18473193300975E+0000	 1.58859679960211E-0003
 5.19117647819382E+0000	 1.57495461770527E-0003
 5.19761222542728E+0000	 1.50184580198657E-0003
 5.20402897707868E+0000	 1.37119673838523E-0003
 5.21041591984351E+0000	 1.18614118422969E-0003
 5.21676170690421E+0000	 9.52192419544467E-0004
 5.22305555452826E+0000	 6.78119792655223E-0004
 5.22928879630001E+0000	 3.75909308105076E-0004
 5.23545615254264E+0000	 5.98195135414080E-0005
 5.24155629540975E+0000	-2.55004144123768E-0004
 5.24759172629256E+0000	-5.53861219767321E-0004
 5.25356821643986E+0000	-8.23499641342707E-0004
 5.25949407330856E+0000	-1.05273830024312E-0003
 5.26537940796102E+0000	-1.23277549014618E-0003
 5.27123548925715E+0000	-1.35728153791946E-0003
 5.27707421022327E+0000	-1.42236379263669E-0003
 5.28290765824180E+0000	-1.42646939184185E-0003
 5.28874776441248E+0000	-1.37026767370331E-0003
 5.29460600208459E+0000	-1.25653337752284E-0003
 5.30049310611417E+0000	-1.09003513809237E-0003
 5.30641878981683E+0000	-8.77421396703658E-0004
 5.31239144387688E+0000	-6.27086737179649E-0004
 5.31841781034992E+0000	-3.48994512021048E-0004
 5.32450263627406E+0000	-5.44262631511723E-0005
 5.33064832588062E+0000	 2.44374244062178E-0004
 5.33685462889097E+0000	 5.34694274299234E-0004
 5.34311843053327E+0000	 8.04009001082401E-0004
 5.34943375383629E+0000	 1.04079978257456E-0003
 5.35579212408813E+0000	 1.23544138768109E-0003
 5.36218339135126E+0000	 1.38090687234413E-0003
 5.36859686855736E+0000	 1.47293375149864E-0003
 5.37502231279889E+0000	 1.50946163189937E-0003
 5.38145018571280E+0000	 1.48962548475122E-0003
 5.38787102128213E+0000	 1.41302611287634E-0003
 5.39427440364936E+0000	 1.27994539419785E-0003
 5.40064846658492E+0000	 1.09254765781398E-0003
 5.40698056500245E+0000	 8.56350596187095E-0004
 5.41325898130258E+0000	 5.80986459698054E-0004
 5.41947485419843E+0000	 2.79739618245632E-0004
 5.42562348620876E+0000	-3.18930935096992E-0005
 5.43170468849840E+0000	-3.37949196097056E-0004
 5.43772234030955E+0000	-6.23478709809204E-0004
 5.44368354919197E+0000	-8.75512168166820E-0004
 5.44959773930001E+0000	-1.08354875300891E-0003
 5.45547584640436E+0000	-1.23970876122913E-0003
 5.46132967588244E+0000	-1.33869776633400E-0003
 5.46717141147877E+0000	-1.37769021538920E-0003
 5.47301323452275E+0000	-1.35619677479285E-0003
 5.47886700716069E+0000	-1.27594507949841E-0003
 5.48474397735044E+0000	-1.14077826815946E-0003
 5.49065447239068E+0000	-9.56557284274285E-0004
 5.49660756009868E+0000	-7.31038818766879E-0004
 5.50261067383708E+0000	-4.73690080832652E-0004
 5.50866922174198E+0000	-1.95397574040112E-0004
 5.51478622952350E+0000	 9.19623724428434E-0005
 5.52096208783107E+0000	 3.76092689008037E-0004
 5.52719447242110E+0000	 6.44943785163846E-0004
 5.53347847828226E+0000	 8.87412364560060E-0004
 5.53980698605217E+0000	 1.09399666093331E-0003
 5.54617127499411E+0000	 1.25731299010501E-0003
 5.55256185028480E+0000	 1.37231210547633E-0003
 5.55896928488878E+0000	 1.43601200991358E-0003
 5.56538467694049E+0000	 1.44675658718170E-0003
 5.57179936974959E+0000	 1.40340289797094E-0003
 5.57820402539468E+0000	 1.30510133298076E-0003
 5.58458772374368E+0000	 1.15209784609291E-0003
 5.59093795498421E+0000	 9.47288231307100E-0004
 5.59724188995738E+0000	 6.97608487757875E-0004
 5.60348845806985E+0000	 4.14343552747615E-0004
 5.60967025409533E+0000	 1.12119905790653E-0004
 5.61578452100755E+0000	-1.92895362107602E-0004
 5.62183308851413E+0000	-4.84821002148661E-0004
 5.62782161957523E+0000	-7.49407104988169E-0004
 5.63375861245112E+0000	-9.74783364410345E-0004
 5.63965446409133E+0000	-1.15173794685803E-0003
 5.64552072183202E+0000	-1.27371945954794E-0003
 5.65136953041427E+0000	-1.33672017561581E-0003
 5.65721322647154E+0000	-1.33913886723094E-0003
 5.66306401825018E+0000	-1.28167006584624E-0003
 5.66893369252941E+0000	-1.16723005483109E-0003
 5.67483330169747E+0000	-1.00090487714825E-0003
 5.68077279773449E+0000	-7.89886778194738E-0004
 5.68676059804368E+0000	-5.43348948356691E-0004
 5.69280309634661E+0000	-2.72195191309854E-0004
 5.69890417492276E+0000	 1.13784511536325E-0005
 5.70506482421680E+0000	 2.94540465320815E-0004
 5.71128300118762E+0000	 5.64654830488658E-0004
 5.71755381983407E+0000	 8.10152819850550E-0004
 5.72387006802770E+0000	 1.02127136714643E-0003
 5.73022295151597E+0000	 1.19052412563873E-0003
 5.73660293698313E+0000	 1.31283708875471E-0003
 5.74300055225904E+0000	 1.38530372841900E-0003
 5.74940692114081E+0000	 1.40655800274273E-0003
 5.75581374659227E+0000	 1.37595864377668E-0003
 5.76221263329449E+0000	 1.29305993464211E-0003
 5.76859410001210E+0000	 1.15789467764528E-0003
 5.77494704120732E+0000	 9.72177596080923E-0004
 5.78125930461022E+0000	 7.40852032965632E-0004
 5.78751938011380E+0000	 4.73020182288049E-0004
 5.79371845079175E+0000	 1.81620603048595E-0004
 5.79985187576139E+0000	-1.18008898205092E-0004
 5.80591963516268E+0000	-4.09989347864898E-0004
 5.81192587345766E+0000	-6.79497093696885E-0004
 5.81787798054981E+0000	-9.13779480910789E-0004
 5.82378561264978E+0000	-1.10261559180219E-0003
 5.82965987269780E+0000	-1.23840781158388E-0003
 5.83551270679740E+0000	-1.31609768172119E-0003
 5.84135648079046E+0000	-1.33304250944143E-0003
 5.84720366675491E+0000	-1.28892574198929E-0003
 5.85306656624090E+0000	-1.18572492630943E-0003
 5.85895700692269E+0000	-1.02772676667705E-0003
 5.86488596361033E+0000	-8.21553668889139E-0004
 5.87086307234047E+0000	-5.76144203281777E-0004
 5.87689603299203E+0000	-3.02608020710001E-0004
 5.88298994174848E+0000	-1.38593056951312E-0005
 5.88914666556632E+0000	 2.76057058929885E-0004
 5.89536444694173E+0000	 5.52962875325700E-0004
 5.90163794779824E+0000	 8.03743843325808E-0004
 5.90795883859371E+0000	 1.01747412046544E-0003
 5.91431683095648E+0000	 1.18615994292862E-0003
 5.92070087743625E+0000	 1.30492607002542E-0003
 5.92710023751010E+0000	 1.37166233560124E-0003
 5.93350517993479E+0000	 1.38626781435779E-0003
 5.93990714474881E+0000	 1.34970705188834E-0003
 5.94629827667446E+0000	 1.26322553810160E-0003
 5.95267050754227E+0000	 1.12816891275513E-0003
 5.95901473390134E+0000	 9.46667633816020E-0004
 5.96532076424774E+0000	 7.22937622230839E-0004
 5.97157833868313E+0000	 4.64451842903563E-0004
 5.97777884679626E+0000	 1.82223085272837E-0004
 5.98391693748126E+0000	-1.10024629449978E-0004
 5.98999136695265E+0000	-3.97385201504574E-0004
 5.99600494860341E+0000	-6.65348140322807E-0004
 6.00196389097408E+0000	-9.00967220027344E-0004
 6.00787692075997E+0000	-1.09350028827526E-0003
 6.01375447561473E+0000	-1.23463231075652E-0003
 6.01960808721111E+0000	-1.31846662334372E-0003
 6.02544995503760E+0000	-1.34144334542445E-0003
 6.03129265104657E+0000	-1.30228594802430E-0003
 6.03714887558345E+0000	-1.20202207158498E-0003
 6.04303118566281E+0000	-1.04408166959810E-0003
 6.04895162605415E+0000	-8.34441438489512E-0004
 6.05492120872148E+0000	-5.81753433418539E-0004
 6.06094921093330E+0000	-2.97363161583035E-0004
 6.06704230782615E+0000	 4.91063510503568E-0006
 6.07320363618582E+0000	 3.09380043416977E-0004
 6.07943200419238E+0000	 5.99583449875659E-0004
 6.08572156907032E+0000	 8.59834186319745E-0004
 6.09206228612656E+0000	 1.07693348855114E-0003
 6.09844118911968E+0000	 1.24154340533762E-0003
 6.10484417828884E+0000	 1.34875190909885E-0003
 6.11125774908760E+0000	 1.39769446855599E-0003
 6.11767017307993E+0000	 1.39047829056710E-0003
 6.12407190879386E+0000	 1.33083704519485E-0003
 6.13045525716084E+0000	 1.22294833761169E-0003
 6.13681347247262E+0000	 1.07080028925542E-0003
 6.14313976325267E+0000	 8.78355515820830E-0004
 6.14942675274610E+0000	 6.50426977894562E-0004
 6.15566679756965E+0000	 3.93767228484635E-0004
 6.16185308631467E+0000	 1.17704913591889E-0004
 6.16798098524327E+0000	-1.66070589774361E-0004
 6.17404901740381E+0000	-4.44471517630608E-0004
 6.18005916372489E+0000	-7.04269895744705E-0004
 6.18601656102679E+0000	-9.33201843738350E-0004
 6.19192887876649E+0000	-1.12069291298158E-0003
 6.19780564911005E+0000	-1.25820850847405E-0003
 6.20365771204785E+0000	-1.33935473109491E-0003
 6.20949682191162E+0000	-1.35987497245395E-0003
 6.21533538566407E+0000	-1.31765573529921E-0003
 6.22118626502087E+0000	-1.21280999449395E-0003
 6.22706255889817E+0000	-1.04786387919744E-0003
 6.23297727823939E+0000	-8.28033312169797E-0004
 6.23894282832877E+0000	-5.61535984450777E-0004
 6.24497022917691E+0000	-2.59834747371161E-0004
 6.25106804648955E+0000	 6.23497493509884E-0005
 6.25724109613812E+0000	 3.87472970091984E-0004
 6.26348914211923E+0000	 6.96268424045221E-0004
 6.26980600763377E+0000	 9.69616895167892E-0004
 6.27617963603430E+0000	 1.19096417406684E-0003
