 3.32209782845561E-0004	-1.47508848636685E-0003
 6.17018112526764E-0003	-1.51969486411761E-0003
 1.20006423947103E-0002	-1.51027130427448E-0003
 1.78316929291835E-0002	-1.44433495961254E-0003
 2.36725524455412E-0002	-1.32003251141082E-0003
 2.95337468536890E-0002	-1.13657557393798E-0003
 3.54271844618293E-0002	-8.94792933034759E-0004
 4.13660957876086E-0002	-5.97812371493966E-0004
 4.73647675319256E-0002	-2.51901582489865E-0004
 5.34379249894709E-0002	 1.32523679731378E-0004
 5.95995295645522E-0002	 5.39814378089394E-0004
 6.58607215419688E-0002	 9.48227971644987E-0004
 7.22267770409513E-0002	 1.32991386428229E-0003
 7.86934250239710E-0002	 1.65264586604911E-0003
 8.52437190745198E-0002	 1.88407059842851E-0003
 9.18474515794412E-0002	 1.99823178531306E-0003
 9.84648305537628E-0002	 1.98233107361018E-0003
 1.05054083356208E-0001	 1.84042743218056E-0003
 1.11579919634627E-0001	 1.59185906802124E-0003
 1.18019048487913E-0001	 1.26533011652046E-0003
 1.24361134395811E-0001	 8.91945036482706E-0004
 1.30606367426106E-0001	 5.00038563539455E-0004
 1.36761846011249E-0001	 1.12667158697240E-0004
 1.42838337669589E-0001	-2.52839539046751E-0004
 1.48847988726436E-0001	-5.84234197365622E-0004
 1.54802937078202E-0001	-8.73335075126536E-0004
 1.60714576013875E-0001	-1.11501205541829E-0003
 1.66593229301560E-0001	-1.30631066501483E-0003
 1.72448077353559E-0001	-1.44573146664586E-0003
 1.78287250021117E-0001	-1.53264627651978E-0003
 1.84118049741346E-0001	-1.56683957410784E-0003
 1.89947286166075E-0001	-1.54818532716800E-0003
 1.95781696146192E-0001	-1.47648695886224E-0003
 2.01628403547873E-0001	-1.35150990211919E-0003
 2.07495357281703E-0001	-1.17322128631258E-0003
 2.13391683671057E-0001	-9.42230292171895E-0004
 2.19327898494873E-0001	-6.60410947210857E-0004
 2.25315928408181E-0001	-3.31694897380628E-0004
 2.31368868684976E-0001	 3.69640436082709E-0005
 2.37500339204090E-0001	 4.34459809566258E-0004
 2.43723202784593E-0001	 8.44327153427197E-0004
 2.50047341878719E-0001	 1.24376557864270E-0003
 2.56476304830483E-0001	 1.60357941523798E-0003
 2.63003167300783E-0001	 1.89010571629460E-0003
 2.69607014342990E-0001	 2.07010914117086E-0003
 2.76252504106895E-0001	 2.11837137204674E-0003
 2.82894616785335E-0001	 2.02536304574681E-0003
 2.89487923910610E-0001	 1.80085733157684E-0003
 2.95996267523576E-0001	 1.47105571660314E-0003
 3.02398276493961E-0001	 1.07097520192113E-0003
 3.08687355443397E-0001	 6.36382830034369E-0004
 3.14868124224693E-0001	 1.98418248578249E-0004
 3.20952039287330E-0001	-2.18574232184571E-0004
 3.26953824165632E-0001	-5.97032315240412E-0004
 3.32889119945139E-0001	-9.25169992683866E-0004
 3.38773149338932E-0001	-1.19574451524478E-0003
 3.44620047238882E-0001	-1.40494071900022E-0003
 3.50442574165676E-0001	-1.55146437754875E-0003
 3.56252036125214E-0001	-1.63582328849439E-0003
 3.62058325267372E-0001	-1.65974434885000E-0003
 3.67870056548019E-0001	-1.62568662482650E-0003
 3.73694805829331E-0001	-1.53644109868318E-0003
 3.79539456610121E-0001	-1.39484183929334E-0003
 3.85410640858290E-0001	-1.20363724457488E-0003
 3.91315225309773E-0001	-9.65573191765154E-0004
 3.97260764160878E-0001	-6.83720756639701E-0004
 4.03255824728283E-0001	-3.62050444212659E-0004
 4.09310092313824E-0001	-6.22957673162945E-0006
 4.15434155052167E-0001	 3.75392899776342E-0004
 4.21638834431698E-0001	 7.70667326590115E-0004
 4.27933857900932E-0001	 1.16251565782925E-0003
 4.34325620136021E-0001	 1.52811814031442E-0003
 4.40813903902300E-0001	 1.83908890901110E-0003
 4.47387971305617E-0001	 2.06366756925542E-0003
 4.54023485770355E-0001	 2.17180262317039E-0003
 4.60682702207001E-0001	 2.14267448524901E-0003
 4.67319820457567E-0001	 1.97187484167463E-0003
 4.73890476579096E-0001	 1.67416292875602E-0003
 4.80361058435269E-0001	 1.27975928718891E-0003
 4.86713483254770E-0001	 8.26339431147112E-0004
 4.92944496940298E-0001	 3.51079334360286E-0004
 4.99061729895477E-0001	-1.14348714762056E-0004
 5.05079231118559E-0001	-5.45570412899260E-0004
 5.11013977302449E-0001	-9.25245599908830E-0004
 5.16883652346095E-0001	-1.24194277966588E-0003
 5.22705429839477E-0001	-1.48888136450742E-0003
 5.28495389048734E-0001	-1.66285173864948E-0003
 5.34268273300353E-0001	-1.76338266195177E-0003
 5.40037407691669E-0001	-1.79211960893090E-0003
 5.45814682376686E-0001	-1.75234546749401E-0003
 5.51610571973995E-0001	-1.64857977470741E-0003
 5.57434203418191E-0001	-1.48621763247067E-0003
 5.63293503621976E-0001	-1.27120642849245E-0003
 5.69195451437674E-0001	-1.00979845929220E-0003
 5.75146425287705E-0001	-7.08446431404112E-0004
 5.81152588241785E-0001	-3.73911190300922E-0004
 5.87220206588396E-0001	-1.36209013626116E-0005
 5.93355775188525E-0001	 3.63730203104343E-0004
 5.99565824052463E-0001	 7.47405857597207E-0004
 6.05856284655183E-0001	 1.12377864953313E-0003
 6.12231281939748E-0001	 1.47557294437483E-0003
 6.18691218204369E-0001	 1.78150408713865E-0003
 6.25230150677889E-0001	 2.01686023470239E-0003
 6.31832918373957E-0001	 2.15577875425414E-0003
 6.38473265984843E-0001	 2.17573156623869E-0003
 6.45114818347751E-0001	 2.06360598920823E-0003
 6.51716115026511E-0001	 1.82104304057863E-0003
 6.58238593042603E-0001	 1.46595834566064E-0003
 6.64654058409362E-0001	 1.02892820222601E-0003
 6.70948344866448E-0001	 5.46301257446273E-0004
 6.77120518276944E-0001	 5.34737472136401E-0005
 6.83179422231419E-0001	-4.19371855228543E-0004
 6.89139774032349E-0001	-8.48827797226903E-0004
 6.95019077090336E-0001	-1.21804755234099E-0003
 7.00835632969721E-0001	-1.51576565528276E-0003
 7.06607444014706E-0001	-1.73519229840547E-0003
 7.12351689865006E-0001	-1.87307151156457E-0003
 7.18084515328658E-0001	-1.92898004807416E-0003
 7.23820952474425E-0001	-1.90484505135780E-0003
 7.29574872162247E-0001	-1.80462115358802E-0003
 7.35358914713030E-0001	-1.63405930049068E-0003
 7.41184391055229E-0001	-1.40050685709066E-0003
 7.47061176747678E-0001	-1.11269873913757E-0003
 7.52997637417730E-0001	-7.80531777644276E-0004
 7.59000616582920E-0001	-4.14852480912353E-0004
 7.65075481294062E-0001	-2.73144953938432E-0005
 7.71226169915436E-0001	 3.69644968350652E-0004
 7.77455150203938E-0001	 7.62706805127533E-0004
 7.83763201657763E-0001	 1.13750782929696E-0003
 7.90148974725998E-0001	 1.47850887483104E-0003
 7.96608304959388E-0001	 1.76899331661654E-0003
 8.03133251877970E-0001	 1.99133187414522E-0003
 8.09710874491123E-0001	 2.12777732403434E-0003
 8.16322006398805E-0001	 2.16218861892913E-0003
 8.22940766135157E-0001	 2.08293474747445E-0003
 8.29535860075946E-0001	 1.88653350910214E-0003
 8.36074285525461E-0001	 1.58059497303587E-0003
 8.42526674592373E-0001	 1.18429011497921E-0003
 8.48872198077158E-0001	 7.25612878104674E-0004
 8.55101020532911E-0001	 2.36538899238718E-0004
 8.61213805839590E-0001	-2.51811874538157E-0004
 8.67219294781551E-0001	-7.12446880469306E-0004
 8.73131396821123E-0001	-1.12388578535361E-0003
 8.78966752195300E-0001	-1.47017936376002E-0003
 8.84743073128333E-0001	-1.74025614668352E-0003
 8.90478180646209E-0001	-1.92710074034353E-0003
 8.96189525451866E-0001	-2.02702751543704E-0003
 9.01893990471987E-0001	-2.03914780079498E-0003
 9.07607821380525E-0001	-1.96504138912542E-0003
 9.13346577372280E-0001	-1.80860338512679E-0003
 9.19125028713826E-0001	-1.57601920816666E-0003
 9.24956953857040E-0001	-1.27581021801016E-0003
 9.30854812762795E-0001	-9.18886030117398E-0004
 9.36829296980934E-0001	-5.18538681564691E-0004
 9.42888778293419E-0001	-9.03201388484365E-0005
 9.49038691689256E-0001	 3.48246119445157E-0004
 9.55280899499385E-0001	 7.78167570787567E-0004
 9.61613114661719E-0001	 1.17975448654297E-0003
 9.68028531918655E-0001	 1.53369205514379E-0003
 9.74515878216391E-0001	 1.82232219131481E-0003
 9.81060011945360E-0001	 2.03084592140704E-0003
 9.87642906674851E-0001	 2.14808399012074E-0003
 9.94244566000774E-0001	 2.16670073628612E-0003
 1.00084351263760E+0000	 2.08326749256680E-0003
 1.00741702789977E+0000	 1.89872451034231E-0003
 1.01394181186624E+0000	 1.61938726262221E-0003
 1.02039564390849E+0000	 1.25792282667221E-0003
 1.02675990609069E+0000	 8.33354425696913E-0004
 1.03302205884934E+0000	 3.69553848364089E-0004
 1.03917702253157E+0000	-1.07428589027990E-0004
 1.04522703001148E+0000	-5.72222178893115E-0004
 1.05118030046029E+0000	-1.00229311324365E-0003
 1.05704925277011E+0000	-1.37906040821766E-0003
 1.06284885830972E+0000	-1.68812984279109E-0003
 1.06859541768772E+0000	-1.91900723005043E-0003
 1.07430579063901E+0000	-2.06461891524268E-0003
 1.07999698457412E+0000	-2.12085114492395E-0003
 1.08568597812975E+0000	-2.08621650085761E-0003
 1.09138966683643E+0000	-1.96169095811890E-0003
 1.09712483483327E+0000	-1.75073097964417E-0003
 1.10290806605119E+0000	-1.45946043611299E-0003
 1.10875550894054E+0000	-1.09699844179431E-0003
 1.11468240507963E+0000	-6.75871319756996E-0004
 1.12070229282730E+0000	-2.12407189061075E-0004
 1.12682581809687E+0000	 2.73054791040460E-0004
 1.13305915196556E+0000	 7.56393728961733E-0004
 1.13940216983264E+0000	 1.21070442882463E-0003
 1.14584682345852E+0000	 1.60837170917895E-0003
 1.15237647107238E+0000	 1.92424334699630E-0003
 1.15896701320806E+0000	 2.13925764552666E-0003
 1.16559006288533E+0000	 2.24315420789205E-0003
 1.17221713370318E+0000	 2.23494011876505E-0003
 1.17882301760254E+0000	 2.12100955129336E-0003
 1.18538712119382E+0000	 1.91225954678534E-0003
 1.19189300357958E+0000	 1.62184367906823E-0003
 1.19832732271806E+0000	 1.26429196356882E-0003
 1.20467927663305E+0000	 8.55628835073390E-0004
 1.21094088046742E+0000	 4.13633688827941E-0004
 1.21710772824252E+0000	-4.24158897677316E-0005
 1.22317963345531E+0000	-4.92647845754100E-0004
 1.22916073279693E+0000	-9.17831170905376E-0004
 1.23505901200308E+0000	-1.30050590059073E-0003
 1.24088548517647E+0000	-1.62572680771455E-0003
 1.24665331767228E+0000	-1.88137557907890E-0003
 1.25237709385695E+0000	-2.05815417412056E-0003
 1.25807230939051E+0000	-2.14941849343269E-0003
 1.26375508058797E+0000	-2.15098903471417E-0003
 1.26944202091338E+0000	-2.06103398468312E-0003
 1.27515021936089E+0000	-1.88008716842957E-0003
 1.28089724734046E+0000	-1.61124389372699E-0003
 1.28670110580640E+0000	-1.26056583469897E-0003
 1.29257999504135E+0000	-8.37709750330669E-0004
 1.29855174391972E+0000	-3.56756261978429E-0004
 1.30463268296801E+0000	 1.62872541730149E-0004
 1.31083572308719E+0000	 6.95688807218775E-0004
 1.31716750322062E+0000	 1.21016303912080E-0003
 1.32362486143504E+0000	 1.67034734523038E-0003
 1.33019169651110E+0000	 2.03994045988033E-0003
 1.33683822930501E+0000	 2.28874041813283E-0003
 1.34352460817792E+0000	 2.39946893169072E-0003
 1.35020857305217E+0000	 2.37138543986818E-0003
 1.35685372508013E+0000	 2.21836190001306E-0003
 1.36343432296925E+0000	 1.96281765283466E-0003
 1.36993536058278E+0000	 1.62929586520997E-0003
 1.37634972526622E+0000	 1.24045398101071E-0003
 1.38267492078675E+0000	 8.15846951759789E-0004
 1.38891080631503E+0000	 3.72445804793200E-0004
 1.39505862567798E+0000	-7.43218895887739E-0005
 1.40112095317447E+0000	-5.09781923982724E-0004
 1.40710202260868E+0000	-9.19742722927287E-0004
 1.41300802715544E+0000	-1.29066465918097E-0003
 1.41884719773326E+0000	-1.61004365222019E-0003
 1.42462965798171E+0000	-1.86679873688849E-0003
 1.43036715358215E+0000	-2.05154820997597E-0003
 1.43607276695593E+0000	-2.15675659254912E-0003
 1.44176069438123E+0000	-2.17679604646032E-0003
 1.44744611893955E+0000	-2.10798961028739E-0003
 1.45314517792104E+0000	-1.94870605153114E-0003
 1.45887499799523E+0000	-1.69957345676880E-0003
 1.46465374653224E+0000	-1.36387907568280E-0003
 1.47050061022088E+0000	-9.48225344646492E-0004
 1.47643554867614E+0000	-4.63504786956041E-0004
 1.48247856948243E+0000	 7.37890018843169E-0005
 1.48864813771186E+0000	 6.40038666665111E-0004
 1.49495823580652E+0000	 1.20322367601369E-0003
 1.50141375203798E+0000	 1.72293088082967E-0003
 1.50800473504466E+0000	 2.15336293402265E-0003
 1.51470190709026E+0000	 2.45087964447062E-0003
 1.52145760639320E+0000	 2.58514720386019E-0003
 1.52821488185275E+0000	 2.54864809234793E-0003
 1.53492146385405E+0000	 2.35796967160238E-0003
 1.54154060383588E+0000	 2.04583961674221E-0003
 1.54805372168596E+0000	 1.64979932454378E-0003
 1.55445651678430E+0000	 1.20386861421095E-0003
 1.56075308691678E+0000	 7.35154783177691E-0004
 1.56695115115746E+0000	 2.64003005217244E-0004
 1.57305924519302E+0000	-1.94328917372088E-0004
 1.57908556515422E+0000	-6.27811442558543E-0004
 1.58503783906999E+0000	-1.02620620269313E-0003
 1.59092368617914E+0000	-1.38020193771272E-0003
 1.59675109792297E+0000	-1.68104902174518E-0003
 1.60252884175124E+0000	-1.92053372566930E-0003
 1.60826671925742E+0000	-2.09113216164307E-0003
 1.61397569312650E+0000	-2.18622681232883E-0003
 1.61966793480574E+0000	-2.20032528653488E-0003
 1.62535684853461E+0000	-2.12927121486300E-0003
 1.63105711260029E+0000	-1.97047323737973E-0003
 1.63678475656346E+0000	-1.72320226322699E-0003
 1.64255726660694E+0000	-1.38902654475894E-0003
 1.64839367386864E+0000	-9.72474164670469E-0004
 1.65431451748695E+0000	-4.82031730681509E-0004
 1.66034146158257E+0000	 6.84114781378530E-0005
 1.66649615871284E+0000	 6.57636577912503E-0004
 1.67279770209480E+0000	 1.25491396963310E-0003
 1.67925785912027E+0000	 1.81845746794090E-0003
 1.68587377644163E+0000	 2.29656131961465E-0003
 1.69261994305131E+0000	 2.63442218575776E-0003
 1.69944485681297E+0000	 2.78798973632137E-0003
 1.70627900588279E+0000	 2.73981787569679E-0003
 1.71305356960861E+0000	 2.50592088378472E-0003
 1.71971855409985E+0000	 2.12765252910901E-0003
 1.72624952764174E+0000	 1.65542311871215E-0003
 1.73264319608842E+0000	 1.13533112564250E-0003
 1.73890886696720E+0000	 6.03244177164276E-0004
 1.74506117884087E+0000	 8.45318871279205E-0005
 1.75111565383379E+0000	-4.03721477691920E-0004
 1.75708660670513E+0000	-8.50070348638260E-0004
 1.76298653528394E+0000	-1.24648387697703E-0003
 1.76882630228199E+0000	-1.58675951366328E-0003
 1.77461566836535E+0000	-1.86553425937362E-0003
 1.78036391813976E+0000	-2.07777453762832E-0003
 1.78608043949866E+0000	-2.21861247137372E-0003
 1.79177519601377E+0000	-2.28340949265990E-0003
 1.79745908477321E+0000	-2.26795529837848E-0003
 1.80314420317111E+0000	-2.16874497151235E-0003
 1.80884406050604E+0000	-1.98331417673202E-0003
 1.81457376723867E+0000	-1.71064808006411E-0003
 1.82035021881961E+0000	-1.35171385985263E-0003
 1.82619225978456E+0000	-9.10202191486047E-0004
 1.83212075532885E+0000	-3.93601845418492E-0004
 1.83815838482685E+0000	 1.85235342489208E-0004
 1.84432876098752E+0000	 8.05897825454457E-0004
 1.85065413216891E+0000	 1.43763843411550E-0003
 1.85715053215227E+0000	 2.03672656855506E-0003
 1.86381936030331E+0000	 2.54611729283514E-0003
 1.87063645774646E+0000	 2.90158207438647E-0003
 1.87754497849175E+0000	 3.04787222233258E-0003
 1.88446244105635E+0000	 2.96050869445218E-0003
 1.89130440105138E+0000	 2.65775924234179E-0003
 1.89800982533318E+0000	 2.19146511004717E-0003
 1.90455096367390E+0000	 1.62511010347240E-0003
 1.91092722966531E+0000	 1.01575947916786E-0003
 1.91715357608994E+0000	 4.06575940507194E-0004
 1.92325102265111E+0000	-1.73073468412597E-0004
 1.92924112884664E+0000	-7.04537140139192E-0004
 1.93514347617265E+0000	-1.17648921803553E-0003
 1.94097490156002E+0000	-1.58217081304860E-0003
 1.94674961984306E+0000	-1.91740018569770E-0003
 1.95247975373649E+0000	-2.17924145297200E-0003
 1.95817601971483E+0000	-2.36518773464765E-0003
 1.96384843697749E+0000	-2.47273647050125E-0003
 1.96950698815265E+0000	-2.49925963791591E-0003
 1.97516219762363E+0000	-2.44209160998904E-0003
 1.98082562019453E+0000	-2.29877697518301E-0003
 1.98651025183270E+0000	-2.06744459830230E-0003
 1.99223088336097E+0000	-1.74730452225804E-0003
 1.99800441368599E+0000	-1.33930126134521E-0003
 2.00385011569007E+0000	-8.47001140430250E-0004
 2.00978979245224E+0000	-2.77843170011225E-0004
 2.01584764506655E+0000	 3.55063902560641E-0004
 2.02204944076684E+0000	 1.03039937464665E-0003
 2.02842014946154E+0000	 1.71529925029887E-0003
 2.03497863705802E+0000	 2.36187044729784E-0003
 2.04172784374892E+0000	 2.90598425496144E-0003
 2.04864108459650E+0000	 3.27365617459079E-0003
 2.05565207720833E+0000	 3.40054761768862E-0003
 2.06266309597979E+0000	 3.25983276064103E-0003
 2.06957547520397E+0000	 2.87731639672633E-0003
 2.07632155151697E+0000	 2.31815348737956E-0003
 2.08287482651778E+0000	 1.65818108074977E-0003
 2.08924003198549E+0000	 9.62560426886455E-0004
 2.09543817583630E+0000	 2.78583053204173E-0004
 2.10149560296838E+0000	-3.62809255805020E-0004
 2.10743817978579E+0000	-9.42801902301997E-0004
 2.11328889894203E+0000	-1.45067023325137E-0003
 2.11906727974475E+0000	-1.88070268783934E-0003
 2.12478959862022E+0000	-2.23004668619291E-0003
 2.13046947238070E+0000	-2.49726042355568E-0003
 2.13611857710821E+0000	-2.68138009063540E-0003
 2.14174740218967E+0000	-2.78137289539231E-0003
 2.14736598578965E+0000	-2.79589180628836E-0003
 2.15298459819768E+0000	-2.72327327832727E-0003
 2.15861435368915E+0000	-2.56173342850678E-0003
 2.16426774564475E+0000	-2.30973198527643E-0003
 2.16995911095176E+0000	-1.96649439059935E-0003
 2.17570503137425E+0000	-1.53271396116300E-0003
 2.18152466254111E+0000	-1.01149823083223E-0003
 2.18743993180312E+0000	-4.09674439600660E-0004
 2.19347543939055E+0000	 2.60379912936954E-0004
 2.19965768718922E+0000	 9.78197880570615E-0004
 2.20601288265148E+0000	 1.71191758140621E-0003
 2.21256202403082E+0000	 2.41471578184820E-0003
 2.21931168983737E+0000	 3.02303453650981E-0003
 2.22624055484423E+0000	 3.46139730365768E-0003
 2.23328773091842E+0000	 3.65980971635544E-0003
 2.24035688628753E+0000	 3.58174045682439E-0003
 2.24734408061995E+0000	 3.24365466612730E-0003
 2.25417228919959E+0000	 2.70661852861264E-0003
 2.26080650921843E+0000	 2.04800768704810E-0003
 2.26724629741064E+0000	 1.33726285526815E-0003
 2.27351049965761E+0000	 6.26134588867945E-0004
 2.27962511600580E+0000	-5.08962512482465E-0005
 2.28561650762143E+0000	-6.72560893627816E-0004
 2.29150841788984E+0000	-1.22658982410132E-0003
 2.29732106379310E+0000	-1.70639907723066E-0003
 2.30307121145421E+0000	-2.10872174516355E-0003
 2.30877268954743E+0000	-2.43198020607878E-0003
 2.31443709027596E+0000	-2.67520603693884E-0003
 2.32007453959729E+0000	-2.83737741586880E-0003
 2.32569446754922E+0000	-2.91709151085838E-0003
 2.33130632767152E+0000	-2.91251169890703E-0003
 2.33692022837654E+0000	-2.82153620524251E-0003
 2.34254745701223E+0000	-2.64213989263336E-0003
 2.34820089576115E+0000	-2.37285445467908E-0003
 2.35389533899657E+0000	-2.01337702312592E-0003
 2.35964771600608E+0000	-1.56533018408554E-0003
 2.36547719406482E+0000	-1.03323164361208E-0003
 2.37140507619436E+0000	-4.25760929279328E-0004
 2.37745430163736E+0000	 2.42582632994072E-0004
 2.38364818595191E+0000	 9.49391777835557E-0004
 2.39000779754861E+0000	 1.66200687754384E-0003
 2.39654715450378E+0000	 2.33564599138496E-0003
 2.40326566076118E+0000	 2.91384897633230E-0003
 2.41013888203272E+0000	 3.33441569643644E-0003
 2.41711266243693E+0000	 3.54346299183113E-0003
 2.42410874237203E+0000	 3.51429319087245E-0003
 2.43104455839929E+0000	 3.25905658986139E-0003
 2.43785628651349E+0000	 2.82291587982580E-0003
 2.44451016918213E+0000	 2.26554017138765E-0003
 2.45099932584006E+0000	 1.64371508671258E-0003
 2.45733391767117E+0000	 1.00256852119999E-0003
 2.46353197848477E+0000	 3.74180939219773E-0004
 2.46961343770066E+0000	-2.20265389860221E-0004
 2.47559699991941E+0000	-7.67462656722932E-0004
 2.48149888621354E+0000	-1.25922722238811E-0003
 2.48733264602088E+0000	-1.69034244265485E-0003
 2.49310955135979E+0000	-2.05700927657367E-0003
 2.49883928139779E+0000	-2.35584357597572E-0003
 2.50453070489207E+0000	-2.58334525237615E-0003
 2.51019262276657E+0000	-2.73575263460574E-0003
 2.51583438026166E+0000	-2.80918111992824E-0003
 2.52146630816194E+0000	-2.79994257353091E-0003
 2.52709999731491E+0000	-2.70495945965283E-0003
 2.53274843791040E+0000	-2.52222134766224E-0003
 2.53842605940213E+0000	-2.25126953693239E-0003
 2.54414869113653E+0000	-1.89372705214839E-0003
 2.54993343373309E+0000	-1.45391002657166E-0003
 2.55579839164334E+0000	-9.39560140267669E-0004
 2.56176216924015E+0000	-3.62723673247899E-0004
 2.56784297481783E+0000	 2.59237338932227E-0004
 2.57405711016261E+0000	 9.02603683766519E-0004
 2.58041656963805E+0000	 1.53650774428837E-0003
 2.58692552436411E+0000	 2.12300297194918E-0003
 2.59357586430586E+0000	 2.61906540261166E-0003
 2.60034303960157E+0000	 2.98180159518841E-0003
 2.60718497362968E+0000	 3.17709967872904E-0003
 2.61404708388834E+0000	 3.18906121205406E-0003
 2.62087326243617E+0000	 3.02490752371120E-0003
 2.62761774275954E+0000	 2.71177625840561E-0003
 2.63425179381476E+0000	 2.28749842045549E-0003
 2.64076350037987E+0000	 1.79092338311689E-0003
 2.64715326350731E+0000	 1.25571852574483E-0003
 2.65342845810092E+0000	 7.08174936137478E-0004
 2.65959923148012E+0000	 1.67699335395085E-0004
 2.66567596592776E+0000	-3.51487517432179E-0004
 2.67166819193057E+0000	-8.38454310323030E-0004
 2.67758451188426E+0000	-1.28401012786876E-0003
 2.68343308032454E+0000	-1.67972694626803E-0003
 2.68922225529916E+0000	-2.01753959526739E-0003
 2.69496115271637E+0000	-2.28978894580243E-0003
 2.70065997520005E+0000	-2.48951613192231E-0003
 2.70633010802888E+0000	-2.61083472962301E-0003
 2.71198404490494E+0000	-2.64927260572931E-0003
 2.71763522186443E+0000	-2.60204523682055E-0003
 2.72329781750351E+0000	-2.46827107536315E-0003
 2.72898654527557E+0000	-2.24916067580585E-0003
 2.73471643470660E+0000	-1.94821132885057E-0003
 2.74050257916431E+0000	-1.57142784822577E-0003
 2.74635981785127E+0000	-1.12757621978364E-0003
 2.75230231432479E+0000	-6.28465214713850E-0004
 2.75834298489139E+0000	-8.92419819403148E-0005
 2.76449270825885E+0000	 4.71328841603438E-0004
 2.77075921333371E+0000	 1.03068299639803E-0003
 2.77714553019189E+0000	 1.56257148204214E-0003
 2.78364799359931E+0000	 2.03786428347815E-0003
 2.79025412954819E+0000	 2.42658214116582E-0003
 2.79694132145353E+0000	 2.70150984892440E-0003
 2.80367756084737E+0000	 2.84294387647209E-0003
 2.81042513552677E+0000	 2.84294507610568E-0003
 2.81714654588655E+0000	 2.70694610201009E-0003
 2.82381031727245E+0000	 2.45166619570894E-0003
 2.83039430078056E+0000	 2.10041204125440E-0003
 2.83688570191062E+0000	 1.67813938062995E-0003
 2.84327890049714E+0000	 1.20817495080399E-0003
 2.84957277913465E+0000	 7.11074840444465E-0004
 2.85576879318251E+0000	 2.04967177480084E-0004
 2.86187014974315E+0000	-2.93620391684534E-0004
 2.86788180345953E+0000	-7.69196715382300E-0004
 2.87381073201681E+0000	-1.20727561611092E-0003
 2.87966606522454E+0000	-1.59475025919857E-0003
 2.88545890773624E+0000	-1.92038984123870E-0003
 2.89120191556193E+0000	-2.17522939183410E-0003
 2.89690877212930E+0000	-2.35276090954906E-0003
 2.90259368759249E+0000	-2.44894492761304E-0003
 2.90827098324660E+0000	-2.46210866447056E-0003
 2.91395477002641E+0000	-2.39279482144286E-0003
 2.91965870277778E+0000	-2.24360192508970E-0003
 2.92539578731491E+0000	-2.01903362733004E-0003
 2.93117822572648E+0000	-1.72536107623468E-0003
 2.93701729666776E+0000	-1.37050288532944E-0003
 2.94292327127621E+0000	-9.63939865128152E-0004
 2.94890535264020E+0000	-5.16699249643886E-0004
 2.95497159271100E+0000	-4.14515370536819E-0005
 2.96112869053469E+0000	 4.47256490277876E-0004
 2.96738152920670E+0000	 9.32673389018717E-0004
 2.97373230046602E+0000	 1.39557585452480E-0003
 2.98017914458938E+0000	 1.81437107119353E-0003
 2.98671445715031E+0000	 2.16600305784962E-0003
 2.99332340136600E+0000	 2.42804915861266E-0003
 2.99998355644755E+0000	 2.58195784471452E-0003
 3.00666657930147E+0000	 2.61653637084246E-0003
 3.01334183777265E+0000	 2.53011949593819E-0003
 3.01998061804900E+0000	 2.33027237998067E-0003
 3.02655905754584E+0000	 2.03141928775647E-0003
 3.03305904380299E+0000	 1.65201342060551E-0003
 3.03946781690418E+0000	 1.21258659097744E-0003
 3.04577746915739E+0000	 7.34795182307595E-0004
 3.05198487522666E+0000	 2.40759108331188E-0004
 3.05809177660247E+0000	-2.47884011250895E-0004
 3.06410452415215E+0000	-7.11198984857310E-0004
 3.07003329247401E+0000	-1.13206765266808E-0003
 3.07589094652272E+0000	-1.49687369628565E-0003
 3.08169186654691E+0000	-1.79568616766473E-0003
 3.08745095246304E+0000	-2.02206148068491E-0003
 3.09318288834091E+0000	-2.17263598032395E-0003
 3.09890165071669E+0000	-2.24664430548957E-0003
 3.10462020837157E+0000	-2.24543925080621E-0003
 3.11035036530452E+0000	-2.17204368838763E-0003
 3.11610271839082E+0000	-2.03074433400158E-0003
 3.12188671952106E+0000	-1.82673745120175E-0003
 3.12771083900179E+0000	-1.56584982771142E-0003
 3.13358281853048E+0000	-1.25437469737950E-0003
 3.13950997916067E+0000	-8.99072086681494E-0004
 3.14549951744098E+0000	-5.07379195050272E-0004
 3.15155868747843E+0000	-8.78552413015076E-0005
 3.15769473238809E+0000	 3.49156441806702E-0004
 3.16391440114290E+0000	 7.90737548454317E-0004
 3.17022288756415E+0000	 1.22068122282481E-0003
 3.17662211500732E+0000	 1.61922948405494E-0003
 3.18310855409959E+0000	 1.96378498682557E-0003
 3.18967122812185E+0000	 2.23104421600856E-0003
 3.19629097873751E+0000	 2.40043440938362E-0003
 3.20294185124716E+0000	 2.45778795986171E-0003
 3.20959433122008E+0000	 2.39769363484000E-0003
 3.21621899676761E+0000	 2.22374483537215E-0003
 3.22278926472353E+0000	 1.94733095627435E-0003
 3.22928311808524E+0000	 1.58608880509288E-0003
 3.23568442459003E+0000	 1.16235110798488E-0003
 3.24198402076782E+0000	 7.01223467688881E-0004
 3.24818009564706E+0000	 2.28167714943991E-0004
 3.25427749168020E+0000	-2.33402428787174E-0004
 3.26028611753889E+0000	-6.63857500380866E-0004
 3.26621903873626E+0000	-1.04813740359735E-0003
 3.27209075057779E+0000	-1.37572413417969E-0003
 3.27791587471069E+0000	-1.64011893223940E-0003
 3.28370830135673E+0000	-1.83810764074086E-0003
 3.28948069924478E+0000	-1.96899127675906E-0003
 3.29524430179015E+0000	-2.03386778148254E-0003
 3.30100890035553E+0000	-2.03500097913430E-0003
 3.30678300010862E+0000	-1.97529658104127E-0003
 3.31257410685905E+0000	-1.85790679201321E-0003
 3.31838911248395E+0000	-1.68599086905277E-0003
 3.32423473666506E+0000	-1.46266043622135E-0003
 3.33011796960419E+0000	-1.19113310968047E-0003
 3.33604644727985E+0000	-8.75107880239882E-0004
 3.34202867575689E+0000	-5.19362285457790E-0004
 3.34807399910235E+0000	-1.30550096990185E-0004
 3.35419217603928E+0000	 2.81865860022284E-0004
 3.36039241085183E+0000	 7.04701135485850E-0004
 3.36668172576927E+0000	 1.12046200761615E-0003
 3.37306275143311E+0000	 1.50755305232359E-0003
 3.37953140290286E+0000	 1.84177016159889E-0003
 3.38607534797575E+0000	 2.09919634195168E-0003
 3.39267419577314E+0000	 2.25982879508867E-0003
 3.39930156504144E+0000	 2.31064896818548E-0003
 3.40592814758153E+0000	 2.24719566769389E-0003
 3.41252469984023E+0000	 2.07376677035444E-0003
 3.41906468377365E+0000	 1.80286108733072E-0003
 3.42552677058555E+0000	 1.45394444781718E-0003
 3.43189695348459E+0000	 1.05119939387822E-0003
 3.43816950321445E+0000	 6.20405501029702E-0004
 3.44434634087013E+0000	 1.85819054661640E-0004
 3.45043520234146E+0000	-2.32045079069792E-0004
 3.45644738892478E+0000	-6.17397414629103E-0004
 3.46239575678115E+0000	-9.59136869885974E-0004
 3.46829324084827E+0000	-1.25020720849161E-0003
 3.47415193672209E+0000	-1.48670467970315E-0003
 3.47998264486599E+0000	-1.66696210746434E-0003
 3.48579476159413E+0000	-1.79072761078338E-0003
 3.49159641826575E+0000	-1.85849509988706E-0003
 3.49739478991220E+0000	-1.87101489251545E-0003
 3.50319650714144E+0000	-1.82899869216592E-0003
 3.50900811236626E+0000	-1.73302344736296E-0003
 3.51483650695452E+0000	-1.58363069138075E-0003
 3.52068934046534E+0000	-1.38161324411116E-0003
 3.52657529330710E+0000	-1.12848024922780E-0003
 3.53250419470322E+0000	-8.27090562601298E-0004
 3.53848689581065E+0000	-4.82433480799857E-0004
 3.54453478808023E+0000	-1.02498820422052E-0004
 3.55065884052461E+0000	 3.00902102893280E-0004
 3.55686807322552E+0000	 7.11630554687320E-0004
 3.56316755477565E+0000	 1.10942306671184E-0003
 3.56955633339185E+0000	 1.47118612039883E-0003
 3.57602603702463E+0000	 1.77343922749006E-0003
 3.58256084339141E+0000	 1.99534951203750E-0003
 3.58913890238977E+0000	 2.12138434633138E-0003
 3.59573455093924E+0000	 2.14293547950377E-0003
 3.60232062399447E+0000	 2.05904997495868E-0003
 3.60887080568619E+0000	 1.87664286402580E-0003
 3.61536224360111E+0000	 1.61002215711602E-0003
 3.62177808036120E+0000	 1.27920979052756E-0003
 3.62810898617840E+0000	 9.07093272760900E-0004
 3.63435307296496E+0000	 5.16267647072107E-0004
 3.64051441806066E+0000	 1.26586971283818E-0004
 3.64660096993441E+0000	-2.46082638171909E-0004
 3.65262256286856E+0000	-5.90017741865149E-0004
 3.65858942942518E+0000	-8.97094709793776E-0004
 3.66451129462739E+0000	-1.16194150336267E-0003
 3.67039697271581E+0000	-1.38105848146809E-0003
 3.67625433441360E+0000	-1.55206390984251E-0003
 3.68209051397896E+0000	-1.67313554732385E-0003
 3.68791224629062E+0000	-1.74266711541215E-0003
 3.69372625039747E+0000	-1.75912831787623E-0003
 3.69953960153580E+0000	-1.72110350025340E-0003
 3.70536005396222E+0000	-1.62748348933184E-0003
 3.71119628730518E+0000	-1.47779310146608E-0003
 3.71705804624260E+0000	-1.27264629729792E-0003
 3.72295612710125E+0000	-1.01432309255135E-0003
 3.72890213973013E+0000	-7.07447003164844E-0004
 3.73490794987490E+0000	-3.59698329821698E-0004
 3.74098470981146E+0000	 1.75800518969669E-0005
 3.74714145305465E+0000	 4.09129642619584E-0004
 3.75338340246600E+0000	 7.96187461840311E-0004
 3.75971039750375E+0000	 1.15778592658280E-0003
 3.76611601684174E+0000	 1.47283305910483E-0003
 3.77258779429743E+0000	 1.72241667843516E-0003
 3.77910837281280E+0000	 1.89163027050487E-0003
 3.78565699157365E+0000	 1.97064752314897E-0003
 3.79221089189650E+0000	 1.95536890549299E-0003
 3.79874683978223E+0000	 1.84798602106090E-0003
 3.80524315577467E+0000	 1.65721020206422E-0003
 3.81168207388017E+0000	 1.39751094281760E-0003
 3.81805159391177E+0000	 1.08712303591588E-0003
 3.82434605288626E+0000	 7.45398330814593E-0004
 3.83056534389190E+0000	 3.90448332442854E-0004
 3.83671334131981E+0000	 3.77114285578955E-0005
 3.84279622384729E+0000	-3.00478953646827E-0004
 3.84882115145976E+0000	-6.14614744020655E-0004
 3.85479545118142E+0000	-8.97395764683267E-0004
 3.86072626312063E+0000	-1.14306709997901E-0003
 3.86662051197177E+0000	-1.34688002932868E-0003
 3.87248506112009E+0000	-1.50474027983595E-0003
 3.87832693778787E+0000	-1.61304004438307E-0003
 3.88415356051274E+0000	-1.66864000083533E-0003
 3.88997293655621E+0000	-1.66896594854104E-0003
 3.89579381651578E+0000	-1.61219920723084E-0003
 3.90162579395841E+0000	-1.49755733913792E-0003
 3.90747932286950E+0000	-1.32567095532586E-0003
 3.91336560223930E+0000	-1.09905558721322E-0003
 3.91929625467781E+0000	-8.22649523857848E-0004
 3.92528271854480E+0000	-5.04335968285010E-0004
 3.93133530315338E+0000	-1.55295244296835E-0004
 3.93746195209774E+0000	 2.10033059688212E-0004
 3.94366692779598E+0000	 5.74592272903025E-0004
 3.94994980327119E+0000	 9.20009376329396E-0004
 3.95630515858290E+0000	 1.22829422051491E-0003
 3.96272308860575E+0000	 1.48340930306718E-0003
 3.96919017168620E+0000	 1.67226969144777E-0003
 3.97569035638999E+0000	 1.78521158963589E-0003
 3.98220556712522E+0000	 1.81639641591504E-0003
 3.98871639533927E+0000	 1.76450018995418E-0003
 3.99520339934960E+0000	 1.63344151479071E-0003
 4.00164904138372E+0000	 1.43245409592345E-0003
 4.00803961427296E+0000	 1.17503511953933E-0003
 4.01436634399836E+0000	 8.77012261430274E-0004
 4.02062533409773E+0000	 5.54485794870362E-0004
 4.02681664209526E+0000	 2.22328072046652E-0004
 4.03294305799252E+0000	-1.06519017536387E-0004
 4.03900904745754E+0000	-4.21102080458823E-0004
 4.04502006052820E+0000	-7.12177803684661E-0004
 4.05098219093788E+0000	-9.71866363785927E-0004
 4.05690206906468E+0000	-1.19338759669377E-0003
 4.06278686410819E+0000	-1.37092192514321E-0003
 4.06864431266300E+0000	-1.49957470092549E-0003
 4.07448274006738E+0000	-1.57540679829660E-0003
 4.08031107249531E+0000	-1.59550927949638E-0003
 4.08613884382913E+0000	-1.55812432616409E-0003
 4.09197618647043E+0000	-1.46283141698373E-0003
 4.09783376964735E+0000	-1.31081748695609E-0003
 4.10372262367757E+0000	-1.10522913902776E-0003
 4.10965377559406E+0000	-8.51564096452269E-0004
 4.11563763472095E+0000	-5.58002322651419E-0004
 4.12168312369003E+0000	-2.35519733853866E-0004
 4.12779666152033E+0000	 1.02394155837928E-0004
 4.13398124517897E+0000	 4.40522282623729E-0004
 4.14023595244909E+0000	 7.63120390821943E-0004
 4.14655607549441E+0000	 1.05519363167501E-0003
 4.15293377128307E+0000	 1.30341700465313E-0003
 4.15935879511615E+0000	 1.49649836573452E-0003
 4.16581888407447E+0000	 1.62522623916505E-0003
 4.17229975687549E+0000	 1.68271956700382E-0003
 4.17878518671345E+0000	 1.66520659171230E-0003
 4.18525773531036E+0000	 1.57310490737772E-0003
 4.19170032371687E+0000	 1.41171388469339E-0003
 4.19809816156136E+0000	 1.19090958045335E-0003
 4.20444023731755E+0000	 9.23825121959370E-0004
 4.21071985615399E+0000	 6.25083280041102E-0004
 4.21693428575724E+0000	 3.09259490248176E-0004
 4.22308394550349E+0000	-1.00640546047494E-0005
 4.22917157908218E+0000	-3.20680870410907E-0004
 4.23520164096775E+0000	-6.11809450266332E-0004
 4.24117991646858E+0000	-8.74037260048799E-0004
 4.24711328878227E+0000	-1.09928474958062E-0003
 4.25300956157129E+0000	-1.28081373168745E-0003
 4.25887729069207E+0000	-1.41325401540552E-0003
 4.26472562403746E+0000	-1.49262199429320E-0003
 4.27056416810191E+0000	-1.51633073171058E-0003
 4.27640289137639E+0000	-1.48321746391809E-0003
 4.28225204822144E+0000	-1.39362535988591E-0003
 4.28812207589541E+0000	-1.24956558340433E-0003
 4.29402339483870E+0000	-1.05495333149408E-0003
 4.29996604073388E+0000	-8.15862366018787E-0004
 4.30595908914387E+0000	-5.40688163110954E-0004
 4.31200990875203E+0000	-2.40073906517777E-0004
 4.31812338831060E+0000	 7.35256592401983E-0005
 4.32430137646469E+0000	 3.86654359069806E-0004
 4.33054256346793E+0000	 6.85859927595420E-0004
 4.33684285319960E+0000	 9.58558164026003E-0004
 4.34319598646710E+0000	 1.19345578188964E-0003
 4.34959399352346E+0000	 1.38051509141795E-0003
 4.35602716979354E+0000	 1.51080678567858E-0003
 4.36248366255855E+0000	 1.57675500901368E-0003
 4.36894917259590E+0000	 1.57305701482655E-0003
 4.37540738611287E+0000	 1.49804397216390E-0003
 4.38184138846893E+0000	 1.35478632153993E-0003
 4.38823566840495E+0000	 1.15124180966775E-0003
 4.39457790739043E+0000	 8.99271572596468E-0004
 4.40085991401664E+0000	 6.12985341371680E-0004
 4.40707761482195E+0000	 3.07111239252808E-0004
 4.41323046043237E+0000	-4.15576182798139E-0006
 4.41932068830901E+0000	-3.07767544559921E-0004
 4.42535270409876E+0000	-5.92082300071884E-0004
 4.43133263022035E+0000	-8.46978164570317E-0004
 4.43726795769176E+0000	-1.06393590981327E-0003
 4.44316723180325E+0000	-1.23610953104983E-0003
 4.44903974709067E+0000	-1.35836087811267E-0003
 4.45489526768016E+0000	-1.42724208395716E-0003
 4.46074380096734E+0000	-1.44093915480855E-0003
 4.46659543671758E+0000	-1.39921565346488E-0003
 4.47246023218102E+0000	-1.30340239445676E-0003
 4.47834809106073E+0000	-1.15646245786480E-0003
 4.48426856450526E+0000	-9.63122165303756E-0004
 4.49023050973366E+0000	-7.30006432078172E-0004
 4.49624158716244E+0000	-4.65669227718943E-0004
 4.50230765909426E+0000	-1.80395762676105E-0004
 4.50843224623768E+0000	 1.14295181189337E-0004
 4.51461624407872E+0000	 4.06392481134037E-0004
 4.52085803182482E+0000	 6.84165616671785E-0004
 4.52715391106827E+0000	 9.36685456700400E-0004
 4.53349859011454E+0000	 1.15392141074308E-0003
 4.53988535329395E+0000	 1.32652124421708E-0003
 4.54630572859782E+0000	 1.44565978550541E-0003
 4.55274883594459E+0000	 1.50341865201347E-0003
 4.55920095741609E+0000	 1.49391298237383E-0003
 4.56564595021969E+0000	 1.41487892788494E-0003
 4.57206675083862E+0000	 1.26897717446620E-0003
 4.57844755350574E+0000	 1.06405591045175E-0003
 4.58477579339723E+0000	 8.12164508385980E-0004
 4.59104322109724E+0000	 5.27799908060424E-0004
 4.59724594713989E+0000	 2.26142952321710E-0004
 4.60338383342278E+0000	-7.82080172377401E-0005
 4.60945970833299E+0000	-3.71929500387986E-0004
 4.61547869089119E+0000	-6.43281399104691E-0004
 4.62144767976958E+0000	-8.82250089590798E-0004
 4.62737494396909E+0000	-1.08064519432383E-0003
 4.63326974676102E+0000	-1.23216960355506E-0003
 4.63914198034211E+0000	-1.33243900680654E-0003
 4.64500182950972E+0000	-1.37893481272944E-0003
 4.65085949497138E+0000	-1.37090382410560E-0003
 4.65672499174376E+0000	-1.30924401915072E-0003
 4.66260800680454E+0000	-1.19642367097178E-0003
 4.66851776714383E+0000	-1.03646464064940E-0003
 4.67446285085228E+0000	-8.34981212760353E-0004
 4.68045088583627E+0000	-5.99214528393366E-0004
 4.68648813171895E+0000	-3.37962946701093E-0004
 4.69257902039874E+0000	-6.13118027177174E-0005
 4.69872580218927E+0000	 2.19865082769930E-0004
 4.70492845026034E+0000	 4.94537279577710E-0004
 4.71118487560853E+0000	 7.52076979823980E-0004
 4.71749132463281E+0000	 9.82533175939519E-0004
 4.72384267836075E+0000	 1.17655717111109E-0003
 4.73023237257785E+0000	 1.32516591357937E-0003
 4.73665186555420E+0000	 1.41973674622209E-0003
 4.74308992774466E+0000	 1.45263118043943E-0003
 4.74953233055675E+0000	 1.41855520034223E-0003
 4.75596251555934E+0000	 1.31625481776374E-0003
 4.76236337883174E+0000	 1.14973364419516E-0003
 4.76871961455912E+0000	 9.28267198994518E-0004
 4.77501967455939E+0000	 6.65129880490431E-0004
 4.78125667184831E+0000	 3.75646394220610E-0004
 4.78742821471975E+0000	 7.53721011884824E-0005
 4.79353563291591E+0000	-2.21127829307328E-0004
 4.79958309668539E+0000	-5.00886038882111E-0004
 4.80557689863272E+0000	-7.52759123645887E-0004
 4.81152493171992E+0000	-9.67505985709231E-0004
 4.81743628374560E+0000	-1.13784013525899E-0003
 4.82332086807898E+0000	-1.25847389254476E-0003
 4.82918905844620E+0000	-1.32612582948642E-0003
 4.83505133988013E+0000	-1.33946648933215E-0003
 4.84091800605937E+0000	-1.29900494761837E-0003
 4.84679892415200E+0000	-1.20694647500847E-0003
 4.85270336072129E+0000	-1.06706392975682E-0003
 4.85863982998211E+0000	-8.84613878799412E-0004
 4.86461590674376E+0000	-6.66292396590031E-0004
 4.87063795891411E+0000	-4.20177738197274E-0004
 4.87671080556322E+0000	-1.55574953080702E-0004
 4.88283737898705E+0000	 1.17307217357554E-0004
 4.88901851868648E+0000	 3.87840912816118E-0004
 4.89525300089390E+0000	 6.45511394497867E-0004
 4.90153779306246E+0000	 8.80314781354553E-0004
 4.90786836921846E+0000	 1.08288191702220E-0003
 4.91423883191450E+0000	 1.24435601552403E-0003
 4.92064165207716E+0000	 1.35626837490163E-0003
 4.92706707682433E+0000	 1.41078800885684E-0003
 4.93350257722073E+0000	 1.40163400868396E-0003
 4.93993291545347E+0000	 1.32558304962109E-0003
 4.94634127027981E+0000	 1.18401680717227E-0003
 4.95271131166720E+0000	 9.83692646585606E-0004
 4.95902948993252E+0000	 7.36211028423603E-0004
 4.96528663547851E+0000	 4.56363761920812E-0004
 4.97147841290863E+0000	 1.60103856902363E-0004
 4.97760481609393E+0000	-1.37128261034673E-0004
 4.98366922774305E+0000	-4.21402428628637E-0004
 4.98967749960534E+0000	-6.80709915042396E-0004
 4.99563725848014E+0000	-9.05050034308986E-0004
 5.00155743174758E+0000	-1.08641866449185E-0003
 5.00744789539025E+0000	-1.21880952433251E-0003
 5.01331915331594E+0000	-1.29823990634816E-0003
 5.01918200433312E+0000	-1.32276512311792E-0003
 5.02504719966068E+0000	-1.29244436097761E-0003
 5.03092511890772E+0000	-1.20924431176020E-0003
 5.03682549194789E+0000	-1.07689565724497E-0003
 5.04275717299675E+0000	-9.00735333450392E-0004
 5.04872794337268E+0000	-6.87563077791229E-0004
 5.05474429992433E+0000	-4.45511019319911E-0004
 5.06081119741651E+0000	-1.83882915855215E-0004
 5.06693176181912E+0000	 8.71047295181749E-0005
 5.07310705449045E+0000	 3.56722112587051E-0004
 5.07933599545969E+0000	 6.14229161205618E-0004
 5.08561550392994E+0000	 8.49354677452476E-0004
 5.09194079159775E+0000	 1.05259641289492E-0003
 5.09830562054378E+0000	 1.21527388529377E-0003
 5.10470231254286E+0000	 1.32944582249908E-0003
 5.11112143223463E+0000	 1.38797617894113E-0003
 5.11755133106333E+0000	 1.38506225335964E-0003
 5.12397799270215E+0000	 1.31733398184720E-0003
 5.13038565700529E+0000	 1.18523596554956E-0003
 5.13675837713249E+0000	 9.94047005566307E-0004
 5.14308210676923E+0000	 7.53902486948724E-0004
 5.14934653379554E+0000	 4.78662705538767E-0004
 5.15554601193168E+0000	 1.84077769033142E-0004
 5.16167946629694E+0000	-1.14038291674263E-0004
 5.16774961795796E+0000	-4.01113378615539E-0004
 5.17376200596370E+0000	-6.64484783310035E-0004
 5.17972414257271E+0000	-8.93593350755493E-0004
 5.18564491895921E+0000	-1.07995076534086E-0003
 5.19153422166328E+0000	-1.21706941990804E-0003
 5.19740265776067E+0000	-1.30044323305940E-0003
 5.20326129509592E+0000	-1.32758341319350E-0003
 5.20912136551627E+0000	-1.29806806275365E-0003
 5.21499392384076E+0000	-1.21355676937202E-0003
 5.22088948585428E+0000	-1.07773836283195E-0003
 5.22681767785837E+0000	-8.96206925753034E-0004
 5.23278691857986E+0000	-6.76283175768480E-0004
 5.23880413012664E+0000	-4.26801886995312E-0004
 5.24487445705196E+0000	-1.57864904810388E-0004
 5.25100098397378E+0000	 1.19474194202521E-0004
 5.25718448867766E+0000	 3.93640668007201E-0004
 5.26342331976061E+0000	 6.53091501449757E-0004
 5.26971349019878E+0000	 8.86911265606332E-0004
 5.27604899554888E+0000	 1.08529879605853E-0003
 5.28242223093987E+0000	 1.23981220346518E-0003
 5.28882429318307E+0000	 1.34337823696598E-0003
 5.29524500973209E+0000	 1.39025891473187E-0003
 5.30167274451415E+0000	 1.37626590784803E-0003
 5.30809428005986E+0000	 1.29940825096973E-0003
 5.31449518113185E+0000	 1.16086000129063E-0003
 5.32086086991072E+0000	 9.65811225393040E-0004
 5.32717823757165E+0000	 7.23672304740037E-0004
 5.33343725367877E+0000	 4.47368689687436E-0004
 5.33963200263872E+0000	 1.51923835271764E-0004
 5.34576089094862E+0000	-1.47161816473207E-0004
 5.35182616193499E+0000	-4.35253287582667E-0004
 5.35783306564925E+0000	-6.99414476474331E-0004
 5.36378901401564E+0000	-9.28761154845470E-0004
 5.36970291247386E+0000	-1.11450245011806E-0003
 5.37558471339498E+0000	-1.24985891076139E-0003
 5.38144513917550E+0000	-1.32999413141264E-0003
 5.38729548254360E+0000	-1.35202376681750E-0003
 5.39314739570655E+0000	-1.31510093911309E-0003
 5.39901261017251E+0000	-1.22053515002765E-0003
 5.40490256792349E+0000	-1.07188603654502E-0003
 5.41082797870445E+0000	-8.74979569775146E-0004
 5.41679833867042E+0000	-6.37814525968946E-0004
 5.42282144823382E+0000	-3.70349885713297E-0004
 5.42890295565062E+0000	-8.41752754206542E-0005
 5.43504594462505E+0000	 2.07941813350333E-0004
 5.44125060178768E+0000	 4.92654112392138E-0004
 5.44751404533832E+0000	 7.56786849718460E-0004
 5.45383042711488E+0000	 9.88181723593398E-0004
 5.46019137230145E+0000	 1.17646852238735E-0003
 5.46658667856944E+0000	 1.31355970183980E-0003
 5.47300504413256E+0000	 1.39376325167513E-0003
 5.47943456862174E+0000	 1.41362038489195E-0003
 5.48586293501597E+0000	 1.37174808721883E-0003
 5.49227744152576E+0000	 1.26894756185055E-0003
 5.49866521327159E+0000	 1.10860946416447E-0003
 5.50501384232721E+0000	 8.97160344195642E-0004
 5.51131241973494E+0000	 6.44170776969490E-0004
 5.51755264141337E+0000	 3.61888810086764E-0004
 5.52372960017247E+0000	 6.42630594429860E-0005
 5.52984204425099E+0000	-2.34248904260355E-0004
 5.53589213069988E+0000	-5.19762622258254E-0004
 5.54188486312716E+0000	-7.79742127789431E-0004
 5.54782743207908E+0000	-1.00342971799555E-0003
 5.55372862066578E+0000	-1.18200016832655E-0003
 5.55959835725299E+0000	-1.30855576894051E-0003
 5.56544742383437E+0000	-1.37807887381556E-0003
 5.57128727490594E+0000	-1.38743067754886E-0003
 5.57712989135710E+0000	-1.33544177995041E-0003
 5.58298758780968E+0000	-1.22309310373716E-0003
 5.58887270683158E+0000	-1.05374494424962E-0003
 5.59479716311846E+0000	-8.33344279462355E-0004
 5.60077183754456E+0000	-5.70529209799575E-0004
 5.60680585721006E+0000	-2.76554710376854E-0004
 5.61290582600115E+0000	 3.50182997949116E-0005
 5.61907508900913E+0000	 3.48907442160330E-0004
 5.62531313417171E+0000	 6.48984925865801E-0004
 5.63161526951775E+0000	 9.19429930747440E-0004
 5.63797274550804E+0000	 1.14605770485286E-0003
 5.64437344774618E+0000	 1.31758778070477E-0003
 5.65080310558837E+0000	 1.42651428423819E-0003
 5.65724671157315E+0000	 1.46931905111677E-0003
 5.66368971801578E+0000	 1.44604693112979E-0003
 5.67011871479900E+0000	 1.35956556789658E-0003
 5.67652161819349E+0000	 1.21492217829073E-0003
 5.68288766642457E+0000	 1.01902198433018E-0003
 5.68920753598116E+0000	 7.80552675706717E-0004
 5.69547369109453E+0000	 5.09899683858840E-0004
 5.70168084550883E+0000	 2.18840434486940E-0004
 5.70782632270579E+0000	-8.00120691099352E-0005
 5.71391017327344E+0000	-3.73890447027995E-0004
 5.71993504223478E+0000	-6.50518850386336E-0004
 5.72590586707892E+0000	-8.98622441678211E-0004
 5.73182950332533E+0000	-1.10827350292717E-0003
 5.73771435307606E+0000	-1.27109353430456E-0003
 5.74357004614299E+0000	-1.38035221628417E-0003
 5.74940720008795E+0000	-1.43101619603722E-0003
 5.75523725910685E+0000	-1.41980761487404E-0003
 5.76107238029915E+0000	-1.34532852028426E-0003
 5.76692530558354E+0000	-1.20828753103222E-0003
 5.77280913741033E+0000	-1.01182995279888E-0003
 5.77873693356304E+0000	-7.61927385391999E-0004
 5.78472105497433E+0000	-4.67734984505720E-0004
 5.79077224322685E+0000	-1.41782609280547E-0004
 5.79689847129367E+0000	 2.00158343634411E-0004
 5.80310369634150E+0000	 5.39684226666204E-0004
 5.80938673589132E+0000	 8.56947541398187E-0004
 5.81574057353542E+0000	 1.13242238520755E-0003
 5.82215244139692E+0000	 1.34906157720752E-0003
 5.82860493420445E+0000	 1.49440814968216E-0003
 5.83507809255945E+0000	 1.56203542439696E-0003
 5.84155193478024E+0000	 1.55179734887648E-0003
 5.84800864292065E+0000	 1.46884658510899E-0003
 5.85443379466157E+0000	 1.32193228936733E-0003
 5.86081656106356E+0000	 1.12170750507863E-0003
 5.86714925221933E+0000	 8.79546450122634E-0004
 5.87342670771271E+0000	 6.06953119836600E-0004
 5.87964584549953E+0000	 3.15351251807182E-0004
 5.88580542826644E+0000	 1.59972771060668E-0005
 5.89190595682300E+0000	-2.80131316270899E-0004
 5.89794958938720E+0000	-5.62493029579683E-0004
 5.90394004523976E+0000	-8.21149026427156E-0004
 5.90988250020656E+0000	-1.04691425349811E-0003
 5.91578348931707E+0000	-1.23149615544983E-0003
 5.92165081786469E+0000	-1.36763431977438E-0003
 5.92749347424803E+0000	-1.44924723392654E-0003
 5.93332154389914E+0000	-1.47158720287791E-0003
 5.93914613097966E+0000	-1.43141320145100E-0003
 5.94497928838646E+0000	-1.32720922748011E-0003
 5.95083393189507E+0000	-1.15948828942781E-0003
 5.95672367691499E+0000	-9.31216061612416E-0004
 5.96266249840472E+0000	-6.48355691211420E-0004
 5.96866409089632E+0000	-3.20473731974625E-0004
 5.97474081506383E+0000	 3.87405428786755E-0005
 5.98090218397710E+0000	 4.11290270244600E-0004
 5.98715298887711E+0000	 7.75344654613119E-0004
 5.99349139106969E+0000	 1.10668325208832E-0003
 5.99990756028429E+0000	 1.38124348419328E-0003
 6.00638358677344E+0000	 1.57850545574425E-0003
 6.01289522141883E+0000	 1.68489886403766E-0003
 6.01941534697255E+0000	 1.69602909635651E-0003
 6.02591817514923E+0000	 1.61676104461317E-0003
 6.03238268486735E+0000	 1.45915964451249E-0003
 6.03879426430703E+0000	 1.23930748551207E-0003
 6.04514453009376E+0000	 9.74308375663264E-0004
 6.05143005030397E+0000	 6.80286457421831E-0004
 6.05765080804106E+0000	 3.71482658528470E-0004
 6.06380892792589E+0000	 6.01236907114911E-0005
 6.06990782397193E+0000	-2.43331643038623E-0004
 6.07595171170704E+0000	-5.29842740639951E-0004
 6.08194536861484E+0000	-7.91461749404156E-0004
 6.08789405353235E+0000	-1.02106986250500E-0003
 6.09380353665775E+0000	-1.21218531573340E-0003
 6.09968021033719E+0000	-1.35885728012202E-0003
 6.10553124653751E+0000	-1.45566269802106E-0003
 6.11136475938274E+0000	-1.49781127089375E-0003
 6.11718993654618E+0000	-1.48134595165434E-0003
 6.12301712112271E+0000	-1.40341895287042E-0003
 6.12885784142894E+0000	-1.26263468136102E-0003
 6.13472478380267E+0000	-1.05947488482581E-0003
 6.14063167485362E+0000	-7.96841178046893E-0004
 6.14659298765524E+0000	-4.80746351070797E-0004
 6.15262332451433E+0000	-1.21139261522962E-0004
 6.15873628437475E+0000	 2.67258213078617E-0004
 6.16494264503191E+0000	 6.64395142934518E-0004
 6.17124785361656E+0000	 1.04511171064198E-0003
 6.17764918964607E+0000	 1.38074545561239E-0003
 6.18413350158384E+0000	 1.64254329768501E-0003
 6.19067683449347E+0000	 1.80660061801146E-0003
 6.19724703230351E+0000	 1.85895280212106E-0003
 6.20380914837390E+0000	 1.79867336417332E-0003
 6.21033178802571E+0000	 1.63738203095184E-0003
 6.21679181228590E+0000	 1.39545289380826E-0003
 6.22317594153186E+0000	 1.09691551642345E-0003
 6.22947964053265E+0000	 7.65162157075266E-0004
 6.23570468113331E+0000	 4.20449352559146E-0004
 6.24185664104900E+0000	 7.90553560398551E-0005
 6.24794297033365E+0000	-2.46525334068254E-0004
 6.25397173922385E+0000	-5.46930071634307E-0004
 6.25995093866823E+0000	-8.15177431408421E-0004
 6.26588816049233E+0000	-1.04598024898345E-0003
 6.27179052524208E+0000	-1.23517227114376E-0003
 6.27766477937761E+0000	-1.37925728758653E-0003
