-1.43474566495910E-0003	 8.62977852034129E-0004
 4.89012592574850E-0003	 1.16148234008330E-0003
 1.12734544199732E-0002	 1.42401140543110E-0003
 1.77114584699877E-0002	 1.63949136245954E-0003
 2.41985029032755E-0002	 1.79513146121808E-0003
 3.07250927410068E-0002	 1.87655861730451E-0003
 3.72757442730819E-0002	 1.86951862596683E-0003
 4.38279299976465E-0002	 1.76326255558441E-0003
 5.03533751103208E-0002	 1.55474268604043E-0003
 5.68221116130037E-0002	 1.25173398305883E-0003
 6.32080301088551E-0002	 8.73014299092744E-0004
 6.94935279019801E-0002	 4.45263951095240E-0004
 7.56714407698396E-0002	-1.77051051606671E-0006
 8.17441906513313E-0002	-4.39721043960515E-0004
 8.77213575564755E-0002	-8.44397938992916E-0004
 9.36169936220700E-0002	-1.19687003347454E-0003
 9.94474439842859E-0002	-1.48337897980633E-0003
 1.05229885290769E-0001	-1.69470218581978E-0003
 1.10981488735249E-0001	-1.82539388025518E-0003
 1.16719017444455E-0001	-1.87313385305422E-0003
 1.22458672542029E-0001	-1.83827577144995E-0003
 1.28216037530916E-0001	-1.72360881580531E-0003
 1.34006005770994E-0001	-1.53430494155585E-0003
 1.39842602278003E-0001	-1.27799921101532E-0003
 1.45738630601663E-0001	-9.64928002899193E-0004
 1.51705096821882E-0001	-6.08019293968408E-0004
 1.57750403988131E-0001	-2.22786992098940E-0004
 1.63879399687039E-0001	 1.73156143176637E-0004
 1.70092512729526E-0001	 5.61127762577545E-0004
 1.76385375742119E-0001	 9.22932015578713E-0004
 1.82749323520236E-0001	 1.24258070815963E-0003
 1.89172804089375E-0001	 1.50750620536924E-0003
 1.95643153353686E-0001	 1.70868160495518E-0003
 2.02147839514101E-0001	 1.83965910124861E-0003
 2.08674545690147E-0001	 1.89522590613457E-0003
 2.15210149075630E-0001	 1.87063524178882E-0003
 2.21739304078301E-0001	 1.76208144032025E-0003
 2.28243646395379E-0001	 1.56845886620175E-0003
 2.34702480384828E-0001	 1.29371253997307E-0003
 2.41095137192819E-0001	 9.48573582179952E-0004
 2.47404235793573E-0001	 5.50600566138128E-0004
 2.53618494344455E-0001	 1.22312993509291E-0004
 2.59734031849662E-0001	-3.11785067249067E-0004
 2.65753999336918E-0001	-7.28106795928312E-0004
 2.71687127805787E-0001	-1.10599844802677E-0003
 2.77545959623533E-0001	-1.42869186324357E-0003
 2.83345296325919E-0001	-1.68344043630366E-0003
 2.89101080660829E-0001	-1.86120204048241E-0003
 2.94829716030926E-0001	-1.95617060462714E-0003
 3.00547729065348E-0001	-1.96535187677264E-0003
 3.06271654553011E-0001	-1.88829193032862E-0003
 3.12018022735312E-0001	-1.72701059115070E-0003
 3.17803332014299E-0001	-1.48615635092457E-0003
 3.23643885115894E-0001	-1.17336930943318E-0003
 3.29555353234871E-0001	-7.99797263203333E-0004
 3.35551922149931E-0001	-3.80637890538558E-0004
 3.41644900394382E-0001	 6.45395875687557E-0005
 3.47840800216604E-0001	 5.12095206151343E-0004
 3.54139219397634E-0001	 9.35735443587823E-0004
 3.60531330713087E-0001	 1.30933577163266E-0003
 3.67000081862537E-0001	 1.61073584883075E-0003
 3.73522718474574E-0001	 1.82510236400205E-0003
 3.80074874867555E-0001	 1.94619902497124E-0003
 3.86634330223910E-0001	 1.97502866699547E-0003
 3.93182828379053E-0001	 1.91695032168517E-0003
 3.99705770479501E-0001	 1.77901501532538E-0003
 4.06190745191825E-0001	 1.56864655159931E-0003
 4.12626109321385E-0001	 1.29378939541753E-0003
 4.19000449892435E-0001	 9.63936430059954E-0004
 4.25303151439716E-0001	 5.91179267790222E-0004
 4.31525712725337E-0001	 1.90564871052530E-0004
 4.37663132474616E-0001	-2.20504502202866E-0004
 4.43714756328007E-0001	-6.23580780327927E-0004
 4.49684345161363E-0001	-1.00066895506442E-0003
 4.55579507031703E-0001	-1.33545591077233E-0003
 4.61410819136692E-0001	-1.61405869438326E-0003
 4.67190942322916E-0001	-1.82531583490169E-0003
 4.72933910106892E-0001	-1.96076631853657E-0003
 4.78654656843388E-0001	-2.01448210103542E-0003
 4.84368773492334E-0001	-1.98289383308677E-0003
 4.90092439005171E-0001	-1.86471514405950E-0003
 4.95842451947163E-0001	-1.66104431056496E-0003
 5.01636263561085E-0001	-1.37570341480455E-0003
 5.07491877600032E-0001	-1.01585464169935E-0003
 5.13427426665475E-0001	-5.92891807438569E-0004
 5.19460165080525E-0001	-1.23508211855877E-0004
 5.25604577259002E-0001	 3.69359970924737E-0004
 5.31869412124034E-0001	 8.56352184567882E-0004
 5.38253940558517E-0001	 1.30325828778747E-0003
 5.44744726696741E-0001	 1.67526143310309E-0003
 5.51315181807455E-0001	 1.94353812231639E-0003
 5.57929655760722E-0001	 2.09168488439391E-0003
 5.64551018758664E-0001	 2.11835944292440E-0003
 5.71147894154995E-0001	 2.03467630249681E-0003
 5.77698187536119E-0001	 1.85850771079536E-0003
 5.84188607187978E-0001	 1.60912322612797E-0003
 5.90612060089459E-0001	 1.30409637539523E-0003
 5.96964881723825E-0001	 9.58492379272280E-0004
 6.03244948654330E-0001	 5.85453010079716E-0004
 6.09450897631655E-0001	 1.97238981528250E-0004
 6.15582199513901E-0001	-1.93925725834146E-0004
 6.21639654011703E-0001	-5.75506627309897E-0004
 6.27625903603360E-0001	-9.34801523067323E-0004
 6.33545724545928E-0001	-1.25938521016858E-0003
 6.39406036937092E-0001	-1.53763064939531E-0003
 6.45215704198800E-0001	-1.75914487712495E-0003
 6.50985239626975E-0001	-1.91505414567423E-0003
 6.56726524967131E-0001	-1.99815041905520E-0003
 6.62452608753149E-0001	-2.00295461691750E-0003
 6.68177614388319E-0001	-1.92576944982259E-0003
 6.73916756351366E-0001	-1.76480082759780E-0003
 6.79686432805448E-0001	-1.52043124287709E-0003
 6.85504324511686E-0001	-1.19573335802260E-0003
 6.91389370669748E-0001	-7.97311030753345E-0004
 6.97361397745146E-0001	-3.36527979333325E-0004
 7.03440040818592E-0001	 1.68916697666160E-0004
 7.09642456679194E-0001	 6.93372484654148E-0004
 7.15979356895865E-0001	 1.20242351904556E-0003
 7.22449499857842E-0001	 1.65445405896534E-0003
 7.29034420873455E-0001	 2.00638830379606E-0003
 7.35697220502206E-0001	 2.22360849812434E-0003
 7.42388818440431E-0001	 2.28997275546761E-0003
 7.49060045019369E-0001	 2.21150156699501E-0003
 7.55672687095073E-0001	 2.01131078113846E-0003
 7.62203921155706E-0001	 1.72006047745055E-0003
 7.68644430937069E-0001	 1.36782583199883E-0003
 7.74993839621869E-0001	 9.79931512092483E-0004
 7.81256410417654E-0001	 5.76100509931997E-0004
 7.87438152087727E-0001	 1.71343157119653E-0004
 7.93545323505890E-0001	-2.22630341013723E-0004
 7.99583933553231E-0001	-5.96128289214556E-0004
 8.05559804396562E-0001	-9.40575792232467E-0004
 8.11478867858997E-0001	-1.24801003035655E-0003
 8.17347492099610E-0001	-1.51088364762801E-0003
 8.23172744621340E-0001	-1.72206244819532E-0003
 8.28962571407271E-0001	-1.87492239129191E-0003
 8.34725911304361E-0001	-1.96348565484669E-0003
 8.40472778844142E-0001	-1.98256975612192E-0003
 8.46214348462793E-0001	-1.92795129661755E-0003
 8.51963066132846E-0001	-1.79656826590535E-0003
 8.57732802355832E-0001	-1.58680650887905E-0003
 8.63539038989646E-0001	-1.29894033785445E-0003
 8.69399042264333E-0001	-9.35823840561047E-0004
 8.75331901022002E-0001	-5.03950576507766E-0004
 8.81358181892298E-0001	-1.49912928662544E-0005
 8.87498753176507E-0001	 5.12180077904603E-0004
 8.93772088023391E-0001	 1.04928640067633E-0003
 9.00189298149090E-0001	 1.55733109447258E-0003
 9.06746905897808E-0001	 1.98837026287898E-0003
 9.13419770489118E-0001	 2.29309483563723E-0003
 9.20159823131697E-0001	 2.43432320892934E-0003
 9.26905567951702E-0001	 2.40010636177049E-0003
 9.33599108217766E-0001	 2.20690970048539E-0003
 9.40199926206992E-0001	 1.89060282218846E-0003
 9.46688429769147E-0001	 1.49293949737706E-0003
 9.53061530043878E-0001	 1.05171361211251E-0003
 9.59325982122416E-0001	 5.96742036940866E-0004
 9.65493009776905E-0001	 1.49791097484610E-0004
 9.71575016444527E-0001	-2.73852330855332E-0004
 9.77583957424881E-0001	-6.63536743373078E-0004
 9.83530744716954E-0001	-1.01169168951512E-0003
 9.89425198901158E-0001	-1.31269452545784E-0003
 9.95276246713766E-0001	-1.56211172527306E-0003
 1.00109220533196E+0000	-1.75621957944650E-0003
 1.00688108494714E+0000	-1.89171787160385E-0003
 1.01265088923487E+0000	-1.96557785181578E-0003
 1.01840991298689E+0000	-1.97499319487017E-0003
 1.02416704087161E+0000	-1.91742270848173E-0003
 1.02993205070552E+0000	-1.79072711010085E-0003
 1.03571592340258E+0000	-1.59341416896154E-0003
 1.04153115879582E+0000	-1.32502332711998E-0003
 1.04739208420366E+0000	-9.86707584880207E-0004
 1.05331510643971E+0000	-5.82106972332737E-0004
 1.05931877580134E+0000	-1.18643879310774E-0004
 1.06542337227020E+0000	 3.90627509884622E-0004
 1.07164946314437E+0000	 9.24603866618866E-0004
 1.07801456176342E+0000	 1.45156024816502E-0003
 1.08452696335811E+0000	 1.92784118899150E-0003
 1.09117697158771E+0000	 2.30075051397528E-0003
 1.09792916146969E+0000	 2.51895723738703E-0003
 1.10472331022200E+0000	 2.54940574937477E-0003
 1.11148892288536E+0000	 2.39107753612619E-0003
 1.11816618644229E+0000	 2.07432190784338E-0003
 1.12471920186021E+0000	 1.64672420762175E-0003
 1.13113608404901E+0000	 1.15720240165498E-0003
 1.13742156422927E+0000	 6.46706388438395E-0004
 1.14358905481249E+0000	 1.45730623431857E-0004
 1.14965516144343E+0000	-3.24536707892615E-0004
 1.15563669326390E+0000	-7.49990598368140E-0004
 1.16154934016984E+0000	-1.12151685417450E-0003
 1.16740726271237E+0000	-1.43338579037038E-0003
 1.17322311232336E+0000	-1.68212695243871E-0003
 1.17900822120274E+0000	-1.86577102039645E-0003
 1.18477284314977E+0000	-1.98333877551312E-0003
 1.19052640775029E+0000	-2.03448669004005E-0003
 1.19627779029484E+0000	-2.01925673548196E-0003
 1.20203561307169E+0000	-1.93791250127197E-0003
 1.20780859097717E+0000	-1.79086988558910E-0003
 1.21360592385795E+0000	-1.57874787128135E-0003
 1.21943772534986E+0000	-1.30257608709785E-0003
 1.22531546493520E+0000	-9.64207168788559E-0004
 1.23125238071081E+0000	-5.67001313081180E-0004
 1.23726377725106E+0000	-1.16881929637491E-0004
 1.24336702374960E+0000	 3.76106855365886E-0004
 1.24958086957280E+0000	 8.95628568718000E-0004
 1.25592337392137E+0000	 1.41635764217142E-0003
 1.26240741929448E+0000	 1.90149390818838E-0003
 1.26903301284077E+0000	 2.30259913961514E-0003
 1.27577767667256E+0000	 2.56546685815642E-0003
 1.28259087659094E+0000	 2.64468769693562E-0003
 1.28940118347887E+0000	 2.52213598670577E-0003
 1.29613690186007E+0000	 2.21599620107471E-0003
 1.30274682704837E+0000	 1.77210652106818E-0003
 1.30920772548047E+0000	 1.24567802459779E-0003
 1.31551911524990E+0000	 6.86705950949704E-0004
 1.32169390431316E+0000	 1.33909820577682E-0004
 1.32775079701814E+0000	-3.85347634224831E-0004
 1.33370980556385E+0000	-8.52797470284383E-0004
 1.33959012053182E+0000	-1.25674648039034E-0003
 1.34540934034678E+0000	-1.59005069498782E-0003
 1.35118336089277E+0000	-1.84868471707764E-0003
 1.35692653145739E+0000	-2.03079700933324E-0003
 1.36265188220263E+0000	-2.13610458169668E-0003
 1.36837134268462E+0000	-2.16550121165720E-0003
 1.37409593416172E+0000	-2.12078784784684E-0003
 1.37983595217889E+0000	-2.00446957721224E-0003
 1.38560117119688E+0000	-1.81959784313979E-0003
 1.39140110444101E+0000	-1.56966911746101E-0003
 1.39724534108359E+0000	-1.25862108977139E-0003
 1.40314395999694E+0000	-8.90992966010912E-0004
 1.40910798516667E+0000	-4.72336956100702E-0004
 1.41514979923339E+0000	-9.98558246516720E-0006
 1.42128335276671E+0000	 4.85705233211239E-0004
 1.42752386145894E+0000	 9.99524610661331E-0004
 1.43388642710474E+0000	 1.50898884889596E-0003
 1.44038267975182E+0000	 1.98177240647960E-0003
 1.44701446228002E+0000	 2.37449457509157E-0003
 1.45376480737348E+0000	 2.63603687384740E-0003
 1.46059028551825E+0000	 2.71897858195302E-0003
 1.46742322720113E+0000	 2.59773901119039E-0003
 1.47418882542169E+0000	 2.28220618894237E-0003
 1.48082799518073E+0000	 1.81460285673091E-0003
 1.48730995996890E+0000	 1.25226605314583E-0003
 1.49363001203177E+0000	 6.50341797535324E-0004
 1.49980008985313E+0000	 5.29240241397968E-0005
 1.50583992921568E+0000	-5.08327478133094E-0004
 1.51177147172600E+0000	-1.01210712624614E-0003
 1.51761610553133E+0000	-1.44469344741646E-0003
 1.52339362679032E+0000	-1.79761349886851E-0003
 1.52912206391281E+0000	-2.06597581265565E-0003
 1.53481786379948E+0000	-2.24738465399645E-0003
 1.54049618385485E+0000	-2.34128135571448E-0003
 1.54617117061521E+0000	-2.34857400999182E-0003
 1.55185617771917E+0000	-2.27144846316048E-0003
 1.55756391454187E+0000	-2.11328242710579E-0003
 1.56330654008215E+0000	-1.87860891983814E-0003
 1.56909573288313E+0000	-1.57309911170256E-0003
 1.57494277807444E+0000	-1.20356338392278E-0003
 1.58085871195673E+0000	-7.78007076175594E-0004
 1.58685454264356E+0000	-3.05823245956425E-0004
 1.59294150968594E+0000	 2.01749767165375E-0004
 1.59913124430170E+0000	 7.30750082302885E-0004
 1.60543553039426E+0000	 1.26305565570105E-0003
 1.61186512639314E+0000	 1.77438172318757E-0003
 1.61842681434520E+0000	 2.23210875934951E-0003
 1.62511777053962E+0000	 2.59429335173748E-0003
 1.63191740297208E+0000	 2.81274098748118E-0003
 1.63878023798265E+0000	 2.84357046823317E-0003
 1.64563779706282E+0000	 2.66439484990277E-0003
 1.65241486802544E+0000	 2.28783894718013E-0003
 1.65905219650318E+0000	 1.75896228954100E-0003
 1.66551957401974E+0000	 1.13811445600440E-0003
 1.67181378096620E+0000	 4.83084407520548E-0004
 1.67794878700792E+0000	-1.60189121120326E-0004
 1.68394641831051E+0000	-7.59004662020341E-0004
 1.68983047742513E+0000	-1.29158332929381E-0003
 1.69562390112038E+0000	-1.74403707335493E-0003
 1.70134776058004E+0000	-2.10783335988967E-0003
 1.70702117899873E+0000	-2.37800102413606E-0003
 1.71266163197337E+0000	-2.55197783228728E-0003
 1.71828536095132E+0000	-2.62893495309089E-0003
 1.72390777408805E+0000	-2.60943697351605E-0003
 1.72954377881070E+0000	-2.49533428931403E-0003
 1.73520802172237E+0000	-2.28981553559558E-0003
 1.74091502525752E+0000	-1.99756758123657E-0003
 1.74667921874615E+0000	-1.62500186869515E-0003
 1.75251487132388E+0000	-1.18051391023963E-0003
 1.75843594781174E+0000	-6.74756432500678E-0004
 1.76445591990127E+0000	-1.20937938634271E-0004
 1.77058755200556E+0000	 4.64784184748643E-0004
 1.77684260482452E+0000	 1.06267487376256E-0003
 1.78323121636594E+0000	 1.64838403443133E-0003
 1.78976041767605E+0000	 2.19145702468250E-0003
 1.79643091425051E+0000	 2.65384132805931E-0003
 1.80323130454037E+0000	 2.98992702839653E-0003
 1.81013029808936E+0000	 3.15116663046693E-0003
 1.81707130204678E+0000	 3.09832168234263E-0003
 1.82397760931235E+0000	 2.81896035759477E-0003
 1.83077184434393E+0000	 2.33834987494352E-0003
 1.83739881075492E+0000	 1.71245895639985E-0003
 1.84383559969082E+0000	 1.00802557204789E-0003
 1.85008627443202E+0000	 2.84914518931000E-0004
 1.85617045591195E+0000	-4.11497926373591E-0004
 1.86211379583590E+0000	-1.05019374808697E-0003
 1.86794247711215E+0000	-1.61131316803645E-0003
 1.87368081717460E+0000	-2.08272024797423E-0003
 1.87935061797451E+0000	-2.45731952033555E-0003
 1.88497133046580E+0000	-2.73122380213958E-0003
 1.89056053051286E+0000	-2.90260499241877E-0003
 1.89613446699661E+0000	-2.97103684200226E-0003
 1.90170857782310E+0000	-2.93718251259341E-0003
 1.90729793079896E+0000	-2.80272780703202E-0003
 1.91291756982108E+0000	-2.57049733572277E-0003
 1.91858275181150E+0000	-2.24471388020149E-0003
 1.92430905678517E+0000	-1.83137206628107E-0003
 1.93011234971232E+0000	-1.33869796379609E-0003
 1.93600857543031E+0000	-7.77660518994930E-0004
 1.94201338186157E+0000	-1.62499467033147E-0004
 1.94814158596505E+0000	 4.88742577863972E-0004
 1.95440648584595E+0000	 1.15362982338601E-0003
 1.96081890564087E+0000	 1.80454196613087E-0003
 1.96738555750596E+0000	 2.40755636879374E-0003
 1.97410586963473E+0000	 2.92128654882914E-0003
 1.98096631039503E+0000	 3.29709953513438E-0003
 1.98793257030317E+0000	 3.48384605302630E-0003
 1.99494396486970E+0000	 3.44046811679043E-0003
 2.00191875829604E+0000	 3.15433549578947E-0003
 2.00877470118346E+0000	 2.65290991391266E-0003
 2.01545352302725E+0000	 1.99631729995652E-0003
 2.02193177846228E+0000	 1.25578687833707E-0003
 2.02821486645932E+0000	 4.94562739626141E-0004
 2.03432445372601E+0000	-2.40145056301506E-0004
 2.04028811280995E+0000	-9.16748647842340E-0004
 2.04613345203158E+0000	-1.51561743380319E-0003
 2.05188563791929E+0000	-2.02525812736190E-0003
 2.05756678751916E+0000	-2.43937212808937E-0003
 2.06319620952986E+0000	-2.75486173586743E-0003
 2.06879095512553E+0000	-2.97058072753210E-0003
 2.07436642766931E+0000	-3.08661124961804E-0003
 2.07993694503842E+0000	-3.10390128979379E-0003
 2.08551621367164E+0000	-3.02414995437269E-0003
 2.09111769994521E+0000	-2.84986679545888E-0003
 2.09675489276682E+0000	-2.58455648023351E-0003
 2.10244145189027E+0000	-2.23299361716280E-0003
 2.10819123611764E+0000	-1.80155695880554E-0003
 2.11401821026369E+0000	-1.29859121727746E-0003
 2.11993624443327E+0000	-7.34766641151942E-0004
 2.12595884207861E+0000	-1.23427102954294E-0004
 2.13209884390107E+0000	 5.19023385244593E-0004
 2.13836810061437E+0000	 1.17254433673530E-0003
 2.14477691136973E+0000	 1.81245262489517E-0003
 2.15133263934650E+0000	 2.40783502592834E-0003
 2.15803645775056E+0000	 2.91978368229697E-0003
 2.16487717391963E+0000	 3.30117909230778E-0003
 2.17182273731677E+0000	 3.50153209167081E-0003
 2.17881446572706E+0000	 3.48025904481511E-0003
 2.18577311881111E+0000	 3.22534272146416E-0003
 2.19262008797142E+0000	 2.76402958102512E-0003
 2.19930098834922E+0000	 2.15414231077932E-0003
 2.20579481452136E+0000	 1.46275365493796E-0003
 2.21210727418246E+0000	 7.48501126084971E-0004
 2.21825869468182E+0000	 5.46638610742562E-0005
 2.22427444088203E+0000	-5.90064723353985E-0004
 2.23017959860264E+0000	-1.16800721615418E-0003
 2.23599677870727E+0000	-1.66889825286175E-0003
 2.24174562411653E+0000	-2.08713454840021E-0003
 2.24744308468977E+0000	-2.41992375360042E-0003
 2.25310396260498E+0000	-2.66613723319982E-0003
 2.25874149183408E+0000	-2.82565870114766E-0003
 2.26436784965632E+0000	-2.89906458152680E-0003
 2.26999456336419E+0000	-2.88751787312852E-0003
 2.27563280619144E+0000	-2.79279285149019E-0003
 2.28129359106492E+0000	-2.61737296114388E-0003
 2.28698787867438E+0000	-2.36458119966400E-0003
 2.29272662337383E+0000	-2.03871476616360E-0003
 2.29852078968713E+0000	-1.64516912674415E-0003
 2.30438138269865E+0000	-1.19055849602301E-0003
 2.31031953924288E+0000	-6.82878075855523E-0004
 2.31634670563706E+0000	-1.31811380281774E-0004
 2.32247485489060E+0000	 4.50647043544675E-0004
 2.32871654253817E+0000	 1.04904202526325E-0003
 2.33508434535752E+0000	 1.64262656910575E-0003
 2.34158889016374E+0000	 2.20298550919992E-0003
 2.34823443108630E+0000	 2.69200895614331E-0003
 2.35501139003403E+0000	 3.06252199448266E-0003
 2.36188768994207E+0000	 3.26522998505169E-0003
 2.36880535486467E+0000	 3.26385269952944E-0003
 2.37569048934336E+0000	 3.05222563658970E-0003
 2.38247512254174E+0000	 2.65968297320553E-0003
 2.38911600496424E+0000	 2.13884618065047E-0003
 2.39559848805912E+0000	 1.54640682597402E-0003
 2.40192865785220E+0000	 9.29988589046352E-0004
 2.40812309710850E+0000	 3.24153999702766E-0004
 2.41420155681804E+0000	-2.48103462911028E-0004
 2.42018314015375E+0000	-7.72190935095295E-0004
 2.42608487551097E+0000	-1.23898056701331E-0003
 2.43192155054245E+0000	-1.64266634623502E-0003
 2.43770608040867E+0000	-1.97939500517705E-0003
 2.44345001855624E+0000	-2.24648585702676E-0003
 2.44916402590912E+0000	-2.44204478736197E-0003
 2.45485823039399E+0000	-2.56481487001302E-0003
 2.46054246949330E+0000	-2.61415073624845E-0003
 2.46622643757957E+0000	-2.59004306301608E-0003
 2.47191977184851E+0000	-2.49315036303060E-0003
 2.47763211477066E+0000	-2.32481918468502E-0003
 2.48337319156427E+0000	-2.08709463003879E-0003
 2.48915293846734E+0000	-1.78274494070579E-0003
 2.49498170809032E+0000	-1.41534953759120E-0003
 2.50087055574505E+0000	-9.89529168509219E-0004
 2.50683156759867E+0000	-5.11425820404033E-0004
 2.51287811787275E+0000	 1.04398232136347E-0005
 2.51902482348124E+0000	 5.63812998042394E-0004
 2.52528678270797E+0000	 1.13081265391162E-0003
 2.53167744951801E+0000	 1.68572936129990E-0003
 2.53820436159507E+0000	 2.19338395220839E-0003
 2.54486244951571E+0000	 2.61004014108854E-0003
 2.55162675265740E+0000	 2.88973529499613E-0003
 2.55844989531577E+0000	 2.99704821454278E-0003
 2.56527029657043E+0000	 2.92094455035105E-0003
 2.57202940689185E+0000	 2.67932671984663E-0003
 2.57868673550178E+0000	 2.31014844879198E-0003
 2.58522381890256E+0000	 1.85679732707146E-0003
 2.59163900576259E+0000	 1.35747845947187E-0003
 2.59793982320830E+0000	 8.41427609495426E-0004
 2.60413720750116E+0000	 3.29614048406076E-0004
 2.61024243206180E+0000	-1.62977568001104E-0004
 2.61626600935184E+0000	-6.25153013178958E-0004
 2.62221764452672E+0000	-1.04798178755800E-0003
 2.62810657593286E+0000	-1.42395340256456E-0003
 2.63394193416459E+0000	-1.74662429419719E-0003
 2.63973297161632E+0000	-2.01053691054738E-0003
 2.64548914594915E+0000	-2.21124256384543E-0003
 2.65122010151782E+0000	-2.34532758228048E-0003
 2.65693560815914E+0000	-2.41039994373960E-0003
 2.66264550972392E+0000	-2.40503264376196E-0003
 2.66835972040316E+0000	-2.32868328046170E-0003
 2.67408829209863E+0000	-2.18162307926724E-0003
 2.67984156182175E+0000	-1.96491835388677E-0003
 2.68563037230180E+0000	-1.68051638676405E-0003
 2.69146633805343E+0000	-1.33149692395939E-0003
 2.69736209778350E+0000	-9.22558916632803E-0004
 2.70333144368924E+0000	-4.60814869811743E-0004
 2.70938913663772E+0000	 4.30533001392425E-0005
 2.71555009451849E+0000	 5.73302452304081E-0004
 2.72182750528809E+0000	 1.10754745542430E-0003
 2.72822940951261E+0000	 1.61580816707328E-0003
 2.73475378960177E+0000	 2.06158743989600E-0003
 2.74138365162304E+0000	 2.40668506302436E-0003
 2.74808554875881E+0000	 2.61997148449310E-0003
 2.75481488906093E+0000	 2.68657675154082E-0003
 2.76152682767217E+0000	 2.61143544436027E-0003
 2.76818631490324E+0000	 2.41463233920511E-0003
 2.77477182222474E+0000	 2.12256289887737E-0003
 2.78127305973895E+0000	 1.76076746263563E-0003
 2.78768649386437E+0000	 1.35089833362127E-0003
 2.79401173905176E+0000	 9.10860206796575E-0004
 2.80024980140360E+0000	 4.56179413262046E-0004
 2.80640278052399E+0000	 1.20852679917941E-0006
 2.81247422344881E+0000	-4.40371495832101E-0004
 2.81846947836463E+0000	-8.55678104658058E-0004
 2.82439574247562E+0000	-1.23305383108061E-0003
 2.83026179503795E+0000	-1.56248245032919E-0003
 2.83607755405198E+0000	-1.83582571243450E-0003
 2.84185361115633E+0000	-2.04685002772544E-0003
 2.84760085052090E+0000	-2.19109288525091E-0003
 2.85333019996547E+0000	-2.26564409947605E-0003
 2.85905252144925E+0000	-2.26891170917393E-0003
 2.86477862590327E+0000	-2.20042807448094E-0003
 2.87051938707207E+0000	-2.06073996743004E-0003
 2.87628592235625E+0000	-1.85142074985453E-0003
 2.88208979871173E+0000	-1.57524211167750E-0003
 2.88794320254001E+0000	-1.23654350053076E-0003
 2.89385897850353E+0000	-8.41831623061059E-0004
 2.89985038941910E+0000	-4.00614763505531E-0004
 2.90593038409600E+0000	 7.36015561071498E-0005
 2.91211012088657E+0000	 5.62400685724456E-0004
 2.91839658893881E+0000	 1.04214670288092E-0003
 2.92478957647801E+0000	 1.48509039550042E-0003
 2.93127903747880E+0000	 1.86260139394576E-0003
 2.93784464476496E+0000	 2.15023073640104E-0003
 2.94445883487722E+0000	 2.33257978314756E-0003
 2.95109242001161E+0000	 2.40519762470610E-0003
 2.95771970704961E+0000	 2.37250667210098E-0003
 2.96432054606397E+0000	 2.24364835720060E-0003
 2.97087931981978E+0000	 2.02914685874981E-0003
 2.97738282608730E+0000	 1.73987562637708E-0003
 2.98381900022868E+0000	 1.38786034144075E-0003
 2.99017722071575E+0000	 9.87466233890883E-0004
 2.99644969121606E+0000	 5.55718025880007E-0004
 3.00263282478630E+0000	 1.11388919788846E-0004
 3.00872780832080E+0000	-3.26660429253998E-0004
 3.01474018542270E+0000	-7.41124902001596E-0004
 3.02067880417108E+0000	-1.11735692078219E-0003
 3.02655459850407E+0000	-1.44380861161091E-0003
 3.03237953145662E+0000	-1.71196222881835E-0003
 3.03816583552378E+0000	-1.91597171800049E-0003
 3.04392555365332E+0000	-2.05220050189777E-0003
 3.04967032693268E+0000	-2.11877404002805E-0003
 3.05541136416682E+0000	-2.11521266919768E-0003
 3.06115953574731E+0000	-2.04218013227529E-0003
 3.06692554182607E+0000	-1.90137094523439E-0003
 3.07272010439809E+0000	-1.69555646508986E-0003
 3.07855412152675E+0000	-1.42880607690942E-0003
 3.08443870025568E+0000	-1.10688671572838E-0003
 3.09038495811021E+0000	-7.37809617019712E-0004
 3.09640346671336E+0000	-3.32425189263066E-0004
 3.10250323839396E+0000	 9.51401908586369E-0005
 3.10869028155305E+0000	 5.27531131406175E-0004
 3.11496601417757E+0000	 9.45053624683665E-0004
 3.12132615585260E+0000	 1.32754894291981E-0003
 3.12776082831492E+0000	 1.65683331114766E-0003
 3.13425612107622E+0000	 1.91868066968053E-0003
 3.14079640860237E+0000	 2.10333004610696E-0003
 3.14736604069986E+0000	 2.20442386014471E-0003
 3.15394942878878E+0000	 2.21746592752072E-0003
 3.16052978647206E+0000	 2.13928695835275E-0003
 3.16708788482448E+0000	 1.96927933814527E-0003
 3.17360235206909E+0000	 1.71181670512510E-0003
 3.18005208385998E+0000	 1.37821321288437E-0003
 3.18641981122575E+0000	 9.86667779405265E-0004
 3.19269501318067E+0000	 5.59945080161404E-0004
 3.19887490291359E+0000	 1.21951642338825E-0004
 3.20496351186783E+0000	-3.05295382325171E-0004
 3.21096975560082E+0000	-7.03481847989093E-0004
 3.21690539319547E+0000	-1.05858723607263E-0003
 3.22278339009661E+0000	-1.36065641990563E-0003
 3.22861681566685E+0000	-1.60317838522724E-0003
 3.23441820953978E+0000	-1.78236134037406E-0003
 3.24019929699057E+0000	-1.89645765010822E-0003
 3.24597094577721E+0000	-1.94520713672094E-0003
 3.25174328315546E+0000	-1.92942850838528E-0003
 3.25752590887486E+0000	-1.85077609811453E-0003
 3.26332814255664E+0000	-1.71167431372718E-0003
 3.26915923577485E+0000	-1.51543218011808E-0003
 3.27502846889469E+0000	-1.26651766487867E-0003
 3.28094505129916E+0000	-9.70933936718358E-0004
 3.28691776415853E+0000	-6.36591006000128E-0004
 3.29295434173418E+0000	-2.73519761334118E-0004
 3.29906068851326E+0000	 1.06238316527675E-0004
 3.30524015518122E+0000	 4.89165705117380E-0004
 3.31149317029801E+0000	 8.61145944006787E-0004
 3.31781742760176E+0000	 1.20835547731385E-0003
 3.32420850750789E+0000	 1.51771232031422E-0003
 3.33066041591243E+0000	 1.77661658210756E-0003
 3.33716537577797E+0000	 1.97223971232771E-0003
 3.34371254799847E+0000	 2.09118121264923E-0003
 3.35028613805769E+0000	 2.12049591761998E-0003
 3.35686420023613E+0000	 2.05056820882581E-0003
 3.36341971392178E+0000	 1.87904883789121E-0003
 3.36992449954689E+0000	 1.61378459681747E-0003
 3.37635457657892E+0000	 1.27271493793266E-0003
 3.38269437627849E+0000	 8.80533649629303E-0004
 3.38893809237448E+0000	 4.63914202574416E-0004
 3.39508838452033E+0000	 4.74489882747687E-0005
 3.40115379448721E+0000	-3.48652585282721E-0004
 3.40714612854281E+0000	-7.09230629279306E-0004
 3.41307842635929E+0000	-1.02381615333897E-0003
 3.41896362853359E+0000	-1.28581136996900E-0003
 3.42481382868919E+0000	-1.49155987593983E-0003
 3.43063995529276E+0000	-1.63948100851859E-0003
 3.43645175639136E+0000	-1.72934665917356E-0003
 3.44225799194753E+0000	-1.76174093839544E-0003
 3.44806675132462E+0000	-1.73772963312007E-0003
 3.45388581053899E+0000	-1.65875230001685E-0003
 3.45972293876620E+0000	-1.52672382287467E-0003
 3.46558607039326E+0000	-1.34429630168860E-0003
 3.47148328545452E+0000	-1.11519669885843E-0003
 3.47742258737107E+0000	-8.44533579600431E-0004
 3.48341152594763E+0000	-5.38969604743795E-0004
 3.48945677191490E+0000	-2.06696202929048E-0004
 3.49556378122875E+0000	 1.42771535575512E-0004
 3.50173665547268E+0000	 4.98854067441943E-0004
 3.50797818171692E+0000	 8.50015241069391E-0004
 3.51428984425790E+0000	 1.18354296552944E-0003
 3.52067143787139E+0000	 1.48502405634807E-0003
 3.52711991809764E+0000	 1.73787589263521E-0003
 3.53362742727703E+0000	 1.92365135896633E-0003
 3.54017908281750E+0000	 2.02393868670144E-0003
 3.54675189755846E+0000	 2.02415672360466E-0003
 3.55331642188196E+0000	 1.91823634224714E-0003
 3.55984152018966E+0000	 1.71184486597001E-0003
 3.56630051045028E+0000	 1.42202962795347E-0003
 3.57267575401481E+0000	 1.07331981710772E-0003
 3.57895997615892E+0000	 6.92448874424342E-0004
 3.58515475460032E+0000	 3.04020562059340E-0004
 3.59126772094304E+0000	-7.18770486214164E-0005
 3.59730978531539E+0000	-4.20327765250525E-0004
 3.60329299457562E+0000	-7.31176594245384E-0004
 3.60922912400786E+0000	-9.98128966755482E-0004
 3.61512889317333E+0000	-1.21771369791461E-0003
 3.62100166444311E+0000	-1.38829678280286E-0003
 3.62685550421332E+0000	-1.50925090335039E-0003
 3.63269749972724E+0000	-1.58035256236865E-0003
 3.63853421721000E+0000	-1.60145409641450E-0003
 3.64437217614826E+0000	-1.57243865577953E-0003
 3.65021822220811E+0000	-1.49341430214588E-0003
 3.65607971736453E+0000	-1.36505720861492E-0003
 3.66196452215452E+0000	-1.18899276832141E-0003
 3.66788080321957E+0000	-9.68114872870836E-0004
 3.67383674233116E+0000	-7.06783349254524E-0004
 3.67984023914633E+0000	-4.10897576686122E-0004
 3.68589867995204E+0000	-8.79077537221505E-0005
 3.69201878193216E+0000	 2.53125812897306E-0004
 3.69820642098286E+0000	 6.01311022686717E-0004
 3.70446623755893E+0000	 9.43500740444463E-0004
 3.71080074651162E+0000	 1.26380579926443E-0003
 3.71720874378077E+0000	 1.54344804110628E-0003
 3.72368311997552E+0000	 1.76161600878979E-0003
 3.73020881067486E+0000	 1.89798087228206E-0003
 3.73676227621637E+0000	 1.93688534182969E-0003
 3.74331385275543E+0000	 1.87190116185638E-0003
 3.74983290312518E+0000	 1.70842478722089E-0003
 3.75629370083484E+0000	 1.46265538355259E-0003
 3.76267938867129E+0000	 1.15750116278497E-0003
 3.76898281056931E+0000	 8.17609971610819E-0004
 3.77520489903016E+0000	 4.65497118528970E-0004
 3.78135204540986E+0000	 1.19476887895912E-0004
 3.78743354794926E+0000	-2.06877251347624E-0004
 3.79345962851692E+0000	-5.04319614749743E-0004
 3.79944011042618E+0000	-7.67046834562873E-0004
 3.80538369488958E+0000	-9.91648169920501E-0004
 3.81129774309758E+0000	-1.17608638283761E-0003
 3.81718846306748E+0000	-1.31885291617667E-0003
 3.82306137487581E+0000	-1.41840868370413E-0003
 3.82892189489591E+0000	-1.47297008630618E-0003
 3.83477587146600E+0000	-1.48062332012645E-0003
 3.84062994160423E+0000	-1.43967485240252E-0003
 3.84649165105380E+0000	-1.34910556381857E-0003
 3.85236935663910E+0000	-1.20900436847119E-0003
 3.85827198180559E+0000	-1.02090239991440E-0003
 3.86420871198398E+0000	-7.87987963723077E-0004
 3.87018869917084E+0000	-5.15236331057005E-0004
 3.87622080181618E+0000	-2.09525662099751E-0004
 3.88231332230018E+0000	 1.20178721761053E-0004
 3.88847362763997E+0000	 4.62519065926285E-0004
 3.89470746925008E+0000	 8.03356287099632E-0004
 3.90101780101892E+0000	 1.12550226577263E-0003
 3.90740301865308E+0000	 1.40900482689170E-0003
 3.91385491036890E+0000	 1.63257981007700E-0003
 3.92035719726099E+0000	 1.77660009925155E-0003
 3.92688595652984E+0000	 1.82724165608861E-0003
 3.93341274441041E+0000	 1.78021967450233E-0003
 3.93990968718192E+0000	 1.64212571742015E-0003
 3.94635438174090E+0000	 1.42855293554260E-0003
 3.95273262131868E+0000	 1.16009720254232E-0003
 3.95903849438070E+0000	 8.58185302670314E-0004
 3.96527272753904E+0000	 5.42084377749987E-0004
 3.97144042146681E+0000	 2.27402532991129E-0004
 3.97754893949675E+0000	-7.42318491481079E-0005
 3.98360626708032E+0000	-3.54748023147509E-0004
 3.98961991624835E+0000	-6.08808892189902E-0004
 3.99559636466939E+0000	-8.32825149686133E-0004
 4.00154098719690E+0000	-1.02400199146811E-0003
 4.00745839186647E+0000	-1.17959395424186E-0003
 4.01335300681960E+0000	-1.29650157528531E-0003
 4.01922971798664E+0000	-1.37125636270948E-0003
 4.02509436995550E+0000	-1.40033248499471E-0003
 4.03095401720887E+0000	-1.38064524185377E-0003
 4.03681691160253E+0000	-1.31008158606587E-0003
 4.04269228764369E+0000	-1.18795027149347E-0003
 4.04859003648955E+0000	-1.01530554455547E-0003
 4.05452034751852E+0000	-7.95157355281406E-0004
 4.06049335970852E+0000	-5.32618095533134E-0004
 4.06651881710015E+0000	-2.35048851041266E-0004
 4.07260566875881E+0000	 8.77437941876867E-0005
 4.07876149828021E+0000	 4.23255278583260E-0004
 4.08499162944555E+0000	 7.56068110334673E-0004
 4.09129778538617E+0000	 1.06792962634292E-0003
 4.09767636879694E+0000	 1.33855823977095E-0003
 4.10411684201222E+0000	 1.54764230296457E-0003
 4.11060116817438E+0000	 1.67809729960725E-0003
 4.11710532423334E+0000	 1.71975045679587E-0003
 4.12360301503467E+0000	 1.67181395491944E-0003
 4.13007029023372E+0000	 1.54277932186020E-0003
 4.13648910874593E+0000	 1.34781616431327E-0003
 4.14284869847157E+0000	 1.10509995869134E-0003
 4.14914492892528E+0000	 8.32605212572113E-0004
 4.15537864411586E+0000	 5.46095629538183E-0004
 4.16155380407041E+0000	 2.58271952226979E-0004
 4.16767587818508E+0000	-2.12647635456452E-0005
 4.17375063776633E+0000	-2.85550599921128E-0004
 4.17978338395883E+0000	-5.29513874363137E-0004
 4.18577862554500E+0000	-7.49119438653296E-0004
 4.19174019106116E+0000	-9.40580464148157E-0004
 4.19767168670121E+0000	-1.09981597809471E-0003
 4.20357712616732E+0000	-1.22227562025271E-0003
 4.20946152034380E+0000	-1.30314106128111E-0003
 4.21533125684470E+0000	-1.33779919752105E-0003
 4.22119419916431E+0000	-1.32242483399744E-0003
 4.22705953481978E+0000	-1.25452797570325E-0003
 4.23293745679345E+0000	-1.13338458370566E-0003
 4.23883876538108E+0000	-9.60337037998851E-0004
 4.24477444720392E+0000	-7.38994855150267E-0004
 4.25075524669084E+0000	-4.75382577699834E-0004
 4.25679120435331E+0000	-1.78075942956884E-0004
 4.26289109727673E+0000	 1.41658106197831E-0004
 4.26906168328692E+0000	 4.69756673932483E-0004
 4.27530664450852E+0000	 7.89431709112295E-0004
 4.28162520946672E+0000	 1.08170065211311E-0003
 4.28801068384442E+0000	 1.32676388305310E-0003
 4.29444952254298E+0000	 1.50647423162840E-0003
 4.30092184749981E+0000	 1.60756728016424E-0003
 4.30740396063849E+0000	 1.62450615540051E-0003
 4.31387229842095E+0000	 1.56050304304017E-0003
 4.32030723957670E+0000	 1.42611524122637E-0003
 4.32669526735604E+0000	 1.23620863073449E-0003
 4.33302911216074E+0000	 1.00677411819594E-0003
 4.33930654395706E+0000	 7.52663363311500E-0004
 4.34552873297410E+0000	 4.86477477043430E-0004
 4.35169876981634E+0000	 2.18322384764569E-0004
 4.35782054570973E+0000	-4.39354928106440E-0005
 4.36389799752944E+0000	-2.94153630804328E-0004
 4.36993469750561E+0000	-5.27267636663891E-0004
 4.37593379073079E+0000	-7.38624547606452E-0004
 4.38189826351484E+0000	-9.23434490575465E-0004
 4.38783145047477E+0000	-1.07648465390515E-0003
 4.39373761111000E+0000	-1.19219547679527E-0003
 4.39962239056447E+0000	-1.26498834597386E-0003
 4.40549304093372E+0000	-1.28984114470107E-0003
 4.41135837826468E+0000	-1.26288183678457E-0003
 4.41722852857478E+0000	-1.18190909905353E-0003
 4.42311454353963E+0000	-1.04679406418270E-0003
 4.42902794982359E+0000	-8.59769789866462E-0004
 4.43498025966594E+0000	-6.25638350314890E-0004
 4.44098243465200E+0000	-3.51922299309050E-0004
 4.44704426763990E+0000	-4.89667989629024E-0005
 4.45317362929568E+0000	 2.70036061276728E-0004
 4.45937552031087E+0000	 5.89186875125829E-0004
 4.46565090688834E+0000	 8.90358704914957E-0004
 4.47199545455857E+0000	 1.15428799858825E-0003
 4.47839855236023E+0000	 1.36252890367214E-0003
 4.48484332040067E+0000	 1.50020599339980E-0003
 4.49130826197763E+0000	 1.55885721661631E-0003
 4.49777052812721E+0000	 1.53812322301106E-0003
 4.50420970661540E+0000	 1.44530735303599E-0003
 4.51061058276831E+0000	 1.29296699424411E-0003
 4.51696397801060E+0000	 1.09575850076304E-0003
 4.52326591698386E+0000	 8.67851701821294E-0004
 4.52951602642969E+0000	 6.21523520127772E-0004
 4.53571597870342E+0000	 3.66804869759221E-0004
 4.54186836089140E+0000	 1.11743887030089E-0004
 4.54797599585564E+0000	-1.37092620315604E-0004
 4.55404160802557E+0000	-3.74074684036795E-0004
 4.56006774997350E+0000	-5.93991394313096E-0004
 4.56605695963805E+0000	-7.91608922830074E-0004
 4.57201211863482E+0000	-9.61384964100669E-0004
 4.57793692785530E+0000	-1.09742609139609E-0003
 4.58383636421787E+0000	-1.19372022264932E-0003
 4.58971698524934E+0000	-1.24459113431015E-0003
 4.59558700906929E+0000	-1.24526268625843E-0003
 4.60145617435272E+0000	-1.19241887409070E-0003
 4.60733543318344E+0000	-1.08468894721194E-0003
 4.61323653399588E+0000	-9.23038341040349E-0004
 4.61917152537493E+0000	-7.11077169093867E-0004
 4.62515217740428E+0000	-4.55299620625626E-0004
 4.63118929291867E+0000	-1.65245727867967E-0004
 4.63729187392568E+0000	 1.46458487312376E-0004
 4.64346612089166E+0000	 4.64269945246395E-0004
 4.64971428274272E+0000	 7.70245223812414E-0004
 4.65603346890679E+0000	 1.04509275799539E-0003
 4.66241471223776E+0000	 1.26993997425231E-0003
 4.66884279803980E+0000	 1.42881095125531E-0003
 4.67529744836623E+0000	 1.51136433184790E-0003
 4.68175606657256E+0000	 1.51491611219351E-0003
 4.68819739001866E+0000	 1.44469730697057E-0003
 4.69460468104853E+0000	 1.31204347470216E-0003
 4.70096725353139E+0000	 1.13133055680041E-0003
 4.70728010773902E+0000	 9.17012299752791E-0004
 4.71354237142054E+0000	 6.81731537678910E-0004
 4.71975550010766E+0000	 4.35691793460659E-0004
 4.72592188161779E+0000	 1.86917979519080E-0004
 4.73204404194306E+0000	-5.81005170121799E-0005
 4.73812435038226E+0000	-2.93748284599228E-0004
 4.74416503476738E+0000	-5.14758699633070E-0004
 4.75016836936695E+0000	-7.15844458023527E-0004
 4.75613697491464E+0000	-8.91474546949218E-0004
 4.76207419658091E+0000	-1.03581600855719E-0003
 4.76798450006723E+0000	-1.14287182847988E-0003
 4.77387379668934E+0000	-1.20681466853305E-0003
 4.77974961673931E+0000	-1.22246394652636E-0003
 4.78562109548406E+0000	-1.18582312700814E-0003
 4.79149878497643E+0000	-1.09460378502151E-0003
 4.79739432709055E+0000	-9.48698474913296E-0004
 4.80332001227431E+0000	-7.50597145556095E-0004
 4.80928821831120E+0000	-5.05750953643359E-0004
 4.81531069444268E+0000	-2.22867050077942E-0004
 4.82139764630879E+0000	 8.59262227629418E-0005
 4.82755659949397E+0000	 4.05160719413914E-0004
 4.83379108451513E+0000	 7.16525820113609E-0004
 4.84009930214504E+0000	 9.99973317217349E-0004
 4.84647309140761E+0000	 1.23556826242383E-0003
 4.85289768632417E+0000	 1.40603067881817E-0003
 4.85935277732487E+0000	 1.49954384475401E-0003
 4.86581509199689E+0000	 1.51197694614282E-0003
 4.87226202378878E+0000	 1.44753336456523E-0003
 4.87867512950576E+0000	 1.31734058338895E-0003
 4.88504222024723E+0000	 1.13648475407164E-0003
 4.89135749235828E+0000	 9.20729323713456E-0004
 4.89762011880495E+0000	 6.84084727651317E-0004
 4.90383223534892E+0000	 4.37722193043161E-0004
 4.90999715313245E+0000	 1.90048555022054E-0004
 4.91611821862732E+0000	-5.25670559529129E-0005
 4.92219835025685E+0000	-2.84912887975579E-0004
 4.92824005856584E+0000	-5.02212251292427E-0004
 4.93424571459638E+0000	-6.99662586085645E-0004
 4.94021790326429E+0000	-8.72208305576875E-0004
 4.94615979082064E+0000	-1.01449038228363E-0003
 4.95207548150808E+0000	-1.12094454259470E-0003
 4.95797033347458E+0000	-1.18604484239773E-0003
 4.96385118609309E+0000	-1.20468119180623E-0003
 4.96972645399447E+0000	-1.17263313447163E-0003
 4.97560606856565E+0000	-1.08708792123499E-0003
 4.98150127265131E+0000	-9.47161428808688E-0004
 4.98742427791482E+0000	-7.54404036747009E-0004
 4.99338777348651E+0000	-5.13287891085633E-0004
 4.99940424195335E+0000	-2.31659393857939E-0004
 5.00548501551683E+0000	 7.89058501728091E-0005
 5.01163901648729E+0000	 4.02984966441415E-0004
 5.01787120056546E+0000	 7.21652929076449E-0004
 5.02418088194370E+0000	 1.01356755643325E-0003
 5.03056035424615E+0000	 1.25700225265530E-0003
 5.03699443290825E+0000	 1.43275846111912E-0003
 5.04346153385994E+0000	 1.52741445905772E-0003
 5.04993648552383E+0000	 1.53590953524823E-0003
 5.05639450873061E+0000	 1.46240172351280E-0003
 5.06281511715759E+0000	 1.31890998089742E-0003
 5.06918462027828E+0000	 1.12222331772970E-0003
 5.07549658278962E+0000	 8.90293141373236E-0004
 5.08175053732024E+0000	 6.39337244912684E-0004
 5.08794983029053E+0000	 3.82296947409837E-0004
 5.09409949124034E+0000	 1.28613200516467E-0004
 5.10020468054982E+0000	-1.15112811549573E-0004
 5.10626988765367E+0000	-3.44096298618696E-0004
 5.11229877522717E+0000	-5.54396168880240E-0004
 5.11829443182760E+0000	-7.42218499547004E-0004
 5.12425979412723E+0000	-9.03541654676803E-0004
 5.13019808257555E+0000	-1.03399964218596E-0003
 5.13611318934797E+0000	-1.12894028186569E-0003
 5.14201000954661E+0000	-1.18360877910247E-0003
 5.14789470912010E+0000	-1.19344206830060E-0003
 5.15377490631946E+0000	-1.15446654697230E-0003
 5.15965973745397E+0000	-1.06377989518515E-0003
 5.16555978658423E+0000	-9.20089350585900E-0004
 5.17148686655179E+0000	-7.24284743327935E-0004
 5.17745362914905E+0000	-4.80035391754930E-0004
 5.18347295293328E+0000	-1.94395224652151E-0004
 5.18955702216783E+0000	 1.21639404179726E-0004
 5.19571599858939E+0000	 4.52761144825335E-0004
 5.20195624425584E+0000	 7.79440465796028E-0004
 5.20827823469378E+0000	 1.07885768078694E-0003
 5.21467463221119E+0000	 1.32705073147304E-0003
 5.22112936042558E+0000	 1.50232911984614E-0003
 5.22761860505209E+0000	 1.58931449503464E-0003
 5.23411409668969E+0000	 1.58224544856993E-0003
 5.24058790823393E+0000	 1.48609907851580E-0003
 5.24701709611832E+0000	 1.31496748452330E-0003
 5.25338659282359E+0000	 1.08842738458891E-0003
 5.25968972739510E+0000	 8.27404618414635E-0004
 5.26592682193817E+0000	 5.50872223161558E-0004
 5.27210284057500E+0000	 2.74006658210004E-0004
 5.27822499989062E+0000	 7.74529290905994E-0006
 5.28430090001439E+0000	-2.40670351852079E-0004
 5.29033738778605E+0000	-4.66652566938676E-0004
 5.29634012138211E+0000	-6.67137829644436E-0004
 5.30231366443013E+0000	-8.39649356181564E-0004
 5.30826188164033E+0000	-9.81683054866480E-0004
 5.31418843130102E+0000	-1.09041585402631E-0003
 5.32009722833043E+0000	-1.16265805076958E-0003
 5.32599283556952E+0000	-1.19496394092377E-0003
 5.33188078713133E+0000	-1.18385231667032E-0003
 5.33776784837795E+0000	-1.12612703697795E-0003
 5.34366219659206E+0000	-1.01930173899149E-0003
 5.34957349096373E+0000	-8.62126021665461E-0004
 5.35551279613544E+0000	-6.55201403396967E-0004
 5.36149231755250E+0000	-4.01673143965346E-0004
 5.36752488494598E+0000	-1.07978601257685E-0004
 5.37362308226013E+0000	 2.15399657777434E-0004
 5.37979789093189E+0000	 5.53313501950511E-0004
 5.38605674122279E+0000	 8.85751513361813E-0004
 5.39240103898264E+0000	 1.18854081938356E-0003
 5.39882363556559E+0000	 1.43550935785722E-0003
 5.40530727357854E+0000	 1.60237566085879E-0003
 5.41182534940867E+0000	 1.67174132069105E-0003
 5.41834571553299E+0000	 1.63741116552228E-0003
 5.42483662045530E+0000	 1.50594107145461E-0003
 5.43127245008659E+0000	 1.29456853444910E-0003
 5.43763708981820E+0000	 1.02664667270544E-0003
 5.44392427153822E+0000	 7.26692018946094E-0004
 5.45013573509168E+0000	 4.16667105907750E-0004
 5.45627850214786E+0000	 1.14025656553777E-0004
 5.46236224889215E+0000	-1.68740712031258E-0004
 5.46839726296334E+0000	-4.23581279808011E-0004
 5.47439311385206E+0000	-6.45870996956222E-0004
 5.48035798915490E+0000	-8.33252894770842E-0004
 5.48629857163053E+0000	-9.84578252638368E-0004
 5.49222029221907E+0000	-1.09909322871254E-0003
 5.49812778154754E+0000	-1.17593088149842E-0003
 5.50402536912961E+0000	-1.21388509577589E-0003
 5.50991754095710E+0000	-1.21139472305779E-0003
 5.51580933103513E+0000	-1.16666825480336E-0003
 5.52170665641268E+0000	-1.07791625755561E-0003
 5.52761659937357E+0000	-9.43696478502249E-0004
 5.53354761291943E+0000	-7.63390943663257E-0004
 5.53950959977865E+0000	-5.37826285695946E-0004
 5.54551379768869E+0000	-2.70032566333949E-0004
 5.55157238357157E+0000	 3.38817825368240E-0005
 5.55769767463816E+0000	 3.63795912277147E-0004
 5.56390076501793E+0000	 7.04725361692382E-0004
 5.57018944322969E+0000	 1.03636338427338E-0003
 5.57656539490125E+0000	 1.33356433565613E-0003
 5.58302114128984E+0000	 1.56849282947826E-0003
 5.58953789675520E+0000	 1.71492286548554E-0003
 5.59608608110906E+0000	 1.75412679132324E-0003
 5.60262963087025E+0000	 1.68020973736655E-0003
 5.60913313972117E+0000	 1.50208093524583E-0003
 5.61556877593948E+0000	 1.24083631960233E-0003
 5.62192007940312E+0000	 9.24079263177244E-0004
 5.62818195971913E+0000	 5.80035833835149E-0004
 5.63435820898905E+0000	 2.33458609910839E-0004
 5.64045826822816E+0000	-9.62770262394827E-0005
 5.64649436313743E+0000	-3.95440604171162E-0004
 5.65247940249383E+0000	-6.55304791268547E-0004
 5.65842562502707E+0000	-8.71120737192565E-0004
 5.66434385357330E+0000	-1.04100790578777E-0003
 5.67024321625743E+0000	-1.16491543990443E-0003
 5.67613121622233E+0000	-1.24374872549578E-0003
 5.68201403693170E+0000	-1.27872025839298E-0003
 5.68789696967570E+0000	-1.27094483688736E-0003
 5.69378486709846E+0000	-1.22125487133103E-0003
 5.69968256764751E+0000	-1.13018454631882E-0003
 5.70559528072413E+0000	-9.98079660558787E-0004
 5.71152894202815E+0000	-8.25325814174342E-0004
 5.71749053133720E+0000	-6.12723122924946E-0004
 5.72348830437119E+0000	-3.62046105859912E-0004
 5.72953184899131E+0000	-7.68092496728528E-0005
 5.73563184279791E+0000	 2.36777233583485E-0004
 5.74179935637522E+0000	 5.68729672448152E-0004
 5.74804451216726E+0000	 9.04254585509048E-0004
 5.75437431476240E+0000	 1.22309674727321E-0003
 5.76078963023924E+0000	 1.49988540573897E-0003
 5.76728177976260E+0000	 1.70631620669660E-0003
 5.77383006277632E+0000	 1.81578245228268E-0003
 5.78040222920012E+0000	 1.80989382342749E-0003
 5.78695930233398E+0000	 1.68442653704240E-0003
 5.79346364996155E+0000	 1.45138739745125E-0003
 5.79988666920493E+0000	 1.13577167972340E-0003
 5.80621269603850E+0000	 7.68947407143077E-0004
 5.81243853282661E+0000	 3.82107732318947E-0004
 5.81857034281591E+0000	 2.01255220119885E-0006
 5.82461999161348E+0000	-3.50733665344816E-0004
 5.83060203065312E+0000	-6.61683344019803E-0004
 5.83653162913434E+0000	-9.21723375003989E-0004
 5.84242331366850E+0000	-1.12600849192674E-0003
 5.84829027394941E+0000	-1.27292070056983E-0003
 5.85414404256424E+0000	-1.36314470104493E-0003
 5.85999443148482E+0000	-1.39887976571340E-0003
 5.86584965494262E+0000	-1.38319786519363E-0003
 5.87171658233818E+0000	-1.31956064608545E-0003
 5.87760106392084E+0000	-1.21149906744742E-0003
 5.88350827989426E+0000	-1.06243946438767E-0003
 5.88944308965104E+0000	-8.75648388088377E-0004
 5.89541038668495E+0000	-6.54284897228975E-0004
 5.90141546758538E+0000	-4.01589426456039E-0004
 5.90746438445807E+0000	-1.21273869426861E-0004
 5.91356418243222E+0000	 1.81824154493482E-0004
 5.91972285779635E+0000	 5.00809280066928E-0004
 5.92594882767722E+0000	 8.25593341693415E-0004
 5.93224968422851E+0000	 1.14176009547465E-0003
 5.93863004354471E+0000	 1.42982721434040E-0003
 5.94508849667386E+0000	 1.66557114934620E-0003
 5.95161419556915E+0000	 1.82228130367645E-0003
 5.95818448366705E+0000	 1.87552582350091E-0003
 5.96476564933568E+0000	 1.80974181849352E-0003
 5.97131812319054E+0000	 1.62402416541173E-0003
 5.97780478186089E+0000	 1.33374952507369E-0003
 5.98419852497730E+0000	 9.66809528276593E-0004
 5.99048578699168E+0000	 5.56670207322052E-0004
 5.99666561965274E+0000	 1.35813387425700E-0004
 6.00274629258012E+0000	-2.68319070272589E-0004
 6.00874153723092E+0000	-6.34792729380493E-0004
 6.01466757795685E+0000	-9.48981534012203E-0004
 6.02054118705062E+0000	-1.20164036144328E-0003
 6.02637856497671E+0000	-1.38783466694020E-0003
 6.03219475713777E+0000	-1.50598588876994E-0003
 6.03800337709931E+0000	-1.55709611307887E-0003
 6.04381649506809E+0000	-1.54413105972797E-0003
 6.04964462112767E+0000	-1.47152221280680E-0003
 6.05549675241847E+0000	-1.34475994926543E-0003
 6.06138046662281E+0000	-1.17006350358973E-0003
 6.06730204626868E+0000	-9.54116259433778E-0004
 6.07326662841118E+0000	-7.03849118619282E-0004
 6.07927839907658E+0000	-4.26260685968865E-0004
 6.08534087198140E+0000	-1.28301241058847E-0004
 6.09145726797193E+0000	 1.83089728899659E-0004
 6.09763092377466E+0000	 5.00662609009696E-0004
 6.10386553500547E+0000	 8.16162564067057E-0004
 6.11016494571306E+0000	 1.11930397770273E-0003
 6.11653218981457E+0000	 1.39665727393687E-0003
 6.12296759729941E+0000	 1.63091928969189E-0003
 6.12946605440444E+0000	 1.80126189211079E-0003
 6.13601404782309E+0000	 1.88553648332486E-0003
 6.14258787856252E+0000	 1.86470674938934E-0003
 6.14915484725989E+0000	 1.72865302781474E-0003
 6.15567830664734E+0000	 1.48089008253645E-0003
 6.16212510748717E+0000	 1.13939756189462E-0003
 6.16847204411562E+0000	 7.32815008828357E-0004
 6.17470859420170E+0000	 2.94118281197106E-0004
 6.18083583106186E+0000	-1.45169566518350E-0004
 6.18686325923368E+0000	-5.58497360872547E-0004
 6.19280540444092E+0000	-9.25520493315325E-0004
 6.19867913713037E+0000	-1.23187086819865E-0003
 6.20450193412455E+0000	-1.46829100277394E-0003
 6.21029090289832E+0000	-1.62966224018637E-0003
 6.21606230307940E+0000	-1.71417488318474E-0003
 6.22183133787265E+0000	-1.72271074927378E-0003
 6.22761205786100E+0000	-1.65842010684076E-0003
 6.23341728251290E+0000	-1.52644071947571E-0003
 6.23925849028154E+0000	-1.33370044782478E-0003
 6.24514565672054E+0000	-1.08874893368456E-0003
 6.25108703826110E+0000	-8.01566133134446E-0004
 6.25708892108279E+0000	-4.83291641721905E-0004
 6.26315539533881E+0000	-1.45821795293213E-0004
 6.26928827071387E+0000	 1.98735709226838E-0004
 6.27548727147645E+0000	 5.38651870869387E-0004
