-1.71443749932800E-0003	-4.92529113948760E-0004
 4.30629745375679E-0003	-1.01698120863199E-0004
 1.04138750512332E-0002	 3.24698841562947E-0004
 1.66229337061496E-0002	 7.67132977654022E-0004
 2.29439382464428E-0002	 1.19886616787175E-0003
 2.93791063702953E-0002	 1.58640526908805E-0003
 3.59178055326427E-0002	 1.89266015109899E-0003
 4.25336187315682E-0002	 2.08361366441344E-0003
 4.91861058404428E-0002	 2.13708736566173E-0003
 5.58284419279374E-0002	 2.04939974586274E-0003
 6.24178917227579E-0002	 1.83578748989299E-0003
 6.89237701904083E-0002	 1.52457114346039E-0003
 7.53299120347473E-0002	 1.14900809521930E-0003
 8.16326432118070E-0002	 7.40772416566616E-0004
 8.78369193554253E-0002	 3.26480758311731E-0004
 9.39526301191761E-0002	-7.32834255845079E-0005
 9.99918678898275E-0002	-4.43534581027648E-0004
 1.05967202342990E-0001	-7.73891369843814E-0004
 1.11890721564712E-0001	-1.05750357461490E-0003
 1.17773573203019E-0001	-1.29010201891285E-0003
 1.23625805426849E-0001	-1.46921777477588E-0003
 1.29456390870615E-0001	-1.59355116530194E-0003
 1.35273383017866E-0001	-1.66246387680565E-0003
 1.41084188670837E-0001	-1.67559005203658E-0003
 1.46895941732547E-0001	-1.63258809854336E-0003
 1.52715945369875E-0001	-1.53306522564482E-0003
 1.58552131331972E-0001	-1.37669730584208E-0003
 1.64413480635114E-0001	-1.16354897142850E-0003
 1.70310357184520E-0001	-8.94590181839555E-0004
 1.76254708568587E-0001	-5.72414774836140E-0004
 1.82260065082965E-0001	-2.02186013607693E-0004
 1.88341203733904E-0001	 2.07160493079383E-0004
 1.94513235759832E-0001	 6.41475937343530E-0004
 2.00789749734696E-0001	 1.07990897716204E-0003
 2.07179603222128E-0001	 1.49393121662108E-0003
 2.13682275054818E-0001	 1.84802360992979E-0003
 2.20282760852156E-0001	 2.10359239925426E-0003
 2.26948741603247E-0001	 2.22691527028862E-0003
 2.33633552286635E-0001	 2.19907385518728E-0003
 2.40285820101733E-0001	 2.02262231795992E-0003
 2.46861462455193E-0001	 1.72051710944953E-0003
 2.53331702572121E-0001	 1.32825686173337E-0003
 2.59684419668805E-0001	 8.84417398182683E-0004
 2.65920801626860E-0001	 4.23872597000450E-0004
 2.72050594022113E-0001	-2.52956697696449E-0005
 2.78088012040638E-0001	-4.42245072590818E-0004
 2.84048926818295E-0001	-8.12519439385767E-0004
 2.89949184274888E-0001	-1.12679387168944E-0003
 2.95803714980756E-0001	-1.37965901440096E-0003
 3.01626129534075E-0001	-1.56860103597291E-0003
 3.07428586883057E-0001	-1.69319344876241E-0003
 3.13221811002943E-0001	-1.75446033747348E-0003
 3.19015200470050E-0001	-1.75436048057982E-0003
 3.24817022491865E-0001	-1.69535966713063E-0003
 3.30634704119938E-0001	-1.58009150262683E-0003
 3.36475227091359E-0001	-1.41114055144935E-0003
 3.42345605624810E-0001	-1.19100068214025E-0003
 3.48253393923958E-0001	-9.22258743063233E-0004
 3.54207146839627E-0001	-6.08036292692685E-0004
 3.60216743694985E-0001	-2.52706063539371E-0004
 3.66293463836136E-0001	 1.37106912007780E-0004
 3.72449648576307E-0001	 5.51243791914817E-0004
 3.78697689206096E-0001	 9.74523274812359E-0004
 3.85047981288507E-0001	 1.38531571652488E-0003
 3.91505512800076E-0001	 1.75484484703334E-0003
 3.98065191377396E-0001	 2.04842377542926E-0003
 4.04707187325665E-0001	 2.23006020590092E-0003
 4.11395176758750E-0001	 2.27076092448403E-0003
 4.18080613297258E-0001	 2.15790862698747E-0003
 4.24712990313114E-0001	 1.90047865760584E-0003
 4.31251280823661E-0001	 1.52651631120225E-0003
 4.37670735367158E-0001	 1.07468691599542E-0003
 4.43963212495009E-0001	 5.85074237564392E-0004
 4.50133356549721E-0001	 9.29847035069649E-0005
 4.56193784951656E-0001	-3.73637893742551E-0004
 4.62161124594984E-0001	-7.94349238569703E-0004
 4.68053363164914E-0001	-1.15520740646817E-0003
 4.73888308637510E-0001	-1.44748413740854E-0003
 4.79682795853748E-0001	-1.66647770930721E-0003
 4.85452334647477E-0001	-1.81055391739573E-0003
 4.91210990999436E-0001	-1.88041607656914E-0003
 4.96971375761757E-0001	-1.87855571073283E-0003
 5.02744678303195E-0001	-1.80882262228036E-0003
 5.08540730356640E-0001	-1.67606004382395E-0003
 5.14368120241376E-0001	-1.48577382274415E-0003
 5.20234394282861E-0001	-1.24384183568328E-0003
 5.26146372719938E-0001	-9.56312328737257E-0004
 5.32110569990350E-0001	-6.29371425076271E-0004
 5.38133654685251E-0001	-2.69565543852988E-0004
 5.44222829634354E-0001	 1.15658702818145E-0004
 5.50385964721298E-0001	 5.17077903396623E-0004
 5.56631264989780E-0001	 9.22523664477796E-0004
 5.62966201070786E-0001	 1.31558529646277E-0003
 5.69395416066592E-0001	 1.67457045671319E-0003
 5.75917492702756E-0001	 1.97245835170107E-0003
 5.82521029905874E-0001	 2.17889756099229E-0003
 5.89181514722174E-0001	 2.26511100716116E-0003
 5.95861410450991E-0001	 2.21122976449221E-0003
 6.02515284038718E-0001	 2.01328921329704E-0003
 6.09098897743096E-0001	 1.68595778468879E-0003
 6.15578133957367E-0001	 1.25915726774254E-0003
 6.21933749353757E-0001	 7.70635246974497E-0004
 6.28161095735067E-0001	 2.58422893572806E-0004
 6.34266719861507E-0001	-2.44179490615681E-0004
 6.40264239225956E-0001	-7.10709200564007E-0004
 6.46170921847955E-0001	-1.12163987149825E-0003
 6.52005367763003E-0001	-1.46351757857992E-0003
 6.57786144981726E-0001	-1.72783869159902E-0003
 6.63531083820459E-0001	-1.91001841760709E-0003
 6.69256964319702E-0001	-2.00857302365711E-0003
 6.74979406172979E-0001	-2.02452608620064E-0003
 6.80712837089577E-0001	-1.96100143280280E-0003
 6.86470465008758E-0001	-1.82294715919448E-0003
 6.92264218457130E-0001	-1.61692907485118E-0003
 6.98104655178950E-0001	-1.35093514811410E-0003
 7.04000873316868E-0001	-1.03415033163111E-0003
 7.09960482938309E-0001	-6.76699447858439E-0004
 7.15989691144198E-0001	-2.89410804099463E-0004
 7.22093506481804E-0001	 1.16295928770153E-0004
 7.28275981323894E-0001	 5.28279879337880E-0004
 7.34540311047470E-0001	 9.33238320111922E-0004
 7.40888534022283E-0001	 1.31600618053365E-0003
 7.47320568058416E-0001	 1.65883423284076E-0003
 7.53832440495322E-0001	 1.94112019261712E-0003
 7.60413906306115E-0001	 2.14025993316189E-0003
 7.67046212176178E-0001	 2.23421665908265E-0003
 7.73701312298717E-0001	 2.20581107887001E-0003
 7.80343822986175E-0001	 2.04762953530746E-0003
 7.86935944141821E-0001	 1.76548156938269E-0003
 7.93443859143678E-0001	 1.37854724128915E-0003
 7.99843108092847E-0001	 9.15978995633768E-0004
 8.06121078682489E-0001	 4.11548165175919E-0004
 8.12276446552494E-0001	-1.01481830241182E-0004
 8.18316706863938E-0001	-5.93839157387894E-0004
 8.24255190875886E-0001	-1.04183374969127E-0003
 8.30108488582741E-0001	-1.42754242312671E-0003
 8.35894612739298E-0001	-1.73824262464211E-0003
 8.41631866687247E-0001	-1.96559588516551E-0003
 8.47338235594814E-0001	-2.10486762782767E-0003
 8.53031110212286E-0001	-2.15430948266109E-0003
 8.58727188733602E-0001	-2.11473840748691E-0003
 8.64442442173257E-0001	-1.98930189722418E-0003
 8.70192058183565E-0001	-1.78339607707092E-0003
 8.75990299289423E-0001	-1.50468689666407E-0003
 8.81850232876275E-0001	-1.16316663180434E-0003
 8.87783322234444E-0001	-7.71161242591507E-0004
 8.93798915390756E-0001	-3.43202250089196E-0004
 8.99903720590915E-0001	 1.04291305184862E-0004
 9.06101381517725E-0001	 5.53502090283953E-0004
 9.12392221392719E-0001	 9.85770467086666E-0004
 9.18773107401762E-0001	 1.38208432958704E-0003
 9.25237263668470E-0001	 1.72346433452623E-0003
 9.31773855760449E-0001	 1.99140927797907E-0003
 9.38367372058511E-0001	 2.16874380157025E-0003
 9.44997176557461E-0001	 2.24115820878734E-0003
 9.51637840936932E-0001	 2.19934930834929E-0003
 9.58260694242269E-0001	 2.04117056808123E-0003
 9.64836496709588E-0001	 1.77298709656597E-0003
 9.71338633492351E-0001	 1.40967247454058E-0003
 9.77746030596493E-0001	 9.73163483974845E-0004
 9.84045115516157E-0001	 4.89933728112533E-0004
 9.90230464911910E-0001	-1.19692025228883E-0005
 9.96304194355158E-0001	-5.05622488313910E-0004
 1.00227449875601E+0000	-9.67159218510434E-0004
 1.00815389026955E+0000	-1.37677562977426E-0003
 1.01395758077190E+0000	-1.71896323476333E-0003
 1.01970224170088E+0000	-1.98225451196794E-0003
 1.02540518335315E+0000	-2.15875972973361E-0003
 1.03108388730437E+0000	-2.24369205089286E-0003
 1.03675578828441E+0000	-2.23499494564386E-0003
 1.04243820181339E+0000	-2.13312718561365E-0003
 1.04814830377164E+0000	-1.94102630474629E-0003
 1.05390307322278E+0000	-1.66425046234019E-0003
 1.05971910627424E+0000	-1.31127759687611E-0003
 1.06561220175032E+0000	-8.93906611545168E-0004
 1.07159662453085E+0000	-4.27649280135227E-0004
 1.07768399560634E+0000	 6.80719692139168E-0005
 1.08388186516903E+0000	 5.70164628033783E-0004
 1.09019219114521E+0000	 1.05277204528344E-0003
 1.09661009695999E+0000	 1.48892272082873E-0003
 1.10312329846191E+0000	 1.85275507686202E-0003
 1.10971242922637E+0000	 2.12195747350095E-0003
 1.11635228782322E+0000	 2.28003669765474E-0003
 1.12301392193705E+0000	 2.31806873047863E-0003
 1.12966735025156E+0000	 2.23554991482366E-0003
 1.13628443028426E+0000	 2.04001323467130E-0003
 1.14284113089874E+0000	 1.74548234701505E-0003
 1.14931870529957E+0000	 1.37038859968908E-0003
 1.15570388328239E+0000	 9.35689246150776E-0004
 1.16198859756482E+0000	 4.63504563937494E-0004
 1.16816964791168E+0000	-2.38640221195689E-0005
 1.17424837706074E+0000	-5.04785842671827E-0004
 1.18023024375470E+0000	-9.59115699367936E-0004
 1.18612421299649E+0000	-1.36889283242022E-0003
 1.19194201126156E+0000	-1.71880873000558E-0003
 1.19769737472404E+0000	-1.99640209872614E-0003
 1.20340541182184E+0000	-2.19203071446796E-0003
 1.20908214527156E+0000	-2.29871961067253E-0003
 1.21474424018858E+0000	-2.31198942873598E-0003
 1.22040888583782E+0000	-2.22975015633241E-0003
 1.22609377706520E+0000	-2.05232412150626E-0003
 1.23181712642070E+0000	-1.78264650124624E-0003
 1.23759761758690E+0000	-1.42667965748751E-0003
 1.24345417643140E+0000	-9.94058461545089E-0004
 1.24940538678572E+0000	-4.98937109522779E-0004
 1.25546833096174E+0000	 3.90955827148009E-0005
 1.26165664391345E+0000	 5.94351250101944E-0004
 1.26797773761347E+0000	 1.13519131606860E-0003
 1.27442958350756E+0000	 1.62570946919165E-0003
 1.28099807431917E+0000	 2.02943511282396E-0003
 1.28765640573149E+0000	 2.31471575160283E-0003
 1.29436753945930E+0000	 2.46031366820781E-0003
 1.30108955151562E+0000	 2.45916397014889E-0003
 1.30778225099840E+0000	 2.31877152644234E-0003
 1.31441278041284E+0000	 2.05815724488390E-0003
 1.32095843914752E+0000	 1.70280123621382E-0003
 1.32740644118112E+0000	 1.27971622860579E-0003
 1.33375172035166E+0000	 8.14194500539516E-0004
 1.33999431709295E+0000	 3.28526234195258E-0004
 1.34613737506020E+0000	-1.57926346916578E-0004
 1.35218603194876E+0000	-6.28122135871182E-0004
 1.35814700436210E+0000	-1.06677635597184E-0003
 1.36402852243078E+0000	-1.46006713393269E-0003
 1.36984034056850E+0000	-1.79559716301799E-0003
 1.37559369259135E+0000	-2.06249303810476E-0003
 1.38130117781935E+0000	-2.25153217647951E-0003
 1.38697662396440E+0000	-2.35524282376887E-0003
 1.39263498023790E+0000	-2.36797908980125E-0003
 1.39829227443075E+0000	-2.28601005978578E-0003
 1.40396564016615E+0000	-2.10768075563945E-0003
 1.40967339203848E+0000	-1.83371194604413E-0003
 1.41543509303662E+0000	-1.46771227973487E-0003
 1.42127150954104E+0000	-1.01697900341234E-0003
 1.42720426985757E+0000	-4.93648278652763E-0004
 1.43325492340103E+0000	 8.38149923090645E-0005
 1.43944296236578E+0000	 6.88997423518534E-0004
 1.44578233546440E+0000	 1.28641631023657E-0003
 1.45227634951425E+0000	 1.83215293849960E-0003
 1.45891200006513E+0000	 2.27790738270241E-0003
 1.46565652903814E+0000	 2.57931223641132E-0003
 1.47245974873226E+0000	 2.70655707621157E-0003
 1.47926323604217E+0000	 2.65233867740262E-0003
 1.48601280289610E+0000	 2.43255278857856E-0003
 1.49266826069408E+0000	 2.07964070675423E-0003
 1.49920686425208E+0000	 1.63281845839986E-0003
 1.50562109737090E+0000	 1.12987169630079E-0003
 1.51191381873364E+0000	 6.02692367398935E-0004
 1.51809348635202E+0000	 7.62026369201358E-0005
 1.52417076119650E+0000	-4.30740616954087E-0004
 1.53015663935037E+0000	-9.03742688845623E-0004
 1.53606174183173E+0000	-1.33133768133778E-0003
 1.54189630131222E+0000	-1.70384872671260E-0003
 1.54767047404140E+0000	-2.01269614463141E-0003
 1.55339473526756E+0000	-2.25007796923094E-0003
 1.55908023410947E+0000	-2.40890620711767E-0003
 1.56473907112016E+0000	-2.48289355789252E-0003
 1.57038451391860E+0000	-2.46672297523361E-0003
 1.57603118676810E+0000	-2.35627724622397E-0003
 1.58169526718191E+0000	-2.14894692613022E-0003
 1.58739470398747E+0000	-1.84407014553033E-0003
 1.59314943797550E+0000	-1.44358974891314E-0003
 1.59898154971845E+0000	-9.53043768061946E-0004
 1.60491515889693E+0000	-3.83026051771029E-0004
 1.61097572489621E+0000	 2.48771382483983E-0004
 1.61718813014904E+0000	 9.14992356707963E-0004
 1.62357264500164E+0000	 1.57609695722344E-0003
 1.63013797265930E+0000	 2.17953841817966E-0003
 1.63687198723783E+0000	 2.66367588235163E-0003
 1.64373425398938E+0000	 2.96933057899182E-0003
 1.65065766843083E+0000	 3.05723483375376E-0003
 1.65756320953260E+0000	 2.92195557522600E-0003
 1.66438098902315E+0000	 2.59213116766497E-0003
 1.67106486086275E+0000	 2.11747832759870E-0003
 1.67759473784741E+0000	 1.55252683288810E-0003
 1.68397043031012E+0000	 9.45468376092561E-0004
 1.69020339434762E+0000	 3.33798820038229E-0004
 1.69631013305313E+0000	-2.55498613104766E-0004
 1.70230812551384E+0000	-8.03826153338893E-0004
 1.70821381259500E+0000	-1.29850202434548E-0003
 1.71404191003890E+0000	-1.73064412207692E-0003
 1.71980546671758E+0000	-2.09359816837669E-0003
 1.72551628788560E+0000	-2.38188814398839E-0003
 1.73118549670669E+0000	-2.59059733643944E-0003
 1.73682410862246E+0000	-2.71507694803377E-0003
 1.74244355993304E+0000	-2.75089023540258E-0003
 1.74805617690720E+0000	-2.69392257625609E-0003
 1.75367559983644E+0000	-2.54061834964674E-0003
 1.75931718886104E+0000	-2.28834198604513E-0003
 1.76499843471898E+0000	-1.93590189068813E-0003
 1.77073937427033E+0000	-1.48432303144501E-0003
 1.77656295613183E+0000	-9.38008072612045E-0004
 1.78249518907115E+0000	-3.06481676326253E-0004
 1.78856468656326E+0000	 3.93068439713024E-0004
 1.79480083865095E+0000	 1.13237561004541E-0003
 1.80122933236106E+0000	 1.86830256804778E-0003
 1.80786356443652E+0000	 2.54064364397149E-0003
 1.81469207496924E+0000	 3.07582619535102E-0003
 1.82166725774429E+0000	 3.40151509196256E-0003
 1.82870657184241E+0000	 3.47064461328792E-0003
 1.83571317491649E+0000	 3.28066729290374E-0003
 1.84260512582659E+0000	 2.87216133244640E-0003
 1.84933325980749E+0000	 2.30902779725722E-0003
 1.85588098010353E+0000	 1.65678020207669E-0003
 1.86225406345055E+0000	 9.70011153141367E-0004
 1.86846982946223E+0000	 2.89074345613692E-0004
 1.87454961429180E+0000	-3.58298759476443E-0004
 1.88051463671991E+0000	-9.53868503555251E-0004
 1.88638417655389E+0000	-1.48587837233205E-0003
 1.89217507221795E+0000	-1.94668074745261E-0003
 1.89790189437246E+0000	-2.33103139313525E-0003
 1.90357743234143E+0000	-2.63494324331986E-0003
 1.90921329929181E+0000	-2.85497443158342E-0003
 1.91482055466235E+0000	-2.98784486726270E-0003
 1.92041029390084E+0000	-3.03029875577228E-0003
 1.92599418767465E+0000	-2.97915220549651E-0003
 1.93158497431276E+0000	-2.83148829864616E-0003
 1.93719692163821E+0000	-2.58498986919224E-0003
 1.94284627510616E+0000	-2.23843442561071E-0003
 1.94855169288203E+0000	-1.79241699858775E-0003
 1.95433462426471E+0000	-1.25041461424912E-0003
 1.96021949413402E+0000	-6.20353074248867E-0004
 1.96623337700338E+0000	 8.31486943045211E-0005
 1.97240454267453E+0000	 8.35792217217616E-0004
 1.97875886923772E+0000	 1.60025091948757E-0003
 1.98531298297382E+0000	 2.32391839611897E-0003
 1.99206404506923E+0000	 2.94088903197130E-0003
 1.99897951218027E+0000	 3.38203411432185E-0003
 2.00599460611107E+0000	 3.59338650826081E-0003
 2.01302423629334E+0000	 3.55455889417036E-0003
 2.01998563054251E+0000	 3.28464464760607E-0003
 2.02681810341150E+0000	 2.83173946047269E-0003
 2.03349000071585E+0000	 2.25490402357532E-0003
 2.03999418786434E+0000	 1.60953761046579E-0003
 2.04633914837563E+0000	 9.40346235219360E-0004
 2.05254101164694E+0000	 2.80259918085114E-0004
 2.05861828166270E+0000	-3.47752706360713E-0004
 2.06458900086125E+0000	-9.28097463670914E-0004
 2.07046954744044E+0000	-1.45018290716100E-0003
 2.07627437813714E+0000	-1.90657028783366E-0003
 2.08201626486569E+0000	-2.29165881987046E-0003
 2.08770675776955E+0000	-2.60082690404978E-0003
 2.09335672189526E+0000	-2.82993468291375E-0003
 2.09897686300637E+0000	-2.97510131545568E-0003
 2.10457820132668E+0000	-3.03268479919159E-0003
 2.11017248097991E+0000	-2.99941065359489E-0003
 2.11577252039012E+0000	-2.87261860097635E-0003
 2.12139251422174E+0000	-2.65062258131998E-0003
 2.12704828876229E+0000	-2.33320675128118E-0003
 2.13275748694783E+0000	-1.92230514835679E-0003
 2.13853961118136E+0000	-1.42292888720746E-0003
 2.14441577501348E+0000	-8.44396870766374E-0004
 2.15040790881461E+0000	-2.01861862488606E-0004
 2.15653706064469E+0000	 4.82049341596651E-0004
 2.16282043547871E+0000	 1.17599171524433E-0003
 2.16926712181073E+0000	 1.83998935090026E-0003
 2.17587322734327E+0000	 2.42799300695386E-0003
 2.18261814290253E+0000	 2.89350201674619E-0003
 2.18946404475655E+0000	 3.19742715696354E-0003
 2.19635987554284E+0000	 3.31590800099203E-0003
 2.20324932459325E+0000	 3.24528308639451E-0003
 2.21008053456050E+0000	 3.00206877141519E-0003
 2.21681406185331E+0000	 2.61772036220976E-0003
 2.22342627346585E+0000	 2.13056409751078E-0003
 2.22990799569577E+0000	 1.57844474868297E-0003
 2.23626052414475E+0000	 9.94285943014173E-0004
 2.24249135113081E+0000	 4.04622077935567E-0004
 2.24861090208659E+0000	-1.69972817180310E-0004
 2.25463054307774E+0000	-7.13661355828541E-0004
 2.26056161811908E+0000	-1.21402596980087E-0003
 2.26641516102142E+0000	-1.66098751447883E-0003
 2.27220197733571E+0000	-2.04605633711500E-0003
 2.27793288254296E+0000	-2.36189547242613E-0003
 2.28361896747345E+0000	-2.60212829949119E-0003
 2.28927182796441E+0000	-2.76131635026292E-0003
 2.29490373943210E+0000	-2.83504859308376E-0003
 2.30052777878130E+0000	-2.82010813812340E-0003
 2.30615789928674E+0000	-2.71470630387826E-0003
 2.31180895344571E+0000	-2.51879121626235E-0003
 2.31749663869093E+0000	-2.23444463312834E-0003
 2.32323731544057E+0000	-1.86637251506754E-0003
 2.32904762291613E+0000	-1.42246666929115E-0003
 2.33494380934102E+0000	-9.14362271195678E-0004
 2.34094072346151E+0000	-3.57845539531508E-0004
 2.34705050812795E+0000	 2.27089074651051E-0004
 2.35328118264812E+0000	 8.16704757588323E-0004
 2.35963540296086E+0000	 1.38451866615031E-0003
 2.36610959281455E+0000	 1.90261175040291E-0003
 2.37269333261327E+0000	 2.34301692448987E-0003
 2.37936872407622E+0000	 2.67933153247895E-0003
 2.38610988730397E+0000	 2.88913283881407E-0003
 2.39288360689388E+0000	 2.95744837782923E-0003
 2.39965229668523E+0000	 2.88024175983585E-0003
 2.40637908557472E+0000	 2.66588889001412E-0003
 2.41303303127270E+0000	 2.33343682799286E-0003
 2.41959225100112E+0000	 1.90849381234020E-0003
 2.42604428428045E+0000	 1.41879186441885E-0003
 2.43238455668669E+0000	 8.90968795112680E-0004
 2.43861423948250E+0000	 3.48942150037778E-0004
 2.44473837600957E+0000	-1.86531726932097E-0004
 2.45076457529070E+0000	-6.97695691907123E-0004
 2.45670221756678E+0000	-1.16945480974877E-0003
 2.46256199642683E+0000	-1.58907697936565E-0003
 2.46835563855026E+0000	-1.94599067366529E-0003
 2.47409570247299E+0000	-2.23166753321447E-0003
 2.47979541042719E+0000	-2.43956222204314E-0003
 2.48546849559759E+0000	-2.56509163761735E-0003
 2.49112905410309E+0000	-2.60564833317466E-0003
 2.49679138599302E+0000	-2.56064838159875E-0003
 2.50246980151712E+0000	-2.43160889977720E-0003
 2.50817836536023E+0000	-2.22223573885902E-0003
 2.51393055958114E+0000	-1.93848088156455E-0003
 2.51973887244342E+0000	-1.58851034210686E-0003
 2.52561436695333E+0000	-1.18252338394545E-0003
 2.53156633592857E+0000	-7.32404993091901E-0004
 2.53760217053173E+0000	-2.51287564441326E-0004
 2.54372750136393E+0000	 2.46784200288217E-0004
 2.54994649063851E+0000	 7.46835794466974E-0004
 2.55626192508649E+0000	 1.23245641483859E-0003
 2.56267463924340E+0000	 1.68498101851459E-0003
 2.56918195374339E+0000	 2.08294498059795E-0003
 2.57577530872006E+0000	 2.40266052281762E-0003
 2.58243798492134E+0000	 2.62059763297141E-0003
 2.58914433427461E+0000	 2.71745888143401E-0003
 2.59586168287948E+0000	 2.68265028881152E-0003
 2.60255477827312E+0000	 2.51714136461318E-0003
 2.60919111782640E+0000	 2.23334309129137E-0003
 2.61574505521834E+0000	 1.85229355173646E-0003
 2.62219958119637E+0000	 1.39971205045990E-0003
 2.62854605715505E+0000	 9.02472065595180E-0004
 2.63478285871244E+0000	 3.86206269197243E-0004
 2.64091376640795E+0000	-1.26005467319360E-0004
 2.64694652736784E+0000	-6.14216776850732E-0004
 2.65289169557787E+0000	-1.06178786452155E-0003
 2.65876172227932E+0000	-1.45535047817648E-0003
 2.66457024179756E+0000	-1.78466810353531E-0003
 2.67033150658347E+0000	-2.04244543939137E-0003
 2.67605993359706E+0000	-2.22411852815805E-0003
 2.68176972726464E+0000	-2.32764139215672E-0003
 2.68747454794891E+0000	-2.35326837999089E-0003
 2.69318720575410E+0000	-2.30331414924351E-0003
 2.69891938127266E+0000	-2.18186113872783E-0003
 2.70468140633976E+0000	-1.99438678917579E-0003
 2.71048216968831E+0000	-1.74730944205440E-0003
 2.71632922535451E+0000	-1.44750590233481E-0003
 2.72222915231646E+0000	-1.10192129342829E-0003
 2.72818813129995E+0000	-7.17438643321330E-0004
 2.73421258877505E+0000	-3.01161573752705E-0004
 2.74030965680771E+0000	 1.38827742860913E-0004
 2.74648715601364E+0000	 5.92319071740532E-0004
 2.75275284155672E+0000	 1.04567854625194E-0003
 2.75911275480619E+0000	 1.48081151095316E-0003
 2.76556872093214E+0000	 1.87494005210546E-0003
 2.77211539388727E+0000	 2.20183258533507E-0003
 2.77873778259633E+0000	 2.43492968846378E-0003
 2.78541062131037E+0000	 2.55208858992426E-0003
 2.79210066533567E+0000	 2.54053292457004E-0003
 2.79877165691879E+0000	 2.39990589165621E-0003
 2.80539010960582E+0000	 2.14205319265500E-0003
 2.81192967640144E+0000	 1.78796461139957E-0003
 2.81837302463304E+0000	 1.36359325943963E-0003
 2.82471159668467E+0000	 8.96145115973509E-0004
 2.83094425566272E+0000	 4.11509649348662E-0004
 2.83707562504808E+0000	-6.72403351866024E-0005
 2.84311451671777E+0000	-5.20600384970058E-0004
 2.84907256545459E+0000	-9.32913067400898E-0004
 2.85496308089252E+0000	-1.29234608041633E-0003
 2.86080010220977E+0000	-1.59067373153610E-0003
 2.86659763516829E+0000	-1.82292883492518E-0003
 2.87236904959215E+0000	-1.98696636421728E-0003
 2.87812662207705E+0000	-2.08295861421412E-0003
 2.88388122633374E+0000	-2.11282957324212E-0003
 2.88964219619591E+0000	-2.07964217733281E-0003
 2.89541740012799E+0000	-1.98697924115316E-0003
 2.90121355498313E+0000	-1.83839868285929E-0003
 2.90703676304251E+0000	-1.63707514395220E-0003
 2.91289319086949E+0000	-1.38573897635928E-0003
 2.91878974944620E+0000	-1.08697996738939E-0003
 2.92473460967870E+0000	-7.43912746323630E-0004
 2.93073739972065E+0000	-3.61134110668793E-0004
 2.93680895816840E+0000	 5.41420945298579E-0005
 2.94296053327644E+0000	 4.90922813248436E-0004
 2.94920232446266E+0000	 9.33463316729722E-0004
 2.95554131196998E+0000	 1.36083249556940E-0003
 2.96197851683052E+0000	 1.74752947320287E-0003
 2.96850626114337E+0000	 2.06569985337929E-0003
 2.97510654180869E+0000	 2.28910963812286E-0003
 2.98175179282418E+0000	 2.39807820300854E-0003
 2.98840849629279E+0000	 2.38356232353304E-0003
 2.99504252337040E+0000	 2.24859777513505E-0003
 3.00162407520675E+0000	 2.00671000588951E-0003
 3.00813064737071E+0000	 1.67851035327973E-0003
 3.01454786752136E+0000	 1.28810952311184E-0003
 3.02086897521353E+0000	 8.60272922062471E-0004
 3.02709371520496E+0000	 4.18435124587958E-0004
 3.03322703274406E+0000	-1.66267321140145E-0005
 3.03927769943678E+0000	-4.27616825958124E-0004
 3.04525694389632E+0000	-8.01102598701254E-0004
 3.05117718065903E+0000	-1.12749672065034E-0003
 3.05705092922255E+0000	-1.40070789207799E-0003
 3.06288998700419E+0000	-1.61754984182968E-0003
 3.06870489167289E+0000	-1.77700027630228E-0003
 3.07450469078969E+0000	-1.87940038480630E-0003
 3.08029702038523E+0000	-1.92569230712219E-0003
 3.08608846470462E+0000	-1.91680122653600E-0003
 3.09188512493936E+0000	-1.85326288867107E-0003
 3.09769328141959E+0000	-1.73516305273606E-0003
 3.10352001468118E+0000	-1.56239834525152E-0003
 3.10937366671405E+0000	-1.33521200686283E-0003
 3.11526406192560E+0000	-1.05492715777861E-0003
 3.12120244076746E+0000	-7.24799580355151E-0004
 3.12720106561514E+0000	-3.50923339598803E-0004
 3.13327243667355E+0000	 5.68857253251723E-0005
 3.13942802997416E+0000	 4.84361742054227E-0004
 3.14567649321852E+0000	 9.12468762162192E-0004
 3.15202138514574E+0000	 1.31788662545912E-0003
 3.15845887522312E+0000	 1.67474039789570E-0003
 3.16497624222975E+0000	 1.95773117623592E-0003
 3.17155216375721E+0000	 2.14611912070582E-0003
 3.17815922955092E+0000	 2.22722774068256E-0003
 3.18476794214061E+0000	 2.19806803584759E-0003
 3.19135063579925E+0000	 2.06467394241299E-0003
 3.19788408404175E+0000	 1.83998573217492E-0003
 3.20435066156146E+0000	 1.54148207920241E-0003
 3.21073864747631E+0000	 1.18917615102548E-0003
 3.21704215786034E+0000	 8.03923220686762E-0004
 3.22326076522712E+0000	 4.05847335675535E-0004
 3.22939868006580E+0000	 1.29355629180488E-0005
 3.23546351319257E+0000	-3.59965786518860E-0004
 3.24146484320828E+0000	-7.01571766147364E-0004
 3.24741288065096E+0000	-1.00399466692390E-0003
 3.25331745255998E+0000	-1.26214075739669E-0003
 3.25918741775360E+0000	-1.47287458494769E-0003
 3.26503052239673E+0000	-1.63415675447594E-0003
 3.27085362832434E+0000	-1.74432898267797E-0003
 3.27666319080891E+0000	-1.80166735010517E-0003
 3.28246583433621E+0000	-1.80425525999861E-0003
 3.28826888347284E+0000	-1.75015621987728E-0003
 3.29408074685464E+0000	-1.63781590878429E-0003
 3.29991110452716E+0000	-1.46660774113282E-0003
 3.30577088679899E+0000	-1.23745162208641E-0003
 3.31167204187862E+0000	-9.53461641679154E-0004
 3.31762707190328E+0000	-6.20591413196150E-0004
 3.32364828817199E+0000	-2.48227380824037E-0004
 3.32974672276501E+0000	 1.50378248220264E-0004
 3.33593067272151E+0000	 5.58035035372925E-0004
 3.34220398684826E+0000	 9.54185668066787E-0004
 3.34856444485830E+0000	 1.31638323679324E-0003
 3.35500282718238E+0000	 1.62268684070526E-0003
 3.36150328468651E+0000	 1.85449782805285E-0003
 3.36804515812744E+0000	 1.99891365947723E-0003
 3.37460562691978E+0000	 2.04976171321264E-0003
 3.38116212864910E+0000	 2.00722166797137E-0003
 3.38769387139400E+0000	 1.87675084330286E-0003
 3.39418260912374E+0000	 1.66812699827848E-0003
 3.40061331110877E+0000	 1.39479606795945E-0003
 3.40697504353965E+0000	 1.07309087539746E-0003
 3.41326175058800E+0000	 7.20903620316617E-0004
 3.41947238238062E+0000	 3.55930839514966E-0004
 3.42561014950406E+0000	-5.95608338570236E-0006
 3.43168117489070E+0000	-3.51701772602182E-0004
 3.43769304271624E+0000	-6.71259649959402E-0004
 3.44365365885989E+0000	-9.57157299342482E-0004
 3.44957061642991E+0000	-1.20375117750880E-0003
 3.45545105712786E+0000	-1.40647488589488E-0003
 3.46130189233641E+0000	-1.56129102561746E-0003
 3.46713019977399E+0000	-1.66443950183087E-0003
 3.47294362758955E+0000	-1.71247308372256E-0003
 3.47875069292627E+0000	-1.70250830071169E-0003
 3.48456092496613E+0000	-1.63260311308811E-0003
 3.49038484724431E+0000	-1.50219001488658E-0003
 3.49623380990411E+0000	-1.31252199255254E-0003
 3.50211967416587E+0000	-1.06710885725635E-0003
 3.50805433163883E+0000	-7.72121055515883E-0004
 3.51404902604461E+0000	-4.36713370416429E-0004
 3.52011345226388E+0000	-7.31752900588867E-0005
 3.52625465743376E+0000	 3.03236988365514E-0004
 3.53247587536587E+0000	 6.74954033528229E-0004
 3.53877557117812E+0000	 1.02333217247937E-0003
 3.54514707232364E+0000	 1.33037229422396E-0003
 3.55157906996022E+0000	 1.58051472385915E-0003
 3.55805691181244E+0000	 1.76192638682572E-0003
 3.56456415044556E+0000	 1.86689249337382E-0003
 3.57108366645186E+0000	 1.89148576682339E-0003
 3.57759810211108E+0000	 1.83517919787368E-0003
 3.58409003573057E+0000	 1.70098873900403E-0003
 3.59054265284469E+0000	 1.49605676636322E-0003
 3.59694123497664E+0000	 1.23191343710819E-0003
 3.60327493976343E+0000	 9.23681751150504E-0004
 3.60953792315477E+0000	 5.88248029516752E-0004
 3.61572925544682E+0000	 2.42156648385499E-0004
 3.62185183946035E+0000	-9.99382912784327E-0005
 3.62791097261600E+0000	-4.25905331608033E-0004
 3.63391313114095E+0000	-7.25998395110381E-0004
 3.63986524742884E+0000	-9.92328895380829E-0004
 3.64577446878614E+0000	-1.21830321975680E-0003
 3.65164823471405E+0000	-1.39824000606308E-0003
 3.65749448200934E+0000	-1.52723302193416E-0003
 3.66332183254173E+0000	-1.60122521221398E-0003
 3.66913968626437E+0000	-1.61721892237695E-0003
 3.67495819656244E+0000	-1.57355085591621E-0003
 3.68078813277218E+0000	-1.47018294426787E-0003
 3.68664063900199E+0000	-1.30898131893730E-0003
 3.69252689035767E+0000	-1.09396427456405E-0003
 3.69845763887178E+0000	-8.31494278882059E-0004
 3.70444264151676E+0000	-5.30371510053200E-0004
 3.71048998001215E+0000	-2.01763719162274E-0004
 3.71660532322379E+0000	 1.41107848338030E-0004
 3.72279124642510E+0000	 4.83592475105789E-0004
 3.72904678528263E+0000	 8.10539956510077E-0004
 3.73536741189645E+0000	 1.10739868150009E-0003
 3.74174550723213E+0000	 1.36119723324112E-0003
 3.74817115893767E+0000	 1.56109293611380E-0003
 3.75463286982652E+0000	 1.69837830163537E-0003
 3.76111776568771E+0000	 1.76623921359500E-0003
 3.76761128364032E+0000	 1.75986448525750E-0003
 3.77409690999149E+0000	 1.67735150838378E-0003
 3.78055680642786E+0000	 1.52116915641966E-0003
 3.78697368556476E+0000	 1.29921158027223E-0003
 3.79333330651623E+0000	 1.02446403066274E-0003
 3.79962636818541E+0000	 7.13181019592688E-0004
 3.80584898389965E+0000	 3.82447240833700E-0004
 3.81200186015594E+0000	 4.81841509548375E-0005
 3.81808889869724E+0000	-2.75874614102865E-0004
 3.82411590806704E+0000	-5.78341854692281E-0004
 3.83008975536866E+0000	-8.49865340931660E-0004
 3.83601796512811E+0000	-1.08271726537267E-0003
 3.84190861418178E+0000	-1.27049778134157E-0003
 3.84777035251142E+0000	-1.40801573532471E-0003
 3.85361242802328E+0000	-1.49132074919236E-0003
 3.85944465190220E+0000	-1.51782978676394E-0003
 3.86527728326004E+0000	-1.48649424753369E-0003
 3.87112083300865E+0000	-1.39796765871156E-0003
 3.87698579388543E+0000	-1.25474590864169E-0003
 3.88288230492536E+0000	-1.06125744943538E-0003
 3.88881976069606E+0000	-8.23881114889256E-0004
 3.89480638163363E+0000	-5.50867406668676E-0004
 3.90084877300980E+0000	-2.52139119186009E-0004
 3.90695151611761E+0000	 6.10466234007411E-0005
 3.91311685356409E+0000	 3.76574456998786E-0004
 3.91934454187193E+0000	 6.82046564590703E-0004
 3.92563192690183E+0000	 9.65361445498952E-0004
 3.93197422126319E+0000	 1.21514630487877E-0003
 3.93836482597038E+0000	 1.42091313106570E-0003
 3.94479541962193E+0000	 1.57297077612731E-0003
 3.95125559490595E+0000	 1.66240556737951E-0003
 3.95773216774748E+0000	 1.68163914888221E-0003
 3.96420878969832E+0000	 1.62588209158786E-0003
 3.97066671117420E+0000	 1.49512335640202E-0003
 3.97708701946196E+0000	 1.29556404517271E-0003
 3.98345360710420E+0000	 1.03941434636180E-0003
 3.98975548213863E+0000	 7.42952091751175E-0004
 3.99598749196577E+0000	 4.23822406687042E-0004
 4.00214958277246E+0000	 9.87679625766538E-0005
 4.00824537314323E+0000	-2.17622104521603E-0004
 4.01428077866503E+0000	-5.13237468696631E-0004
 4.02026304393448E+0000	-7.78245817711927E-0004
 4.02620020639557E+0000	-1.00473715362955E-0003
 4.03210086078419E+0000	-1.18642905225994E-0003
 4.03797407153921E+0000	-1.31850791759471E-0003
 4.04382931833264E+0000	-1.39759786029205E-0003
 4.04967640758420E+0000	-1.42181421627926E-0003
 4.05552532068355E+0000	-1.39085210358465E-0003
 4.06138599500102E+0000	-1.30606578489850E-0003
 4.06726805018789E+0000	-1.17050386366930E-0003
 4.07318048345296E+0000	-9.88876296751645E-0004
 4.07913136465510E+0000	-7.67442494198982E-0004
 4.08512756342240E+0000	-5.13825660184145E-0004
 4.09117453330380E+0000	-2.36774088730059E-0004
 4.09727616265762E+0000	 5.41009510849875E-0005
 4.10343468570432E+0000	 3.48583445099874E-0004
 4.10965063928030E+0000	 6.36088256862459E-0004
 4.11592284901208E+0000	 9.05856308472989E-0004
 4.12224841053450E+0000	 1.14708206237301E-0003
 4.12862257736699E+0000	 1.34896122643174E-0003
 4.13503841410679E+0000	 1.50074665166539E-0003
 4.14148614085547E+0000	 1.59208771721260E-0003
 4.14795239328786E+0000	 1.61404654282276E-0003
 4.15442004856825E+0000	 1.56095451738078E-0003
 4.16086938701237E+0000	 1.43259907577744E-0003
 4.16728074119386E+0000	 1.23557490035786E-0003
 4.17363770220540E+0000	 9.82792639293530E-0004
 4.17992943178200E+0000	 6.91228876972318E-0004
 4.18615124623912E+0000	 3.79039516155660E-0004
 4.19230372607554E+0000	 6.32337691123805E-0005
 4.19839118739461E+0000	-2.41572204879580E-0004
 4.20442023863690E+0000	-5.23466357457359E-0004
 4.21039875343255E+0000	-7.73023950894770E-0004
 4.21633527807024E+0000	-9.82923690928447E-0004
 4.22223875083764E+0000	-1.14760931455307E-0003
 4.22811838735736E+0000	-1.26307944744808E-0003
 4.23398361449900E+0000	-1.32680725404970E-0003
 4.23984397710638E+0000	-1.33775015539054E-0003
 4.24570898139307E+0000	-1.29639459915226E-0003
 4.25158787217684E+0000	-1.20478160557986E-0003
 4.25748936752998E+0000	-1.06647039671457E-0003
 4.26342139307791E+0000	-8.86418026815569E-0004
 4.26939086555482E+0000	-6.70781545605386E-0004
 4.27540356508175E+0000	-4.26681205070806E-0004
 4.28146410403055E+0000	-1.61986470886395E-0004
 4.28757595457700E+0000	 1.14815642145461E-0004
 4.29374145969853E+0000	 3.94646638103687E-0004
 4.29996174951568E+0000	 6.67789618721127E-0004
 4.30623652105068E+0000	 9.23842837541072E-0004
 4.31256368308297E+0000	 1.15174815983465E-0003
 4.31893887595935E+0000	 1.33995266737181E-0003
 4.32535485882422E+0000	 1.47679463904128E-0003
 4.33180081707824E+0000	 1.55131090677503E-0003
 4.33826188952699E+0000	 1.55470380416981E-0003
 4.34471953335062E+0000	 1.48242311504063E-0003
 4.35115329949443E+0000	 1.33617793114565E-0003
 4.35754385123397E+0000	 1.12473429142200E-0003
 4.36387608461906E+0000	 8.62781467251637E-0004
 4.37014100415963E+0000	 5.68298318051278E-0004
 4.37633583026482E+0000	 2.59651377884402E-0004
 4.38246281427140E+0000	-4.65273701480586E-0005
 4.38852761224205E+0000	-3.36359240940700E-0004
 4.39453784905991E+0000	-5.98870720276537E-0004
 4.40050212453459E+0000	-8.25683700867604E-0004
 4.40642944974382E+0000	-1.01057361017903E-0003
 4.41232899036126E+0000	-1.14908722032689E-0003
 4.41820997580947E+0000	-1.23829764204421E-0003
 4.42408165625291E+0000	-1.27669855811560E-0003
 4.42995322710167E+0000	-1.26419590756019E-0003
 4.43583368183853E+0000	-1.20213489563794E-0003
 4.44173159357345E+0000	-1.09329842162091E-0003
 4.44765486030893E+0000	-9.41827485785856E-0004
 4.45361047361902E+0000	-7.53044282599103E-0004
 4.45960437641632E+0000	-5.33202249057371E-0004
 4.46564145140997E+0000	-2.89233699441348E-0004
 4.47172562411162E+0000	-2.85917738153200E-0005
 4.47785999068506E+0000	 2.40737620689539E-0004
 4.48404683240242E+0000	 5.10054259793546E-0004
 4.49028739551212E+0000	 7.69693750966327E-0004
 4.49658140195307E+0000	 1.00887817946447E-0003
 4.50292636401295E+0000	 1.21582669242791E-0003
 4.50931683593501E+0000	 1.37821810160701E-0003
 4.51574373482799E+0000	 1.48405153539777E-0003
 4.52219389560320E+0000	 1.52296943084157E-0003
 4.52865018856332E+0000	 1.48806617548382E-0003
 4.53509268149987E+0000	 1.37788789517947E-0003
 4.54150106774015E+0000	 1.19781662447397E-0003
 4.54785779208807E+0000	 9.59913001843840E-0004
 4.55415064410688E+0000	 6.81002490881292E-0004
 4.56037382128843E+0000	 3.79809909665460E-0004
 4.56652739412845E+0000	 7.43229899662643E-0005
 4.57261584267688E+0000	-2.19881762976572E-0004
 4.57864643221866E+0000	-4.90284747158310E-0004
 4.58462789464972E+0000	-7.27356243387356E-0004
 4.59056955686585E+0000	-9.24147737285986E-0004
 4.59648086628345E+0000	-1.07581362737958E-0003
 4.60237119178120E+0000	-1.17921617914138E-0003
 4.60824977054995E+0000	-1.23267435639542E-0003
 4.61412569116913E+0000	-1.23585415858224E-0003
 4.62000783537850E+0000	-1.18975747734679E-0003
 4.62590473967452E+0000	-1.09674422848587E-0003
 4.63182437957887E+0000	-9.60517954757000E-0004
 4.63777391990941E+0000	-7.86020036638228E-0004
 4.64375950512862E+0000	-5.79214818361209E-0004
 4.64978616931984E+0000	-3.46805162454185E-0004
 4.65585790756860E+0000	-9.59780385322254E-0005
 4.66197786616194E+0000	 1.65693309098616E-0004
 4.66814850901732E+0000	 4.30108468530902E-0004
 4.67437156464830E+0000	 6.88298975670225E-0004
 4.68064760763691E+0000	 9.30072214020873E-0004
 4.68697528035812E+0000	 1.14390828873289E-0003
 4.69335033990365E+0000	 1.31733471120107E-0003
 4.69976481624657E+0000	 1.43785448317133E-0003
 4.70620655083055E+0000	 1.49435441406434E-0003
 4.71265933899762E+0000	 1.47884784099934E-0003
 4.71910391861855E+0000	 1.38831267932971E-0003
 4.72551998514920E+0000	 1.22612754656178E-0003
 4.73188899285202E+0000	 1.00237860703232E-0003
 4.73819687892155E+0000	 7.32588311778186E-0004
 4.74443568430530E+0000	 4.35222790242612E-0004
 4.75060363399531E+0000	 1.28963187805806E-0004
 4.75670403304515E+0000	-1.69364934842675E-0004
 4.76274368986169E+0000	-4.45871944629894E-0004
 4.76873144275357E+0000	-6.89848104899094E-0004
 4.77467705971995E+0000	-8.93505975340580E-0004
 4.78059054708943E+0000	-1.05152108517305E-0003
 4.78648178933253E+0000	-1.16056800204349E-0003
 4.79236040868329E+0000	-1.21895631407514E-0003
 4.79823573546218E+0000	-1.22640471616590E-0003
 4.80411679659132E+0000	-1.18394504042694E-0003
 4.81001225449306E+0000	-1.09391486138846E-0003
 4.81593026089580E+0000	-9.59975307837245E-0004
 4.82187823005400E+0000	-7.87082697964340E-0004
 4.82786258026682E+0000	-5.81355437616542E-0004
 4.83388852964254E+0000	-3.49819321112201E-0004
 4.83996003822188E+0000	-1.00084349035168E-0004
 4.84607993694080E+0000	 1.59919888420478E-0004
 4.85225017102456E+0000	 4.21997440488232E-0004
 4.85847195925260E+0000	 6.77449603763764E-0004
 4.86474562220026E+0000	 9.16645183392320E-0004
 4.87106993603691E+0000	 1.12868480843484E-0003
 4.87744110897115E+0000	 1.30152394301240E-0003
 4.88385173119794E+0000	 1.42279554577251E-0003
 4.89029015134815E+0000	 1.48129367144703E-0003
 4.89674061954272E+0000	 1.46881699384676E-0003
 4.90318432932651E+0000	 1.38196131284968E-0003
 4.90960132295164E+0000	 1.22342497692992E-0003
 4.91597301318948E+0000	 1.00235500761315E-0003
 4.92228472327412E+0000	 7.33391900286703E-0004
 4.92852743491250E+0000	 4.34562471044937E-0004
 4.93469822828031E+0000	 1.24729624587569E-0004
 4.94079952902411E+0000	-1.78575066378696E-0004
 4.94683771710363E+0000	-4.60480341331832E-0004
 4.95282166665918E+0000	-7.09273505640733E-0004
 4.95876155244376E+0000	-9.16326689273939E-0004
 4.96466802274216E+0000	-1.07573655820118E-0003
 4.97055170258751E+0000	-1.18388636642507E-0003
 4.97642294068838E+0000	-1.23905281566955E-0003
 4.98229170666144E+0000	-1.24111630331828E-0003
 4.98816755372876E+0000	-1.19139045404112E-0003
 4.99405957541838E+0000	-1.09255614719688E-0003
 4.99997630249590E+0000	-9.48660217056401E-0004
 5.00592551193168E+0000	-7.65118539537953E-0004
 5.01191395696040E+0000	-5.48652463619701E-0004
 5.01794707488764E+0000	-3.07098420424915E-0004
 5.02402877240581E+0000	-4.90774484197790E-0005
 5.03016139346577E+0000	 2.16404225453124E-0004
 5.03634590436412E+0000	 4.80264581289482E-0004
 5.04258218339375E+0000	 7.33388644429490E-0004
 5.04886915325224E+0000	 9.66348812321525E-0004
 5.05520447433995E+0000	 1.16898755441357E-0003
 5.06158371359846E+0000	 1.33026865319589E-0003
 5.06799925492460E+0000	 1.43881555407358E-0003
 5.07443950417011E+0000	 1.48427252634461E-0003
 5.08088892905327E+0000	 1.45918569019180E-0003
 5.08732914120481E+0000	 1.36080943762753E-0003
 5.09374082809220E+0000	 1.19227312112029E-0003
 5.10010610775305E+0000	 9.62760278315609E-0004
 5.10641077360998E+0000	 6.86588053214094E-0004
 5.11264586604392E+0000	 3.81365716681014E-0004
 5.11880818643178E+0000	 6.57424366463530E-0005
 5.12489977736480E+0000	-2.42617489197067E-0004
 5.13092675895536E+0000	-5.28401035754064E-0004
 5.13689800025137E+0000	-7.79279277114663E-0004
 5.14282395945452E+0000	-9.85981835618450E-0004
 5.14871582660261E+0000	-1.14205678754992E-0003
 5.15458496387496E+0000	-1.24351481324233E-0003
 5.16044257723059E+0000	-1.28848224117912E-0003
 5.16629953931667E+0000	-1.27692677942336E-0003
 5.17216628900703E+0000	-1.21047917952982E-0003
 5.17805274305585E+0000	-1.09234707718757E-0003
 5.18396816658398E+0000	-9.27296005662280E-0004
 5.18992096389306E+0000	-7.21652410011637E-0004
 5.19591837516985E+0000	-4.83264501403594E-0004
 5.20196610409977E+0000	-2.21346517214325E-0004
 5.20806795526652E+0000	 5.38525645758010E-0005
 5.21422560779038E+0000	 3.31553365607393E-0004
 5.22043864626579E+0000	 6.01013919362430E-0004
 5.22670486347343E+0000	 8.51951813556899E-0004
 5.23302065552016E+0000	 1.07462357234076E-0003
 5.23938117451031E+0000	 1.25956224247247E-0003
 5.24577996491523E+0000	 1.39728538804143E-0003
 5.25220814804485E+0000	 1.47847488039372E-0003
 5.25865364805628E+0000	 1.49496749024208E-0003
 5.26510112235942E+0000	 1.44140074018466E-0003
 5.27153295964005E+0000	 1.31687898700765E-0003
 5.27793114472060E+0000	 1.12595721816171E-0003
 5.28427941414821E+0000	 8.78595939337838E-0004
 5.29056512913514E+0000	 5.89159123901146E-0004
 5.29678048438561E+0000	 2.74764657005270E-0004
 5.30292288109553E+0000	-4.66022771328250E-0005
 5.30899451858820E+0000	-3.57790988636892E-0004
 5.31500146497966E+0000	-6.43700162630622E-0004
 5.32095254743074E+0000	-8.91919151136747E-0004
 5.32685833351427E+0000	-1.09289597393323E-0003
 5.33273033903045E+0000	-1.23981236432579E-0003
 5.33858048143626E+0000	-1.32833392956133E-0003
 5.34442073389060E+0000	-1.35635218317591E-0003
 5.35026291240251E+0000	-1.32378380418070E-0003
 5.35611852703154E+0000	-1.23245408897166E-0003
 5.36199863367429E+0000	-1.08606406346928E-0003
 5.36791363094490E+0000	-8.90218011004130E-0004
 5.37387295847373E+0000	-6.52465640356107E-0004
 5.37988467380935E+0000	-3.82289724576460E-0004
 5.38595492226867E+0000	-9.09506270246654E-0005
 5.39208737242344E+0000	 2.08901772877522E-0004
 5.39828276036928E+0000	 5.03895652661284E-0004
 5.40453872927541E+0000	 7.80824104786633E-0004
 5.41085009886450E+0000	 1.02754065072205E-0003
 5.41720950855449E+0000	 1.23355873367922E-0003
 5.42360812239080E+0000	 1.39015190300861E-0003
 5.43003597770713E+0000	 1.49007691723926E-0003
 5.43648178911782E+0000	 1.52738315604293E-0003
 5.44293249653795E+0000	 1.49779624226470E-0003
 5.44937318476482E+0000	 1.39974712118258E-0003
 5.45578784911538E+0000	 1.23555720036548E-0003
 5.46216091994798E+0000	 1.01208682678572E-0003
 5.46847899020068E+0000	 7.40482322672146E-0004
 5.47473218174579E+0000	 4.35156551904936E-0004
 5.48091488901375E+0000	 1.12385016649291E-0004
 5.48702590499431E+0000	-2.11135576853838E-0004
 5.49306805380913E+0000	-5.19533835853396E-0004
 5.49904750191105E+0000	-7.98678268299614E-0004
 5.50497293920656E+0000	-1.03671548866435E-0003
 5.51085479761216E+0000	-1.22427835453000E-0003
 5.51670461100824E+0000	-1.35446868486091E-0003
 5.52253454903014E+0000	-1.42273074491533E-0003
 5.52835710444484E+0000	-1.42671053470530E-0003
 5.53418488550684E+0000	-1.36616408222012E-0003
 5.54003045252612E+0000	-1.24294829338461E-0003
 5.54590613261689E+0000	-1.06110193126634E-0003
 5.55182374443728E+0000	-8.26997286433350E-0004
 5.55779416875529E+0000	-5.49509771821340E-0004
 5.56382672006234E+0000	-2.40111615465894E-0004
 5.56992832235989E+0000	 8.72455675869579E-0005
 5.57610257920795E+0000	 4.16613967269153E-0004
 5.58234894603646E+0000	 7.31011424960008E-0004
 5.58866231140317E+0000	 1.01383256462610E-0003
 5.59503327545538E+0000	 1.25044698015623E-0003
 5.60144919104346E+0000	 1.42951540012884E-0003
 5.60789565478298E+0000	 1.54357333966288E-0003
 5.61435785475769E+0000	 1.58878175261517E-0003
 5.62082128786701E+0000	 1.56423754058710E-0003
 5.62727184975127E+0000	 1.47146453801793E-0003
 5.63369578151111E+0000	 1.31443152935592E-0003
 5.64007999856019E+0000	 1.09989804767758E-0003
 5.64641290987405E+0000	 8.37573569252928E-0004
 5.65268538785616E+0000	 5.39747301883515E-0004
 5.65889147003395E+0000	 2.20455997218468E-0004
 5.66502861989854E+0000	-1.05509020019461E-0004
 5.67109762117600E+0000	-4.23507426118432E-0004
 5.67710225100195E+0000	-7.19772378435697E-0004
 5.68304883906360E+0000	-9.81942649240301E-0004
 5.68894578148950E+0000	-1.19941684550157E-0003
 5.69480306689021E+0000	-1.36354926283361E-0003
 5.70063186365014E+0000	-1.46772440696076E-0003
 5.70644419706519E+0000	-1.50736446672109E-0003
 5.71225271705741E+0000	-1.47992928284652E-0003
 5.71807053131105E+0000	-1.38496151710247E-0003
 5.72391105771381E+0000	-1.22421611064868E-0003
 5.72978783124693E+0000	-1.00189494895706E-0003
 5.73571418148786E+0000	-7.24980821629266E-0004
 5.74170268152371E+0000	-4.03620471937667E-0004
 5.74776427265359E+0000	-5.14367141569527E-0005
 5.75390702134969E+0000	 3.14441740967243E-0004
 5.76013460173503E+0000	 6.73921635572636E-0004
 5.76644482707573E+0000	 1.00532648540435E-0003
 5.77282879429391E+0000	 1.28766108387592E-0003
 5.77927124649142E+0000	 1.50335381918314E-0003
 5.78575238908965E+0000	 1.64062207071400E-0003
 5.79225069331232E+0000	 1.69456322277805E-0003
 5.79874566533708E+0000	 1.66663730602236E-0003
 5.80521963859480E+0000	 1.56303098188171E-0003
 5.81165831740623E+0000	 1.39284065250354E-0003
 5.81805050307634E+0000	 1.16679143500535E-0003
 5.82438765953386E+0000	 8.96614938432891E-0004
 5.83066370123858E+0000	 5.94766823434219E-0004
 5.83687498117533E+0000	 2.74138053141160E-0004
 5.84302027452809E+0000	-5.23449027526744E-0005
 5.84910063710745E+0000	-3.72135240331926E-0004
 5.85511917001683E+0000	-6.73387169102415E-0004
 5.86108077859464E+0000	-9.45166458151382E-0004
 5.86699197381596E+0000	-1.17759899496740E-0003
 5.87286071065747E+0000	-1.36200428293405E-0003
 5.87869624126193E+0000	-1.49102916221619E-0003
 5.88450897430571E+0000	-1.55877859210083E-0003
 5.89031034770853E+0000	-1.56094568551367E-0003
 5.89611272299908E+0000	-1.49496004418131E-0003
 5.90192929577871E+0000	-1.36018786074274E-0003
 5.90777399325390E+0000	-1.15822294623206E-0003
 5.91366129948784E+0000	-8.93302891157766E-0004
 5.91960591127672E+0000	-5.72863987753611E-0004
 5.92562208503684E+0000	-2.08199019658328E-0004
 5.93172250599487E+0000	 1.84917060930957E-0004
 5.93791654496887E+0000	 5.85930415813429E-0004
 5.94420795146858E+0000	 9.70026695292866E-0004
 5.95059243821176E+0000	 1.31001873813179E-0003
 5.95705614464234E+0000	 1.57983681702793E-0003
 5.96357618615630E+0000	 1.75899230391426E-0003
 5.97012383264560E+0000	 1.83640228429043E-0003
 5.97666941512089E+0000	 1.81183706260825E-0003
 5.98318697773490E+0000	 1.69444515904744E-0003
 5.98965700346977E+0000	 1.49939610729104E-0003
 5.99606686084833E+0000	 1.24433257888050E-0003
 6.00240973396140E+0000	 9.46810748693081E-0004
 6.00868307043043E+0000	 6.22994912870573E-0004
 6.01488723383234E+0000	 2.87264992191966E-0004
 6.02102457222520E+0000	-4.77348328668970E-0005
 6.02709882498955E+0000	-3.70917329210651E-0004
 6.03311473435392E+0000	-6.72552820268441E-0004
 6.03907779371772E+0000	-9.44058418848557E-0004
 6.04499412541267E+0000	-1.17778617920398E-0003
 6.05087048481199E+0000	-1.36685186231029E-0003
 6.05671435811537E+0000	-1.50505194061946E-0003
 6.06253409979049E+0000	-1.58689109047027E-0003
 6.06833906169640E+0000	-1.60771127560817E-0003
 6.07413968969818E+0000	-1.56390033200387E-0003
 6.07994758441823E+0000	-1.45316757897383E-0003
 6.08577552638631E+0000	-1.27489625704114E-0003
 6.09163744878155E+0000	-1.03060420874913E-0003
 6.09754830478192E+0000	-7.24555115247441E-0004
 6.10352372177862E+0000	-3.64552831888257E-0004
 6.10957926277918E+0000	 3.70980803303541E-0005
 6.11572904423276E+0000	 4.62607038243453E-0004
 6.12198345675353E+0000	 8.88069158554236E-0004
 6.12834595209887E+0000	 1.28391566826690E-0003
 6.13480948473388E+0000	 1.61738806254953E-0003
 6.14135416585340E+0000	 1.85757142974317E-0003
 6.14794822154008E+0000	 1.98204155928748E-0003
 6.15455320666341E+0000	 1.98233094314249E-0003
 6.16113171602506E+0000	 1.86524904030158E-0003
 6.16765401978445E+0000	 1.64951944423668E-0003
 6.17410110511015E+0000	 1.36000419448435E-0003
 6.18046417309601E+0000	 1.02237891839963E-0003
 6.18674220710098E+0000	 6.59764493154345E-0004
 6.19293919929367E+0000	 2.91333473995148E-0004
 6.19906189471368E+0000	-6.77723015830399E-0005
 6.20511827065298E+0000	-4.05898897673930E-0004
 6.21111663779088E+0000	-7.14162649270807E-0004
 6.21706516501202E+0000	-9.85766922049945E-0004
 6.22297167260085E+0000	-1.21541117423528E-0003
 6.22884361106908E+0000	-1.39879511100898E-0003
 6.23468818914004E+0000	-1.53222521686110E-0003
 6.24051262131193E+0000	-1.61234924993760E-0003
 6.24632445034105E+0000	-1.63604649169066E-0003
 6.25213188860975E+0000	-1.60048397031694E-0003
 6.25794412863748E+0000	-1.50332703616640E-0003
 6.26377159210264E+0000	-1.34308444180467E-0003
 6.26962610214413E+0000	-1.11957997227716E-0003
 6.27552095944592E+0000	-8.34567494619247E-0004
