-1.00993309313360E-0003	 1.70251020562013E-0003
 5.52996654689088E-0003	 1.87948047092981E-0003
 1.20927763768221E-0002	 1.95783497086290E-0003
 1.86538301163415E-0002	 1.93891227003374E-0003
 2.51917794945843E-0002	 1.83002760308755E-0003
 3.16895965887434E-0002	 1.64227981149821E-0003
 3.81344900717265E-0002	 1.38864799617573E-0003
 4.45172222626497E-0002	 1.08275358880176E-0003
 5.08313250445050E-0002	 7.38303388927427E-0004
 5.70725377822645E-0002	 3.68991195813621E-0004
 6.32385689214746E-0002	-1.14224555962721E-0005
 6.93291283547615E-0002	-3.89072161387355E-0004
 7.53461019394438E-0002	-7.50116816533716E-0004
 8.12937167065447E-0002	-1.08106428177736E-0003
 8.71785737211421E-0002	-1.36922884766141E-0003
 9.30095014160472E-0002	-1.60320590148692E-0003
 9.87972682227798E-0002	-1.77325869986272E-0003
 1.04554243690090E-0001	-1.87157181325228E-0003
 1.10294095584294E-0001	-1.89239432003003E-0003
 1.16031572476521E-0001	-1.83214147705036E-0003
 1.21782372089135E-0001	-1.68953867643809E-0003
 1.27563050579464E-0001	-1.46588440913297E-0003
 1.33390888572909E-0001	-1.16548985471718E-0003
 1.39283589039474E-0001	-7.96323334435379E-0004
 1.45258633285705E-0001	-3.70835626711783E-0004
 1.51332072650862E-0001	 9.31621558895657E-0005
 1.57516533430866E-0001	 5.71888545077504E-0004
 1.63818376312339E-0001	 1.03584457501808E-0003
 1.70234429595423E-0001	 1.45172939705883E-0003
 1.76749490288539E-0001	 1.78657271780650E-0003
 1.83336334659341E-0001	 2.01357073697094E-0003
 1.89959365907644E-0001	 2.11758969198681E-0003
 1.96581055839877E-0001	 2.09773888764694E-0003
 2.03168521782811E-0001	 1.96583513239059E-0003
 2.09697677518343E-0001	 1.74189984017358E-0003
 2.16154129937767E-0001	 1.44901277385406E-0003
 2.22531645390346E-0001	 1.10935931168408E-0003
 2.28829593297528E-0001	 7.42132110506812E-0004
 2.35050496907920E-0001	 3.63037237624337E-0004
 2.41198261295582E-0001	-1.52107905553156E-0005
 2.47277193236395E-0001	-3.81991944914197E-0004
 2.53291685012644E-0001	-7.27887424420482E-0004
 2.59246349889785E-0001	-1.04401669410851E-0003
 2.65146389618837E-0001	-1.32169587102289E-0003
 2.70998003499547E-0001	-1.55240755466302E-0003
 2.76808706130567E-0001	-1.72800133518663E-0003
 2.82587497075208E-0001	-1.84101380656041E-0003
 2.88344896512447E-0001	-1.88501201647149E-0003
 2.94092902656582E-0001	-1.85491148390446E-0003
 2.99844930906507E-0001	-1.74727495142087E-0003
 3.05615768866239E-0001	-1.56064119185061E-0003
 3.11421538384146E-0001	-1.29595664674953E-0003
 3.17279603440492E-0001	-9.57187047752824E-0004
 3.23208300004550E-0001	-5.52171368881135E-0004
 3.29226283971594E-0001	-9.37345515926617E-0005
 3.35351196820755E-0001	 3.99037522831861E-0004
 3.41597280050354E-0001	 8.99702006734499E-0004
 3.47971682180443E-0001	 1.37431119590771E-0003
 3.54469793380499E-0001	 1.78346494730998E-0003
 3.61071216223665E-0001	 2.08776481488188E-0003
 3.67739298159419E-0001	 2.25634980549232E-0003
 3.74426603635137E-0001	 2.27530721189432E-0003
 3.81085148408820E-0001	 2.15118820767936E-0003
 3.87676444346278E-0001	 1.90744384352046E-0003
 3.94176711348807E-0001	 1.57634280536934E-0003
 4.00576476801338E-0001	 1.19094081908748E-0003
 4.06876867541196E-0001	 7.79943436288555E-0004
 4.13085237064826E-0001	 3.65742633470505E-0004
 4.19211628041015E-0001	-3.53980322027661E-0005
 4.25266477856507E-0001	-4.12133358537224E-0004
 4.31259419191179E-0001	-7.56557939735870E-0004
 4.37198874958968E-0001	-1.06285277285980E-0003
 4.43092169824405E-0001	-1.32622473003915E-0003
 4.48945940564347E-0001	-1.54219247766377E-0003
 4.54766676888208E-0001	-1.70621404371005E-0003
 4.60561263843247E-0001	-1.81361233348013E-0003
 4.66337439128368E-0001	-1.85972699663479E-0003
 4.72104126643235E-0001	-1.84021125634082E-0003
 4.77871651844794E-0001	-1.75140678654768E-0003
 4.83651871228052E-0001	-1.59076463579412E-0003
 4.89458248974412E-0001	-1.35732356026106E-0003
 4.95305887736915E-0001	-1.05229588456079E-0003
 5.01211470409819E-0001	-6.79835474687109E-0004
 5.07192995913703E-0001	-2.48064179456210E-0004
 5.13269090085801E-0001	 2.29604216452289E-0004
 5.19457542123226E-0001	 7.32920815386596E-0004
 5.25772598537194E-0001	 1.23339748287291E-0003
 5.32220615100720E-0001	 1.69394023682563E-0003
 5.38794336727231E-0001	 2.07113050423370E-0003
 5.45467776721625E-0001	 2.32190160062584E-0003
 5.52195709575418E-0001	 2.41441220208894E-0003
 5.58921243995235E-0001	 2.33866330364545E-0003
 5.65589608790698E-0001	 2.10998288889854E-0003
 5.72160651806986E-0001	 1.76273658920196E-0003
 5.78613797766171E-0001	 1.33889830634871E-0003
 5.84945603010169E-0001	 8.78178217105492E-0004
 5.91163995771683E-0001	 4.12807694528918E-0004
 5.97282715993218E-0001	-3.36484749439408E-0005
 6.03317369671148E-0001	-4.45284951223513E-0004
 6.09283121226976E-0001	-8.12089228777358E-0004
 6.15193582458658E-0001	-1.12816459932255E-0003
 6.21060461048686E-0001	-1.39022738013097E-0003
 6.26893662295026E-0001	-1.59644232189689E-0003
 6.32701653673600E-0001	-1.74558374327071E-0003
 6.38491971911100E-0001	-1.83649481835904E-0003
 6.44271786490668E-0001	-1.86781692454059E-0003
 6.50048451485864E-0001	-1.83795687771519E-0003
 6.55829994778996E-0001	-1.74525225042594E-0003
 6.61625515557215E-0001	-1.58829229166162E-0003
 6.67445482726068E-0001	-1.36636224809776E-0003
 6.73301937917471E-0001	-1.08000357158761E-0003
 6.79208596405840E-0001	-7.31715307165970E-0004
 6.85180799904092E-0001	-3.26851011627917E-0004
 6.91235201984508E-0001	 1.25225587569823E-0004
 6.97388956578950E-0001	 6.09699929121541E-0004
 7.03658038345953E-0001	 1.10468579958494E-0003
 7.10054201817795E-0001	 1.57984394873346E-0003
 7.16580183435390E-0001	 1.99626454218570E-0003
 7.23223548229640E-0001	 2.30942739807629E-0003
 7.29951589435389E-0001	 2.47712222868020E-0003
 7.36711984210472E-0001	 2.47171592850894E-0003
 7.43442758562879E-0001	 2.29104660797428E-0003
 7.50088239346532E-0001	 1.96009204593385E-0003
 7.56611675274116E-0001	 1.52178116434417E-0003
 7.62998374168255E-0001	 1.02369349758798E-0003
 7.69251170448833E-0001	 5.08121531806012E-0004
 7.75383477485978E-0001	 7.80019944808595E-0006
 7.81413458523733E-0001	-4.54291349047061E-0004
 7.87360279459313E-0001	-8.63297391163916E-0004
 7.93242100218561E-0001	-1.21045230244082E-0003
 7.99075192652885E-0001	-1.49126106175197E-0003
 8.04873703203441E-0001	-1.70405551992618E-0003
 8.10649764271231E-0001	-1.84890771029172E-0003
 8.16413794642749E-0001	-1.92683778827584E-0003
 8.22174907600527E-0001	-1.93926364186876E-0003
 8.27941381098891E-0001	-1.88766098952144E-0003
 8.33721155076672E-0001	-1.77341961861350E-0003
 8.39522321019108E-0001	-1.59788847622905E-0003
 8.45353568182891E-0001	-1.36260226486754E-0003
 8.51224553103441E-0001	-1.06968184563231E-0003
 8.57146160321855E-0001	-7.22406720811772E-0004
 8.63130612795087E-0001	-3.25971548280545E-0004
 8.69191357963897E-0001	 1.11547582836684E-0004
 8.75342590179557E-0001	 5.77996429431842E-0004
 8.81598170690150E-0001	 1.05575186205150E-0003
 8.87969592323015E-0001	 1.52033684875074E-0003
 8.94462586163690E-0001	 1.93959004943722E-0003
 9.01072213536933E-0001	 2.27453187805157E-0003
 9.07777298615879E-0001	 2.48367560943335E-0003
 9.14537121544569E-0001	 2.53207363194328E-0003
 9.21294912421962E-0001	 2.40322352654665E-0003
 9.27990032631992E-0001	 2.10723086190086E-0003
 9.34573430988674E-0001	 1.67867122477371E-0003
 9.41017263495804E-0001	 1.16527523185950E-0003
 9.47314975502031E-0001	 6.15203339142167E-0004
 9.53475371408785E-0001	 6.90098022407509E-0005
 9.59515744934327E-0001	-4.42975664795257E-0004
 9.65456721233618E-0001	-8.99970047489220E-0004
 9.71319181097502E-0001	-1.28883861593097E-0003
 9.77122725537560E-0001	-1.60211459218514E-0003
 9.82885066930988E-0001	-1.83635470109420E-0003
 9.88621914965111E-0001	-1.99089485111912E-0003
 9.94347107375131E-0001	-2.06694577405936E-0003
 1.00007285837751E+0000	-2.06694826023401E-0003
 1.00581006778158E+0000	-1.99412535095825E-0003
 1.01156866738150E+0000	-1.85219571943589E-0003
 1.01735799134519E+0000	-1.64523689428342E-0003
 1.02318715285274E+0000	-1.37770413775869E-0003
 1.02906539684340E+0000	-1.05461893484476E-0003
 1.03500238332008E+0000	-6.81940873283359E-0004
 1.04100833910797E+0000	-2.67130654190311E-0004
 1.04709399562878E+0000	 1.80098646522152E-0004
 1.05327020024814E+0000	 6.46865043415421E-0004
 1.05954704579937E+0000	 1.11610399272647E-0003
 1.06593231656853E+0000	 1.56562371677505E-0003
 1.07242903751418E+0000	 1.96758282178438E-0003
 1.07903203417575E+0000	 2.28905072332392E-0003
 1.08572387539234E+0000	 2.49468747546524E-0003
 1.09247166483453E+0000	 2.55263155555946E-0003
 1.09922760757050E+0000	 2.44340261042832E-0003
 1.10593613885117E+0000	 2.16843911218620E-0003
 1.11254636297953E+0000	 1.75251751459750E-0003
 1.11902337462018E+0000	 1.23737076114491E-0003
 1.12535249349276E+0000	 6.70488832817784E-0004
 1.13153634022269E+0000	 9.55446783951929E-0005
 1.13758879573203E+0000	-4.52446570077239E-0004
 1.14352939819043E+0000	-9.47957028664082E-0004
 1.14937952550961E+0000	-1.37372398329343E-0003
 1.15516025952060E+0000	-1.71895131665761E-0003
 1.16089139151524E+0000	-1.97764547144741E-0003
 1.16659108287228E+0000	-2.14730699857312E-0003
 1.17227586047005E+0000	-2.22797964957172E-0003
 1.17796076556017E+0000	-2.22159025986467E-0003
 1.18365956427604E+0000	-2.13150822142474E-0003
 1.18938497854833E+0000	-1.96227122546608E-0003
 1.19514892052834E+0000	-1.71944731002553E-0003
 1.20096271954676E+0000	-1.40962559070482E-0003
 1.20683732195453E+0000	-1.04054560364183E-0003
 1.21278342307178E+0000	-6.21383440359671E-0004
 1.21881146018236E+0000	-1.63205628360432E-0004
 1.22493136287945E+0000	 3.20428006569254E-0004
 1.23115193440442E+0000	 8.12789193093346E-0004
 1.23747974432764E+0000	 1.29339701520053E-0003
 1.24391747416529E+0000	 1.73778994081768E-0003
 1.25046179149598E+0000	 2.11800164045301E-0003
 1.25710102259272E+0000	 2.40410530788722E-0003
 1.26381311866505E+0000	 2.56713109729064E-0003
 1.27056471253243E+0000	 2.58351652888546E-0003
 1.27731250886514E+0000	 2.44077314681817E-0003
 1.28400832409940E+0000	 2.14278439833524E-0003
 1.29060750672596E+0000	 1.71170825469504E-0003
 1.29707749453908E+0000	 1.18424682333742E-0003
 1.30340229861948E+0000	 6.03685351347003E-0004
 1.30958156054161E+0000	 1.18294673131637E-0005
 1.31562625785229E+0000	-5.56052040385731E-0004
 1.32155390477579E+0000	-1.07290435087963E-0003
 1.32738485876801E+0000	-1.51939884423974E-0003
 1.33314003871076E+0000	-1.88257409688383E-0003
 1.33883974836221E+0000	-2.15438917161823E-0003
 1.34450319827114E+0000	-2.33051619548132E-0003
 1.35014841279484E+0000	-2.40944667800492E-0003
 1.35579232481972E+0000	-2.39188367446517E-0003
 1.36145094664074E+0000	-2.28036619660755E-0003
 1.36713955809087E+0000	-2.07907801970577E-0003
 1.37287288086355E+0000	-1.79380956113195E-0003
 1.37866521757488E+0000	-1.43206092438066E-0003
 1.38453052726394E+0000	-1.00329265232077E-0003
 1.39048238378294E+0000	-5.19342451357470E-0004
 1.39653371776097E+0000	 4.98134942993311E-0006
 1.40269618241021E+0000	 5.51168192036137E-0004
 1.40897893779288E+0000	 1.09629487244642E-0003
 1.41538668981623E+0000	 1.61270081662333E-0003
 1.42191706188652E+0000	 2.06863958286156E-0003
 1.42855787973749E+0000	 2.43052943678416E-0003
 1.43528550386427E+0000	 2.66695968784316E-0003
 1.44206537378051E+0000	 2.75365239408476E-0003
 1.44885506017205E+0000	 2.67786032984092E-0003
 1.45560903914088E+0000	 2.44099188713653E-0003
 1.46228417076110E+0000	 2.05908608370946E-0003
 1.46884510967881E+0000	 1.56099243490595E-0003
 1.47526853163706E+0000	 9.84169137410233E-0004
 1.48154477090613E+0000	 3.68968336174662E-0004
 1.48767645119452E+0000	-2.46695266713390E-0004
 1.49367519760781E+0000	-8.30730540374262E-0004
 1.49955803162683E+0000	-1.35804081745300E-0003
 1.50534449926913E+0000	-1.81015597904874E-0003
 1.51105482114777E+0000	-2.17416851308335E-0003
 1.51670890785875E+0000	-2.44155721812290E-0003
 1.52232596150487E+0000	-2.60718215261805E-0003
 1.52792442096473E+0000	-2.66853993576189E-0003
 1.53352208435320E+0000	-2.62527691755983E-0003
 1.53913630659493E+0000	-2.47892836409492E-0003
 1.54478421214532E+0000	-2.23285201470628E-0003
 1.55048288530922E+0000	-1.89233655678054E-0003
 1.55624950704937E+0000	-1.46488257378958E-0003
 1.56210139716956E+0000	-9.60672784403290E-0004
 1.56805588734367E+0000	-3.93265602622841E-0004
 1.57412988082139E+0000	 2.19454097778883E-0004
 1.58033883960567E+0000	 8.54091356297866E-0004
 1.58669480757672E+0000	 1.48054484124933E-0003
 1.59320306951885E+0000	 2.06144545800384E-0003
 1.59985749488170E+0000	 2.55348578761877E-0003
 1.60663588103181E+0000	 2.91213701309138E-0003
 1.61349825313762E+0000	 3.09998805156193E-0003
 1.62039101916528E+0000	 3.09588127197954E-0003
 1.62725639645044E+0000	 2.89994090990338E-0003
 1.63404246890478E+0000	 2.53198721280342E-0003
 1.64070955433714E+0000	 2.02554415887303E-0003
 1.64723229639266E+0000	 1.42118311801198E-0003
 1.65359909376250E+0000	 7.61058316077800E-0004
 1.65981013142942E+0000	 8.48412212327844E-0005
 1.66587461238430E+0000	-5.72964121811217E-0004
 1.67180774214924E+0000	-1.18428537684349E-0003
 1.67762805029503E+0000	-1.72752617540903E-0003
 1.68335540972829E+0000	-2.18683699302843E-0003
 1.68900980842431E+0000	-2.55107809121404E-0003
 1.69461073522388E+0000	-2.81279914863026E-0003
 1.70017698704202E+0000	-2.96739961435175E-0003
 1.70572672944286E+0000	-3.01252296346686E-0003
 1.71127768991832E+0000	-2.94768216863545E-0003
 1.71684740507861E+0000	-2.77409486612081E-0003
 1.72245347099146E+0000	-2.49470727426847E-0003
 1.72811376044649E+0000	-2.11439499929685E-0003
 1.73384657399371E+0000	-1.64034161169579E-0003
 1.73967068279072E+0000	-1.08261145022847E-0003
 1.74560519385435E+0000	-4.54951356041132E-0004
 1.75166910493187E+0000	 2.24130575265372E-0004
 1.75788029020674E+0000	 9.29986922134866E-0004
 1.76425346145663E+0000	 1.63029076123147E-0003
 1.77079649219762E+0000	 2.28393489779681E-0003
 1.77750479164889E+0000	 2.84184825696938E-0003
 1.78435490467159E+0000	 3.25199236092658E-0003
 1.79130119519457E+0000	 3.46973882348121E-0003
 1.79828049991015E+0000	 3.47041673100093E-0003
 1.80522498159963E+0000	 3.25650300768134E-0003
 1.81207617798056E+0000	 2.85473448562886E-0003
 1.81879284975075E+0000	 2.30654879734253E-0003
 1.82535174053561E+0000	 1.65850941870865E-0003
 1.83174471621257E+0000	 9.55944251430202E-0004
 1.83797513000607E+0000	 2.39474437557377E-0004
 1.84405441200582E+0000	-4.56652741072757E-0004
 1.84999909343637E+0000	-1.10505452739951E-0003
 1.85582839892359E+0000	-1.68487176841171E-0003
 1.86156250717900E+0000	-2.18092327682152E-0003
 1.86722146220501E+0000	-2.58267109859718E-0003
 1.87282461300530E+0000	-2.88322942905404E-0003
 1.87839042294060E+0000	-3.07854358424679E-0003
 1.88393650488094E+0000	-3.16678256992558E-0003
 1.88947977330010E+0000	-3.14794131291245E-0003
 1.89503663863700E+0000	-3.02362837127979E-0003
 1.90062319503430E+0000	-2.79701007291402E-0003
 1.90625537003333E+0000	-2.47288408237897E-0003
 1.91194901676041E+0000	-2.05786073145872E-0003
 1.91771993759747E+0000	-1.56063999113758E-0003
 1.92358383079011E+0000	-9.92390015832847E-0004
 1.92955613606308E+0000	-3.67263156947268E-0004
 1.93565169784551E+0000	 2.96881901375847E-0004
 1.94188403750207E+0000	 9.77490540171272E-0004
 1.94826383773022E+0000	 1.64613867450035E-0003
 1.95479612586825E+0000	 2.26767233263248E-0003
 1.96147595344675E+0000	 2.80084433615162E-0003
 1.96828355509750E+0000	 3.20209616122858E-0003
 1.97518176891718E+0000	 3.43318682963711E-0003
 1.98211893152993E+0000	 3.47041067592876E-0003
 1.98903743560295E+0000	 3.31060138091029E-0003
 1.99588386467955E+0000	 2.97078470987547E-0003
 2.00261616610014E+0000	 2.48290766023974E-0003
 2.00920661381624E+0000	 1.88717335414948E-0003
 2.01564174694099E+0000	 1.22615894502226E-0003
 2.02192054216214E+0000	 5.40288751250258E-0004
 2.02805157695368E+0000	-1.35203427681739E-0004
 2.03404985103067E+0000	-7.71772302681088E-0004
 2.03993390660324E+0000	-1.34773628225960E-0003
 2.04572364298079E+0000	-1.84759365025438E-0003
 2.05143890192745E+0000	-2.26096751541852E-0003
 2.05709869112245E+0000	-2.58152684645310E-0003
 2.06272084645492E+0000	-2.80606197355392E-0003
 2.06832195398633E+0000	-2.93376989337707E-0003
 2.07391740220268E+0000	-2.96573727400212E-0003
 2.07952148446517E+0000	-2.90458092959243E-0003
 2.08514751125706E+0000	-2.75419968901416E-0003
 2.09080792223839E+0000	-2.51959823933346E-0003
 2.09651441077837E+0000	-2.20675975288735E-0003
 2.10227808671329E+0000	-1.82257049904915E-0003
 2.10810969966890E+0000	-1.37483562580897E-0003
 2.11401991500457E+0000	-8.72463758012915E-0004
 2.12001956914168E+0000	-3.25921335217714E-0004
 2.12611973356111E+0000	 2.51962295013037E-0004
 2.13233131005612E+0000	 8.44854183032881E-0004
 2.13866381750792E+0000	 1.43165666651131E-0003
 2.14512310988357E+0000	 1.98563996138636E-0003
 2.15170811558189E+0000	 2.47477643561036E-0003
 2.15840734973035E+0000	 2.86409526906609E-0003
 2.16519662333936E+0000	 3.12026528593727E-0003
 2.17203939207523E+0000	 3.21746742272072E-0003
 2.17889022949257E+0000	 3.14276039015029E-0003
 2.18570068430293E+0000	 2.89929282961556E-0003
 2.19242614474995E+0000	 2.50645727436807E-0003
 2.19903208926647E+0000	 1.99676640968794E-0003
 2.20549798654856E+0000	 1.41013390912835E-0003
 2.21181776428006E+0000	 7.87368711653972E-0004
 2.21799728102969E+0000	 1.64981514932486E-0004
 2.22405039459793E+0000	-4.27594140373745E-0004
 2.22999518935843E+0000	-9.68575379426264E-0004
 2.23585116305565E+0000	-1.44306192721243E-0003
 2.24163747032930E+0000	-1.84174561152958E-0003
 2.24737198495285E+0000	-2.15959577238787E-0003
 2.25307088972946E+0000	-2.39473000168826E-0003
 2.25874857026552E+0000	-2.54750989877824E-0003
 2.26441767684575E+0000	-2.61982955393802E-0003
 2.27008928951958E+0000	-2.61455011825250E-0003
 2.27577316725663E+0000	-2.53504850738381E-0003
 2.28147808335060E+0000	-2.38487542634341E-0003
 2.28721224821752E+0000	-2.16754646564535E-0003
 2.29298380099014E+0000	-1.88651049483677E-0003
 2.29880131992208E+0000	-1.54534430836320E-0003
 2.30467426835792E+0000	-1.14820846692498E-0003
 2.31061326625729E+0000	-7.00569242671409E-0004
 2.31663006006901E+0000	-2.10150137921288E-0004
 2.32273705579273E+0000	 3.11976428108986E-0004
 2.32894628641301E+0000	 8.50317817024296E-0004
 2.33526772546175E+0000	 1.38416493282986E-0003
 2.34170696555854E+0000	 1.88742657592825E-0003
 2.34826247501216E+0000	 2.32950728073913E-0003
 2.35492290419535E+0000	 2.67758987902611E-0003
 2.36166517895471E+0000	 2.90048520908033E-0003
 2.36845434806925E+0000	 2.97383468046710E-0003
 2.37524623508963E+0000	 2.88577682796230E-0003
 2.38199342618119E+0000	 2.64119951664662E-0003
 2.38865347903614E+0000	 2.26217618709370E-0003
 2.39519626090207E+0000	 1.78350549012610E-0003
 2.40160727302624E+0000	 1.24513485303486E-0003
 2.40788630162625E+0000	 6.84933613247033E-0004
 2.41404327983274E+0000	 1.34233113762157E-0004
 2.42009374682255E+0000	-3.83621632993640E-0004
 2.42605528455837E+0000	-8.52737687602291E-0004
 2.43194523352312E+0000	-1.26327405440211E-0003
 2.43777945323925E+0000	-1.60987863469700E-0003
 2.44357179122821E+0000	-1.89027380158031E-0003
 2.44933400033708E+0000	-2.10408077608606E-0003
 2.45507594426769E+0000	-2.25188830570380E-0003
 2.46080599841918E+0000	-2.33455829961554E-0003
 2.46653158100547E+0000	-2.35277154294709E-0003
 2.47225975042576E+0000	-2.30682256426004E-0003
 2.47799779730879E+0000	-2.19666380439996E-0003
 2.48375375877441E+0000	-2.02217903594543E-0003
 2.48953679403842E+0000	-1.78364582336099E-0003
 2.49535737952249E+0000	-1.48233680534604E-0003
 2.50122729744470E+0000	-1.12121174679681E-0003
 2.50715939584115E+0000	-7.05659746159374E-0004
 2.51316708870613E+0000	-2.44252174166437E-0004
 2.51926354905553E+0000	 2.50548849836023E-0004
 2.52546053804171E+0000	 7.61820371069428E-0004
 2.53176682613600E+0000	 1.26790147976879E-0003
 2.53818621461736E+0000	 1.74263759626579E-0003
 2.54471527411464E+0000	 2.15644775085674E-0003
 2.55134111133340E+0000	 2.47856675331880E-0003
 2.55803981161901E+0000	 2.68076427713381E-0003
 2.56477667110195E+0000	 2.74245584503198E-0003
 2.57150951271288E+0000	 2.65609239979533E-0003
 2.57819537054266E+0000	 2.43041010965956E-0003
 2.58479849969790E+0000	 2.08915205377986E-0003
 2.59129610189840E+0000	 1.66530083754971E-0003
 2.59767949222619E+0000	 1.19369989601439E-0003
 2.60395139189235E+0000	 7.05298884925483E-0004
 2.61012165988306E+0000	 2.24365646866624E-0004
 2.61620337691100E+0000	-2.31816845150778E-0004
 2.62221008350759E+0000	-6.51862965698734E-0004
 2.62815420152552E+0000	-1.02869554876677E-0003
 2.63404638341032E+0000	-1.35796611094987E-0003
 2.63989550981399E+0000	-1.63672875282608E-0003
 2.64570910102240E+0000	-1.86247526338603E-0003
 2.65149394530948E+0000	-2.03256750838040E-0003
 2.65725677483360E+0000	-2.14404928890425E-0003
 2.66300485516546E+0000	-2.19377149855062E-0003
 2.66874640538991E+0000	-2.17873256260715E-0003
 2.67449082138506E+0000	-2.09653237263901E-0003
 2.68024871751809E+0000	-1.94586037690095E-0003
 2.68603182041905E+0000	-1.72697316470698E-0003
 2.69185274340772E+0000	-1.44214756621786E-0003
 2.69772465040070E+0000	-1.09611134596702E-0003
 2.70366079465848E+0000	-6.96451502791438E-0004
 2.70967390027169E+0000	-2.53981676321640E-0004
 2.71577535043551E+0000	 2.16979361084596E-0004
 2.72197415994376E+0000	 6.98497773585806E-0004
 2.72827573539517E+0000	 1.16918805132398E-0003
 2.73468045403647E+0000	 1.60477771117397E-0003
 2.74118212938525E+0000	 1.97925243443522E-0003
 2.74776655780984E+0000	 2.26685648224294E-0003
 2.75441068322213E+0000	 2.44523381132072E-0003
 2.76108339367398E+0000	 2.49956548609436E-0003
 2.76774894390082E+0000	 2.42650007185581E-0003
 2.77437274296804E+0000	 2.23575863731043E-0003
 2.78092734009434E+0000	 1.94796903733338E-0003
 2.78739589992495E+0000	 1.58954747980269E-0003
 2.79377209839249E+0000	 1.18715259271727E-0003
 2.80005747275935E+0000	 7.63867889731079E-0004
 2.80625802868644E+0000	 3.37727513427841E-0004
 2.81238141296531E+0000	-7.79615626349368E-0005
 2.81843516744123E+0000	-4.73376856286584E-0004
 2.82442604156684E+0000	-8.40743132339061E-0004
 2.83036009094759E+0000	-1.17316109873402E-0003
 2.83624321067102E+0000	-1.46391943976049E-0003
 2.84208177419538E+0000	-1.70630939480297E-0003
 2.84788314102040E+0000	-1.89382266597608E-0003
 2.85365592281312E+0000	-2.02055453197688E-0003
 2.85941000958335E+0000	-2.08165174125106E-0003
 2.86515642062868E+0000	-2.07370655989308E-0003
 2.87090705591280E+0000	-1.99506382019922E-0003
 2.87667440129014E+0000	-1.84605115595981E-0003
 2.88247120863810E+0000	-1.62915783471038E-0003
 2.88831014560588E+0000	-1.34918091502659E-0003
 2.89420339727739E+0000	-1.01333890083911E-0003
 2.90016220593732E+0000	-6.31333160197024E-0004
 2.90619635249072E+0000	-2.15327209464733E-0004
 2.91231360256943E+0000	 2.20176826954764E-0004
 2.91851914004134E+0000	 6.58558010764853E-0004
 2.92481496913430E+0000	 1.08136834534886E-0003
 2.93119919663223E+0000	 1.46872014494904E-0003
 2.93766509393218E+0000	 1.79994778744177E-0003
 2.94420002713061E+0000	 2.05491571763383E-0003
 2.95078478309782E+0000	 2.21632449398396E-0003
 2.95739423499530E+0000	 2.27283386763214E-0003
 2.96400006642928E+0000	 2.22187937004766E-0003
 2.97057509412913E+0000	 2.07055345717136E-0003
 2.97709741336855E+0000	 1.83374190849640E-0003
 2.98355252857629E+0000	 1.53039823323816E-0003
 2.98993297418089E+0000	 1.17982772904580E-0003
 2.99623634734679E+0000	 7.99397702934613E-0004
 3.00246310659920E+0000	 4.03949745919542E-0004
 3.00861506378881E+0000	 6.35134018044374E-0006
 3.01469483092048E+0000	-3.81609591042729E-0004
 3.02070598666653E+0000	-7.48591011130458E-0004
 3.02665352404806E+0000	-1.08356955930494E-0003
 3.03254419770609E+0000	-1.37614691521238E-0003
 3.03838658548764E+0000	-1.61705793036375E-0003
 3.04419087150757E+0000	-1.79865780652886E-0003
 3.04996845951154E+0000	-1.91526556157677E-0003
 3.05573153289257E+0000	-1.96334329830417E-0003
 3.06149263504957E+0000	-1.94154909883425E-0003
 3.06726429480270E+0000	-1.85071364647653E-0003
 3.07305868953561E+0000	-1.69377502783370E-0003
 3.07888732919505E+0000	-1.47568168112119E-0003
 3.08476075397057E+0000	-1.20325424102934E-0003
 3.09068825967830E+0000	-8.84993237640287E-0004
 3.09667768479105E+0000	-5.30837668153567E-0004
 3.10273529300577E+0000	-1.51917444240622E-0004
 3.10886574632311E+0000	 2.39617510837376E-0004
 3.11507208232009E+0000	 6.30603982618486E-0004
 3.12135551615584E+0000	 1.00669258241033E-0003
 3.12771485316354E+0000	 1.35214485661266E-0003
 3.13414541203061E+0000	 1.64996158838627E-0003
 3.14063767950380E+0000	 1.88282462728320E-0003
 3.14717636876889E+0000	 2.03515011777016E-0003
 3.15374080740517E+0000	 2.09592129166990E-0003
 3.16030716736138E+0000	 2.06116266595433E-0003
 3.16685193517053E+0000	 1.93470626550379E-0003
 3.17335507393221E+0000	 1.72680472768592E-0003
 3.17980155458757E+0000	 1.45150903147691E-0003
 3.18618114495905E+0000	 1.12428364983790E-0003
 3.19248736397918E+0000	 7.60729520721113E-0004
 3.19871660438027E+0000	 3.76304151209999E-0004
 3.20486785429140E+0000	-1.36104234911469E-0005
 3.21094284151250E+0000	-3.93854687554110E-0004
 3.21694618219682E+0000	-7.50011314162103E-0004
 3.22288524025884E+0000	-1.06911727010828E-0003
 3.22876966034950E+0000	-1.34030018542906E-0003
 3.23461070989778E+0000	-1.55517378844680E-0003
 3.24042059470382E+0000	-1.70797060427712E-0003
 3.24621185452301E+0000	-1.79547694484541E-0003
 3.25199687385225E+0000	-1.81685246172892E-0003
 3.25778749798057E+0000	-1.77339319757526E-0003
 3.26359473158061E+0000	-1.66826417241831E-0003
 3.26942850773517E+0000	-1.50620429149988E-0003
 3.27529753644752E+0000	-1.29320174577082E-0003
 3.28120925961799E+0000	-1.03615422694823E-0003
 3.28716994009198E+0000	-7.42560387329138E-0004
 3.29318488449194E+0000	-4.20323347684755E-0004
 3.29925874146339E+0000	-7.77621302617350E-0005
 3.30539574211339E+0000	 2.76099691647996E-0004
 3.31159968536329E+0000	 6.30980421949630E-0004
 3.31787345382071E+0000	 9.74669346959083E-0004
 3.32421791920521E+0000	 1.29255554831198E-0003
 3.33063031098899E+0000	 1.56781982686715E-0003
 3.33710249618900E+0000	 1.78274311607478E-0003
 3.34362001743917E+0000	 1.92122563273536E-0003
 3.35016277306351E+0000	 1.97186856606294E-0003
 3.35670751818008E+0000	 1.93030612950492E-0003
 3.36323121900066E+0000	 1.79967357998874E-0003
 3.36971376356260E+0000	 1.58925656999781E-0003
 3.37613921853809E+0000	 1.31243036894387E-0003
 3.38249596340439E+0000	 9.84975851008978E-0004
 3.38877650948127E+0000	 6.24041405515337E-0004
 3.39497745516399E+0000	 2.47378842988257E-0004
 3.40109948376490E+0000	-1.27524180219788E-0004
 3.40714711685096E+0000	-4.84441861963890E-0004
 3.41312809998909E+0000	-8.09313091818406E-0004
 3.41905252890048E+0000	-1.09083616084745E-0003
 3.42493191822960E+0000	-1.32069473449337E-0003
 3.43077837173964E+0000	-1.49348358472729E-0003
 3.43660392309053E+0000	-1.60644619980870E-0003
 3.44242004898132E+0000	-1.65911731977920E-0003
 3.44823732986160E+0000	-1.65292454693676E-0003
 3.45406523718213E+0000	-1.59077306059435E-0003
 3.45991204256690E+0000	-1.47662697166733E-0003
 3.46578485789755E+0000	-1.31510930940280E-0003
 3.47168981533092E+0000	-1.11116272684242E-0003
 3.47763237773480E+0000	-8.69833592326272E-0004
 3.48361773468552E+0000	-5.96251245240528E-0004
 3.48965119463845E+0000	-2.95862788677102E-0004
 3.49573844007633E+0000	 2.50524031213796E-0005
 3.50188547852912E+0000	 3.58627454732806E-0004
 3.50809811028465E+0000	 6.94546479699492E-0004
 3.51438077140564E+0000	 1.01934519261105E-0003
 3.52073475590504E+0000	 1.31629611583259E-0003
 3.52715613777887E+0000	 1.56637701788072E-0003
 3.53363415764478E+0000	 1.75061149607388E-0003
 3.54015108815760E+0000	 1.85340998393262E-0003
 3.54668414733536E+0000	 1.86570240549065E-0003
 3.55320887815767E+0000	 1.78646222481796E-0003
 3.55970251260737E+0000	 1.62215594754000E-0003
 3.56614614228905E+0000	 1.38490833576391E-0003
 3.57252561334246E+0000	 1.09052080063483E-0003
 3.57883173982648E+0000	 7.56866433793190E-0004
 3.58506027579499E+0000	 4.02550105199415E-0004
 3.59121166581978E+0000	 4.56365220185900E-0005
 3.59729045302339E+0000	-2.97512398353504E-0004
 3.60330436383080E+0000	-6.13105657324045E-0004
 3.60926324344691E+0000	-8.90376614531810E-0004
 3.61517803946734E+0000	-1.12164213057642E-0003
 3.62105995824174E+0000	-1.30207532271550E-0003
 3.62691983509374E+0000	-1.42931037007093E-0003
 3.63276771053179E+0000	-1.50296787605434E-0003
 3.63861259085372E+0000	-1.52415673689072E-0003
 3.64446237546222E+0000	-1.49499077274287E-0003
 3.65032393800140E+0000	-1.41815591133811E-0003
 3.65620334518850E+0000	-1.29656861488434E-0003
 3.66210618511188E+0000	-1.13316979070857E-0003
 3.66803795983041E+0000	-9.30895627771724E-0004
 3.67400447948131E+0000	-6.92857449317426E-0004
 3.68001217719705E+0000	-4.22748480390959E-0004
 3.68606824250855E+0000	-1.25474693112161E-0004
 3.69218044316958E+0000	 1.92030244749223E-0004
 3.69835647997186E+0000	 5.19918249147648E-0004
 3.70460273000247E+0000	 8.44707534983281E-0004
 3.71092235233583E+0000	 1.14914139791767E-0003
 3.71731304201047E+0000	 1.41315207241574E-0003
 3.72376520117711E+0000	 1.61628657861020E-0003
 3.73026162254711E+0000	 1.74128030978034E-0003
 3.73677938284161E+0000	 1.77753451865682E-0003
 3.74329343050471E+0000	 1.72294951690149E-0003
 3.74978030788170E+0000	 1.58348846228451E-0003
 3.75622066044519E+0000	 1.37121361654326E-0003
 3.76260030609291E+0000	 1.10201080265068E-0003
 3.76891040464685E+0000	 7.93667233843348E-0004
 3.77514721390614E+0000	 4.64326386870139E-0004
 3.78131156888655E+0000	 1.31189455081610E-0004
 3.78740808077181E+0000	-1.90524339917062E-0004
 3.79344412759556E+0000	-4.88259442310091E-0004
 3.79942879352495E+0000	-7.52402606477518E-0004
 3.80537190975629E+0000	-9.76208056646213E-0004
 3.81128329028563E+0000	-1.15547077278190E-0003
 3.81717219718955E+0000	-1.28805246809574E-0003
 3.82304703555395E+0000	-1.37334711887740E-0003
 3.82891526170346E+0000	-1.41175655924263E-0003
 3.83478347678922E+0000	-1.40423634452013E-0003
 3.84065766471792E+0000	-1.35196218660419E-0003
 3.84654352135879E+0000	-1.25615229707109E-0003
 3.85244681685357E+0000	-1.11806198149566E-0003
 3.85837373654160E+0000	-9.39150747685005E-0004
 3.86433115256461E+0000	-7.21415668999888E-0004
 3.87032677631552E+0000	-4.67887224459192E-0004
 3.87636912149927E+0000	-1.83284185864297E-0004
 3.88246716761770E+0000	 1.25198614284641E-0004
 3.88862957094279E+0000	 4.47068410824000E-0004
 3.89486327165390E+0000	 7.67920616204728E-0004
 3.90117147861697E+0000	 1.06946916842514E-0003
 3.90755136931400E+0000	 1.33077501397999E-0003
 3.91399237049514E+0000	 1.53099924300860E-0003
 3.92047618024205E+0000	 1.65322756252378E-0003
 3.92697914223259E+0000	 1.68793481921711E-0003
 3.93347621773869E+0000	 1.63448697678564E-0003
 3.93994480248268E+0000	 1.50021910948442E-0003
 3.94636704968502E+0000	 1.29805654587801E-0003
 3.95273060256605E+0000	 1.04400586029246E-0003
 3.95902838961212E+0000	 7.55189533727501E-0004
 3.96525804968810E+0000	 4.48428278290334E-0004
 3.97142119557090E+0000	 1.39193725355569E-0004
 3.97752254851713E+0000	-1.59140526569569E-0004
 3.98356899039488E+0000	-4.35732810630348E-0004
 3.98956862894821E+0000	-6.82383426747818E-0004
 3.99552997862831E+0000	-8.93359300206981E-0004
 4.00146133297385E+0000	-1.06500730521647E-0003
 4.00737037071347E+0000	-1.19524558681239E-0003
 4.01326400609602E+0000	-1.28302614922675E-0003
 4.01914846237366E+0000	-1.32785832377901E-0003
 4.02502951604340E+0000	-1.32946761095587E-0003
 4.03091283614620E+0000	-1.28763512767226E-0003
 4.03680433752572E+0000	-1.20222565115378E-0003
 4.04271048200342E+0000	-1.07338095410394E-0003
 4.04863848764171E+0000	-9.01842643371251E-0004
 4.05459642663245E+0000	-6.89377973279615E-0004
 4.06059319074180E+0000	-4.39303163986189E-0004
 4.06663827173038E+0000	-1.57111155948557E-0004
 4.07274124846854E+0000	 1.48812986943245E-0004
 4.07891082022821E+0000	 4.66495320198683E-0004
 4.08515324011747E+0000	 7.79972345934608E-0004
 4.09147018660930E+0000	 1.06967285431325E-0003
 4.09785654548924E+0000	 1.31413798767631E-0003
 4.10429912535091E+0000	 1.49325769037318E-0003
 4.11077746195531E+0000	 1.59225504615416E-0003
 4.11726699652436E+0000	 1.60473258768337E-0003
 4.12374340859091E+0000	 1.53330597636850E-0003
 4.13018618041250E+0000	 1.38782780351028E-0003
 4.13658029944540E+0000	 1.18253582736154E-0003
 4.14291634192706E+0000	 9.33483503376258E-0004
 4.14918976684591E+0000	 6.56781252218202E-0004
 4.15540002973643E+0000	 3.67520580968814E-0004
 4.16154972567197E+0000	 7.91085661098664E-0005
 4.16764376648002E+0000	-1.97140954739175E-0004
 4.17368857834692E+0000	-4.52195341885198E-0004
 4.17969134897673E+0000	-6.79267429736546E-0004
 4.18565938597188E+0000	-8.73568170824432E-0004
 4.19159965398673E+0000	-1.03189313495084E-0003
 4.19751854056898E+0000	-1.15212142839648E-0003
 4.20342186417573E+0000	-1.23272731925117E-0003
 4.20931509041360E+0000	-1.27240519576611E-0003
 4.21520367884132E+0000	-1.26988191446080E-0003
 4.22109346024834E+0000	-1.22394330337821E-0003
 4.22699095269575E+0000	-1.13365191508620E-0003
 4.23290355752570E+0000	-9.98701858625736E-0004
 4.23883961494308E+0000	-8.19854532947955E-0004
 4.24480832119857E+0000	-5.99421839063075E-0004
 4.25081950117636E+0000	-3.41793859169208E-0004
 4.25688318774666E+0000	-5.40209234447826E-0005
 4.26300889469478E+0000	 2.53575383754140E-0004
 4.26920442280531E+0000	 5.66902102003148E-0004
 4.27547409145338E+0000	 8.68043655418072E-0004
 4.28181655642664E+0000	 1.13619465650029E-0003
 4.28822289671743E+0000	 1.35006156495585E-0003
 4.29467614771498E+0000	 1.49160459805988E-0003
 4.30115325395203E+0000	 1.54990243452289E-0003
 4.30762913437264E+0000	 1.52328676402913E-0003
 4.31408109907530E+0000	 1.41870547746295E-0003
 4.32049174162741E+0000	 1.24900338750391E-0003
 4.32684972114386E+0000	 1.02976701398538E-0003
 4.33314909978003E+0000	 7.76935329531698E-0004
 4.33938818072626E+0000	 5.05431194927991E-0004
 4.34556841122309E+0000	 2.28517717396372E-0004
 4.35169349846007E+0000	-4.24707479345584E-0005
 4.35776868888956E+0000	-2.98221137272612E-0004
 4.36380014009242E+0000	-5.31414725725767E-0004
 4.36979436397018E+0000	-7.36571798121742E-0004
 4.37575777287449E+0000	-9.09757537277461E-0004
 4.38169638652644E+0000	-1.04817336040595E-0003
 4.38761574876825E+0000	-1.14970174977211E-0003
 4.39352106395354E+0000	-1.21250262705924E-0003
 4.39941750871002E+0000	-1.23475933195999E-0003
 4.40531062868511E+0000	-1.21463877140703E-0003
 4.41120671195869E+0000	-1.15047602793012E-0003
 4.41711304731533E+0000	-1.04114217225125E-0003
 4.42303801489599E+0000	-8.86526285394622E-0004
 4.42899099676755E+0000	-6.88066006149773E-0004
 4.43498211473336E+0000	-4.49286689647372E-0004
 4.44102179003249E+0000	-1.76337767569232E-0004
 4.44712007404941E+0000	 1.21480997399812E-0004
 4.45328563911402E+0000	 4.31264224524111E-0004
 4.45952429784406E+0000	 7.36317525297105E-0004
 4.46583704239149E+0000	 1.01665549926688E-0003
 4.47221797364748E+0000	 1.25071892978691E-0003
 4.47865306129741E+0000	 1.41857909947849E-0003
 4.48512094826273E+0000	 1.50599919710133E-0003
 4.49159628158387E+0000	 1.50766159838302E-0003
 4.49805444389482E+0000	 1.42784388156654E-0003
 4.50447554281184E+0000	 1.27831058122404E-0003
 4.51084621119091E+0000	 1.07483889748904E-0003
 4.51715933264633E+0000	 8.34085536299963E-0004
 4.52341270873203E+0000	 5.71621448334342E-0004
 4.52960758740526E+0000	 3.01058627659856E-0004
 4.53574748218396E+0000	 3.38396306421775E-0005
 4.54183733467680E+0000	-2.20684450123436E-0004
 4.54788292027173E+0000	-4.55085948839619E-0004
 4.55389039157508E+0000	-6.63658663642377E-0004
 4.55986590904767E+0000	-8.42167906298861E-0004
 4.56581536738249E+0000	-9.87531043682280E-0004
 4.57174425988756E+0000	-1.09743859267060E-0003
 4.57765772058268E+0000	-1.16996948512375E-0003
 4.58356074918967E+0000	-1.20328501524187E-0003
 4.58945857398630E+0000	-1.19548769867513E-0003
 4.59535706405539E+0000	-1.14470077149019E-0003
 4.60126308477803E+0000	-1.04937351476283E-0003
 4.60718470423353E+0000	-9.08768593240873E-0004
 4.61313119301115E+0000	-7.23559242260236E-0004
 4.61911279571851E+0000	-4.96462788465394E-0004
 4.62514027020630E+0000	-2.32853987180310E-0004
 4.63122418000080E+0000	 5.86829281356418E-0005
 4.63737389001209E+0000	 3.65918651432356E-0004
 4.64359618261187E+0000	 6.72790895022564E-0004
 4.64989345196505E+0000	 9.59750369382602E-0004
 4.65626166626622E+0000	 1.20509749878201E-0003
 4.66268877175841E+0000	 1.38771930652148E-0003
 4.66915469247006E+0000	 1.49103374556455E-0003
 4.67563386034685E+0000	 1.50684401986214E-0003
 4.68209985799341E+0000	 1.43715942269134E-0003
 4.68853020951392E+0000	 1.29294129972580E-0003
 4.69490926759137E+0000	 1.09063377601194E-0003
 4.70122860479095E+0000	 8.48381928172117E-0004
 4.70748573147925E+0000	 5.83321937315665E-0004
 4.71368229389631E+0000	 3.10238841153852E-0004
 4.71982248524712E+0000	 4.12223327767666E-0005
 4.72591190631030E+0000	-2.14162484775868E-0004
 4.73195683091289E+0000	-4.48527084560547E-0004
 4.73796374517107E+0000	-6.56297502194332E-0004
 4.74393904585788E+0000	-8.33380973363094E-0004
 4.74988883664999E+0000	-9.76845968255867E-0004
 4.75581881411765E+0000	-1.08459264896558E-0003
 4.76173426768196E+0000	-1.15501509906423E-0003
 4.76764022070076E+0000	-1.18669281849878E-0003
 4.77354171519919E+0000	-1.17817767664546E-0003
 4.77944420152361E+0000	-1.12794925891263E-0003
 4.78535395349501E+0000	-1.03459077994903E-0003
 4.79127840649347E+0000	-8.97195834675427E-0004
 4.79722631875802E+0000	-7.15969319909816E-0004
 4.80320767974407E+0000	-4.92950825200273E-0004
 4.80923331809175E+0000	-2.32772802530502E-0004
 4.81531418007567E+0000	 5.66384945012828E-0005
 4.82146025186866E+0000	 3.63522845786638E-0004
 4.82767909761704E+0000	 6.72053229637804E-0004
 4.83397402072045E+0000	 9.62650847688789E-0004
 4.84034200992065E+0000	 1.21321400919802E-0003
 4.84677199347100E+0000	 1.40164604485398E-0003
 4.85324440392337E+0000	 1.50968422522926E-0003
 4.85973313192527E+0000	 1.52707667919165E-0003
 4.86620995932424E+0000	 1.45422146718712E-0003
 4.87264986647706E+0000	 1.30171641995962E-0003
 4.87903486865760E+0000	 1.08707372783232E-0003
 4.88535515005484E+0000	 8.30450888532390E-0004
 4.89160798499185E+0000	 5.51213783686982E-0004
 4.89779571036877E+0000	 2.66030594513279E-0004
 4.90392374668642E+0000	-1.17399324301864E-0005
 4.90999909625082E+0000	-2.71901860487504E-0004
 4.91602935691458E+0000	-5.06958068809894E-0004
 4.92202213379186E+0000	-7.11582859824785E-0004
 4.92798471162253E+0000	-8.82139023727639E-0004
 4.93392388435958E+0000	-1.01626193110087E-0003
 4.93984588520379E+0000	-1.11249573756473E-0003
 4.94575640148282E+0000	-1.16996275799570E-0003
 4.95166068485251E+0000	-1.18806461284889E-0003
 4.95756377296221E+0000	-1.16624141162122E-0003
 4.96347082276901E+0000	-1.10384099825783E-0003
 4.96938752230820E+0000	-1.00016215185629E-0003
 4.97532050769890E+0000	-8.54724800126986E-0004
 4.98127768043017E+0000	-6.67786182933697E-0004
 4.98726830812605E+0000	-4.41074080383257E-0004
 4.99330280084153E+0000	-1.78660242689403E-0004
 4.99939207581431E+0000	 1.12144663101299E-0004
 5.00554644979128E+0000	 4.20035644910911E-0004
 5.01177403791296E+0000	 7.29314723528124E-0004
 5.01807872068979E+0000	 1.02014032011339E-0003
 5.02445791282965E+0000	 1.26978210869086E-0003
 5.03090067478942E+0000	 1.45520435063383E-0003
 5.03738709848904E+0000	 1.55696767635664E-0003
 5.04389002157701E+0000	 1.56362992649811E-0003
 5.05037937249526E+0000	 1.47487707506425E-0003
 5.05682782804002E+0000	 1.30161993232997E-0003
 5.06321536218258E+0000	 1.06287427176806E-0003
 5.06953100965750E+0000	 7.81125744555684E-0004
 5.07577200349369E+0000	 4.78274467311870E-0004
 5.08194158371009E+0000	 1.73208416899986E-0004
 5.08804668864403E+0000	-1.19086822562875E-0004
 5.09409612812891E+0000	-3.87452135115580E-0004
 5.10009934727131E+0000	-6.24038720795923E-0004
 5.10606567267972E+0000	-8.23672898787571E-0004
 5.11200389231081E+0000	-9.83251331419489E-0004
 5.11792204820314E+0000	-1.10121540104237E-0003
 5.12382736369725E+0000	-1.17710560664651E-0003
 5.12972626483079E+0000	-1.21118078301340E-0003
 5.13562448443573E+0000	-1.20409013171972E-0003
 5.14152725471868E+0000	-1.15660155413675E-0003
 5.14743959713663E+0000	-1.06941226350761E-0003
 5.15336670443266E+0000	-9.43090449788716E-0004
 5.15931437847040E+0000	-7.78210243412859E-0004
 5.16528944492986E+0000	-5.75735708729557E-0004
 5.17130002461654E+0000	-3.37677205721963E-0004
 5.17735551441351E+0000	-6.79881072918827E-0005
 5.18346612580157E+0000	 2.26401208701632E-0004
 5.18964184903587E+0000	 5.34600102010372E-0004
 5.19589077160430E+0000	 8.41115449308617E-0004
 5.20221681748219E+0000	 1.12594775981082E-0003
 5.20861722896761E+0000	 1.36587302075693E-0003
 5.21508047336155E+0000	 1.53722984542117E-0003
 5.22158558881470E+0000	 1.62008669447710E-0003
 5.22810397553123E+0000	 1.60286458148516E-0003
 5.23460387507317E+0000	 1.48566256793442E-0003
 5.24105628028254E+0000	 1.28053185150282E-0003
 5.24743988275899E+0000	 1.00837265419985E-0003
 5.25374320335295E+0000	 6.94036413109622E-0004
 5.25996385403453E+0000	 3.61841738660651E-0004
 5.26610621405988E+0000	 3.27754651741179E-0005
 5.27217886988206E+0000	-2.76598016958471E-0004
 5.27819254710369E+0000	-5.54110108354070E-0004
 5.28415869507480E+0000	-7.91440317785027E-0004
 5.29008861262704E+0000	-9.83423291276502E-0004
 5.29599294580118E+0000	-1.12738518049322E-0003
 5.30188141968321E+0000	-1.22256461561398E-0003
 5.30776271543095E+0000	-1.26961859172238E-0003
 5.31364444567916E+0000	-1.27019547750022E-0003
 5.31953321234436E+0000	-1.22655889157795E-0003
 5.32543475046695E+0000	-1.14125912309141E-0003
 5.33135416954574E+0000	-1.01686873216665E-0003
 5.33729629797195E+0000	-8.55822103432096E-0004
 5.34326611417898E+0000	-6.60419412637221E-0004
 5.34926920931780E+0000	-4.33064690306395E-0004
 5.35531217557029E+0000	-1.76794294941997E-0004
 5.36140276337421E+0000	 1.03892393944504E-0004
 5.36754961480235E+0000	 4.01966918341178E-0004
 5.37376137566011E+0000	 7.06751291328138E-0004
 5.38004504443837E+0000	 1.00307456911317E-0003
 5.38640358781872E+0000	 1.27120157693986E-0003
 5.39283319801424E+0000	 1.48810686221612E-0003
 5.39932104244020E+0000	 1.63046757328552E-0003
 5.40584469591605E+0000	 1.67911925113597E-0003
 5.41237423548298E+0000	 1.62379826650648E-0003
 5.41887699269307E+0000	 1.46632497106017E-0003
 5.42532353732504E+0000	 1.22065164102146E-0003
 5.43169259141039E+0000	 9.09623735218012E-0004
 5.43797315114152E+0000	 5.60001961734123E-0004
 5.44416374727068E+0000	 1.97867236754535E-0004
 5.45027006249546E+0000	-1.54303426153409E-0004
 5.45630226151793E+0000	-4.78807284332454E-0004
 5.46227281221523E+0000	-7.62707589786559E-0004
 5.46819499159435E+0000	-9.97269767734170E-0004
 5.47408196554071E+0000	-1.17725040071716E-0003
 5.47994625604935E+0000	-1.30023131177586E-0003
 5.48579943894183E+0000	-1.36605583155892E-0003
 5.49165196911845E+0000	-1.37635952042618E-0003
 5.49751307901034E+0000	-1.33416431178511E-0003
 5.50339073385435E+0000	-1.24350385980843E-0003
 5.50929165536982E+0000	-1.10906082275437E-0003
 5.51522144173297E+0000	-9.35821056694110E-0004
 5.52118481183583E+0000	-7.28781607338791E-0004
 5.52718598086464E+0000	-4.92781518018179E-0004
 5.53322913065756E+0000	-2.32545231557809E-0004
 5.53931887692751E+0000	 4.69760306357564E-0005
 5.54546056891179E+0000	 3.39920986158743E-0004
 5.55166020366863E+0000	 6.38534141317977E-0004
 5.55792371925364E+0000	 9.32052823061328E-0004
 5.56425548386782E+0000	 1.20581448651823E-0003
 5.57065598831220E+0000	 1.44112934325514E-0003
 5.57711914973678E+0000	 1.61655772594502E-0003
 5.58363018585753E+0000	 1.71097938528797E-0003
 5.59016535132623E+0000	 1.70806477790121E-0003
 5.59669441403009E+0000	 1.60074489738073E-0003
 5.60318552726935E+0000	 1.39381359425098E-0003
 5.60961086268409E+0000	 1.10344342410293E-0003
 5.61595094432947E+0000	 7.53837321549059E-0004
 5.62219638021521E+0000	 3.72522859843311E-0004
 5.62834705956874E+0000	-1.39105075973168E-0005
 5.63440988373532E+0000	-3.82551765307876E-0004
 5.64039621811695E+0000	-7.15297965058620E-0004
 5.64631978665678E+0000	-9.98867810184114E-0004
 5.65219521617441E+0000	-1.22427285554589E-0003
 5.65803714108328E+0000	-1.38614626306481E-0003
 5.66385968825845E+0000	-1.48212935731840E-0003
 5.66967617799709E+0000	-1.51237976619834E-0003
 5.67549892493019E+0000	-1.47919308449325E-0003
 5.68133906966230E+0000	-1.38669838095878E-0003
 5.68720641190327E+0000	-1.24057683718532E-0003
 5.69310925225157E+0000	-1.04775511655760E-0003
 5.69905428333910E+0000	-8.16043039543561E-0004
 5.70504659402252E+0000	-5.53723106005355E-0004
 5.71108984726960E+0000	-2.69154293292954E-0004
 5.71718664844391E+0000	 2.94930962361464E-0005
 5.72333903485304E+0000	 3.34231521786029E-0004
 5.72954891265054E+0000	 6.36877363509960E-0004
 5.73581818585574E+0000	 9.28307819613663E-0004
 5.74214830751946E+0000	 1.19752947347438E-0003
 5.74853906880397E+0000	 1.43092784600608E-0003
 5.75498666810870E+0000	 1.61223996574385E-0003
 5.76148150765747E+0000	 1.72382840083771E-0003
 5.76800665936566E+0000	 1.74951851852213E-0003
 5.77453814159279E+0000	 1.67847314174371E-0003
 5.78104758148871E+0000	 1.50870397984217E-0003
 5.78750663253092E+0000	 1.24866080056498E-0003
 5.79389157558098E+0000	 9.16204562470328E-0004
 5.80018655841250E+0000	 5.35493046376708E-0004
 5.80638472761589E+0000	 1.33051004476069E-0004
 5.81248744944566E+0000	-2.65704612796586E-0004
 5.81850241246206E+0000	-6.38748274841910E-0004
 5.82444147873456E+0000	-9.68457246926553E-0004
 5.83031885613927E+0000	-1.24169246774006E-0003
 5.83614979805304E+0000	-1.44939150565443E-0003
 5.84194978977036E+0000	-1.58601701593871E-0003
 5.84773408045907E+0000	-1.64905542742829E-0003
 5.85351741178299E+0000	-1.63864268786519E-0003
 5.85931382322272E+0000	-1.55732238411209E-0003
 5.86513644827970E+0000	-1.40990288465581E-0003
 5.87099724678378E+0000	-1.20335690560018E-0003
 5.87690665166548E+0000	-9.46689626763871E-0004
 5.88287315256530E+0000	-6.50693378535630E-0004
 5.88890289455685E+0000	-3.27523255249458E-0004
 5.89499942007315E+0000	 9.91314662281357E-0006
 5.90116368648184E+0000	 3.48657193436064E-0004
 5.90739441040069E+0000	 6.76293639492804E-0004
 5.91368862560671E+0000	 9.81212294829738E-0004
 5.92004217179759E+0000	 1.25242400035679E-0003
 5.92644977500589E+0000	 1.47905133224690E-0003
 5.93290450737909E+0000	 1.64985787943668E-0003
 5.93939669930564E+0000	 1.75330691688015E-0003
 5.94591273686267E+0000	 1.77856104422028E-0003
 5.95243447441871E+0000	 1.71748175558989E-0003
 5.95893997599279E+0000	 1.56709995196641E-0003
 5.96540576389868E+0000	 1.33154481344415E-0003
 5.97180994636111E+0000	 1.02252339055207E-0003
 5.97813515946645E+0000	 6.58143623209336E-0004
 5.98437048377855E+0000	 2.60585535862103E-0004
 5.99051204049888E+0000	-1.46598453609503E-0004
 5.99656243401900E+0000	-5.40875204368860E-0004
 6.00252946813419E+0000	-9.02407039721117E-0004
 6.00842462409043E+0000	-1.21491604263920E-0003
 6.01426168075077E+0000	-1.46588637883903E-0003
 6.02005566867914E+0000	-1.64636563173132E-0003
 6.02582218185578E+0000	-1.75061280755242E-0003
 6.03157697207024E+0000	-1.77576557646464E-0003
 6.03733571593056E+0000	-1.72161858472141E-0003
 6.04311384503322E+0000	-1.59054354709871E-0003
 6.04892634186391E+0000	-1.38754062905669E-0003
 6.05478741609424E+0000	-1.12037789100477E-0003
 6.06070999097825E+0000	-7.99738520912854E-0004
 6.06670496310381E+0000	-4.39249547213288E-0004
 6.07278027212251E+0000	-5.52252489340604E-0005
 6.07893993749351E+0000	 3.34034836352130E-0004
 6.08518334735038E+0000	 7.09445107133347E-0004
 6.09150511855355E+0000	 1.05266106855928E-0003
 6.09789568161279E+0000	 1.34753530615671E-0003
 6.10434240904895E+0000	 1.58106210435093E-0003
 6.11083082872545E+0000	 1.74362417034803E-0003
 6.11734548456288E+0000	 1.82874248739142E-0003
 6.12387030710972E+0000	 1.83275251358856E-0003
 6.13038868940316E+0000	 1.75476007611732E-0003
 6.13688363232598E+0000	 1.59697350113274E-0003
 6.14333827731596E+0000	 1.36521898031989E-0003
 6.14973690538288E+0000	 1.06926739829499E-0003
 6.15606618445389E+0000	 7.22659539702711E-0004
 6.16231631136032E+0000	 3.41967417326312E-0004
 6.16848178161896E+0000	-5.43479729032362E-0005
 6.17456167876168E+0000	-4.47251333392169E-0004
 6.18055948759611E+0000	-8.18403714906723E-0004
 6.18648251912426E+0000	-1.15120494813793E-0003
 6.19234110912626E+0000	-1.43148827793388E-0003
 6.19814778230104E+0000	-1.64785090470890E-0003
 6.20391653630679E+0000	-1.79170224298218E-0003
 6.20966232118378E+0000	-1.85716178500389E-0003
 6.21540071202985E+0000	-1.84093637978426E-0003
 6.22114772003950E+0000	-1.74227487341673E-0003
 6.22691965900744E+0000	-1.56305928965710E-0003
 6.23273296935361E+0000	-1.30805629229255E-0003
 6.23860388816904E+0000	-9.85317017112659E-0004
 6.24454783923244E+0000	-6.06663514576076E-0004
 6.25057841664694E+0000	-1.88118324355459E-0004
 6.25670589061268E+0000	 2.49984580199705E-0004
 6.26293533290518E+0000	 6.83582524166369E-0004
 6.26926476614589E+0000	 1.08652312636454E-0003
 6.27568406539828E+0000	 1.43332274552759E-0003
