-1.76857178036262E-0003	-6.65138052999362E-0004
 4.24100831572721E-0003	-3.35064035045155E-0004
 1.03074039686818E-0002	 2.58150393448341E-0005
 1.64408115859351E-0002	 4.11127830637154E-0004
 2.26528769107001E-0002	 8.10532490759851E-0004
 2.89551694616239E-0002	 1.20779818574943E-0003
 3.53561880319766E-0002	 1.57931230482687E-0003
 4.18567535327849E-0002	 1.89412812607586E-0003
 4.84446126184110E-0002	 2.11719404098191E-0003
 5.50909276153159E-0002	 2.21686937472045E-0003
 6.17525221720575E-0002	 2.17495780266258E-0003
 6.83812031866769E-0002	 1.99375052000996E-0003
 7.49357033079588E-0002	 1.69510479583122E-0003
 8.13894425692780E-0002	 1.31259958879990E-0003
 8.77315063544465E-0002	 8.82370865013407E-0004
 9.39632053113874E-0002	 4.36886855321542E-0004
 1.00093593103014E-0001	 2.32260384268183E-0006
 1.06135797765427E-0001	-4.01702448430044E-0004
 1.12104572332894E-0001	-7.61328540265519E-0004
 1.18014837560450E-0001	-1.06738057441330E-0003
 1.23880882179148E-0001	-1.31435216222349E-0003
 1.29715962648597E-0001	-1.49955122415232E-0003
 1.35532139284471E-0001	-1.62241615881440E-0003
 1.41340249309615E-0001	-1.68398558068199E-0003
 1.47149950241241E-0001	-1.68649791467933E-0003
 1.52969786419494E-0001	-1.63308816859250E-0003
 1.58807254996124E-0001	-1.52753745521965E-0003
 1.64668882711012E-0001	-1.37402905688967E-0003
 1.70560363133563E-0001	-1.17688810899023E-0003
 1.76486824030405E-0001	-9.40335265636646E-0004
 1.82453271613837E-0001	-6.68353132251746E-0004
 1.88465183024248E-0001	-3.64813556963215E-0004
 1.94529110115451E-0001	-3.40076814752828E-0005
 2.00653057801504E-0001	 3.18352921823792E-0004
 2.06846339490150E-0001	 6.83717023406209E-0004
 2.13118587340971E-0001	 1.04906191510296E-0003
 2.19477604648590E-0001	 1.39547306717171E-0003
 2.25925892089060E-0001	 1.69771403906424E-0003
 2.32456241054327E-0001	 1.92598334500141E-0003
 2.39048016390271E-0001	 2.05098041054306E-0003
 2.45667032221171E-0001	 2.05183670690319E-0003
 2.52271198029850E-0001	 1.92352003140302E-0003
 2.58820247829338E-0001	 1.67903474447693E-0003
 2.65284323758528E-0001	 1.34498063143464E-0003
 2.71647429191495E-0001	 9.53795850399583E-0004
 2.77906028074410E-0001	 5.37047513731713E-0004
 2.84065456879705E-0001	 1.21685450628850E-0004
 2.90136354450399E-0001	-2.71153064408980E-0004
 2.96131996174171E-0001	-6.25910863615221E-0004
 3.02066570072903E-0001	-9.31823255354287E-0004
 3.07954148278075E-0001	-1.18203317524111E-0003
 3.13808105594316E-0001	-1.37278719446350E-0003
 3.19640812656863E-0001	-1.50275663095188E-0003
 3.25463498987548E-0001	-1.57248170349087E-0003
 3.31286220784010E-0001	-1.58392672886764E-0003
 3.37117886747932E-0001	-1.54013023834194E-0003
 3.42966308750085E-0001	-1.44492452400265E-0003
 3.48838266044142E-0001	-1.30268959083139E-0003
 3.54739603939286E-0001	-1.11811114640331E-0003
 3.60675416885818E-0001	-8.95943447884045E-0004
 3.66650368069278E-0001	-6.40833425018169E-0004
 3.72669153228270E-0001	-3.57319350932234E-0004
 3.78737027896925E-0001	-5.01387421683196E-0005
 3.84860215244899E-0001	 2.75061445519047E-0004
 3.91045936543144E-0001	 6.10622168542894E-0004
 3.97301778703766E-0001	 9.45529826434327E-0004
 4.03634135684361E-0001	 1.26416672741484E-0003
 4.10045575622153E-0001	 1.54573607427052E-0003
 4.16531349685770E-0001	 1.76523865938311E-0003
 4.23076067614621E-0001	 1.89692820980110E-0003
 4.29652592029273E-0001	 1.92031773977220E-0003
 4.36225227819008E-0001	 1.82676949977499E-0003
 4.42757005366520E-0001	 1.62303835700083E-0003
 4.49217642033030E-0001	 1.32943594246778E-0003
 4.55588248431935E-0001	 9.73990815156309E-0004
 4.61861646849903E-0001	 5.86140760558671E-0004
 4.68039905967224E-0001	 1.92432947890260E-0004
 4.74131183280620E-0001	-1.85400393937119E-0004
 4.80147067255044E-0001	-5.30753011320523E-0004
 4.86100720873502E-0001	-8.31682729450907E-0004
 4.92005703468596E-0001	-1.08020672728492E-0003
 4.97875256364234E-0001	-1.27159738881734E-0003
 5.03721879748486E-0001	-1.40375795461131E-0003
 5.09557092045781E-0001	-1.47668873723997E-0003
 5.15391308905709E-0001	-1.49203662015314E-0003
 5.21233801938797E-0001	-1.45271931280196E-0003
 5.27092707447156E-0001	-1.36261311858855E-0003
 5.32975066429289E-0001	-1.22628527453541E-0003
 5.38886897689916E-0001	-1.04874804160983E-0003
 5.44833331903626E-0001	-8.35225458139655E-0004
 5.50818848158152E-0001	-5.90961723353861E-0004
 5.56847633536315E-0001	-3.21151135314255E-0004
 5.62924021271172E-0001	-3.11031891206089E-0005
 5.69052871152286E-0001	 2.73260392842475E-0004
 5.75239675374485E-0001	 5.84560225395193E-0004
 5.81490138096431E-0001	 8.92878452005875E-0004
 5.87809002504189E-0001	 1.18471547426619E-0003
 5.94198007282954E-0001	 1.44244738064177E-0003
 6.00653127315719E-0001	 1.64494976616710E-0003
 6.07161812630455E-0001	 1.77010145952589E-0003
 6.13701689735332E-0001	 1.79936227126831E-0003
 6.20242410477672E-0001	 1.72323848796915E-0003
 6.26751008694944E-0001	 1.54499911354261E-0003
 6.33198665256740E-0001	 1.28034352405013E-0003
 6.39565633432818E-0001	 9.53256501779835E-0004
 6.45842623225886E-0001	 5.90561140790106E-0004
 6.52029340774470E-0001	 2.17597803324150E-0004
 6.58131883201218E-0001	-1.44111339871452E-0004
 6.64160259692931E-0001	-4.77587829902619E-0004
 6.70126532097420E-0001	-7.70226043666625E-0004
 6.76043577280277E-0001	-1.01327051197297E-0003
 6.81924305042766E-0001	-1.20122910978705E-0003
 6.87781166720125E-0001	-1.33133143732891E-0003
 6.93625842141282E-0001	-1.40305408444427E-0003
 6.99469041693137E-0001	-1.41770530344939E-0003
 7.05320389963058E-0001	-1.37805913950581E-0003
 7.11188370421715E-0001	-1.28803204710781E-0003
 7.17080317234708E-0001	-1.15239386590995E-0003
 7.23002451146020E-0001	-9.76501838382417E-0004
 7.28959974238356E-0001	-7.66051883731716E-0004
 7.34957252808424E-0001	-5.26865955120144E-0004
 7.40998108385642E-0001	-2.64775393524643E-0004
 7.47086188675758E-0001	 1.43046889381355E-0005
 7.53225310021523E-0001	 3.04019268406725E-0004
 7.59419584168871E-0001	 5.96910073524688E-0004
 7.65673105296108E-0001	 8.83538802947291E-0004
 7.71989003378577E-0001	 1.15163787340622E-0003
 7.78367782277179E-0001	 1.38568368904462E-0003
 7.84805094946175E-0001	 1.56742081655297E-0003
 7.91289523725928E-0001	 1.67786920371216E-0003
 7.97801463818602E-0001	 1.70096435620944E-0003
 8.04314400146364E-0001	 1.62800834401280E-0003
 8.10799018515343E-0001	 1.46099880850463E-0003
 8.17228798143317E-0001	 1.21290906888276E-0003
 8.23584571829293E-0001	 9.04694855694685E-0004
 8.29856341665236E-0001	 5.60746162295005E-0004
 8.36042504405279E-0001	 2.04873770641310E-0004
 8.42147761393625E-0001	-1.42134504218752E-0004
 8.48180896098073E-0001	-4.63475896491413E-0004
 8.54153001626470E-0001	-7.46368627167647E-0004
 8.60076257806357E-0001	-9.81674291324281E-0004
 8.65963142144827E-0001	-1.16341410829442E-0003
 8.71825922538067E-0001	-1.28831119748515E-0003
 8.77676315876892E-0001	-1.35539054823639E-0003
 8.83525244758321E-0001	-1.36562727326522E-0003
 8.89382660246251E-0001	-1.32162610223612E-0003
 8.95257417889714E-0001	-1.22732002816232E-0003
 9.01157202674737E-0001	-1.08768102522937E-0003
 9.07088505481351E-0001	-9.08437756920685E-0004
 9.13056664881843E-0001	-6.95800421986612E-0004
 9.19065999218269E-0001	-4.56211561113250E-0004
 9.25120048310731E-0001	-1.96176364543303E-0004
 9.31221903809495E-0001	 7.77393779319172E-0005
 9.37374532058264E-0001	 3.58653906858086E-0004
 9.43580913333441E-0001	 6.38826587734918E-0004
 9.49843783661069E-0001	 9.08917058221762E-0004
 9.56164805554612E-0001	 1.15728318744036E-0003
 9.62543124617806E-0001	 1.36968811839297E-0003
 9.68973499050479E-0001	 1.52986435724474E-0003
 9.75444526478100E-0001	 1.62132315152614E-0003
 9.81937857503618E-0001	 1.63044642601941E-0003
 9.88429364523808E-0001	 1.55016051097258E-0003
 9.94892577144701E-0001	 1.38269309731481E-0003
 1.00130336804179E+0000	 1.13990395854480E-0003
 1.00764393676925E+0000	 8.40905835498322E-0004
 1.01390461506241E+0000	 5.08224176810865E-0004
 1.02008343359827E+0000	 1.64207386690971E-0004
 1.02618440582872E+0000	-1.71314868244710E-0004
 1.03221555582578E+0000	-4.82063816231482E-0004
 1.03818727395016E+0000	-7.55455525160240E-0004
 1.04411115438446E+0000	-9.82313500005627E-0004
 1.04999924114344E+0000	-1.15645489561773E-0003
 1.05586354625380E+0000	-1.27429675279888E-0003
 1.06171572214085E+0000	-1.33452405886006E-0003
 1.06756681257046E+0000	-1.33781020709514E-0003
 1.07342704514477E+0000	-1.28656485780881E-0003
 1.07930565419565E+0000	-1.18468664662753E-0003
 1.08521073701535E+0000	-1.03730588601240E-0003
 1.09114915498080E+0000	-8.50509431895797E-0004
 1.09712650050692E+0000	-6.31048505822186E-0004
 1.10314715994753E+0000	-3.86048835947676E-0004
 1.10921449845670E+0000	-1.22776261598009E-0004
 1.11533115585593E+0000	 1.51451335528421E-0004
 1.12149936609284E+0000	 4.29105801317899E-0004
 1.12772112328497E+0000	 7.02000238721971E-0004
 1.13399797034917E+0000	 9.60635342258978E-0004
 1.14033023396860E+0000	 1.19358975078140E-0003
 1.14671569005636E+0000	 1.38733777562707E-0003
 1.15314790130966E+0000	 1.52691435475219E-0003
 1.15961477801556E+0000	 1.59771173375033E-0003
 1.16609815695704E+0000	 1.58830546486400E-0003
 1.17257512536587E+0000	 1.49358624668482E-0003
 1.17902118700336E+0000	 1.31693348757320E-0003
 1.18541433576554E+0000	 1.07028664566640E-0003
 1.19173845200913E+0000	 7.71973587972102E-0004
 1.19798484792909E+0000	 4.43332589444034E-0004
 1.20415190163703E+0000	 1.05530784321733E-0004
 1.21024355082235E+0000	-2.22563620253815E-0004
 1.21626751796059E+0000	-5.25359762588226E-0004
 1.22223379871506E+0000	-7.90708640036043E-0004
 1.22815358036548E+0000	-1.00965240682256E-0003
 1.23403854423535E+0000	-1.17604474675338E-0003
 1.23990043251665E+0000	-1.28619291055527E-0003
 1.24575076334187E+0000	-1.33857253515485E-0003
 1.25160061082592E+0000	-1.33360993051029E-0003
 1.25746040355124E+0000	-1.27350278636088E-0003
 1.26333972462753E+0000	-1.16204654969176E-0003
 1.26924711669360E+0000	-1.00443947152444E-0003
 1.27518990903830E+0000	-8.07048084579666E-0004
 1.28117409616957E+0000	-5.77126460700795E-0004
 1.28720430814102E+0000	-3.22503225883948E-0004
 1.29328391230466E+0000	-5.12863949646761E-0005
 1.29941525344110E+0000	 2.28319360346022E-0004
 1.30559996080090E+0000	 5.07966653339241E-0004
 1.31183914613118E+0000	 7.78820518922482E-0004
 1.31813324841128E+0000	 1.03098175163695E-0003
 1.32448132327498E+0000	 1.25293795168913E-0003
 1.33087976460820E+0000	 1.43146046927095E-0003
 1.33732075355704E+0000	 1.55238368030816E-0003
 1.34379105629276E+0000	 1.60249115787788E-0003
 1.35027195524992E+0000	 1.57226445895221E-0003
 1.35674087116360E+0000	 1.45866159742786E-0003
 1.36317452926408E+0000	 1.26675551588523E-0003
 1.36955266264078E+0000	 1.00938570583058E-0003
 1.37586088272599E+0000	 7.04920529617450E-0004
 1.38209184150018E+0000	 3.74128067288857E-0004
 1.38824474598639E+0000	 3.73365276816147E-0005
 1.39432392118564E+0000	-2.87434796780844E-0004
 1.40033716757906E+0000	-5.85320864578497E-0004
 1.40629436820983E+0000	-8.44729978415927E-0004
 1.41220649332939E+0000	-1.05708707750270E-0003
 1.41808496684956E+0000	-1.21645984317632E-0003
 1.42394128938553E+0000	-1.31921201646497E-0003
 1.42978680824244E+0000	-1.36374050727195E-0003
 1.43563254775901E+0000	-1.35029794874672E-0003
 1.44148904397211E+0000	-1.28087363893405E-0003
 1.44736615632994E+0000	-1.15909510095419E-0003
 1.45327285280380E+0000	-9.90112658178004E-0004
 1.45921698387831E+0000	-7.80435550325959E-0004
 1.46520507827709E+0000	-5.37699468118952E-0004
 1.47124220927661E+0000	-2.70366732623718E-0004
 1.47733198632680E+0000	 1.26015343148383E-0005
 1.48347670191705E+0000	 3.02010192492569E-0004
 1.48967758820441E+0000	 5.88503441003957E-0004
 1.49593502140463E+0000	 8.62346774040391E-0004
 1.50224841618524E+0000	 1.11295199428357E-0003
 1.50861557294721E+0000	 1.32839849605089E-0003
 1.51503144538069E+0000	 1.49540281710565E-0003
 1.52148665996934E+0000	 1.60021476625504E-0003
 1.52796649431628E+0000	 1.63064303947485E-0003
 1.53445114274041E+0000	 1.57883781046521E-0003
 1.54091771345828E+0000	 1.44384217972221E-0003
 1.54734356315180E+0000	 1.23274663079928E-0003
 1.55370980133420E+0000	 9.59839019285170E-0004
 1.56000370486200E+0000	 6.44128032878377E-0004
 1.56621944141906E+0000	 3.06305456071167E-0004
 1.57235734694616E+0000	-3.38223025581276E-0005
 1.57842245392676E+0000	-3.58934489394036E-0004
 1.58442292304626E+0000	-6.54862108025083E-0004
 1.59036874933748E+0000	-9.10616178280459E-0004
 1.59627085172031E+0000	-1.11809409805073E-0003
 1.60214050516147E+0000	-1.27169230005992E-0003
 1.60798901939549E+0000	-1.36795504128329E-0003
 1.61382756372705E+0000	-1.40531512735009E-0003
 1.61966705377094E+0000	-1.38393441902216E-0003
 1.62551803889279E+0000	-1.30562332261363E-0003
 1.63139055293605E+0000	-1.17380314740417E-0003
 1.63729391349380E+0000	-9.93469084300658E-0004
 1.64323647655302E+0000	-7.71112102793246E-0004
 1.64922537513706E+0000	-5.14565485250525E-0004
 1.65526629228109E+0000	-2.32760471048802E-0004
 1.66136333249514E+0000	 6.45874833381801E-0005
 1.66751904205391E+0000	 3.67285112920028E-0004
 1.67373456283327E+0000	 6.64833376285798E-0004
 1.68000978564091E+0000	 9.46344977700075E-0004
 1.68634325110255E+0000	 1.20020655499797E-0003
 1.69273153720582E+0000	 1.41371545879331E-0003
 1.69916807370984E+0000	 1.57315862808919E-0003
 1.70564173345721E+0000	 1.66485234858942E-0003
 1.71213598669163E+0000	 1.67734191285785E-0003
 1.71862951042936E+0000	 1.60427474308121E-0003
 1.72509861399830E+0000	 1.44678733209393E-0003
 1.73152084140065E+0000	 1.21419944634173E-0003
 1.73787837987648E+0000	 9.22614511167465E-0004
 1.74416006858051E+0000	 5.92100995701651E-0004
 1.75036165971172E+0000	 2.43643236763311E-0004
 1.75648479013112E+0000	-1.03212679129441E-0004
 1.76253540544282E+0000	-4.31695629386947E-0004
 1.76852222084226E+0000	-7.28272422317546E-0004
 1.77445550713531E+0000	-9.82556291191412E-0004
 1.78034626105962E+0000	-1.18695493677840E-0003
 1.78620570295254E+0000	-1.33625727549037E-0003
 1.79204500858010E+0000	-1.42726933786156E-0003
 1.79787518344322E+0000	-1.45854824940324E-0003
 1.80370700189824E+0000	-1.43024465472613E-0003
 1.80955095022937E+0000	-1.34403956470492E-0003
 1.81541713027700E+0000	-1.20314559401241E-0003
 1.82131509861779E+0000	-1.01233228403572E-0003
 1.82725363650096E+0000	-7.77930114875796E-0004
 1.83324046878460E+0000	-5.07769526115172E-0004
 1.83928197523465E+0000	-2.11024625064989E-0004
 1.84538295762600E+0000	 1.02036661559204E-0004
 1.85154652292702E+0000	 4.20341480131881E-0004
 1.85777409117740E+0000	 7.32229920812954E-0004
 1.86406542701817E+0000	 1.02548204756607E-0003
 1.87041846864508E+0000	 1.28713272567579E-0003
 1.87682869614576E+0000	 1.50327833222055E-0003
 1.88328796947914E+0000	 1.65933868157709E-0003
 1.88978320376479E+0000	 1.74131094589540E-0003
 1.89629573649911E+0000	 1.73819848811458E-0003
 1.90280233380644E+0000	 1.64501027859971E-0003
 1.90927810746088E+0000	 1.46499526655740E-0003
 1.91570044784603E+0000	 1.20985986752767E-0003
 1.92205238485846E+0000	 8.97775418891526E-0004
 1.92832421112974E+0000	 5.50157750807961E-0004
 1.93451326836903E+0000	 1.88548885237101E-0004
 1.94062257701309E+0000	-1.67559960980156E-0004
 1.94665911484260E+0000	-5.01811943942310E-0004
 1.95263227574688E+0000	-8.01235502358104E-0004
 1.95855271881782E+0000	-1.05601720483341E-0003
 1.96443161349367E+0000	-1.25907769957136E-0003
 1.97028020122909E+0000	-1.40562419904460E-0003
 1.97610957803824E+0000	-1.49276916096001E-0003
 1.98193061267146E+0000	-1.51925324012217E-0003
 1.98775393043604E+0000	-1.48528116319999E-0003
 1.99358990616584E+0000	-1.39246096301847E-0003
 1.99944862201024E+0000	-1.24382345953296E-0003
 2.00533975888271E+0000	-1.04388764304459E-0003
 2.01127240678250E+0000	-7.98729137778235E-0004
 2.01725480016969E+0000	-5.16005872426196E-0004
 2.02329400930852E+0000	-2.04902668730064E-0004
 2.02939564050748E+0000	 1.24018505734319E-0004
 2.03556360136673E+0000	 4.59030778446601E-0004
 2.04179994806195E+0000	 7.87434186790278E-0004
 2.04810473791269E+0000	 1.09562960562867E-0003
 2.05447569485859E+0000	 1.36906067738339E-0003
 2.06090746025041E+0000	 1.59222070113475E-0003
 2.06739038521339E+0000	 1.74918011191680E-0003
 2.07390927667112E+0000	 1.82516325987122E-0003
 2.08044302600649E+0000	 1.80930345298140E-0003
 2.08696610313270E+0000	 1.69781867600916E-0003
 2.09345205785764E+0000	 1.49608206831309E-0003
 2.09987784025080E+0000	 1.21831044316520E-0003
 2.10622712854965E+0000	 8.84923333366586E-0004
 2.11249155988621E+0000	 5.18881596705381E-0004
 2.11867002894594E+0000	 1.42473537928382E-0004
 2.12476695880548E+0000	-2.24704041828726E-0004
 2.13079041376073E+0000	-5.66586634624537E-0004
 2.13675053681282E+0000	-8.70681580538699E-0004
 2.14265844816002E+0000	-1.12769952199931E-0003
 2.14852555781961E+0000	-1.33105093333724E-0003
 2.15436318806005E+0000	-1.47635890182312E-0003
 2.16018240417241E+0000	-1.56105792881748E-0003
 2.16599397205335E+0000	-1.58410444009812E-0003
 2.17180837941305E+0000	-1.54580292396049E-0003
 2.17763587002139E+0000	-1.44773948538342E-0003
 2.18348644934973E+0000	-1.29280492135290E-0003
 2.18936982891847E+0000	-1.08527967577029E-0003
 2.19529528881430E+0000	-8.30943968981501E-0004
 2.20127145498253E+0000	-5.37171172281744E-0004
 2.20730600912377E+0000	-2.12966323969889E-0004
 2.21340536817807E+0000	 1.31069509195425E-0004
 2.21957437336867E+0000	 4.82832893541340E-0004
 2.22581599583571E+0000	 8.28814361304541E-0004
 2.23213098682008E+0000	 1.15413642292488E-0003
 2.23851730476373E+0000	 1.44255561000437E-0003
 2.24496913562857E+0000	 1.67665315870644E-0003
 2.25147552684432E+0000	 1.83868397687337E-0003
 2.25801914131761E+0000	 1.91259565308474E-0003
 2.26457617139971E+0000	 1.88724695749651E-0003
 2.27111842459352E+0000	 1.75984850479566E-0003
 2.27761753297334E+0000	 1.53786708325480E-0003
 2.28404973401023E+0000	 1.23811580236262E-0003
 2.29039917154121E+0000	 8.83393471839882E-0004
 2.29665871107194E+0000	 4.98346241272569E-0004
 2.30282873334751E+0000	 1.06146910623535E-0004
 2.30891503815796E+0000	-2.73372962617514E-0004
 2.31492678368015E+0000	-6.24329275956723E-0004
 2.32087489237547E+0000	-9.34619337324329E-0004
 2.32677098844858E+0000	-1.19541302080051E-0003
 2.33262677009269E+0000	-1.40056765028629E-0003
 2.33845368788474E+0000	-1.54609814164771E-0003
 2.34426282063615E+0000	-1.62975411122527E-0003
 2.35006486876330E+0000	-1.65071745407497E-0003
 2.35587020714157E+0000	-1.60941813961866E-0003
 2.36168895251564E+0000	-1.50745888471392E-0003
 2.36753100813675E+0000	-1.34763351688630E-0003
 2.37340605477417E+0000	-1.13401668077043E-0003
 2.37932346625279E+0000	-8.72094944435870E-0004
 2.38529214101279E+0000	-5.68904658408900E-0004
 2.39132025753986E+0000	-2.33145022396403E-0004
 2.39741497448528E+0000	 1.24749710731246E-0004
 2.40358209308897E+0000	 4.92567736174009E-0004
 2.40982566425798E+0000	 8.56271022519444E-0004
 2.41614745055628E+0000	 1.19991777298217E-0003
 2.42254607770886E+0000	 1.50563407959118E-0003
 2.42901572807030E+0000	 1.75392434248515E-0003
 2.43554448298167E+0000	 1.92484670126134E-0003
 2.44211297084889E+0000	 2.00056954407457E-0003
 2.44869453902064E+0000	 1.96920921013869E-0003
 2.45525801606197E+0000	 1.82866853819256E-0003
 2.46177276947961E+0000	 1.58840710300976E-0003
 2.46821404543387E+0000	 1.26786986473129E-0003
 2.47456626036670E+0000	 8.92326254278066E-0004
 2.48082337650490E+0000	 4.88212552234732E-0004
 2.48698717005480E+0000	 7.96948311976961E-0005
 2.49306476151800E+0000	-3.13050561382711E-0004
 2.49906637892043E+0000	-6.74215053344784E-0004
 2.50500372664572E+0000	-9.91993644328606E-0004
 2.51088895401880E+0000	-1.25794028781874E-0003
 2.51673407970154E+0000	-1.46630211629982E-0003
 2.52255072053147E+0000	-1.61344597759169E-0003
 2.52835000871809E+0000	-1.69741277279585E-0003
 2.53414261774809E+0000	-1.71760188747045E-0003
 2.53993884252900E+0000	-1.67457699356815E-0003
 2.54574869346723E+0000	-1.56998126295164E-0003
 2.55158197164795E+0000	-1.40654731112516E-0003
 2.55744829786768E+0000	-1.18818269067704E-0003
 2.56335707565852E+0000	-9.20106615843673E-0004
 2.56931737906856E+0000	-6.09011307727904E-0004
 2.57533776765124E+0000	-2.63226446595538E-0004
 2.58142603662731E+0000	 1.07119242864754E-0004
 2.58758889703897E+0000	 4.89922754832314E-0004
 2.59383153594257E+0000	 8.70889479738339E-0004
 2.60015693140816E+0000	 1.23328100300312E-0003
 2.60656473249968E+0000	 1.55776621049900E-0003
 2.61304956755260E+0000	 1.82275697534816E-0003
 2.61959897121336E+0000	 2.00586075901079E-0003
 2.62619177969668E+0000	 2.08702088530633E-0003
 2.63279847495238E+0000	 2.05311882018982E-0003
 2.63938466535630E+0000	 1.90237666018838E-0003
 2.64591712882309E+0000	 1.64607025288212E-0003
 2.65236983289503E+0000	 1.30625717618121E-0003
 2.65872725636501E+0000	 9.10734844827274E-0004
 2.66498430957263E+0000	 4.87812649448528E-0004
 2.67114405730214E+0000	 6.27429411975993E-0005
 2.67721486775414E+0000	-3.43854280967816E-0004
 2.68320799709739E+0000	-7.16147123366274E-0004
 2.68913591716926E+0000	-1.04253663219332E-0003
 2.69501130887731E+0000	-1.31488167253306E-0003
 2.70084653214880E+0000	-1.52775476007581E-0003
 2.70665339988177E+0000	-1.67782515181944E-0003
 2.71244313271304E+0000	-1.76338993923449E-0003
 2.71822641451169E+0000	-1.78404530154208E-0003
 2.72401349646969E+0000	-1.74048296255210E-0003
 2.72981431296318E+0000	-1.63439654181368E-0003
 2.73563858034485E+0000	-1.46848207104105E-0003
 2.74149585562071E+0000	-1.24651469763042E-0003
 2.74739553909143E+0000	-9.73481133323476E-0004
 2.75334681428130E+0000	-6.55748495786614E-0004
 2.75935852652221E+0000	-3.01259097230734E-0004
 2.76543899987863E+0000	 8.02408824956097E-0005
 2.77159576768608E+0000	 4.76909394971079E-0004
 2.77783513334817E+0000	 8.74420625257055E-0004
 2.78416139077339E+0000	 1.25550487795374E-0003
 2.79057546755750E+0000	 1.59960641706187E-0003
 2.79707283195385E+0000	 1.88314250987493E-0003
 2.80364091134143E+0000	 2.08114418630129E-0003
 2.81025708016805E+0000	 2.17097174044841E-0003
 2.81688904366382E+0000	 2.13779512507207E-0003
 2.82349902752308E+0000	 1.97974117196590E-0003
 2.83005092593802E+0000	 1.70966800242337E-0003
 2.83651713924186E+0000	 1.35218320029787E-0003
 2.84288198714548E+0000	 9.37645650241339E-0004
 2.84914117027181E+0000	 4.96308726511231E-0004
 2.85529892937683E+0000	 5.45958097699545E-0005
 2.86136480253672E+0000	-3.66338378936868E-0004
 2.86735102629108E+0000	-7.50546926007676E-0004
 2.87327081774002E+0000	-1.08655048949171E-0003
 2.87913738724944E+0000	-1.36643605880299E-0003
 2.88496344841368E+0000	-1.58503652576346E-0003
 2.89076103258507E+0000	-1.73927079205218E-0003
 2.89654147794923E+0000	-1.82765146407131E-0003
 2.90231551216252E+0000	-1.84994303386588E-0003
 2.90809337788800E+0000	-1.80694971335140E-0003
 2.91388496691604E+0000	-1.70041395104446E-0003
 2.91969993734453E+0000	-1.53300786900679E-0003
 2.92554779495564E+0000	-1.30839935147207E-0003
 2.93143792775423E+0000	-1.03137455938804E-0003
 2.93737959163581E+0000	-7.08003428852990E-0004
 2.94338185074489E+0000	-3.45848364373777E-0004
 2.94945346824135E+0000	 4.57606302584696E-0005
 2.95560270785484E+0000	 4.55337581336199E-0004
 2.96183693251697E+0000	 8.68693335112030E-0004
 2.96816178133105E+0000	 1.26825586499036E-0003
 2.97457962594639E+0000	 1.63248506530232E-0003
 2.98108709298188E+0000	 1.93596265492258E-0003
 2.98767191670827E+0000	 2.15111298693322E-0003
 2.99431037670131E+0000	 2.25244080798118E-0003
 3.00096755998872E+0000	 2.22296495131766E-0003
 3.00760220550048E+0000	 2.06029135273755E-0003
 3.01417505562800E+0000	 1.77859810252841E-0003
 3.02065665883998E+0000	 1.40496019692479E-0003
 3.02703095375587E+0000	 9.72323890305684E-0004
 3.03329427663859E+0000	 5.12955029610592E-0004
 3.03945193799016E+0000	 5.45291016439371E-0005
 3.04551457396288E+0000	-3.81180404543487E-0004
 3.05149535668418E+0000	-7.78029084415571E-0004
 3.05740822551908E+0000	-1.12458005335890E-0003
 3.06326691419711E+0000	-1.41307924286254E-0003
 3.06908449640378E+0000	-1.63855995206441E-0003
 3.07487323744255E+0000	-1.79814018689938E-0003
 3.08064461518044E+0000	-1.89050683020218E-0003
 3.08640942806028E+0000	-1.91556087402807E-0003
 3.09217794036356E+0000	-1.87419729227741E-0003
 3.09796003220314E+0000	-1.76819678815644E-0003
 3.10376533142869E+0000	-1.60020902104529E-0003
 3.10960331251575E+0000	-1.37380772971310E-0003
 3.11548335663235E+0000	-1.09360043696535E-0003
 3.12141477665672E+0000	-7.65383857269621E-0004
 3.12740681508975E+0000	-3.96354854601743E-0004
 3.13346861002648E+0000	 4.58456835759343E-0006
 3.13960907927322E+0000	 4.26362073909469E-0004
 3.14583658340620E+0000	 8.55045057172402E-0004
 3.15215810292289E+0000	 1.27294324643632E-0003
 3.15857756090308E+0000	 1.65775025709424E-0003
 3.16509299687942E+0000	 1.98238762159280E-0003
 3.17169282628596E+0000	 2.21669405369383E-0003
 3.17835260313024E+0000	 2.33210385643684E-0003
 3.18503498564925E+0000	 2.30907654681926E-0003
 3.19169514854089E+0000	 2.14427269031661E-0003
 3.19829042164946E+0000	 1.85292174692973E-0003
 3.20478921594697E+0000	 1.46448668800730E-0003
 3.21117487128848E+0000	 1.01453717643180E-0003
 3.21744421700002E+0000	 5.37428003812479E-0004
 3.22360354227343E+0000	 6.21687802695954E-0005
 3.22966452280780E+0000	-3.88770048272943E-0004
 3.23564123015992E+0000	-7.98974109368730E-0004
 3.24154830638673E+0000	-1.15698306460396E-0003
 3.24740000145144E+0000	-1.45514297638800E-0003
 3.25320975125062E+0000	-1.68863588123789E-0003
 3.25899006409385E+0000	-1.85473405374821E-0003
 3.26475257196875E+0000	-1.95226034053516E-0003
 3.27050816285349E+0000	-1.98122044296142E-0003
 3.27626714468043E+0000	-1.94257529184534E-0003
 3.28203940973201E+0000	-1.83812686971956E-0003
 3.28783457891344E+0000	-1.67049408340806E-0003
 3.29366211463638E+0000	-1.44315712924810E-0003
 3.29953140179540E+0000	-1.16055302944131E-0003
 3.30545180698483E+0000	-8.28216925634464E-0004
 3.31143272961887E+0000	-4.52987491423796E-0004
 3.31748364202594E+0000	-4.33294213400869E-0005
 3.32361406224473E+0000	 3.90140965360412E-0004
 3.32983330006444E+0000	 8.33840041826754E-0004
 3.33614966992114E+0000	 1.27011008443607E-0003
 3.34256873028258E+0000	 1.67607034707168E-0003
 3.34909015405993E+0000	 2.02315244155233E-0003
 3.35570338763637E+0000	 2.27864877244331E-0003
 3.36238362914298E+0000	 2.41073168609668E-0003
 3.36909131242708E+0000	 2.39689756281890E-0003
 3.37577797327312E+0000	 2.23242313502030E-0003
 3.38239725125178E+0000	 1.93331263335847E-0003
 3.38891511562570E+0000	 1.53134883663842E-0003
 3.39531408535871E+0000	 1.06478192875690E-0003
 3.40159134954179E+0000	 5.70149131785826E-0004
 3.40775410000873E+0000	 7.78833659370456E-0005
 3.41381500747318E+0000	-3.88771444655871E-0004
 3.41978901647646E+0000	-8.13065634583767E-0004
 3.42569145690061E+0000	-1.18345896572185E-0003
 3.43153708806136E+0000	-1.49234838322497E-0003
 3.43733970693404E+0000	-1.73502135794099E-0003
 3.44311206805073E+0000	-1.90886610591820E-0003
 3.44886596425072E+0000	-2.01280743312654E-0003
 3.45461238276215E+0000	-2.04692580292276E-0003
 3.46036168734199E+0000	-2.01222234635959E-0003
 3.46612379625005E+0000	-1.91049918821994E-0003
 3.47190833748662E+0000	-1.74432843861665E-0003
 3.47772477350500E+0000	-1.51708590364742E-0003
 3.48358250014005E+0000	-1.23303159570022E-0003
 3.48949093652221E+0000	-8.97434303627638E-0004
 3.49545962611309E+0000	-5.16766114501384E-0004
 3.50149834951839E+0000	-9.90333121120759E-0005
 3.50761718962926E+0000	 3.45650843232245E-0004
 3.51382637445084E+0000	 8.04140243746054E-0004
 3.52013555565207E+0000	 1.25895064234987E-0003
 3.52655201252639E+0000	 1.68681063522443E-0003
 3.53307727016680E+0000	 2.05783468616959E-0003
 3.53970216639372E+0000	 2.33682099971007E-0003
 3.54640194637428E+0000	 2.48849185463812E-0003
 3.55313506201421E+0000	 2.48694638346095E-0003
 3.55984934195983E+0000	 2.32558206380755E-0003
 3.56649442304255E+0000	 2.02085658358058E-0003
 3.57303348128644E+0000	 1.60679587749459E-0003
 3.57944796086812E+0000	 1.12440490586127E-0003
 3.58573526624351E+0000	 6.12518866461240E-0004
 3.59190341746491E+0000	 1.03098824798563E-0004
 3.59796604174424E+0000	-3.79753987639556E-0004
 3.60393893572259E+0000	-8.18888318433685E-0004
 3.60983810535675E+0000	-1.20263036470711E-0003
 3.61567881267125E+0000	-1.52338320185847E-0003
 3.62147521215656E+0000	-1.77650130173654E-0003
 3.62724030305878E+0000	-1.95945491723060E-0003
 3.63298603911608E+0000	-2.07124025820257E-0003
 3.63872350812710E+0000	-2.11198465353027E-0003
 3.64446313196005E+0000	-2.08270387159492E-0003
 3.65021485757925E+0000	-1.98517682143416E-0003
 3.65598832237046E+0000	-1.82190750811977E-0003
 3.66179298938463E+0000	-1.59614762704544E-0003
 3.66763826249981E+0000	-1.31196091955243E-0003
 3.67353360499816E+0000	-9.74328707061626E-0004
 3.67948868855524E+0000	-5.89329237946146E-0004
 3.68551357798562E+0000	-1.64469657437428E-0004
 3.69161889169798E+0000	 2.90705419596689E-0004
 3.69781575295691E+0000	 7.63592775841091E-0004
 3.70411516160614E+0000	 1.23704005823620E-0003
 3.71052621159390E+0000	 1.68759323831298E-0003
 3.71705251851806E+0000	 2.08425954806013E-0003
 3.72368672312079E+0000	 2.38943802121664E-0003
 3.73040461483288E+0000	 2.56422804846821E-0003
 3.73716301352577E+0000	 2.57884254823851E-0003
 3.74390602635811E+0000	 2.42418322921568E-0003
 3.75057894201218E+0000	 2.11671787764867E-0003
 3.75714170832161E+0000	 1.69257349207740E-0003
 3.76357436086809E+0000	 1.19557643812406E-0003
 3.76987432266408E+0000	 6.66996857862574E-0004
 3.77605034055274E+0000	 1.40455767105743E-0004
 3.78211694848843E+0000	-3.58982256971882E-0004
 3.78809077082288E+0000	-8.13682828948138E-0004
 3.79398847719603E+0000	-1.21177567103470E-0003
 3.79982582538022E+0000	-1.54562034750445E-0003
 3.80561732262872E+0000	-1.81059788500870E-0003
 3.81137620880650E+0000	-2.00422640671842E-0003
 3.81711459437168E+0000	-2.12554363213482E-0003
 3.82284366300205E+0000	-2.17469678934486E-0003
 3.82857388904780E+0000	-2.15269131321217E-0003
 3.83431524101608E+0000	-2.06125913336253E-0003
 3.84007735616714E+0000	-1.90281267985234E-0003
 3.84586968528501E+0000	-1.68045507640079E-0003
 3.85170162294463E+0000	-1.39802644864522E-0003
 3.85758265355595E+0000	-1.06018758475726E-0003
 3.86352254720002E+0000	-6.72579672435031E-0004
 3.86953161598378E+0000	-2.42150123152382E-0004
 3.87562097244090E+0000	 2.22214652272556E-0004
 3.88180259985472E+0000	 7.08589624159721E-0004
 3.88808884467395E+0000	 1.20035394248290E-0003
 3.89449070238384E+0000	 1.67414090773471E-0003
 3.90101413548397E+0000	 2.09815141852604E-0003
 3.90765407820759E+0000	 2.43258939494586E-0003
 3.91438752995657E+0000	 2.63483068184817E-0003
 3.92117024966090E+0000	 2.67066446735149E-0003
 3.92794276593222E+0000	 2.52768808113387E-0003
 3.93464567659006E+0000	 2.22169665762311E-0003
 3.94123514590778E+0000	 1.79061042673336E-0003
 3.94768931837435E+0000	 1.28108618204495E-0003
 3.95400532309107E+0000	 7.36980104351968E-0004
 3.96019246139383E+0000	 1.93746620531167E-0004
 3.96626608739660E+0000	-3.22436743673328E-0004
 3.97224361257326E+0000	-7.93335156970126E-0004
 3.97814235251275E+0000	-1.20679269056292E-0003
 3.98397855336426E+0000	-1.55505777007464E-0003
 3.98976707161583E+0000	-1.83348597025503E-0003
 3.99552138474286E+0000	-2.03960230569534E-0003
 4.00125375572445E+0000	-2.17245272822432E-0003
 4.00697545770816E+0000	-2.23217643728949E-0003
 4.01269700804072E+0000	-2.21974420914340E-0003
 4.01842838322836E+0000	-2.13681873650002E-0003
 4.02417920164181E+0000	-1.98569899127357E-0003
 4.02995887654448E+0000	-1.76931587139991E-0003
 4.03577676018316E+0000	-1.49125764181145E-0003
 4.04164231601979E+0000	-1.15582793983451E-0003
 4.04756536011806E+0000	-7.68180497330025E-0004
 4.05355638818164E+0000	-3.34630353610398E-0004
 4.05962693325433E+0000	 1.36703062559469E-0004
 4.06578976410360E+0000	 6.34739573151157E-0004
 4.07205852606480E+0000	 1.14364299907361E-0003
 4.07844615843691E+0000	 1.64049640484164E-0003
 4.08496121266394E+0000	 2.09314476911359E-0003
 4.09160148205394E+0000	 2.46000243957215E-0003
 4.09834607095835E+0000	 2.69480140606446E-0003
 4.10515061139856E+0000	 2.75838326172503E-0003
 4.11195251947484E+0000	 2.63398989835832E-0003
 4.11868745083098E+0000	 2.33567577600266E-0003
 4.12530708683075E+0000	 1.90253418783285E-0003
 4.13178696571031E+0000	 1.38392294628125E-0003
 4.13812341087923E+0000	 8.26432392415300E-0004
 4.14432597699114E+0000	 2.67582176038215E-0004
 4.15041068228884E+0000	-2.65117179236293E-0004
 4.15639565350876E+0000	-7.52651580015208E-0004
 4.16229882447403E+0000	-1.18244310599224E-0003
 4.16813692300560E+0000	-1.54652775535946E-0003
 4.17392515653505E+0000	-1.84016094738733E-0003
 4.17967724362672E+0000	-2.06081934555594E-0003
 4.18540560151069E+0000	-2.20751598280373E-0003
 4.19112159072919E+0000	-2.28035109001255E-0003
 4.19683576419128E+0000	-2.28023718656672E-0003
 4.20255809205214E+0000	-2.20874908102805E-0003
 4.20829815077494E+0000	-2.06805618190010E-0003
 4.21406528246744E+0000	-1.86090076994627E-0003
 4.21986875068082E+0000	-1.59059901221893E-0003
 4.22571793646261E+0000	-1.26106863145468E-0003
 4.23162262248548E+0000	-8.76931963311979E-0004
 4.23759338764970E+0000	-4.43802078286684E-0004
 4.24364206232375E+0000	 3.10814542282412E-0005
 4.24978205998829E+0000	 5.37668581600235E-0004
 4.25602819181939E+0000	 1.06120844646733E-0003
 4.26239528485275E+0000	 1.57969795991768E-0003
 4.26889464156602E+0000	 2.06126676494233E-0003
 4.27552749849038E+0000	 2.46324099909841E-0003
 4.28227619572574E+0000	 2.73612040177271E-0003
 4.28909766404877E+0000	 2.83543389123012E-0003
 4.29592721633540E+0000	 2.73879449495739E-0003
 4.30269557529371E+0000	 2.45692250779090E-0003
 4.30934911800272E+0000	 2.02896253939882E-0003
 4.31585974696542E+0000	 1.50658289752464E-0003
 4.32222217038102E+0000	 9.39215630666336E-0004
 4.32844569488807E+0000	 3.66747652838331E-0004
 4.33454673738894E+0000	-1.81658672789258E-0004
 4.34054401880213E+0000	-6.85941297452965E-0004
 4.34645604843065E+0000	-1.13289383216022E-0003
 4.35230003150334E+0000	-1.51418799402384E-0003
 4.35809153846572E+0000	-1.82486996639733E-0003
 4.36384454553023E+0000	-2.06229100674514E-0003
 4.36957163893698E+0000	-2.22537784031815E-0003
 4.37528427604847E+0000	-2.31415589233854E-0003
 4.38099304704613E+0000	-2.32945670306169E-0003
 4.38670790759998E+0000	-2.27275417728499E-0003
 4.39243837194278E+0000	-2.14608183456079E-0003
 4.39819367572136E+0000	-1.95199055639171E-0003
 4.40398294008682E+0000	-1.69352137346412E-0003
 4.40981538726602E+0000	-1.37419769641839E-0003
 4.41570066188973E+0000	-9.98089106182486E-0004
 4.42164928630812E+0000	-5.70059930397804E-0004
 4.42767320657201E+0000	-9.63761946859867E-0005
 4.43378625589011E+0000	 4.14119534658067E-0004
 4.44000416078544E+0000	 9.48081229649376E-0004
 4.44634342651784E+0000	 1.48495979182358E-0003
 4.45281809989713E+0000	 1.99399485055577E-0003
 4.45943334353775E+0000	 2.43247508084553E-0003
 4.46617600220532E+0000	 2.74857068351748E-0003
 4.47300626172419E+0000	 2.89253330528241E-0003
 4.47985911556978E+0000	 2.83501597747660E-0003
 4.48666090127376E+0000	 2.58122655926391E-0003
 4.49335187555442E+0000	 2.16852810611202E-0003
 4.49989892263701E+0000	 1.65006567019975E-0003
 4.50629392882268E+0000	 1.07809761319370E-0003
 4.51254516664448E+0000	 4.95240608399305E-0004
 4.51866902539114E+0000	-6.72530138459089E-0005
 4.52468462491529E+0000	-5.87888394680269E-0004
 4.53061098341900E+0000	-1.05253134265055E-0003
 4.53646578167745E+0000	-1.45226986611148E-0003
 4.54226497988523E+0000	-1.78178573749983E-0003
 4.54802284777424E+0000	-2.03819844904211E-0003
 4.55375217531087E+0000	-2.22027845897033E-0003
 4.55946454471144E+0000	-2.32793360432334E-0003
 4.56517060150574E+0000	-2.36189223677196E-0003
 4.57088029249623E+0000	-2.32352103001315E-0003
 4.57660306017869E+0000	-2.21472368844756E-0003
 4.58234800561111E+0000	-2.03787518082080E-0003
 4.58812405592283E+0000	-1.79576298492330E-0003
 4.59394019265680E+0000	-1.49153914456069E-0003
 4.59980580124220E+0000	-1.12873697326123E-0003
 4.60573117554589E+0000	-7.11468439287735E-0004
 4.61172814168919E+0000	-2.44978243030611E-0004
 4.61781064316916E+0000	 2.63232309881349E-0004
 4.62399494347169E+0000	 8.01511522660134E-0004
 4.63029882883357E+0000	 1.35131493525775E-0003
 4.63673882984641E+0000	 1.88392769578811E-0003
 4.64332424894316E+0000	 2.35796111003690E-0003
 4.65004760743093E+0000	 2.72074196090100E-0003
 4.65687467821846E+0000	 2.91798289607251E-0003
 4.66374282752170E+0000	 2.91236794613998E-0003
 4.67057547449549E+0000	 2.70097963003692E-0003
 4.67730626010942E+0000	 2.31669454523328E-0003
 4.68389539553028E+0000	 1.81260410860629E-0003
 4.69033027255675E+0000	 1.24348846224638E-0003
 4.69661696301691E+0000	 6.55054752706216E-0004
 4.70277117101969E+0000	 8.11982502427778E-0005
 4.70881210544072E+0000	-4.54636035393032E-0004
 4.71475918361185E+0000	-9.36974474483762E-0004
 4.72063055553237E+0000	-1.35601796301424E-0003
 4.72644261242962E+0000	-1.70587050251903E-0003
 4.73220997598734E+0000	-1.98327592397583E-0003
 4.73794569935341E+0000	-2.18675658074215E-0003
 4.74366154172611E+0000	-2.31604965627710E-0003
 4.74936824447547E+0000	-2.37175649582986E-0003
 4.75507577182814E+0000	-2.35513560634691E-0003
 4.76079350415997E+0000	-2.26797893486033E-0003
 4.76653039714123E+0000	-2.11252028325586E-0003
 4.77229514654638E+0000	-1.89134302595039E-0003
 4.77809642009624E+0000	-1.60728859970271E-0003
 4.78394322231962E+0000	-1.26341907344838E-0003
 4.78984543226062E+0000	-8.63149729333692E-0004
 4.79581448651429E+0000	-4.10725906419831E-0004
 4.80186406726331E+0000	 8.77461407155104E-0005
 4.80801049036407E+0000	 6.22510205390467E-0004
 4.81427224622841E+0000	 1.17749286813542E-0003
 4.82066779359243E+0000	 1.72692749162282E-0003
 4.82721035932225E+0000	 2.23224892445841E-0003
 4.83389887424627E+0000	 2.64193671894240E-0003
 4.84070698122358E+0000	 2.89884192464611E-0003
 4.84757787308120E+0000	 2.95757246459633E-0003
 4.85443480351561E+0000	 2.80454927732169E-0003
 4.86120518178108E+0000	 2.46462914019823E-0003
 4.86784093540402E+0000	 1.98833435008273E-0003
 4.87432285395787E+0000	 1.43208404810323E-0003
 4.88065317163034E+0000	 8.44875005948583E-0004
 4.88684592287201E+0000	 2.63855687981227E-0004
 4.89291991392179E+0000	-2.84936179677821E-0004
 4.89889476858416E+0000	-7.84152711370276E-0004
 4.90478907431833E+0000	-1.22270570265335E-0003
 4.91061969954352E+0000	-1.59383670256399E-0003
 4.91640169561947E+0000	-1.89372205445317E-0003
 4.92214846326789E+0000	-2.12051438477646E-0003
 4.92787201699938E+0000	-2.27371066761306E-0003
 4.93358326039486E+0000	-2.35375444865889E-0003
 4.93929222706950E+0000	-2.36179538006327E-0003
 4.94500827119114E+0000	-2.29953861409454E-0003
 4.95074021969689E+0000	-2.16912616926002E-0003
 4.95649652768643E+0000	-1.97301133329615E-0003
 4.96228550236799E+0000	-1.71382266372948E-0003
 4.96811566715426E+0000	-1.39426734877399E-0003
 4.97399631248898E+0000	-1.01718677125091E-0003
 4.97993821529998E+0000	-5.85933754076431E-0004
 4.98595440509175E+0000	-1.05273207794097E-0004
 4.99206071249832E+0000	 4.16995956805679E-0004
 4.99827563480435E+0000	 9.67557450273981E-0004
 5.00461874473505E+0000	 1.52428862164896E-0003
 5.01110648060673E+0000	 2.05281517179993E-0003
 5.01774415628595E+0000	 2.50497556669466E-0003
 5.02451488124091E+0000	 2.82334221321371E-0003
 5.03137128940535E+0000	 2.95580928407244E-0003
 5.03824056796109E+0000	 2.87659337925750E-0003
 5.04504586174064E+0000	 2.59866341568842E-0003
 5.05172991224799E+0000	 2.16631032299408E-0003
 5.05826462111835E+0000	 1.63572985424511E-0003
 5.06464625285713E+0000	 1.05894177409323E-0003
 5.07088575173524E+0000	 4.76862823971845E-0004
 5.07700074801250E+0000	-8.11639694367717E-0005
 5.08301072670672E+0000	-5.95267786036046E-0004
 5.08893461199363E+0000	-1.05256245152868E-0003
 5.09478977499774E+0000	-1.44505781639020E-0003
 5.10059177963768E+0000	-1.76810974814657E-0003
 5.10635447628263E+0000	-2.01933803356854E-0003
 5.11209023607555E+0000	-2.19790317549718E-0003
 5.11781021636612E+0000	-2.30404369294190E-0003
 5.12352459920881E+0000	-2.33879032226653E-0003
 5.12924277877952E+0000	-2.30378283558692E-0003
 5.13497350508102E+0000	-2.20112412701188E-0003
 5.14072502387535E+0000	-2.03322438745763E-0003
 5.14650528027253E+0000	-1.80262349704177E-0003
 5.15232226319197E+0000	-1.51183372470011E-0003
 5.15818454591607E+0000	-1.16330907253401E-0003
 5.16410201634657E+0000	-7.59704213522365E-0004
 5.17008669352357E+0000	-3.04615533810114E-0004
 5.17615340364461E+0000	 1.96009587869144E-0004
 5.18231992913301E+0000	 7.31653793522999E-0004
 5.18860600032637E+0000	 1.28418609442509E-0003
 5.19503014018592E+0000	 1.82437095558589E-0003
 5.20160314142755E+0000	 2.30935521747605E-0003
 5.20831790374639E+0000	 2.68447340951653E-0003
 5.21513926845188E+0000	 2.89388458720277E-0003
 5.22200317663299E+0000	 2.90009020357197E-0003
 5.22883250337737E+0000	 2.70109259574576E-0003
 5.23556157667509E+0000	 2.33044659026695E-0003
 5.24215158992970E+0000	 1.84092713755604E-0003
 5.24859038397013E+0000	 1.28639434123157E-0003
 5.25488389225555E+0000	 7.11659601946978E-0004
 5.26104739618678E+0000	 1.50011787298453E-0004
 5.26709964253200E+0000	-3.75446139944766E-0004
 5.27305965006599E+0000	-8.49425067668720E-0004
 5.27894524981620E+0000	-1.26224218073757E-0003
 5.28477257631999E+0000	-1.60810526775168E-0003
 5.29055603115097E+0000	-1.88388210776298E-0003
 5.29630845554296E+0000	-2.08826004347891E-0003
 5.30204137073581E+0000	-2.22119612789672E-0003
 5.30776520920623E+0000	-2.28356988066100E-0003
 5.31348949970152E+0000	-2.27695912955232E-0003
 5.31922300361294E+0000	-2.20346644644072E-0003
 5.32497383616537E+0000	-2.06553896312514E-0003
 5.33074963835296E+0000	-1.86575714042505E-0003
 5.33655788166783E+0000	-1.60662138526931E-0003
 5.34240637196222E+0000	-1.29043154891946E-0003
 5.34830396194000E+0000	-9.19414049016956E-0004
 5.35426138919815E+0000	-4.96281847508447E-0004
 5.36029204513619E+0000	-2.54030126852126E-0005
 5.36641235359083E+0000	 4.85289597119548E-0004
 5.37264126054730E+0000	 1.02160182940307E-0003
 5.37899805122945E+0000	 1.55978910880394E-0003
 5.38549740139639E+0000	 2.06356029677089E-0003
 5.39214086694082E+0000	 2.48375716705854E-0003
 5.39890643812983E+0000	 2.76480007815259E-0003
 5.40574297192272E+0000	 2.86047927869401E-0003
 5.41257863980392E+0000	 2.75303710028377E-0003
 5.41934262785749E+0000	 2.46107049472947E-0003
 5.42598512398697E+0000	 2.02948402067777E-0003
 5.43248332915850E+0000	 1.51143028300665E-0003
 5.43883586216976E+0000	 9.54914290040025E-0004
 5.44505401062463E+0000	 3.97468102505776E-0004
 5.45115481793706E+0000	-1.33938169828869E-0004
 5.45715691691940E+0000	-6.20966690314776E-0004
 5.46307841515727E+0000	-1.05170397433756E-0003
 5.46893600104552E+0000	-1.41880310484921E-0003
 5.47474469540486E+0000	-1.71809249201685E-0003
 5.48051791390557E+0000	-1.94759525245976E-0003
 5.48626765606719E+0000	-2.10686806499260E-0003
 5.49200471851398E+0000	-2.19657202238422E-0003
 5.49773887724183E+0000	-2.21819438558311E-0003
 5.50347902078041E+0000	-2.17384411950135E-0003
 5.50923325461601E+0000	-2.06605400519740E-0003
 5.51500903520842E+0000	-1.89754894712242E-0003
 5.52081341716772E+0000	-1.67098972708813E-0003
 5.52665349234698E+0000	-1.38876876117959E-0003
 5.53253705169953E+0000	-1.05300036865567E-0003
 5.53847341249780E+0000	-6.65885754280348E-0004
 5.54447424586386E+0000	-2.30624942349853E-0004
 5.55055413169874E+0000	 2.46999213363348E-0004
 5.55673044367190E+0000	 7.56313438044246E-0004
 5.56302196891390E+0000	 1.27881853892159E-0003
 5.56944538755221E+0000	 1.78513782855681E-0003
 5.57600868774295E+0000	 2.23338276529134E-0003
 5.58270180386573E+0000	 2.57207725917312E-0003
 5.58948850544079E+0000	 2.75113634266915E-0003
 5.59630775458716E+0000	 2.73947916161151E-0003
 5.60308919916753E+0000	 2.53860364221057E-0003
 5.60977429980131E+0000	 2.18083845891926E-0003
 5.61632865542282E+0000	 1.71466415274529E-0003
 5.62274136814058E+0000	 1.18930836852767E-0003
 5.62901772028098E+0000	 6.46105898876338E-0004
 5.63517166883069E+0000	 1.16206070429976E-0004
 5.64122065043145E+0000	-3.78451483927469E-0004
 5.64718263965893E+0000	-8.23170280039735E-0004
 5.65307471906919E+0000	-1.20858597259698E-0003
 5.65891251358860E+0000	-1.52913414705392E-0003
 5.66471007444400E+0000	-1.78192120064726E-0003
 5.67047997485635E+0000	-1.96593293021055E-0003
 5.67623348314683E+0000	-2.08150180236645E-0003
 5.68198073571013E+0000	-2.12995613849287E-0003
 5.68773087127652E+0000	-2.11337496264742E-0003
 5.69349212665594E+0000	-2.03437505291244E-0003
 5.69927193608761E+0000	-1.89587371145594E-0003
 5.70507711172588E+0000	-1.70081169908301E-0003
 5.71091419339835E+0000	-1.45188541045861E-0003
 5.71679002353748E+0000	-1.15140994517357E-0003
 5.72271252383861E+0000	-8.01486041546442E-0004
 5.72869154270225E+0000	-4.04647040130413E-0004
 5.73473953759034E+0000	 3.48852953541149E-0005
 5.74087176168750E+0000	 5.09283526489901E-0004
 5.74710549958925E+0000	 1.00459009759652E-0003
 5.75345769604526E+0000	 1.49788229713340E-0003
 5.75994015933300E+0000	 1.95505209030148E-0003
 5.76655198456935E+0000	 2.33133785822269E-0003
 5.77327106471168E+0000	 2.57781063836636E-0003
 5.78005051137356E+0000	 2.65515495214576E-0003
 5.78682668704418E+0000	 2.54910534898136E-0003
 5.79353728619692E+0000	 2.27631779963472E-0003
 5.80013768403207E+0000	 1.87606163934564E-0003
 5.80660627565453E+0000	 1.39547308869404E-0003
 5.81294040074584E+0000	 8.78141916405325E-0004
 5.81914925681215E+0000	 3.59050998780160E-0004
 5.82524793160564E+0000	-1.36024747561544E-0004
 5.83125357056754E+0000	-5.89174864798243E-0004
 5.83718328005187E+0000	-9.88572469393366E-0004
 5.84305313117618E+0000	-1.32687537465798E-0003
 5.84887778253075E+0000	-1.59997122722935E-0003
 5.85467042495881E+0000	-1.80605427518932E-0003
 5.86044287692077E+0000	-1.94497486916666E-0003
 5.86620572881214E+0000	-2.01779641654415E-0003
 5.87196847583683E+0000	-2.02649204594653E-0003
 5.87773961509462E+0000	-1.97370935072280E-0003
 5.88352672412811E+0000	-1.86253632089007E-0003
 5.88933658106004E+0000	-1.69622817512515E-0003
 5.89517541394142E+0000	-1.47790956121022E-0003
 5.90104935707977E+0000	-1.21034071939864E-0003
 5.90696513106204E+0000	-8.95902937878642E-0004
 5.91293086032350E+0000	-5.36983432627322E-0004
 5.91895683079573E+0000	-1.36904714118457E-0004
 5.92505589990160E+0000	 2.98536208806663E-0004
 5.93124318999833E+0000	 7.58953868441194E-0004
 5.93753457569825E+0000	 1.22687714489210E-0003
 5.94394332726288E+0000	 1.67542875041105E-0003
 5.95047438237521E+0000	 2.06753805656825E-0003
 5.95711685055129E+0000	 2.35910629724619E-0003
 5.96383816834826E+0000	 2.50838007403329E-0003
 5.97058590902091E+0000	 2.48984857862174E-0003
 5.97730013898390E+0000	 2.30464154690666E-0003
 5.98392997308004E+0000	 1.97942219522473E-0003
 5.99044388027724E+0000	 1.55530231749928E-0003
 5.99683016960475E+0000	 1.07545947876343E-0003
 6.00309172897212E+0000	 5.77446462069449E-0004
 6.00923996578177E+0000	 9.05240039461761E-0005
 6.01529024834729E+0000	-3.64073437951573E-0004
 6.02125910264195E+0000	-7.71763620332256E-0004
 6.02716270082850E+0000	-1.12309340923818E-0003
 6.03301614467481E+0000	-1.41242597457250E-0003
 6.03883319646568E+0000	-1.63691479342187E-0003
 6.04462624734353E+0000	-1.79574150509912E-0003
 6.05040639798769E+0000	-1.88957081245714E-0003
 6.05618357266067E+0000	-1.92016999219976E-0003
 6.06196661948536E+0000	-1.89013315586331E-0003
 6.06776338544820E+0000	-1.80264442360453E-0003
 6.07358079808825E+0000	-1.66122343692744E-0003
 6.07942502586318E+0000	-1.46943368181508E-0003
 6.08530180361685E+0000	-1.23059960049059E-0003
 6.09121697636131E+0000	-9.47653925923357E-0004
 6.09717722877538E+0000	-6.23286772288620E-0004
 6.10319085356946E+0000	-2.60559968589318E-0004
 6.10926830976887E+0000	 1.35919594583510E-0004
 6.11542225062955E+0000	 5.58278322239400E-0004
 6.12166663306738E+0000	 9.93245912165342E-0004
 6.12801442854443E+0000	 1.41998476459875E-0003
 6.13447345117260E+0000	 1.80873649061935E-0003
 6.14104034099307E+0000	 2.12194481560202E-0003
 6.14769444775778E+0000	 2.31997010100205E-0003
 6.15439587593485E+0000	 2.37180490314815E-0003
 6.16109198994576E+0000	 2.26644400318541E-0003
 6.16773095498008E+0000	 2.01726603634135E-0003
 6.17427428423221E+0000	 1.65625338384145E-0003
 6.18070175415039E+0000	 1.22302888796531E-0003
 6.18700913874448E+0000	 7.55617251180136E-0004
 6.19320303364064E+0000	 2.85694328169385E-0004
 6.19929602229006E+0000	-1.62574373554690E-0004
 6.20530329050840E+0000	-5.71872015677933E-0004
 6.21124059329957E+0000	-9.30477021691436E-0004
 6.21712315669246E+0000	-1.23100416065837E-0003
 6.22296514756738E+0000	-1.46934001926888E-0003
 6.22877946892146E+0000	-1.64380460256281E-0003
 6.23457773430528E+0000	-1.75451712416501E-0003
 6.24037032976302E+0000	-1.80293175677887E-0003
 6.24616650144886E+0000	-1.79150183037473E-0003
 6.25197443353057E+0000	-1.72342010417774E-0003
 6.25780131675411E+0000	-1.60237740561508E-0003
 6.26365345084448E+0000	-1.43229762116284E-0003
 6.26953645646070E+0000	-1.21705353600621E-0003
 6.27545566961599E+0000	-9.60238733583540E-0004
