-1.33440913454997E-0003	-1.55813674558658E-0003
 4.51547358662579E-0003	-1.24523698219547E-0003
 1.04335717263563E-0002	-8.82906450390035E-0004
 1.64276024913522E-0002	-4.85086740896540E-0004
 2.25024889222749E-0002	-6.66670704879185E-0005
 2.86603909559991E-0002	 3.57237254645063E-0004
 3.49010954306359E-0002	 7.71864054816860E-0004
 4.12226267491505E-0002	 1.16297178941865E-0003
 4.76217244864697E-0002	 1.51645116855249E-0003
 5.40937370485721E-0002	 1.81752602146104E-0003
 6.06316076326575E-0002	 2.05002743532608E-0003
 6.72239864697417E-0002	 2.19646563427862E-0003
 7.38530523706052E-0002	 2.23963107180425E-0003
 8.04932506555874E-0002	 2.16601960414330E-0003
 8.71124025370515E-0002	 1.97032526162456E-0003
 9.36758189683890E-0002	 1.65903495845588E-0003
 1.00152236786663E-0001	 1.25102159413620E-0003
 1.06519056751770E-0001	 7.74588803862002E-0004
 1.12764857109852E-0001	 2.62448415306564E-0004
 1.18888925752847E-0001	-2.53154439695464E-0004
 1.24898943708110E-0001	-7.43740173836047E-0004
 1.30808189867298E-0001	-1.18608713092079E-0003
 1.36633144338002E-0001	-1.56240282006874E-0003
 1.42391800218215E-0001	-1.85979930445759E-0003
 1.48102646183522E-0001	-2.06954808741219E-0003
 1.53784148808236E-0001	-2.18639146896046E-0003
 1.59454548536753E-0001	-2.20803918778960E-0003
 1.65131810493005E-0001	-2.13489154548087E-0003
 1.70833602167419E-0001	-1.96998338366226E-0003
 1.76577191653303E-0001	-1.71911500870645E-0003
 1.82379173825905E-0001	-1.39110947897640E-0003
 1.88254947364995E-0001	-9.98100152650777E-0004
 1.94217899037681E-0001	-5.55706252754000E-0004
 2.00278322844472E-0001	-8.29103223344711E-0005
 2.06442221855044E-0001	 3.98554613464889E-0004
 2.12710285766353E-0001	 8.65412806429445E-0004
 2.19077417027486E-0001	 1.29453556126006E-0003
 2.25533059470124E-0001	 1.66472126325596E-0003
 2.32062230792980E-0001	 1.95804759353168E-0003
 2.38646787852356E-0001	 2.16049803255998E-0003
 2.45266394642143E-0001	 2.26202740015579E-0003
 2.51898998733491E-0001	 2.25656718902844E-0003
 2.58521092529906E-0001	 2.14242505913204E-0003
 2.65108318818087E-0001	 1.92314020701053E-0003
 2.71636864550005E-0001	 1.60834527767350E-0003
 2.78085568848901E-0001	 1.21392588690086E-0003
 2.84438115126906E-0001	 7.61038028449588E-0004
 2.90684552681779E-0001	 2.74144073269334E-0004
 2.96821745610373E-0001	-2.21334598679562E-0004
 3.02852825670308E-0001	-7.01119129348684E-0004
 3.08786024141379E-0001	-1.14355024115896E-0003
 3.14633309120122E-0001	-1.53036380550496E-0003
 3.20409145984545E-0001	-1.84689516723080E-0003
 3.26129544303825E-0001	-2.08192380699683E-0003
 3.31811427811625E-0001	-2.22736146723944E-0003
 3.37472287769781E-0001	-2.27793927055331E-0003
 3.43130045166949E-0001	-2.23099833767299E-0003
 3.48803034759554E-0001	-2.08644944908870E-0003
 3.54510016913059E-0001	-1.84694129993992E-0003
 3.60270110080144E-0001	-1.51825637062702E-0003
 3.66102512395718E-0001	-1.10992533189779E-0003
 3.72025848833129E-0001	-6.35996951128998E-0004
 3.78056960437649E-0001	-1.15798940280415E-0004
 3.84208993167643E-0001	 4.25637078235549E-0004
 3.90488830057809E-0001	 9.58004425718357E-0004
 3.96894319539150E-0001	 1.44760135658327E-0003
 4.03412305022776E-0001	 1.86095914411100E-0003
 4.10018728932521E-0001	 2.16965819536903E-0003
 4.16681476918795E-0001	 2.35474967699662E-0003
 4.23365208630169E-0001	 2.40899535773584E-0003
 4.30036311576702E-0001	 2.33622876808371E-0003
 4.36666306064688E-0001	 2.14864443821893E-0003
 4.43233173465592E-0001	 1.86352006612941E-0003
 4.49721127428344E-0001	 1.50054074877838E-0003
 4.56119707860645E-0001	 1.08011964766387E-0003
 4.62422848679466E-0001	 6.22524383956766E-0004
 4.68628176906701E-0001	 1.47448317983810E-0004
 4.74736548123136E-0001	-3.26247231996968E-0004
 4.80751733838316E-0001	-7.80766164830818E-0004
 4.86680164196021E-0001	-1.19963722908308E-0003
 4.92530654030978E-0001	-1.56798471268096E-0003
 4.98314088680732E-0001	-1.87276259752713E-0003
 5.04043093987608E-0001	-2.10291237814711E-0003
 5.09731739522320E-0001	-2.24943824524204E-0003
 5.15395320895132E-0001	-2.30542968322346E-0003
 5.21050246318374E-0001	-2.26608668635136E-0003
 5.26714025856710E-0001	-2.12881540991544E-0003
 5.32405333717856E-0001	-1.89346744437606E-0003
 5.38144081105420E-0001	-1.56279868931226E-0003
 5.43951390063664E-0001	-1.14322251055571E-0003
 5.49849284920059E-0001	-6.45913212456062E-0004
 5.55859809603359E-0001	-8.82461248739196E-0005
 5.62003156019168E-0001	 5.04624286414503E-0004
 5.68294352658066E-0001	 1.09863151254300E-0003
 5.74738377108854E-0001	 1.65128507861193E-0003
 5.81324607447929E-0001	 2.11540858748274E-0003
 5.88023279735571E-0001	 2.44708147672096E-0003
 5.94787558685812E-0001	 2.61601218240710E-0003
 6.01562474157962E-0001	 2.61329169210760E-0003
 6.08296949646463E-0001	 2.45182440068003E-0003
 6.14952743760407E-0001	 2.15971017223114E-0003
 6.21507139413122E-0001	 1.77121575333089E-0003
 6.27950681497978E-0001	 1.31970634786500E-0003
 6.34282996719195E-0001	 8.34018887945164E-0004
 6.40508920902601E-0001	 3.37587998520693E-0004
 6.46635787862758E-0001	-1.50942365025874E-0004
 6.52671875967363E-0001	-6.16589761270704E-0004
 6.58625715077803E-0001	-1.04691205034812E-0003
 6.64505945712212E-0001	-1.43111996513972E-0003
 6.70321485170864E-0001	-1.75949209426776E-0003
 6.76081820305979E-0001	-2.02307841121102E-0003
 6.81797308625245E-0001	-2.21363304637578E-0003
 6.87479429756598E-0001	-2.32370100940175E-0003
 6.93140980133400E-0001	-2.34679489954837E-0003
 6.98796235926200E-0001	-2.27762831927219E-0003
 7.04461119492806E-0001	-2.11241180261384E-0003
 7.10153394869878E-0001	-1.84925688515873E-0003
 7.15892889503724E-0001	-1.48877236207198E-0003
 7.21701686961280E-0001	-1.03497439980126E-0003
 7.27604140867570E-0001	-4.96664044852884E-0004
 7.33626391214570E-0001	 1.10575986389281E-0004
 7.39794785839404E-0001	 7.61734478477804E-0004
 7.46132255682561E-0001	 1.41948248565704E-0003
 7.52651581107582E-0001	 2.03250693527887E-0003
 7.59345578250087E-0001	 2.53820674045746E-0003
 7.66177811603224E-0001	 2.87358477272764E-0003
 7.73082077874587E-0001	 2.99400815876343E-0003
 7.79977046751809E-0001	 2.89004030640852E-0003
 7.86789753482864E-0001	 2.58923218166045E-0003
 7.93472375324852E-0001	 2.14194718930178E-0003
 8.00004572456943E-0001	 1.60327577660377E-0003
 8.06386314762110E-0001	 1.02125673301740E-0003
 8.12628980689280E-0001	 4.32824164494399E-0004
 8.18748690491761E-0001	-1.35598463041953E-0004
 8.24762410143211E-0001	-6.65800406857134E-0004
 8.30686085761908E-0001	-1.14534475001244E-0003
 8.36533993827109E-0001	-1.56554953558878E-0003
 8.42318749133713E-0001	-1.91998240290860E-0003
 8.48051649812899E-0001	-2.20340938239228E-0003
 8.53743184773855E-0001	-2.41111607796165E-0003
 8.59403604022336E-0001	-2.53853171580169E-0003
 8.65043491349127E-0001	-2.58109869633682E-0003
 8.70674305978517E-0001	-2.53433857231183E-0003
 8.76308884502888E-0001	-2.39407682520925E-0003
 8.81961915962712E-0001	-2.15681056956851E-0003
 8.87650415319975E-0001	-1.82023935179272E-0003
 8.93394215251898E-0001	-1.38403161589836E-0003
 8.99216459105045E-0001	-8.50970496575782E-0004
 9.05143979628075E-0001	-2.28712389321616E-0004
 9.11207227010226E-0001	 4.67520082232296E-0004
 9.17438958005863E-0001	 1.21100292775426E-0003
 9.23870118777001E-0001	 1.95847023430890E-0003
 9.30520538632302E-0001	 2.64574278619780E-0003
 9.37382992526628E-0001	 3.18942641420496E-0003
 9.44405863797215E-0001	 3.50337536605627E-0003
 9.51491378483503E-0001	 3.53147275020352E-0003
 9.58523817246455E-0001	 3.27588745240638E-0003
 9.65411229748368E-0001	 2.79319107144147E-0003
 9.72106938562669E-0001	 2.16344588935958E-0003
 9.78603519051601E-0001	 1.46139807213608E-0003
 9.84916252964423E-0001	 7.44099118461750E-0004
 9.91069549169893E-0001	 5.05421544595564E-0005
 9.97089258480833E-0001	-5.94290366183708E-0004
 1.00299924986170E+0000	-1.17504888075801E-0003
 1.00882029878172E+0000	-1.68256828439803E-0003
 1.01457005838273E+0000	-2.11143438239991E-0003
 1.02026348569053E+0000	-2.45834019045755E-0003
 1.02591343805280E+0000	-2.72099914262831E-0003
 1.03153132275190E+0000	-2.89744677011211E-0003
 1.03712775570897E+0000	-2.98562557470131E-0003
 1.04271321276583E+0000	-2.98319228638760E-0003
 1.04829866671280E+0000	-2.88751379921172E-0003
 1.05389620906624E+0000	-2.69583542239437E-0003
 1.05951966260319E+0000	-2.40562207558502E-0003
 1.06518519696655E+0000	-2.01509899451769E-0003
 1.07091195700331E+0000	-1.52406191440631E-0003
 1.07672268482511E+0000	-9.35095052141857E-0004
 1.08264422773982E+0000	-2.55431908616388E-0004
 1.08870760666438E+0000	 5.00198438916366E-0004
 1.09494685144446E+0000	 1.30537631839051E-0003
 1.10139496111304E+0000	 2.11649041646370E-0003
 1.10807436232385E+0000	 2.86764251500463E-0003
 1.11497997592964E+0000	 3.47161251185679E-0003
 1.12205998130160E+0000	 3.83656490557234E-0003
 1.12921263470485E+0000	 3.90111115314829E-0003
 1.13631583026075E+0000	 3.66554315759938E-0003
 1.14327213940794E+0000	 3.18835449671015E-0003
 1.15003212284102E+0000	 2.55309959765352E-0003
 1.15658777547330E+0000	 1.83756886706933E-0003
 1.16295479825444E+0000	 1.10078740360670E-0003
 1.16915824684312E+0000	 3.82808403563981E-0004
 1.17522451192535E+0000	-2.90936932981276E-0004
 1.18117778064271E+0000	-9.05023172297460E-0004
 1.18703889643663E+0000	-1.45041586161668E-0003
 1.19282533966752E+0000	-1.92191917118791E-0003
 1.19855168598194E+0000	-2.31644932769000E-0003
 1.20423024645419E+0000	-2.63189977857677E-0003
 1.20987175799854E+0000	-2.86642883492424E-0003
 1.21548606447638E+0000	-3.01805828274390E-0003
 1.22108275937943E+0000	-3.08451005624445E-0003
 1.22667177543144E+0000	-3.06323168743767E-0003
 1.23226391603904E+0000	-2.95157735897903E-0003
 1.23787133130287E+0000	-2.74712672409738E-0003
 1.24350794574036E+0000	-2.44814305430350E-0003
 1.24918984139425E+0000	-2.05419867962673E-0003
 1.25493558066362E+0000	-1.56703010980859E-0003
 1.26076640457362E+0000	-9.91724990566091E-0004
 1.26670614209788E+0000	-3.38375301251000E-0004
 1.27278048335884E+0000	 3.75684308181740E-0004
 1.27901498374898E+0000	 1.12310057580158E-0003
 1.28543085632759E+0000	 1.86376136374607E-0003
 1.29203768554373E+0000	 2.54379792852555E-0003
 1.29882365103855E+0000	 3.09953898669513E-0003
 1.30574755717960E+0000	 3.46956854965982E-0003
 1.31274054797049E+0000	 3.61307525741060E-0003
 1.31972178891439E+0000	 3.52429807449805E-0003
 1.32662048552376E+0000	 3.23218240819789E-0003
 1.33339043705182E+0000	 2.78631450998874E-0003
 1.34001152476584E+0000	 2.24025299090814E-0003
 1.34648293790931E+0000	 1.64075711386184E-0003
 1.35281487252866E+0000	 1.02394539710132E-0003
 1.35902216099232E+0000	 4.15736341152175E-0004
 1.36512040733274E+0000	-1.65996757236669E-0004
 1.37112407319628E+0000	-7.09003920280929E-0004
 1.37704582782822E+0000	-1.20457520087585E-0003
 1.38289663470695E+0000	-1.64597928936613E-0003
 1.38868621378819E+0000	-2.02742903903190E-0003
 1.39442363877786E+0000	-2.34350477360822E-0003
 1.40011791713168E+0000	-2.58893414252772E-0003
 1.40577847107854E+0000	-2.75861973574379E-0003
 1.41141549330759E+0000	-2.84781833798304E-0003
 1.41704018770875E+0000	-2.85240271857442E-0003
 1.42266492231720E+0000	-2.76916938329380E-0003
 1.42830332115630E+0000	-2.59618590392099E-0003
 1.43397030851377E+0000	-2.33319503272694E-0003
 1.43968209642064E+0000	-1.98210836306403E-0003
 1.44545607407317E+0000	-1.54762832294030E-0003
 1.45131051516207E+0000	-1.03802889555921E-0003
 1.45726396566380E+0000	-4.66091124173453E-0004
 1.46333411989245E+0000	 1.49891103613290E-0004
 1.46953596944420E+0000	 7.85271392358125E-0004
 1.47587909358897E+0000	 1.40884367770519E-0003
 1.48236426714889E+0000	 1.98397022659788E-0003
 1.48898016230334E+0000	 2.47175951839194E-0003
 1.49570161305712E+0000	 2.83644430026785E-0003
 1.50249106182734E+0000	 3.05186439738769E-0003
 1.50930375375591E+0000	 3.10669814922566E-0003
 1.51609525422066E+0000	 3.00604228573273E-0003
 1.52282840048421E+0000	 2.76861469823386E-0003
 1.52947717712093E+0000	 2.42111472561460E-0003
 1.53602688946304E+0000	 1.99235847101587E-0003
 1.54247179447480E+0000	 1.50916288390642E-0003
 1.54881193153530E+0000	 9.94535727999804E-0004
 1.55505045327396E+0000	 4.67657657632007E-0004
 1.56119200338310E+0000	-5.52324699253198E-0005
 1.56724209322898E+0000	-5.59822163476610E-0004
 1.57320712127127E+0000	-1.03303115731179E-0003
 1.57909462883454E+0000	-1.46275916223669E-0003
 1.58491350279769E+0000	-1.83797197143780E-0003
 1.59067400658543E+0000	-2.14894361822348E-0003
 1.59638765306960E+0000	-2.38750505974279E-0003
 1.60206699085691E+0000	-2.54722654683717E-0003
 1.60772537349534E+0000	-2.62352748534886E-0003
 1.61337675177379E+0000	-2.61374354875809E-0003
 1.61903549723654E+0000	-2.51718966754609E-0003
 1.62471624082269E+0000	-2.33525045254637E-0003
 1.63043369546300E+0000	-2.07151528285268E-0003
 1.63620242398709E+0000	-1.73195782033479E-0003
 1.64203651308266E+0000	-1.32514054132781E-0003
 1.64794912111118E+0000	-8.62405396600897E-0004
 1.65395188327344E+0000	-3.57995148266271E-0004
 1.66005418020747E+0000	 1.70958715052442E-0004
 1.66626229864212E+0000	 7.04643163024543E-0004
 1.67257852546308E+0000	 1.22102027171387E-0003
 1.67900022096670E+0000	 1.69659559537761E-0003
 1.68551894851563E+0000	 2.10760023906214E-0003
 1.69211985980658E+0000	 2.43171871046991E-0003
 1.69878174524185E+0000	 2.65037541991233E-0003
 1.70547825144159E+0000	 2.75120370066340E-0003
 1.71218041805366E+0000	 2.72984964192881E-0003
 1.71885991143974E+0000	 2.59024700248951E-0003
 1.72549177362610E+0000	 2.34323471729301E-0003
 1.73205581039942E+0000	 2.00434168317347E-0003
 1.73853669526971E+0000	 1.59184741632067E-0003
 1.74492357411561E+0000	 1.12564481758325E-0003
 1.75120987229965E+0000	 6.26638484568015E-0004
 1.75739341195613E+0000	 1.16114586429211E-0004
 1.76347648945055E+0000	-3.85196582058240E-0004
 1.76946557079717E+0000	-8.58212444868630E-0004
 1.77537055845487E+0000	-1.28641663815153E-0003
 1.78120382708835E+0000	-1.65639184074704E-0003
 1.78697927125990E+0000	-1.95795745744367E-0003
 1.79271151896407E+0000	-2.18402996114513E-0003
 1.79841535461366E+0000	-2.33034729326382E-0003
 1.80410532326297E+0000	-2.39516298053420E-0003
 1.80979546042623E+0000	-2.37896594666216E-0003
 1.81549909387627E+0000	-2.28424121864546E-0003
 1.82122868077365E+0000	-2.11526106809750E-0003
 1.82699566633715E+0000	-1.87788574129851E-0003
 1.83281037284968E+0000	-1.57935753507446E-0003
 1.83868194310595E+0000	-1.22809112397879E-0003
 1.84461836121282E+0000	-8.33492960623567E-0004
 1.85062654713882E+0000	-4.05872181457825E-0004
 1.85671246797656E+0000	 4.34846586828252E-0005
 1.86288114192575E+0000	 5.02034986405887E-0004
 1.86913636224436E+0000	 9.55546008170249E-0004
 1.87547998298162E+0000	 1.38768841614423E-0003
 1.88191073008541E+0000	 1.77997823832427E-0003
 1.88842274279733E+0000	 2.11243505442415E-0003
 1.89500433791909E+0000	 2.36516888126005E-0003
 1.90163762211352E+0000	 2.52070648345206E-0003
 1.90829932488170E+0000	 2.56641508899464E-0003
 1.91496264428239E+0000	 2.49629065931227E-0003
 1.92159949759676E+0000	 2.31182651280790E-0003
 1.92818277994920E+0000	 2.02218151772946E-0003
 1.93468868543342E+0000	 1.64379322023578E-0003
 1.94109907352343E+0000	 1.19914475163738E-0003
 1.94740331198776E+0000	 7.14434095331795E-0004
 1.95359885328777E+0000	 2.16558503844523E-0004
 1.95969036100400E+0000	-2.69671797509205E-0004
 1.96568789634528E+0000	-7.23372238614032E-0004
 1.97160489465943E+0000	-1.12833150385069E-0003
 1.97745643648164E+0000	-1.47294580024098E-0003
 1.98325798934386E+0000	-1.74971831199064E-0003
 1.98902458203342E+0000	-1.95460927647196E-0003
 1.99477029635353E+0000	-2.08638851828911E-0003
 2.00050796848728E+0000	-2.14604232501942E-0003
 2.00624903163344E+0000	-2.13623397082715E-0003
 2.01200347422560E+0000	-2.06080338996442E-0003
 2.01777991878868E+0000	-1.92430458432468E-0003
 2.02358583669699E+0000	-1.73160745558656E-0003
 2.02942789962053E+0000	-1.48762018483919E-0003
 2.03531243224734E+0000	-1.19720383140698E-0003
 2.04124588485793E+0000	-8.65340739589953E-0004
 2.04723520548713E+0000	-4.97580599117778E-0004
 2.05328797312500E+0000	-1.00731016071218E-0004
 2.05941215989906E+0000	 3.16305535171233E-0004
 2.06561542159265E+0000	 7.41714288041126E-0004
 2.07190388099442E+0000	 1.16020504548038E-0003
 2.07828048852613E+0000	 1.55298979964142E-0003
 2.08474322501630E+0000	 1.89856598421285E-0003
 2.09128358569459E+0000	 2.17440522145456E-0003
 2.09788580559851E+0000	 2.35936154378698E-0003
 2.10452708595358E+0000	 2.43640283745246E-0003
 2.11117887004191E+0000	 2.39530525456702E-0003
 2.11780926145418E+0000	 2.23500551395877E-0003
 2.12438669906996E+0000	 1.96498905108548E-0003
 2.13088439245175E+0000	 1.60473976004698E-0003
 2.13728408272207E+0000	 1.18081485062646E-0003
 2.14357766060617E+0000	 7.22448784530162E-0004
 2.14976634561061E+0000	 2.57376332636253E-0004
 2.15585833198389E+0000	-1.90915459855311E-0004
 2.16186608775134E+0000	-6.04312400413395E-0004
 2.16780406204217E+0000	-9.70028205208743E-0004
 2.17368703613952E+0000	-1.27994649282411E-0003
 2.17952905672425E+0000	-1.52973892707106E-0003
 2.18534280633383E+0000	-1.71795545295219E-0003
 2.19113929141649E+0000	-1.84515954195091E-0003
 2.19692778136171E+0000	-1.91313283014396E-0003
 2.20271597055272E+0000	-1.92417451575202E-0003
 2.20851034385218E+0000	-1.88054255772625E-0003
 2.21431670518487E+0000	-1.78410023067623E-0003
 2.22014079359259E+0000	-1.63622529966251E-0003
 2.22598888254923E+0000	-1.43800705286390E-0003
 2.23186825225166E+0000	-1.19071147733035E-0003
 2.23778744135136E+0000	-8.96456005151771E-0004
 2.24375621030663E+0000	-5.59013069801442E-0004
 2.24978516803878E+0000	-1.84650376946171E-0004
 2.25588502492882E+0000	 2.17101594040964E-0004
 2.26206545578199E+0000	 6.32900189479369E-0004
 2.26833361454119E+0000	 1.04544846025693E-0003
 2.27469245087077E+0000	 1.43395914680389E-0003
 2.28113909846059E+0000	 1.77534948859057E-0003
 2.28766365114659E+0000	 2.04614610117999E-0003
 2.29424859208275E+0000	 2.22497239543990E-0003
 2.30086913825474E+0000	 2.29547994392388E-0003
 2.30749492101092E+0000	 2.24944531605623E-0003
 2.31409339678395E+0000	 2.08922305046902E-0003
 2.32063461126400E+0000	 1.82825331311788E-0003
 2.32709577190355E+0000	 1.48883469908676E-0003
 2.33346383415521E+0000	 1.09786471647283E-0003
 2.33973544426908E+0000	 6.82313395618223E-0004
 2.34591496060576E+0000	 2.65906612523149E-0004
 2.35201177250169E+0000	-1.32527174244925E-0004
 2.35803781378243E+0000	-4.99359801340734E-0004
 2.36400565123307E+0000	-8.25645040430990E-0004
 2.36992719221187E+0000	-1.10620237098337E-0003
 2.37581293213327E+0000	-1.33855959476235E-0003
 2.38167165405380E+0000	-1.52190043327110E-0003
 2.38751051056734E+0000	-1.65611962423158E-0003
 2.39333541750420E+0000	-1.74107953990280E-0003
 2.39915166324800E+0000	-1.77615167911869E-0003
 2.40496460646815E+0000	-1.76009138488801E-0003
 2.41078032511075E+0000	-1.69123791564188E-0003
 2.41660610288604E+0000	-1.56797750394332E-0003
 2.42245068527077E+0000	-1.38937773961531E-0003
 2.42832428073472E+0000	-1.15590341118355E-0003
 2.43423830532720E+0000	-8.70142605170056E-0004
 2.44020486816108E+0000	-5.37484796842225E-0004
 2.44623598710697E+0000	-1.66683459244201E-0004
 2.45234253249886E+0000	 2.29795813296241E-0004
 2.45853294203274E+0000	 6.35773648625659E-0004
 2.46481182923829E+0000	 1.03183108837247E-0003
 2.47117867939914E+0000	 1.39632530139787E-0003
 2.47762683500165E+0000	 1.70691893017534E-0003
 2.48414293143651E+0000	 1.94255571755514E-0003
 2.49070697664695E+0000	 2.08583782837851E-0003
 2.49729343321889E+0000	 2.12565347943518E-0003
 2.50387368601934E+0000	 2.05948681061908E-0003
 2.51041976198467E+0000	 1.89441204790155E-0003
 2.51690829063559E+0000	 1.64599946356577E-0003
 2.52332330888726E+0000	 1.33534756469983E-0003
 2.52965709515782E+0000	 9.85376876369217E-0004
 2.53590920894609E+0000	 6.17622699059311E-0004
 2.54208451063226E+0000	 2.50201746388320E-0004
 2.54819095130032E+0000	-1.02991359008710E-0004
 2.55423764687004E+0000	-4.32136033192142E-0004
 2.56023347553485E+0000	-7.30737880710393E-0004
 2.56618626455393E+0000	-9.94590427171257E-0004
 2.57210253946046E+0000	-1.22069746987552E-0003
 2.57798774641295E+0000	-1.40635893239096E-0003
 2.58384680275042E+0000	-1.54856945080233E-0003
 2.58968479175034E+0000	-1.64380315298067E-0003
 2.59550761797245E+0000	-1.68816841981031E-0003
 2.60132248590957E+0000	-1.67784277820362E-0003
 2.60713813575159E+0000	-1.60966697361588E-0003
 2.61296483209053E+0000	-1.48179043139722E-0003
 2.61881413184944E+0000	-1.29429598975123E-0003
 2.62469845636729E+0000	-1.04976228593620E-0003
 2.63063047612589E+0000	-7.53729684718298E-0004
 2.63662230766674E+0000	-4.15018114770088E-0004
 2.64268453985810E+0000	-4.58162504401730E-0005
 2.64882515655992E+0000	 3.38552225145357E-0004
 2.65504848554837E+0000	 7.20249435313493E-0004
 2.66135433417503E+0000	 1.07991792279719E-0003
 2.66773743460383E+0000	 1.39795822451163E-0003
 2.67418724896171E+0000	 1.65599080076811E-0003
 2.68068817900190E+0000	 1.83845992044040E-0003
 2.68722032471868E+0000	 1.93432620450216E-0003
 2.69376099341571E+0000	 1.93860643358449E-0003
 2.70028696841999E+0000	 1.85328024646043E-0003
 2.70677714266941E+0000	 1.68708865548395E-0003
 2.71321482363115E+0000	 1.45410842601907E-0003
 2.71958907710249E+0000	 1.17147016351705E-0003
 2.72589484578134E+0000	 8.56882682854642E-0004
 2.73213201126488E+0000	 5.26605440661413E-0004
 2.73830385346528E+0000	 1.94254626618300E-0004
 2.74441542343583E+0000	-1.29493872996861E-0004
 2.75047223475803E+0000	-4.36490476336611E-0004
 2.75647949426994E+0000	-7.20297572877756E-0004
 2.76244190942330E+0000	-9.75302441483945E-0004
 2.76836396210227E+0000	-1.19602541068609E-0003
 2.77425044697719E+0000	-1.37678133064544E-0003
 2.78010705142769E+0000	-1.51172368736742E-0003
 2.78594080085375E+0000	-1.59519429623597E-0003
 2.79176027758492E+0000	-1.62224976453816E-0003
 2.79757560087417E+0000	-1.58924187985023E-0003
 2.80339820027021E+0000	-1.49436819621507E-0003
 2.80924042152936E+0000	-1.33814916636564E-0003
 2.81511498915962E+0000	-1.12380772987379E-0003
 2.82103433492324E+0000	-8.57521498318104E-0004
 2.82700980593706E+0000	-5.48496224343746E-0004
 2.83305079832006E+0000	-2.08792666180600E-0004
 2.83916391414240E+0000	 1.47147111375059E-0004
 2.84535227930665E+0000	 5.03268167479757E-0004
 2.85161514565885E+0000	 8.42872732755287E-0004
 2.85794781828640E+0000	 1.14964188131356E-0003
 2.86434184864786E+0000	 1.40858633414620E-0003
 2.87078540019856E+0000	 1.60689847593650E-0003
 2.87726375467586E+0000	 1.73474962331751E-0003
 2.88376001941986E+0000	 1.78605536175875E-0003
 2.89025613211331E+0000	 1.75913340899742E-0003
 2.89673420148004E+0000	 1.65706598072105E-0003
 2.90317806799276E+0000	 1.48751894003324E-0003
 2.90957475991188E+0000	 1.26185178353461E-0003
 2.91591540697001E+0000	 9.93619942411409E-0004
 2.92219531925202E+0000	 6.96883141879980E-0004
 2.92841329368827E+0000	 3.84840034611067E-0004
 2.93457052331955E+0000	 6.91231978534018E-0005
 2.94066956316915E+0000	-2.40233350314762E-0004
 2.94671366739058E+0000	-5.34391326450152E-0004
 2.95270658942643E+0000	-8.05191406592230E-0004
 2.95865274927984E+0000	-1.04478570998320E-0003
 2.96455757651941E+0000	-1.24555239634088E-0003
 2.97042783738151E+0000	-1.40029303182057E-0003
 2.97627181684740E+0000	-1.50262741143135E-0003
 2.98209930537337E+0000	-1.54747532972681E-0003
 2.98792139800854E+0000	-1.53153438770957E-0003
 2.99375013732027E+0000	-1.45369769911346E-0003
 2.99959802874337E+0000	-1.31538049551312E-0003
 3.00547744605300E+0000	-1.12072938278703E-0003
 3.01139994408886E+0000	-8.76676019650662E-0004
 3.01737551717239E+0000	-5.92783296127972E-0004
 3.02341188309046E+0000	-2.80838577041964E-0004
 3.02951391297714E+0000	 4.58062650147829E-0005
 3.03568332993938E+0000	 3.73067909169621E-0004
 3.04191873549407E+0000	 6.86981370658248E-0004
 3.04821590871599E+0000	 9.74396473417474E-0004
 3.05456822361837E+0000	 1.22342674602466E-0003
 3.06096701032536E+0000	 1.42368390698296E-0003
 3.06740175587404E+0000	 1.56644056994216E-0003
 3.07386016913251E+0000	 1.64490825005241E-0003
 3.08032828483863E+0000	 1.65476918084899E-0003
 3.08679088877176E+0000	 1.59492806608017E-0003
 3.09323248303291E+0000	 1.46819050292738E-0003
 3.09963870790805E+0000	 1.28142190549041E-0003
 3.10599777165028E+0000	 1.04491144654714E-0003
 3.11230134666854E+0000	 7.71098800586682E-0004
 3.11854468278880E+0000	 4.73161736167598E-0004
 3.12472610673470E+0000	 1.63945208849393E-0004
 3.13084629925898E+0000	-1.44575112999729E-0004
 3.13690769061165E+0000	-4.41394527811377E-0004
 3.14291412612314E+0000	-7.16380057273508E-0004
 3.14887077903690E+0000	-9.60184114263395E-0004
 3.15478419623093E+0000	-1.16429036698468E-0003
 3.16066235106520E+0000	-1.32121374028942E-0003
 3.16651461302636E+0000	-1.42481319205839E-0003
 3.17235159112474E+0000	-1.47065286523897E-0003
 3.17818484385880E+0000	-1.45635197656327E-0003
 3.18402646562156E+0000	-1.38187754191028E-0003
 3.18988856377741E+0000	-1.24974181912569E-0003
 3.19578264545082E+0000	-1.06506320193053E-0003
 3.20171895089780E+0000	-8.35442047137067E-0004
 3.20770580496517E+0000	-5.70608202272253E-0004
 3.21374909681498E+0000	-2.81833475620384E-0004
 3.21985201019441E+0000	 1.88253844735954E-0005
 3.22601507973806E+0000	 3.19305829805488E-0004
 3.23223654167335E+0000	 6.08155703530632E-0004
 3.23851282833940E+0000	 8.74849903277258E-0004
 3.24483899411596E+0000	 1.10979309729183E-0003
 3.25120888864982E+0000	 1.30413063266612E-0003
 3.25761499498135E+0000	 1.44958850463594E-0003
 3.26404800128056E+0000	 1.53860082939261E-0003
 3.27049635926799E+0000	 1.56492561389903E-0003
 3.27694623107917E+0000	 1.52474195728811E-0003
 3.28338218464126E+0000	 1.41789098377570E-0003
 3.28978866339487E+0000	 1.24868034202384E-0003
 3.29615179283004E+0000	 1.02578293111351E-0003
 3.30246086526393E+0000	 7.61217532349588E-0004
 3.30870905594015E+0000	 4.68849297162241E-0004
 3.31489335768544E+0000	 1.62961199841985E-0004
 3.32101403217029E+0000	-1.42761038323131E-0004
 3.32707392785913E+0000	-4.35775578081906E-0004
 3.33307789849638E+0000	-7.04891130419485E-0004
 3.33903240682876E+0000	-9.40312151722774E-0004
 3.34494528974151E+0000	-1.13366697746395E-0003
 3.35082560868027E+0000	-1.27809831367172E-0003
 3.35668350222287E+0000	-1.36843384806377E-0003
 3.36252997670070E+0000	-1.40141265943264E-0003
 3.36837659740376E+0000	-1.37592217872687E-0003
 3.37423506637240E+0000	-1.29319266635049E-0003
 3.38011669300936E+0000	-1.15689204580686E-0003
 3.38603178824162E+0000	-9.73060831368066E-0004
 3.39198904831720E+0000	-7.49833275577970E-0004
 3.39799503525319E+0000	-4.96923010434382E-0004
 3.40405388327908E+0000	-2.24919724582096E-0004
 3.41016732967115E+0000	 5.54679075946162E-0005
 3.41633506893751E+0000	 3.34028004331775E-0004
 3.42255529637422E+0000	 6.01348473281576E-0004
 3.42882521480307E+0000	 8.48750827108999E-0004
 3.43514128133329E+0000	 1.06794980194098E-0003
 3.44149906101648E+0000	 1.25065150314095E-0003
 3.44789268889335E+0000	 1.38835800494247E-0003
 3.45431410010117E+0000	 1.47263828043482E-0003
 3.46075236070152E+0000	 1.49602536633686E-0003
 3.46719354906281E+0000	 1.45345845887829E-0003
 3.47362155028039E+0000	 1.34384816192668E-0003
 3.48001975500240E+0000	 1.17111860956281E-0003
 3.48637317580397E+0000	 9.44215055567652E-0004
 3.49267026272784E+0000	 6.76037076781975E-0004
 3.49890389119462E+0000	 3.81732309051496E-0004
 3.50507142675097E+0000	 7.69506679777290E-0005
 3.51117412622223E+0000	-2.23500424919383E-0004
 3.51721625806527E+0000	-5.06445314119983E-0004
 3.52320425672716E+0000	-7.60650615659544E-0004
 3.52914607814413E+0000	-9.76842892287865E-0004
 3.53505078401903E+0000	-1.14762272785094E-0003
 3.54092829264791E+0000	-1.26740763244946E-0003
 3.54678919917210E+0000	-1.33246271314206E-0003
 3.55264457369195E+0000	-1.34101560342740E-0003
 3.55850567208754E+0000	-1.29341063066014E-0003
 3.56438352789020E+0000	-1.19223375824060E-0003
 3.57028843073373E+0000	-1.04232852947572E-0003
 3.57622934119048E+0000	-8.50624724737348E-0004
 3.58221334262883E+0000	-6.25726992679244E-0004
 3.58824527101336E+0000	-3.77274544587227E-0004
 3.59432765754311E+0000	-1.15181447705674E-0004
 3.60046103512458E+0000	 1.51041400300629E-0004
 3.60664451181012E+0000	 4.12664887290311E-0004
 3.61287637743091E+0000	 6.61701207733572E-0004
 3.61915447040716E+0000	 8.90499438417755E-0004
 3.62547611379243E+0000	 1.09119195185070E-0003
 3.63183758271946E+0000	 1.25528420706586E-0003
 3.63823323012755E+0000	 1.37367261810107E-0003
 3.64465455373380E+0000	 1.43729546805195E-0003
 3.65108961694416E+0000	 1.43844964282000E-0003
 3.65752325757032E+0000	 1.37252469249837E-0003
 3.66393831467953E+0000	 1.23960892512045E-0003
 3.67031768332394E+0000	 1.04532537455428E-0003
 3.67664659749247E+0000	 8.00507800326875E-0004
 3.68291442888687E+0000	 5.19811289315013E-0004
 3.68911554140114E+0000	 2.19760227967331E-0004
 3.69524916310665E+0000	-8.31533882113743E-0005
 3.70131857244891E+0000	-3.73882397833139E-0004
 3.70733001340333E+0000	-6.39599805988698E-0004
 3.71329168152520E+0000	-8.69931363440103E-0004
 3.71921296284113E+0000	-1.05685690695576E-0003
 3.72510395496438E+0000	-1.19449486292677E-0003
 3.73097520092032E+0000	-1.27892260892834E-0003
 3.73683752516805E+0000	-1.30810565978464E-0003
 3.74270186270928E+0000	-1.28193802845351E-0003
 3.74857899840458E+0000	-1.20234382607953E-0003
 3.75447917391705E+0000	-1.07335566492921E-0003
 3.76041157172403E+0000	-9.01068089825191E-0004
 3.76638374952503E+0000	-6.93371604401702E-0004
 3.77240116376729E+0000	-4.59421174013515E-0004
 3.77846695498045E+0000	-2.08892532230313E-0004
 3.78458212267978E+0000	 4.87940733848602E-0005
 3.79074607350035E+0000	 3.05022152274369E-0004
 3.79695733727300E+0000	 5.52083678477785E-0004
 3.80321412675403E+0000	 7.82804833068239E-0004
 3.80951445184095E+0000	 9.89881104665442E-0004
 3.81585566893383E+0000	 1.16525803699027E-0003
 3.82223356227799E+0000	 1.29991352502698E-0003
 3.82864124704856E+0000	 1.38430584030341E-0003
 3.83506832294254E+0000	 1.40956765451291E-0003
 3.84150074155885E+0000	 1.36925365532204E-0003
 3.84792169228399E+0000	 1.26115204483769E-0003
 3.85431344253779E+0000	 1.08852074254923E-0003
 3.86065965622693E+0000	 8.60262245199805E-0004
 3.86694751324766E+0000	 5.89954371787892E-0004
 3.87316907018204E+0000	 2.94069998194270E-0004
 3.87932163069465E+0000	-1.00615628543380E-0005
 3.88540724417443E+0000	-3.06029704029620E-0004
 3.89143167580474E+0000	-5.79541283828427E-0004
 3.89740323463899E+0000	-8.18987572852342E-0004
 3.90333174778779E+0000	-1.01551467072838E-0003
 3.90922781738395E+0000	-1.16281052058187E-0003
 3.91510236605742E+0000	-1.25680769753064E-0003
 3.92096639534078E+0000	-1.29544087448202E-0003
 3.92683084648457E+0000	-1.27852648061412E-0003
 3.93270645135147E+0000	-1.20776613617219E-0003
 3.93860348263955E+0000	-1.08681952454466E-0003
 3.94453135512930E+0000	-9.21348360567769E-0004
 3.95049809492142E+0000	-7.18908653911591E-0004
 3.95650977859238E+0000	-4.88582148903451E-0004
 3.96257012461050E+0000	-2.40313613328849E-0004
 3.96868044075234E+0000	 1.59383048763682E-0005
 3.97484003417273E+0000	 2.70976679443921E-0004
 3.98104697734376E+0000	 5.16754497999916E-0004
 3.98729890250861E+0000	 7.46190327790607E-0004
 3.99359342337276E+0000	 9.52496629499105E-0004
 3.99992791836338E+0000	 1.12836332952380E-0003
 4.00629867809129E+0000	 1.26544781762760E-0003
 4.01269969624419E+0000	 1.35455378949029E-0003
 4.01912158691703E+0000	 1.38666954732037E-0003
 4.02555117989966E+0000	 1.35471379859526E-0003
 4.03197218846125E+0000	 1.25548052612881E-0003
 4.03836693579418E+0000	 1.09107833760700E-0003
 4.04471865674684E+0000	 8.69315883928576E-0004
 4.05101367417792E+0000	 6.02930219068863E-0004
 4.05724289626004E+0000	 3.07981475097522E-0004
 4.06340241099308E+0000	 1.91828599775104E-0006
 4.06949324800397E+0000	-2.98226121828436E-0004
 4.07552055611151E+0000	-5.77201422276334E-0004
 4.08149250971090E+0000	-8.22350896301148E-0004
 4.08741922304047E+0000	-1.02390929884254E-0003
 4.09331185404862E+0000	-1.17493367994836E-0003
 4.09918196920431E+0000	-1.27104201422495E-0003
 4.10504115344192E+0000	-1.31011179047956E-0003
 4.11090079515855E+0000	-1.29204442748471E-0003
 4.11677194867314E+0000	-1.21864854752421E-0003
 4.12266516919135E+0000	-1.09364025744880E-0003
 4.12859022890704E+0000	-9.22701607085670E-0004
 4.13455566561759E+0000	-7.13484364807029E-0004
 4.14056819563601E+0000	-4.75413707013112E-0004
 4.14663213353610E+0000	-2.19169976035662E-0004
 4.15274905736278E+0000	 4.41589998966001E-0005
 4.15891795383727E+0000	 3.04067841981100E-0004
 4.16513590368320E+0000	 5.51404693255354E-0004
 4.17139906936276E+0000	 7.78566142688392E-0004
 4.17770351574904E+0000	 9.79008851857587E-0004
 4.18404541484771E+0000	 1.14633835287357E-0003
 4.19042046296043E+0000	 1.27349063669505E-0003
 4.19682271135100E+0000	 1.35253378683140E-0003
 4.20324331685895E+0000	 1.37540371294760E-0003
 4.20966985952956E+0000	 1.33551754538365E-0003
 4.21608675489395E+0000	 1.22977132658454E-0003
 4.22247685164495E+0000	 1.06013349649116E-0003
 4.22882372758544E+0000	 8.34158537507750E-0004
 4.23511388384800E+0000	 5.64266628358953E-0004
 4.24133821512849E+0000	 2.66176766502093E-0004
 4.24749257479432E+0000	-4.29290534086127E-0005
 4.25357758858162E+0000	-3.46072697171851E-0004
 4.25959798060795E+0000	-6.27761325086558E-0004
 4.26556165831093E+0000	-8.74823463339840E-0004
 4.27147875323143E+0000	-1.07683092538619E-0003
 4.27736075723352E+0000	-1.22619298485180E-0003
 4.28321983178962E+0000	-1.31803609089626E-0003
 4.28906831045854E+0000	-1.34998277200806E-0003
 4.29491836984705E+0000	-1.32192553316328E-0003
 4.30078181222298E+0000	-1.23586457161613E-0003
 4.30666987964808E+0000	-1.09584425701282E-0003
 4.31259300574737E+0000	-9.07978169137926E-0004
 4.31856041807033E+0000	-6.80492425127271E-0004
 4.32457955169166E+0000	-4.23650900514595E-0004
 4.33065534008006E+0000	-1.49387273627652E-0004
 4.33678959676888E+0000	 1.29483800238589E-0004
 4.34298080946698E+0000	 4.00422963199788E-0004
 4.34922460325499E+0000	 6.52365409149179E-0004
 4.35551482394107E+0000	 8.76463529843499E-0004
 4.36184479386996E+0000	 1.06600662434755E-0003
 4.36820811107292E+0000	 1.21558578504303E-0003
 4.37459857519466E+0000	 1.32001806809416E-0003
 4.38100928843877E+0000	 1.37370029487788E-0003
 4.38743141243815E+0000	 1.37087291812755E-0003
 4.39385328035784E+0000	 1.30686459783084E-0003
 4.40026049052417E+0000	 1.17990499985268E-0003
 4.40663720333068E+0000	 9.92726712694512E-0004
 4.41296825282831E+0000	 7.53194183494731E-0004
 4.41924126121871E+0000	 4.73688570256996E-0004
 4.42544804538658E+0000	 1.69603793292803E-0004
 4.43158509264768E+0000	-1.42406041315076E-0004
 4.43765331253448E+0000	-4.45940113790159E-0004
 4.44365740002483E+0000	-7.25944639905528E-0004
 4.44960506431846E+0000	-9.69411030630798E-0004
 4.45550626172689E+0000	-1.16576667811454E-0003
 4.46137249914938E+0000	-1.30704356704862E-0003
 4.46721623933129E+0000	-1.38789673700862E-0003
 4.47305041763641E+0000	-1.40553600675896E-0003
 4.47888806149939E+0000	-1.35962736720378E-0003
 4.48474198543500E+0000	-1.25221176579654E-0003
 4.49062451473392E+0000	-1.08767602514461E-0003
 4.49654716915668E+0000	-8.72787192624653E-0004
 4.50252022090583E+0000	-6.16757556701375E-0004
 4.50855205039339E+0000	-3.31236758562048E-0004
 4.51464829404855E+0000	-3.00460367662587E-0005
 4.52081093590882E+0000	 2.71562295958912E-0004
 4.52703769797911E+0000	 5.58221480072595E-0004
 4.53332217476222E+0000	 8.16129294676099E-0004
 4.53965493051221E+0000	 1.03450237075584E-0003
 4.54602523838941E+0000	 1.20613290977749E-0003
 4.55242267011199E+0000	 1.32680069039860E-0003
 4.55883778934485E+0000	 1.39397391719823E-0003
 4.56526175514600E+0000	 1.40562760004570E-0003
 4.57168526184696E+0000	 1.35986800084885E-0003
 4.57809755334694E+0000	 1.25556920100917E-0003
 4.58448618252435E+0000	 1.09370457182412E-0003
 4.59083781616487E+0000	 8.78694291481929E-0004
 4.59713984855385E+0000	 6.19054790141875E-0004
 4.60338216276397E+0000	 3.27003161617354E-0004
 4.60955836716955E+0000	 1.72263120939963E-0005
 4.61566621879384E+0000	-2.94634716082776E-0004
 4.62170737636181E+0000	-5.93296819538099E-0004
 4.62768681215698E+0000	-8.64739802165409E-0004
 4.63361215481514E+0000	-1.09673991727981E-0003
 4.63949309649924E+0000	-1.27915736379369E-0003
 4.64534089515702E+0000	-1.40409004494836E-0003
 4.65116795823554E+0000	-1.46596476084815E-0003
 4.65698748417488E+0000	-1.46160625967636E-0003
 4.66281313744056E+0000	-1.39030937841023E-0003
 4.66865872975419E+0000	-1.25393275473330E-0003
 4.67453787085926E+0000	-1.05702665540517E-0003
 4.68046353585412E+0000	-8.06994840779231E-0004
 4.68644747587234E+0000	-5.14260182682446E-0004
 4.69249938975526E+0000	-1.92341955547489E-0004
 4.69862581425975E+0000	 1.42344371710442E-0004
 4.70482883536387E+0000	 4.71245915058425E-0004
 4.71110499219703E+0000	 7.75237160053032E-0004
 4.71744500444137E+0000	 1.03692254040856E-0003
 4.72383487590140E+0000	 1.24303394925535E-0003
 4.73025827762960E+0000	 1.38587571043996E-0003
 4.73669924748385E+0000	 1.46309872608116E-0003
 4.74314397655233E+0000	 1.47607378309237E-0003
 4.74958110230895E+0000	 1.42793085862366E-0003
 4.75600087123336E+0000	 1.32229430525472E-0003
 4.76239402054186E+0000	 1.16310573682730E-0003
 4.76875112706793E+0000	 9.55284130404630E-0004
 4.77506276469172E+0000	 7.05638232494196E-0004
 4.78132036102963E+0000	 4.23438419570096E-0004
 4.78751731888563E+0000	 1.20310941066386E-0004
 4.79364990551353E+0000	-1.90498609731126E-0004
 4.79971762393280E+0000	-4.95159510067012E-0004
 4.80572308661078E+0000	-7.80220466709252E-0004
 4.81167160140738E+0000	-1.03330078225845E-0003
 4.81757069064601E+0000	-1.24349564758277E-0003
 4.82342967419721E+0000	-1.40158867631492E-0003
 4.82925935289643E+0000	-1.50017955402043E-0003
 4.83507177289406E+0000	-1.53380517203757E-0003
 4.84088003135769E+0000	-1.49909881606272E-0003
 4.84669808032617E+0000	-1.39500949888544E-0003
 4.85254048320775E+0000	-1.22309102852831E-0003
 4.85842207013284E+0000	-9.87860150826409E-0004
 4.86435742257221E+0000	-6.97205681404244E-0004
 4.87036009773861E+0000	-3.62794135903051E-0004
 4.87644149330061E+0000	-3.46376240969505E-0007
 4.88260929102350E+0000	 3.70457415807789E-0004
 4.88886557673108E+0000	 7.26824058708653E-0004
 4.89520508104224E+0000	 1.04485097852221E-0003
 4.90161442686603E+0000	 1.30275844043971E-0003
 4.90807336492613E+0000	 1.48459713430232E-0003
 4.91455818269207E+0000	 1.58284796461236E-0003
 4.92104603457915E+0000	 1.59851915254837E-0003
 4.92751820082408E+0000	 1.53881501475355E-0003
 4.93396111507576E+0000	 1.41390003617254E-0003
 4.94036551854222E+0000	 1.23438901766839E-0003
 4.94672490027439E+0000	 1.01023374003639E-0003
 4.95303420122530E+0000	 7.50751775450947E-0004
 4.95928919696108E+0000	 4.65187254720084E-0004
 4.96548652144279E+0000	 1.63263848909285E-0004
 4.97162406410070E+0000	-1.44580463317686E-0004
 4.97770142474345E+0000	-4.47341954190627E-0004
 4.98372019903485E+0000	-7.33862667753468E-0004
 4.98968402274275E+0000	-9.93313926366046E-0004
 4.99559843438354E+0000	-1.21560432981352E-0003
 5.00147066685772E+0000	-1.39166022651323E-0003
 5.00730945793822E+0000	-1.51360574749293E-0003
 5.01312492033611E+0000	-1.57490391396577E-0003
 5.01892846936951E+0000	-1.57051972891931E-0003
 5.02473278060755E+0000	-1.49715198816987E-0003
 5.03055173522356E+0000	-1.35356709086754E-0003
 5.03640029666498E+0000	-1.14105822475029E-0003
 5.04229424063370E+0000	-8.64041199868967E-0004
 5.04824962826146E+0000	-5.30772176150116E-0004
 5.05428187474478E+0000	-1.54114815620266E-0004
 5.06040424459732E+0000	 2.47828224726372E-0004
 5.06662565706501E+0000	 6.51588553490278E-0004
 5.07294791811599E+0000	 1.02929830346378E-0003
 5.07936301950240E+0000	 1.35140739609976E-0003
 5.08585185508063E+0000	 1.59134404889538E-0003
 5.09238594453595E+0000	 1.73103940704088E-0003
 5.09893257766909E+0000	 1.76483797141388E-0003
 5.10546145370228E+0000	 1.69950627883355E-0003
 5.11194962014585E+0000	 1.55042655380574E-0003
 5.11838289401925E+0000	 1.33642917571864E-0003
 5.12475441500346E+0000	 1.07579530613160E-0003
 5.13106213434776E+0000	 7.84349669217216E-0004
 5.13730661093014E+0000	 4.75193269265607E-0004
 5.14348960874273E+0000	 1.59246376387229E-0004
 5.14961343511995E+0000	-1.54016449308428E-0004
 5.15568077960789E+0000	-4.55954332116967E-0004
 5.16169481781940E+0000	-7.38378690411990E-0004
 5.16765940399994E+0000	-9.93394244204073E-0004
 5.17357924851756E+0000	-1.21339796505279E-0003
 5.17946004521980E+0000	-1.39116173737287E-0003
 5.18530856049054E+0000	-1.51994846290030E-0003
 5.19113271183394E+0000	-1.59364706185558E-0003
 5.19694165618102E+0000	-1.60693969082209E-0003
 5.20274589148306E+0000	-1.55552829991575E-0003
 5.20855735896880E+0000	-1.43645255647880E-0003
 5.21438951739957E+0000	-1.24853443570006E-0003
 5.22025733772852E+0000	-9.92988416228448E-0004
 5.22617712802959E+0000	-6.74233930321452E-0004
 5.23216603841480E+0000	-3.00922198477080E-0004
 5.23824101788766E+0000	 1.12886935448004E-0004
 5.24441693227073E+0000	 5.46635664583676E-0004
 5.25070360229768E+0000	 9.72812139774696E-0004
 5.25710187807879E+0000	 1.35806218765993E-0003
 5.26359973211844E+0000	 1.66694568874874E-0003
 5.27017052369518E+0000	 1.86863064043040E-0003
 5.27677588565321E+0000	 1.94470196471450E-0003
 5.28337357780723E+0000	 1.89413664398525E-0003
 5.28992693412773E+0000	 1.73223525728317E-0003
 5.29641108354164E+0000	 1.48431755152870E-0003
 5.30281385803603E+0000	 1.17823597016346E-0003
 5.30913296907388E+0000	 8.39154532631601E-0004
 5.31537218378972E+0000	 4.87389531386808E-0004
 5.32153821245932E+0000	 1.38361461901034E-0004
 5.32763873988814E+0000	-1.96524079771357E-0004
 5.33368138963561E+0000	-5.08806403473494E-0004
 5.33967329101341E+0000	-7.92021334670264E-0004
 5.34562100002289E+0000	-1.04095671916425E-0003
 5.35153062058386E+0000	-1.25111064187467E-0003
 5.35740803404927E+0000	-1.41832876091129E-0003
 5.36325918224581E+0000	-1.53859310013954E-0003
 5.36909037424002E+0000	-1.60793869442156E-0003
 5.37490860197316E+0000	-1.62248473497429E-0003
 5.38072185454686E+0000	-1.57857884766813E-0003
 5.38653941844244E+0000	-1.47306253459238E-0003
 5.39237214553051E+0000	-1.30367319560570E-0003
 5.39823266176540E+0000	-1.06960792375588E-0003
 5.40413546886542E+0000	-7.72288592254728E-0004
 5.41009684562626E+0000	-4.16379721439928E-0004
 5.41613437148264E+0000	-1.10978813335595E-0005
 5.42226577070076E+0000	 4.28232293600109E-0004
 5.42850665140635E+0000	 8.78652309120815E-0004
 5.43486673956931E+0000	 1.30881260715591E-0003
 5.44134471599741E+0000	 1.68034849499278E-0003
 5.44792311647404E+0000	 1.95299228233765E-0003
 5.45456655431175E+0000	 2.09370207026627E-0003
 5.46122665305819E+0000	 2.08670516149959E-0003
 5.46785330751884E+0000	 1.93859616274083E-0003
 5.47440660097508E+0000	 1.67489132500289E-0003
 5.48086309596450E+0000	 1.33065521372693E-0003
 5.48721513641004E+0000	 9.41142976238371E-0004
 5.49346625582607E+0000	 5.36213260657479E-0004
 5.49962620147470E+0000	 1.38603537379744E-0004
 5.50570727762519E+0000	-2.35532699453961E-0004
 5.51172218014587E+0000	-5.75282559253223E-0004
 5.51768290005789E+0000	-8.73597526037022E-0004
 5.52360025423209E+0000	-1.12614319702392E-0003
 5.52948375673629E+0000	-1.33039349993699E-0003
 5.53534168502289E+0000	-1.48492200805039E-0003
 5.54118127662092E+0000	-1.58884943420599E-0003
 5.54700902714270E+0000	-1.64142848031776E-0003
 5.55283107126693E+0000	-1.64176523493513E-0003
 5.55865362843664E+0000	-1.58868835168409E-0003
 5.56448348917164E+0000	-1.48078467860649E-0003
 5.57032850860346E+0000	-1.31662265245099E-0003
 5.57619806447672E+0000	-1.09518366202983E-0003
 5.58210342834681E+0000	-8.16522032110601E-0004
 5.58805798320953E+0000	-4.82682634862606E-0004
 5.59407717943054E+0000	-9.89188009591181E-0005
 5.60017802943066E+0000	 3.24752717581798E-0004
 5.60637778855428E+0000	 7.71710839735357E-0004
 5.61269130155454E+0000	 1.21693554732744E-0003
 5.61912651662262E+0000	 1.62618929638084E-0003
 5.62567835684429E+0000	 1.95792781541272E-0003
 5.63232299090732E+0000	 2.16991991279072E-0003
 5.63901682794580E+0000	 2.23050599498655E-0003
 5.64570405970986E+0000	 2.12980537774436E-0003
 5.65233084769994E+0000	 1.88350610851368E-0003
 5.65885818598848E+0000	 1.52640513856500E-0003
 5.66526684329511E+0000	 1.10065715121896E-0003
 5.67155465451719E+0000	 6.45812977122253E-0004
 5.67773058015982E+0000	 1.93787971398797E-0004
 5.68380920603895E+0000	-2.32083247784186E-0004
 5.68980702897652E+0000	-6.15938445110503E-0004
 5.69574039411643E+0000	-9.47723392301577E-0004
 5.70162451402724E+0000	-1.22166999731381E-0003
 5.70747307204984E+0000	-1.43510313219578E-0003
 5.71329810450448E+0000	-1.58753897502664E-0003
 5.71911001688051E+0000	-1.67998145926163E-0003
 5.72491768810527E+0000	-1.71433982537243E-0003
 5.73072866522744E+0000	-1.69292824415266E-0003
 5.73654946590302E+0000	-1.61804610023430E-0003
 5.74238600101269E+0000	-1.49166795200903E-0003
 5.74824411141691E+0000	-1.31529366092092E-0003
 5.75413018519291E+0000	-1.09001942006973E-0003
 5.76005179025612E+0000	-8.16886982094509E-0004
 5.76601822911763E+0000	-4.97553764946430E-0004
 5.77204089819894E+0000	-1.35310151491333E-0004
 5.77813329773099E+0000	 2.63541037320790E-0004
 5.78431045883888E+0000	 6.87952293684542E-0004
 5.79058741137190E+0000	 1.12016223829492E-0003
 5.79697616493518E+0000	 1.53392534527301E-0003
 5.80348077189506E+0000	 1.89403905048243E-0003
 5.81009093664600E+0000	 2.15909850014651E-0003
 5.81677676950148E+0000	 2.28934809736215E-0003
 5.82348943651716E+0000	 2.25874534045807E-0003
 5.83017086832977E+0000	 2.06537307490481E-0003
 5.83676888491830E+0000	 1.73285531888170E-0003
 5.84324893159191E+0000	 1.30170701175321E-0003
 5.84959701744226E+0000	 8.17032667562010E-0004
 5.85581565116781E+0000	 3.19319500228369E-0004
 5.86191753285350E+0000	-1.59613164366187E-0004
 5.86792022546523E+0000	-5.96925423345842E-0004
 5.87384272593547E+0000	-9.77376691368584E-0004
 5.87970363004303E+0000	-1.29159746765062E-0003
 5.88552029955054E+0000	-1.53459830909701E-0003
 5.89130854870049E+0000	-1.70465305672380E-0003
 5.89708255051832E+0000	-1.80249997658087E-0003
 5.90285481306747E+0000	-1.83074978531424E-0003
 5.90863617627911E+0000	-1.79339695865674E-0003
 5.91443584108818E+0000	-1.69536290340831E-0003
 5.92026147522508E+0000	-1.54204129599731E-0003
 5.92611944983900E+0000	-1.33886150346990E-0003
 5.93201524854115E+0000	-1.09093153548274E-0003
 5.93795405356732E+0000	-8.02859892616807E-0004
 5.94394145459900E+0000	-4.78873432395986E-0004
 5.94998415598426E+0000	-1.23334182861583E-0004
 5.95609049510928E+0000	 2.58288439810453E-0004
 5.96227053486815E+0000	 6.57999968062634E-0004
 5.96853543848239E+0000	 1.06351270070896E-0003
 5.97489575543470E+0000	 1.45637567039892E-0003
 5.98135820466519E+0000	 1.81058882453351E-0003
 5.98792080532149E+0000	 2.09288372730406E-0003
 5.99456725875852E+0000	 2.26640288985482E-0003
 6.00126343440992E+0000	 2.29890448632542E-0003
 6.00796004018207E+0000	 2.17360700644385E-0003
 6.01460296202108E+0000	 1.89685595258434E-0003
 6.02114668858112E+0000	 1.49710821225419E-0003
 6.02756332047254E+0000	 1.01595124165736E-0003
 6.03384377619197E+0000	 4.97241771492090E-0004
 6.03999353920533E+0000	-2.04450984498874E-0005
 6.04602697816416E+0000	-5.06915536131582E-0004
 6.05196271041805E+0000	-9.40404706527714E-0004
 6.05782063601305E+0000	-1.30628006429163E-0003
 6.06362034623877E+0000	-1.59549129005227E-0003
 6.06938040520584E+0000	-1.80325005530380E-0003
 6.07511808989977E+0000	-1.92806389208331E-0003
 6.08084931604433E+0000	-1.97108579504646E-0003
 6.08658859499597E+0000	-1.93568412881328E-0003
 6.09234895144975E+0000	-1.82712757143134E-0003
 6.09814179279346E+0000	-1.65229052141354E-0003
 6.10397676799890E+0000	-1.41930808031694E-0003
 6.10986168969219E+0000	-1.13714802982370E-0003
 6.11580261121899E+0000	-8.15123267086629E-0004
 6.12180413666110E+0000	-4.62438442680525E-0004
 6.12786998014331E+0000	-8.79307164613076E-0005
 6.13400367969797E+0000	 2.99808066188601E-0004
 6.14020923775657E+0000	 6.91787342744183E-0004
 6.14649135446027E+0000	 1.07744147144112E-0003
 6.15285487889660E+0000	 1.44310035130493E-0003
 6.15930313713899E+0000	 1.77052182488953E-0003
 6.16583495146890E+0000	 2.03621078915557E-0003
 6.17244062902611E+0000	 2.21260437388758E-0003
 6.17909819791193E+0000	 2.27223083912448E-0003
 6.18577238189442E+0000	 2.19486104525933E-0003
 6.19241874565601E+0000	 1.97521566968037E-0003
 6.19899267563947E+0000	 1.62688389992056E-0003
 6.20545906638145E+0000	 1.17969563970278E-0003
 6.21179794016471E+0000	 6.72200850189783E-0004
 6.21800453692513E+0000	 1.43593630100330E-0004
 6.22408582152642E+0000	-3.71742444726525E-0004
 6.23005611606512E+0000	-8.46506678276237E-0004
 6.23593349775349E+0000	-1.26055178949784E-0003
 6.24173741698983E+0000	-1.59992713924681E-0003
 6.24748736357079E+0000	-1.85568552766721E-0003
 6.25320223793177E+0000	-2.02284115309083E-0003
 6.25890011821559E+0000	-2.09960931083713E-0003
 6.26459819820456E+0000	-2.08692893720799E-0003
 6.27031274656272E+0000	-1.98821265080140E-0003
 6.27605899389677E+0000	-1.80924496057676E-0003
