 1.43977931719269E-0003	 2.40619472594068E-0003
 8.10086149271465E-0003	 1.95537955356237E-0003
 1.46058280015707E-0002	 1.40944942903362E-0003
 2.09517625765155E-0002	 8.22184304007753E-0004
 2.71509272348320E-0002	 2.36055383300137E-0004
 3.32226237745592E-0002	-3.18589442425848E-0004
 3.91880234822213E-0002	-8.21485280338396E-0004
 4.50674983792091E-0002	-1.25980868897049E-0003
 5.08795203513055E-0002	-1.62586721591559E-0003
 5.66404076916675E-0002	-1.91533941714277E-0003
 6.23644884418340E-0002	-2.12601640669625E-0003
 6.80644535875232E-0002	-2.25693346961503E-0003
 7.37517916942599E-0002	-2.30779007015782E-0003
 7.94372608056573E-0002	-2.27858532875714E-0003
 8.51313862305217E-0002	-2.16942718751291E-0003
 9.08449864316504E-0002	-1.98050285697285E-0003
 9.65897299202555E-0002	-1.71222490167992E-0003
 1.02378717277573E-0001	-1.36559258675963E-0003
 1.08227064120979E-0001	-9.42835596831872E-0004
 1.14152425599050E-0001	-4.48442705469134E-0004
 1.20175329108420E-0001	 1.09275743225069E-0004
 1.26319024130881E-0001	 7.15901426149507E-0004
 1.32608245116475E-0001	 1.34774784219295E-0003
 1.39065767200352E-0001	 1.96802642889552E-0003
 1.45705136417129E-0001	 2.52368391883330E-0003
 1.52518615917037E-0001	 2.94666271941831E-0003
 1.59463660031783E-0001	 3.16565039685281E-0003
 1.66459249093767E-0001	 3.13056107487781E-0003
 1.73404269732158E-0001	 2.83733028664481E-0003
 1.80211150955057E-0001	 2.33125081856823E-0003
 1.86829582837262E-0001	 1.68528577677198E-0003
 1.93247270668700E-0001	 9.73361856610230E-0004
 1.99477111578739E-0001	 2.55174147542553E-0004
 2.05543868873582E-0001	-4.26984819011886E-0004
 2.11475550930769E-0001	-1.04550448771985E-0003
 2.17299135617637E-0001	-1.58342391370051E-0003
 2.23038939206074E-0001	-2.03095922515821E-0003
 2.28716303137710E-0001	-2.38297738262122E-0003
 2.34349847634325E-0001	-2.63728371245564E-0003
 2.39955929206837E-0001	-2.79349551375663E-0003
 2.45549148273048E-0001	-2.85231097009834E-0003
 2.51142854829286E-0001	-2.81504172241679E-0003
 2.56749647334718E-0001	-2.68332834058115E-0003
 2.62381881808015E-0001	-2.45899810047919E-0003
 2.68052217741899E-0001	-2.14405923295363E-0003
 2.73774228572326E-0001	-1.74086131907253E-0003
 2.79563095251320E-0001	-1.25249336107097E-0003
 2.85436374705122E-0001	-6.83545294455420E-0004
 2.91414772623876E-0001	-4.14323930456179E-0005
 2.97522709514836E-0001	 6.61422830523992E-0004
 3.03788159061483E-0001	 1.40417308847946E-0003
 3.10240604526917E-0001	 2.15260977705281E-0003
 3.16904910061650E-0001	 2.85323751875510E-0003
 3.23788129491015E-0001	 3.42958975669598E-0003
 3.30859079418138E-0001	 3.78921155970862E-0003
 3.38032226808852E-0001	 3.85145455477052E-0003
 3.45180228605581E-0001	 3.58879074306635E-0003
 3.52180642460489E-0001	 3.04571063441845E-0003
 3.58959042496989E-0001	 2.31345044007310E-0003
 3.65495615430618E-0001	 1.48831823545999E-0003
 3.71806391912782E-0001	 6.46933884162335E-0004
 3.77922992648952E-0001	-1.58391792042503E-0004
 3.83880286018017E-0001	-8.95040744711095E-0004
 3.89710863101482E-0001	-1.54399985198554E-0003
 3.95443267646747E-0001	-2.09500661693154E-0003
 4.01101889311955E-0001	-2.54323475070051E-0003
 4.06707466627111E-0001	-2.88716332160738E-0003
 4.12277745066599E-0001	-3.12723470522243E-0003
 4.17828121224616E-0001	-3.26501064628501E-0003
 4.23372228253688E-0001	-3.30263887734679E-0003
 4.28922468010871E-0001	-3.24251810352587E-0003
 4.34490513896940E-0001	-3.08710051569800E-0003
 4.40087813990752E-0001	-2.83880731104515E-0003
 4.45726124051264E-0001	-2.50006234998151E-0003
 4.51418095142366E-0001	-2.07347880801196E-0003
 4.57177927598281E-0001	-1.56226861978242E-0003
 4.63022074052067E-0001	-9.70988842494258E-0004
 4.68969913339142E-0001	-3.06796182627724E-0004
 4.75044189695227E-0001	 4.18552430832645E-0004
 4.81270749372690E-0001	 1.18567547167182E-0003
 4.87676610265224E-0001	 1.96337327506793E-0003
 4.94284661606129E-0001	 2.70383289954553E-0003
 5.01102910571881E-0001	 3.33984222247370E-0003
 5.08108417059440E-0001	 3.79014572284477E-0003
 5.15233989778583E-0001	 3.98003725900418E-0003
 5.22374435781124E-0001	 3.87322595241245E-0003
 5.29419128166711E-0001	 3.49153366196778E-0003
 5.36288786454862E-0001	 2.90289626110750E-0003
 5.42949219776993E-0001	 2.19021046231407E-0003
 5.49401932150654E-0001	 1.42666265216380E-0003
 5.55667950242348E-0001	 6.66529993213471E-0004
 5.61775488101846E-0001	-5.39410348929662E-0005
 5.67753160862593E-0001	-7.12270371023053E-0004
 5.73627027643396E-0001	-1.29547594248379E-0003
 5.79419672066151E-0001	-1.79678123232961E-0003
 5.85150216607520E-0001	-2.21330499299677E-0003
 5.90834712758835E-0001	-2.54449435875969E-0003
 5.96486657269575E-0001	-2.79106988322481E-0003
 6.02117536315114E-0001	-2.95431575307147E-0003
 6.07737366798946E-0001	-3.03561016355676E-0003
 6.13355229700443E-0001	-3.03613633618384E-0003
 6.18979797045856E-0001	-2.95674468631065E-0003
 6.24619853234762E-0001	-2.79795583581519E-0003
 6.30284807879911E-0001	-2.56010763745113E-0003
 6.35985191640602E-0001	-2.24366110412749E-0003
 6.41733117099118E-0001	-1.84969262599278E-0003
 6.47542669852490E-0001	-1.38061477110445E-0003
 6.53430162884334E-0001	-8.41185440071456E-0004
 6.59414125350104E-0001	-2.39878899072913E-0004
 6.65514784647426E-0001	 4.09322057179872E-0004
 6.71752625564406E-0001	 1.08475766166762E-0003
 6.78145415983939E-0001	 1.75490322074964E-0003
 6.84703085008986E-0001	 2.37717941820141E-0003
 6.91420530850001E-0001	 2.89972722234846E-0003
 6.98270416160286E-0001	 3.26854452672920E-0003
 7.05200747368064E-0001	 3.44048037482729E-0003
 7.12142300768953E-0001	 3.39747963661172E-0003
 7.19025197578607E-0001	 3.15326523003226E-0003
 7.25795836865817E-0001	 2.74730390837031E-0003
 7.32424889943175E-0001	 2.23059724918206E-0003
 7.38905072421232E-0001	 1.65241882763177E-0003
 7.45243863852893E-0001	 1.05305666894361E-0003
 7.51456248466921E-0001	 4.62091522597735E-0004
 7.57559607986672E-0001	-1.00309511159817E-0004
 7.63570818885164E-0001	-6.21106974319737E-0004
 7.69504924507649E-0001	-1.09214028717415E-0003
 7.75374769137929E-0001	-1.50828613840515E-0003
 7.81191169084175E-0001	-1.86608935594365E-0003
 7.86963357975591E-0001	-2.16282495634033E-0003
 7.92699546006914E-0001	-2.39592461735104E-0003
 7.98407492244075E-0001	-2.56269915400001E-0003
 8.04095026802342E-0001	-2.66029115852697E-0003
 8.09770488353337E-0001	-2.68579713179158E-0003
 8.15443065010030E-0001	-2.63650862336978E-0003
 8.21123041624659E-0001	-2.51023710280319E-0003
 8.26821962526492E-0001	-2.30570502026986E-0003
 8.32552715555872E-0001	-2.02300309336937E-0003
 8.38329530598413E-0001	-1.66412911561162E-0003
 8.44167862223590E-0001	-1.23363348148702E-0003
 8.50084089604302E-0001	-7.39395017051043E-0004
 8.56094918004872E-0001	-1.93526309307163E-0004
 8.62216312567873E-0001	 3.86656909232679E-0004
 8.68461760936268E-0001	 9.77794206019975E-0004
 8.74839699897712E-0001	 1.55016251866173E-0003
 8.81350151380576E-0001	 2.06853890624217E-0003
 8.87981133599230E-0001	 2.49508619191221E-0003
 8.94706287767004E-0001	 2.79483463000243E-0003
 9.01485901762309E-0001	 2.94305495402611E-0003
 9.08272793078512E-0001	 2.93170071421642E-0003
 9.15021581277516E-0001	 2.77118420969123E-0003
 9.21697020268737E-0001	 2.48615958144512E-0003
 9.28277696049484E-0001	 2.10792541936152E-0003
 9.34754848068943E-0001	 1.66745762524932E-0003
 9.41128595905519E-0001	 1.19133731379980E-0003
 9.47403940535864E-0001	 7.00571638328857E-0004
 9.53587798791634E-0001	 2.11236303391127E-0004
 9.59687338727062E-0001	-2.64150906947561E-0004
 9.65709379917918E-0001	-7.15251490041775E-0004
 9.71660472000910E-0001	-1.13288429145185E-0003
 9.77547287070672E-0001	-1.50846209599719E-0003
 9.83377055228251E-0001	-1.83382971059817E-0003
 9.89157887968198E-0001	-2.10137185181552E-0003
 9.94898938146751E-0001	-2.30425175538317E-0003
 1.00061041515928E+0000	-2.43667668888816E-0003
 1.00630350381840E+0000	-2.49413557652976E-0003
 1.01199023505910E+0000	-2.47359535094272E-0003
 1.01768334100255E+0000	-2.37366829591475E-0003
 1.02339610732896E+0000	-2.19477395400792E-0003
 1.02914221761084E+0000	-1.93932059990931E-0003
 1.03493556855712E+0000	-1.61192641052775E-0003
 1.04079002173004E+0000	-1.21969120439849E-0003
 1.04671904521365E+0000	-7.72516576705620E-0004
 1.05273518584625E+0000	-2.83454103856569E-0004
 1.05884929654004E+0000	 2.30968593237054E-0004
 1.06506942859570E+0000	 7.50552785595266E-0004
 1.07139931796259E+0000	 1.25158397823078E-0003
 1.07783652845021E+0000	 1.70770934263857E-0003
 1.08437065661171E+0000	 2.09197478980925E-0003
 1.09098247698431E+0000	 2.38016469206516E-0003
 1.09764506722788E+0000	 2.55477664755294E-0003
 1.10432725035505E+0000	 2.60809340268513E-0003
 1.11099831881361E+0000	 2.54284185756703E-0003
 1.11763211622508E+0000	 2.37016892403743E-0003
 1.12420901270520E+0000	 2.10613662489463E-0003
 1.13071565200858E+0000	 1.76844909928705E-0003
 1.13714343940126E+0000	 1.37451358750462E-0003
 1.14348696754257E+0000	 9.40927053495224E-0004
 1.14974311971774E+0000	 4.83784592369997E-0004
 1.15591094355604E+0000	 1.90690116339206E-0005
 1.16199194611614E+0000	-4.37340444352176E-0004
 1.16799036631626E+0000	-8.70100457349043E-0004
 1.17391315158403E+0000	-1.26506324230422E-0003
 1.17976960779032E+0000	-1.60989636868525E-0003
 1.18557084745662E+0000	-1.89449667136011E-0003
 1.19132919215789E+0000	-2.11116410799671E-0003
 1.19705763915644E+0000	-2.25458646610778E-0003
 1.20276944018183E+0000	-2.32171246627432E-0003
 1.20847779460226E+0000	-2.31158133234381E-0003
 1.21419563600976E+0000	-2.22515509893425E-0003
 1.21993548455364E+0000	-2.06517962589987E-0003
 1.22570933941107E+0000	-1.83608691740759E-0003
 1.23152858987619E+0000	-1.54394591640046E-0003
 1.23740392369542E+0000	-1.19646979881448E-0003
 1.24334520215890E+0000	-8.03089702991049E-0004
 1.24936125119387E+0000	-3.75097419043467E-0004
 1.25545949398610E+0000	 7.41712136105716E-0005
 1.26164534665706E+0000	 5.29203151814340E-0004
 1.26792134912168E+0000	 9.72396489052100E-0004
 1.27428613069686E+0000	 1.38458807636245E-0003
 1.28073348376516E+0000	 1.74617731546840E-0003
 1.28725193788925E+0000	 2.03879744976732E-0003
 1.29382516936815E+0000	 2.24719754668985E-0003
 1.30043329745183E+0000	 2.36078718305301E-0003
 1.30705470062031E+0000	 2.37434753016325E-0003
 1.31366769429410E+0000	 2.28781217166897E-0003
 1.32025155367782E+0000	 2.10556918087354E-0003
 1.32678694759103E+0000	 1.83595963550908E-0003
 1.33325638303867E+0000	 1.49125574759700E-0003
 1.33964519584254E+0000	 1.08771874427133E-0003
 1.34594298899648E+0000	 6.45043211025186E-0004
 1.35214484759685E+0000	 1.84888371569895E-0004
 1.35825168875765E+0000	-2.71137378440041E-0004
 1.36426962117236E+0000	-7.03356277833858E-0004
 1.37020866712090E+0000	-1.09527418481606E-0003
 1.37608132751835E+0000	-1.43410422933214E-0003
 1.38190132727766E+0000	-1.71072772342315E-0003
 1.38768267575693E+0000	-1.91933170251288E-0003
 1.39343903888279E+0000	-2.05691668641345E-0003
 1.39918336162597E+0000	-2.12279239732498E-0003
 1.40492767298499E+0000	-2.11811854148516E-0003
 1.41068302055900E+0000	-2.04551315550918E-0003
 1.41645949924353E+0000	-1.90873816647074E-0003
 1.42226634889581E+0000	-1.71247233525679E-0003
 1.42811209525836E+0000	-1.46218668971797E-0003
 1.43400469793625E+0000	-1.16413833725856E-0003
 1.43995165430606E+0000	-8.25488531247401E-0004
 1.44595999784003E+0000	-4.54527995286981E-0004
 1.45203613221816E+0000	-6.09611825587842E-0005
 1.45818546264333E+0000	 3.43829493670105E-0004
 1.46441182053808E+0000	 7.46640056845575E-0004
 1.47071672403772E+0000	 1.13253144040971E-0003
 1.47709857644523E+0000	 1.48524477128242E-0003
 1.48355197206257E+0000	 1.78799011757591E-0003
 1.49006730379131E+0000	 2.02453368917594E-0003
 1.49663076688972E+0000	 2.18037979473960E-0003
 1.50322464880642E+0000	 2.24387034665130E-0003
 1.50982772961748E+0000	 2.20728125425985E-0003
 1.51641592885424E+0000	 2.06819377744109E-0003
 1.52296377037307E+0000	 1.83109957669810E-0003
 1.52944709484667E+0000	 1.50844708914672E-0003
 1.53584649869997E+0000	 1.12003312682684E-0003
 1.54215010242497E+0000	 6.90435023479439E-0004
 1.54835447960988E+0000	 2.45412833144551E-0004
 1.55446368141329E+0000	-1.91323177113660E-0004
 1.56048717082072E+0000	-6.00119631410924E-0004
 1.56643758876067E+0000	-9.66099290828240E-0004
 1.57232890572351E+0000	-1.27897819910252E-0003
 1.57817512404781E+0000	-1.53241944858637E-0003
 1.58398947894271E+0000	-1.72323350248133E-0003
 1.58978402012111E+0000	-1.85059297044236E-0003
 1.59556946543618E+0000	-1.91533616043217E-0003
 1.60135524777860E+0000	-1.91938906491959E-0003
 1.60714970022250E+0000	-1.86532141157856E-0003
 1.61296033451712E+0000	-1.75605087716820E-0003
 1.61879416697645E+0000	-1.59470793795306E-0003
 1.62465804034902E+0000	-1.38466609583757E-0003
 1.63055888709376E+0000	-1.12972851668702E-0003
 1.63650388187214E+0000	-8.34446529154381E-0004
 1.64250043736399E+0000	-5.04531702804925E-0004
 1.64855600399908E+0000	-1.47310403582807E-0004
 1.65467764154688E+0000	 2.27848162524071E-0004
 1.66087134929713E+0000	 6.09226033936019E-0004
 1.66714118761372E+0000	 9.82691745802883E-0004
 1.67348829568831E+0000	 1.33198294040580E-0003
 1.67990996259778E+0000	 1.63936641658830E-0003
 1.68639886888883E+0000	 1.88660851539814E-0003
 1.69294249385115E+0000	 2.05620246668715E-0003
 1.69952267815152E+0000	 2.13299463115237E-0003
 1.70611567117744E+0000	 2.10648299532897E-0003
 1.71269346977682E+0000	 1.97365072292256E-0003
 1.71922709483909E+0000	 1.74124352667460E-0003
 1.72569122889962E+0000	 1.42589856445269E-0003
 1.73206833604670E+0000	 1.05147541881678E-0003
 1.73835050149051E+0000	 6.44673677806982E-0004
 1.74453868626562E+0000	 2.30839605933983E-0004
 1.75064039067974E+0000	-1.68756213976970E-0004
 1.75666696516836E+0000	-5.37980673106142E-0004
 1.76263134557283E+0000	-8.65702023151098E-0004
 1.76854646759176E+0000	-1.14502178165997E-0003
 1.77442431745276E+0000	-1.37228411858590E-0003
 1.78027548043553E+0000	-1.54609238217572E-0003
 1.78610905250089E+0000	-1.66644444653259E-0003
 1.79193280859093E+0000	-1.73404059595495E-0003
 1.79775354219650E+0000	-1.74979324349759E-0003
 1.80357749949265E+0000	-1.71455394536866E-0003
 1.80941083436585E+0000	-1.62905806454579E-0003
 1.81526001604270E+0000	-1.49406964715884E-0003
 1.82113213212907E+0000	-1.31069321959218E-0003
 1.82703504376325E+0000	-1.08080971703473E-0003
 1.83297736040884E+0000	-8.07589805242119E-0004
 1.83896820688952E+0000	-4.96032817049326E-0004
 1.84501675999907E+0000	-1.53465831896294E-0004
 1.85113154934439E+0000	 2.10084876777117E-0004
 1.85731955835673E+0000	 5.81753569093033E-0004
 1.86358521851334E+0000	 9.46011350948527E-0004
 1.86992942080571E+0000	 1.28517910349030E-0003
 1.87634862126910E+0000	 1.58023035927716E-0003
 1.88283401722929E+0000	 1.81187862147988E-0003
 1.88937079528307E+0000	 1.96213715561430E-0003
 1.89593779499164E+0000	 2.01666179612738E-0003
 1.90250841895514E+0000	 1.96780805415033E-0003
 1.90905355449530E+0000	 1.81739925947311E-0003
 1.91554616392457E+0000	 1.57756733020883E-0003
 1.92196580640235E+0000	 1.26873237893533E-0003
 1.92830116189259E+0000	 9.15484686232465E-0004
 1.93454989794048E+0000	 5.42216626792581E-0004
 1.94071664270716E+0000	 1.70003175573611E-0004
 1.94681031392269E+0000	-1.84827290468017E-0004
 1.95284171972914E+0000	-5.10769088504848E-0004
 1.95882181919750E+0000	-8.00425611224585E-0004
 1.96476067627042E+0000	-1.04946963713130E-0003
 1.97066699512987E+0000	-1.25557044773669E-0003
 1.97654809601135E+0000	-1.41745250336646E-0003
 1.98241019893314E+0000	-1.53417622557777E-0003
 1.98825889308964E+0000	-1.60468746764385E-0003
 1.99409967735953E+0000	-1.62764722590074E-0003
 1.99993847000449E+0000	-1.60151984741580E-0003
 2.00578200811962E+0000	-1.52487087275916E-0003
 2.01163808597235E+0000	-1.39681174734406E-0003
 2.01751560644533E+0000	-1.21752891602754E-0003
 2.02342443384750E+0000	-9.88841877941812E-0004
 2.02937504016902E+0000	-7.14737493577698E-0004
 2.03537794029422E+0000	-4.01819058103749E-0004
 2.04144292881382E+0000	-5.95920043936570E-0005
 2.04757816994832E+0000	 2.99499050529879E-0004
 2.05378924028790E+0000	 6.60340505743456E-0004
 2.06007824111887E+0000	 1.00571913570286E-0003
 2.06644304150127E+0000	 1.31712301901238E-0003
 2.07287661563593E+0000	 1.57574696576760E-0003
 2.07936644792802E+0000	 1.76384441280909E-0003
 2.08589424550292E+0000	 1.86668500602807E-0003
 2.09243659209259E+0000	 1.87511662221549E-0003
 2.09896719687494E+0000	 1.78802866688028E-0003
 2.10546063389915E+0000	 1.61343908410245E-0003
 2.11189635141159E+0000	 1.36727824167775E-0003
 2.11826132961967E+0000	 1.07018279356003E-0003
 2.12455053975788E+0000	 7.43670251218701E-0004
 2.13076554986982E+0000	 4.07086372353256E-0004
 2.13691226455072E+0000	 7.59670544668529E-0005
 2.14299869718222E+0000	-2.38289261385785E-0004
 2.14903326551986E+0000	-5.27882860346630E-0004
 2.15502374788806E+0000	-7.87659077378378E-0004
 2.16097684615967E+0000	-1.01407205056089E-0003
 2.16689822736519E+0000	-1.20427955552228E-0003
 2.17279289278564E+0000	-1.35549509420332E-0003
 2.17866571879905E+0000	-1.46465584594259E-0003
 2.18452202350679E+0000	-1.52840557919488E-0003
 2.19036804122292E+0000	-1.54334225169287E-0003
 2.19621122927188E+0000	-1.50645076835953E-0003
 2.20206037442810E+0000	-1.41563702859870E-0003
 2.20792549550109E+0000	-1.27029291690941E-0003
 2.21381754904197E+0000	-1.07183836840495E-0003
 2.21974794376801E+0000	-8.24192525387412E-0004
 2.22572787071575E+0000	-5.34116640165050E-0004
 2.23176747552179E+0000	-2.11354969484718E-0004
 2.23787494211305E+0000	 1.31502463780916E-0004
 2.24405560657471E+0000	 4.79474861562654E-0004
 2.25031123303545E+0000	 8.15924490434162E-0004
 2.25663952023384E+0000	 1.12345808804182E-0003
 2.26303379527504E+0000	 1.38490395511455E-0003
 2.26948281400777E+0000	 1.58441328573464E-0003
 2.27597074784640E+0000	 1.70886659861065E-0003
 2.28247772643570E+0000	 1.74965570004001E-0003
 2.28898140512493E+0000	 1.70447629998463E-0003
 2.29545962862482E+0000	 1.57831302385278E-0003
 2.30189351098333E+0000	 1.38285938084710E-0003
 2.30826979055032E+0000	 1.13434671416152E-0003
 2.31458163528991E+0000	 8.50604907547537E-0004
 2.32082789646023E+0000	 5.48442409688458E-0004
 2.32701144684659E+0000	 2.42034207029839E-0004
 2.33313735367351E+0000	-5.75851715030938E-0005
 2.33921139553528E+0000	-3.42204569769281E-0004
 2.34523913463043E+0000	-6.05677086312839E-0004
 2.35122554897243E+0000	-8.43047979482203E-0004
 2.35717511966802E+0000	-1.04980356989094E-0003
 2.36309221816831E+0000	-1.22138229507325E-0003
 2.36898162419211E+0000	-1.35300430604540E-0003
 2.37484902128483E+0000	-1.43980201242074E-0003
 2.38070135882463E+0000	-1.47718141367463E-0003
 2.38654702207805E+0000	-1.46132243508101E-0003
 2.39239579627233E+0000	-1.38973339278134E-0003
 2.39825863411191E+0000	-1.26179558452066E-0003
 2.40414723945102E+0000	-1.07925100777457E-0003
 2.41007347489084E+0000	-8.46587516643885E-0004
 2.41604860503660E+0000	-5.71260744880219E-0004
 2.42208241501242E+0000	-2.63673775726703E-0004
 2.42818229798352E+0000	 6.31606041537679E-0005
 2.43435246261185E+0000	 3.94297036680370E-0004
 2.44059342074116E+0000	 7.13792875287478E-0004
 2.44690183181886E+0000	 1.00572242631609E-0003
 2.45327062807686E+0000	 1.25509286460250E-0003
 2.45968924493665E+0000	 1.44862991432368E-0003
 2.46614386652250E+0000	 1.57559002662078E-0003
 2.47261785022734E+0000	 1.62878000464626E-0003
 2.47909268832744E+0000	 1.60570241807022E-0003
 2.48554971891262E+0000	 1.50935402422450E-0003
 2.49197230038083E+0000	 1.34807788730257E-0003
 2.49834770932626E+0000	 1.13425219975633E-0003
 2.50466806090147E+0000	 8.82231853798978E-0004
 2.51093006455957E+0000	 6.06308036909886E-0004
 2.51713396393693E+0000	 3.19296101245430E-0004
 2.52328221409995E+0000	 3.19478450592587E-0005
 2.52937834098037E+0000	-2.46955514095941E-0004
 2.53542620782492E+0000	-5.10115109323160E-0004
 2.54142972642461E+0000	-7.51111035181828E-0004
 2.54739293480676E+0000	-9.63894394611854E-0004
 2.55332030621293E+0000	-1.14249974652589E-0003
 2.55921714110739E+0000	-1.28102081435458E-0003
 2.56508991422165E+0000	-1.37382559856803E-0003
 2.57094648967078E+0000	-1.41594585661349E-0003
 2.57679616190665E+0000	-1.40356354114163E-0003
 2.58264951313720E+0000	-1.33452583793328E-0003
 2.58851809198503E+0000	-1.20883625214546E-0003
 2.59441391777281E+0000	-1.02907711187120E-0003
 2.60034881280168E+0000	-8.00710674665383E-0004
 2.60633357837360E+0000	-5.32184407453427E-0004
 2.61237707315849E+0000	-2.34747992633381E-0004
 2.61848532314308E+0000	 7.80939436269552E-0005
 2.62466085748616E+0000	 3.91488267794981E-0004
 2.63090245896632E+0000	 6.90353846518159E-0004
 2.63720538822329E+0000	 9.60448149985098E-0004
 2.64356192531810E+0000	 1.18912649427553E-0003
 2.64996192547221E+0000	 1.36574393597406E-0003
 2.65639316978099E+0000	 1.48192006037314E-0003
 2.66284159307694E+0000	 1.53198272644851E-0003
 2.66929174850686E+0000	 1.51368492181366E-0003
 2.67572783166944E+0000	 1.42888948476171E-0003
 2.68213519330427E+0000	 1.28370284698749E-0003
 2.68850183903667E+0000	 1.08775958813289E-0003
 2.69481934381622E+0000	 8.52848582036904E-0004
 2.70108294108789E+0000	 5.91405064280729E-0004
 2.70729096112546E+0000	 3.15349829528063E-0004
 2.71344399392104E+0000	 3.54785339299192E-0005
 2.71954411100878E+0000	-2.38658606502886E-0004
 2.72559433099403E+0000	-4.98574073272085E-0004
 2.73159837224350E+0000	-7.36554987279024E-0004
 2.73756064612783E+0000	-9.45420120218211E-0004
 2.74348640246650E+0000	-1.11841069107653E-0003
 2.74938193054330E+0000	-1.24924793590300E-0003
 2.75525473126293E+0000	-1.33234826219993E-0003
 2.76111359846200E+0000	-1.36316074754497E-0003
 2.76696857092088E+0000	-1.33858101174256E-0003
 2.77283073378438E+0000	-1.25739517677091E-0003
 2.77871185570478E+0000	-1.12070915212739E-0003
 2.78462384969433E+0000	-9.32312415120383E-0004
 2.79057805264217E+0000	-6.98906371661556E-0004
 2.79658434713322E+0000	-4.30100265652591E-0004
 2.80265021268544E+0000	-1.38064244089564E-0004
 2.80877988372333E+0000	 1.63232369484603E-0004
 2.81497385859989E+0000	 4.59146873066382E-0004
 2.82122896177821E+0000	 7.35618091599638E-0004
 2.82753895670282E+0000	 9.80185385602783E-0004
 2.83389542231198E+0000	 1.18248310362414E-0003
 2.84028846140794E+0000	 1.33422975552168E-0003
 2.84670697664375E+0000	 1.42906794063768E-0003
 2.85313864577206E+0000	 1.46268540816805E-0003
 2.85957003664380E+0000	 1.43335828893318E-0003
 2.86598724543305E+0000	 1.34262201358764E-0003
 2.87237704497869E+0000	 1.19556547599085E-0003
 2.87872813237260E+0000	 1.00044439772342E-0003
 2.88503199781086E+0000	 7.67727042503304E-0004
 2.89128319850809E+0000	 5.08958333852724E-0004
 2.89747913737532E+0000	 2.35801545168655E-0004
 2.90361959470303E+0000	-4.05829280816212E-0005
 2.90970623335604E+0000	-3.09843665636862E-0004
 2.91574219951382E+0000	-5.62532743586229E-0004
 2.92173185661592E+0000	-7.90095740067144E-0004
 2.92768064376445E+0000	-9.84838528342317E-0004
 2.93359502960743E+0000	-1.13992658845833E-0003
 2.93948252281798E+0000	-1.24945312820489E-0003
 2.94535169402914E+0000	-1.30859516508245E-0003
 2.95121216174832E+0000	-1.31385950274145E-0003
 2.95707449689340E+0000	-1.26340443503622E-0003
 2.96295000501580E+0000	-1.15740907294865E-0003
 2.96885034954934E+0000	-9.98447748460012E-0004
 2.97478698574940E+0000	-7.91806166295394E-0004
 2.98077039385684E+0000	-5.45645335064099E-0004
 2.98680914860164E+0000	-2.70887112188138E-0004
 2.99290895222962E+0000	 1.93088374580132E-0005
 2.99907187019366E+0000	 3.10534306777471E-0004
 3.00529606573790E+0000	 5.88465807344191E-0004
 3.01157622069534E+0000	 8.40190144307977E-0004
 3.01790452295324E+0000	 1.05506811103575E-0003
 3.02427176528798E+0000	 1.22487791725731E-0003
 3.03066803054131E+0000	 1.34341507994825E-0003
 3.03708276026979E+0000	 1.40607376734309E-0003
 3.04350449230978E+0000	 1.40988934051897E-0003
 3.04992081285871E+0000	 1.35410323516819E-0003
 3.05631889263655E+0000	 1.24085895981325E-0003
 3.06268652548185E+0000	 1.07551471835070E-0003
 3.06901324574506E+0000	 8.66329111154153E-0004
 3.07529111343280E+0000	 6.23664552693459E-0004
 3.08151502133039E+0000	 3.59042096061951E-0004
 3.08768262378964E+0000	 8.43120699115794E-0005
 3.09379406488353E+0000	-1.88962812532328E-0004
 3.09985163759131E+0000	-4.49929103543996E-0004
 3.10585943932886E+0000	-6.88715639143996E-0004
 3.11182305538591E+0000	-8.96595025906852E-0004
 3.11774929395367E+0000	-1.06606486394006E-0003
 3.12364598993072E+0000	-1.19088667097268E-0003
 3.12952187799150E+0000	-1.26612797875200E-0003
 3.13538651270096E+0000	-1.28825038237859E-0003
 3.14125019383447E+0000	-1.25527197072678E-0003
 3.14712384343726E+0000	-1.16701140846192E-0003
 3.15301877682239E+0000	-1.02539720222380E-0003
 3.15894631070019E+0000	-8.34798631528664E-0004
 3.16491716123841E+0000	-6.02299805504430E-0004
 3.17094061629065E+0000	-3.37794004102033E-0004
 3.17702353979702E+0000	-5.37369339332572E-0005
 3.18316939148032E+0000	 2.35591262228601E-0004
 3.18937758052657E+0000	 5.15341211315271E-0004
 3.19564349901884E+0000	 7.71636058609680E-0004
 3.20195936399668E+0000	 9.92902079310868E-0004
 3.20831556558567E+0000	 1.17046978349309E-0003
 3.21470187686177E+0000	 1.29830364221589E-0003
 3.22110797695579E+0000	 1.37227208454963E-0003
 3.22752325987318E+0000	 1.38963897601143E-0003
 3.23393643001350E+0000	 1.34920408500300E-0003
 3.24033549766966E+0000	 1.25196259360760E-0003
 3.24670842874538E+0000	 1.10175060018551E-0003
 3.25304420439846E+0000	 9.05388218722152E-0004
 3.25933381468120E+0000	 6.72215756159833E-0004
 3.26557085784087E+0000	 4.13271382916818E-0004
 3.27175171490234E+0000	 1.40432657045996E-0004
 3.27787544817631E+0000	-1.34298895609249E-0004
 3.28394357109035E+0000	-3.99348193907854E-0004
 3.28995976016241E+0000	-6.43989459511543E-0004
 3.29592953101700E+0000	-8.58664326596049E-0004
 3.30185989923738E+0000	-1.03519671396511E-0003
 3.30775906097823E+0000	-1.16691090155940E-0003
 3.31363612786499E+0000	-1.24868143547713E-0003
 3.31950093099074E+0000	-1.27696158433174E-0003
 3.32536388076323E+0000	-1.24983958757003E-0003
 3.33123584426647E+0000	-1.16715977524678E-0003
 3.33712798421050E+0000	-1.03072448499346E-0003
 3.34305149270799E+0000	-8.44565589186263E-0004
 3.34901714902691E+0000	-6.15238782113063E-0004
 3.35503464104276E+0000	-3.52044151532060E-0004
 3.36111163599545E+0000	-6.70150564386959E-0005
 3.36725269450545E+0000	 2.25528111229674E-0004
 3.37345829456558E+0000	 5.10023439850254E-0004
 3.37972438847293E+0000	 7.71270272981494E-0004
 3.38604287216806E+0000	 9.96189092288205E-0004
 3.39240295974793E+0000	 1.17506294324508E-0003
 3.39879289180588E+0000	 1.30173624295625E-0003
 3.40520115083033E+0000	 1.37286499945495E-0003
 3.41161672737513E+0000	 1.38692351298197E-0003
 3.41802869723381E+0000	 1.34373219862748E-0003
 3.42442582297128E+0000	 1.24474829098780E-0003
 3.43079675100272E+0000	 1.09372989119640E-0003
 3.43713083158662E+0000	 8.97145969117974E-0004
 3.44341913000132E+0000	 6.63975120151325E-0004
 3.44965515673858E+0000	 4.04996892543771E-0004
 3.45583513710892E+0000	 1.31928804608194E-0004
 3.46195793421268E+0000	-1.43309821829348E-0004
 3.46802482512273E+0000	-4.09132505595581E-0004
 3.47403925117954E+0000	-6.54677119311262E-0004
 3.48000656411605E+0000	-8.70122113406997E-0004
 3.48593375264322E+0000	-1.04694870241446E-0003
 3.49182914949075E+0000	-1.17813934311996E-0003
 3.49770214237766E+0000	-1.25830756294840E-0003
 3.50356291652639E+0000	-1.28377665319716E-0003
 3.50942224058200E+0000	-1.25264261765981E-0003
 3.51529128381108E+0000	-1.16486047908349E-0003
 3.52118142972422E+0000	-1.02238398697573E-0003
 3.52710403261716E+0000	-8.29370770856242E-0004
 3.53307004837086E+0000	-5.92437678391802E-0004
 3.53908946238936E+0000	-3.20908064724957E-0004
 3.54517045152955E+0000	-2.69269418402562E-0005
 3.55131828653144E+0000	 2.74760546411612E-0004
 3.55753414274562E+0000	 5.67615201256583E-0004
 3.56381422071214E+0000	 8.34839759900161E-0004
 3.57014972608474E+0000	 1.06144659063346E-0003
 3.57652805067070E+0000	 1.23618420939663E-0003
 3.58293485286051E+0000	 1.35246405349640E-0003
 3.58935609407954E+0000	 1.40790786078592E-0003
 3.59577910646566E+0000	 1.40301825903066E-0003
 3.60219251675546E+0000	 1.33997416212715E-0003
 3.60858565393329E+0000	 1.22223818162009E-0003
 3.61494825999117E+0000	 1.05489886804868E-0003
 3.62127087180853E+0000	 8.45133828519862E-0004
 3.62754563013155E+0000	 6.02225836597164E-0004
 3.63376699988877E+0000	 3.37016354170384E-0004
 3.63993206606429E+0000	 6.10844961692748E-0005
 3.64604042008455E+0000	-2.13991678294573E-0004
 3.65209385474116E+0000	-4.77124058911165E-0004
 3.65809606405471E+0000	-7.17991781336415E-0004
 3.66405241938507E+0000	-9.27223725378180E-0004
 3.66996979748808E+0000	-1.09657007992386E-0003
 3.67585641390311E+0000	-1.21908448116769E-0003
 3.68172163803116E+0000	-1.28930350737475E-0003
 3.68757579226090E+0000	-1.30341100864301E-0003
 3.69342994503795E+0000	-1.25939152938951E-0003
 3.69929569770662E+0000	-1.15719062501616E-0003
 3.70518494694192E+0000	-9.98902025239354E-0004
 3.71110958609946E+0000	-7.88992585051188E-0004
 3.71708109224022E+0000	-5.34557115680118E-0004
 3.72310993192912E+0000	-2.45563156650261E-0004
 3.72920471629925E+0000	 6.50086489473723E-0005
 3.73537107111906E+0000	 3.81305865710550E-0004
 3.74161030959867E+0000	 6.85291638649956E-0004
 3.74791823906560E+0000	 9.58237561297278E-0004
 3.75428471149601E+0000	 1.18302469954198E-0003
 3.76069454254547E+0000	 1.34669859438468E-0003
 3.76712985645610E+0000	 1.44221635564303E-0003
 3.77357297543850E+0000	 1.46850498306126E-0003
 3.78000852257270E+0000	 1.42894866504278E-0003
 3.78642400724787E+0000	 1.32939597788278E-0003
 3.79280925691245E+0000	 1.17682438386978E-0003
 3.79915565168929E+0000	 9.79019665447136E-0004
 3.80545587461327E+0000	 7.44829810141090E-0004
 3.81170423739666E+0000	 4.84323411349331E-0004
 3.81789717501940E+0000	 2.08502166694696E-0004
 3.82403349213114E+0000	-7.13264703342720E-0005
 3.83011423562702E+0000	-3.44193529679233E-0004
 3.83614233853403E+0000	-5.99892433202125E-0004
 3.84212225292909E+0000	-8.29150962242159E-0004
 3.84805970337464E+0000	-1.02365946980645E-0003
 3.85396157282326E+0000	-1.17608316521432E-0003
 3.85983586417156E+0000	-1.28013314647853E-0003
 3.86569167363598E+0000	-1.33071136695194E-0003
 3.87153913632595E+0000	-1.32411444037151E-0003
 3.87738932716594E+0000	-1.25828013684326E-0003
 3.88325410639331E+0000	-1.13307158106705E-0003
 3.88914588929129E+0000	-9.50601343340447E-0004
 3.89507730268936E+0000	-7.15592443948412E-0004
 3.90106067408559E+0000	-4.35753422285251E-0004
 3.90710728942028E+0000	-1.22109083826069E-0004
 3.91322636099868E+0000	 2.10825551695891E-0004
 3.91942368677207E+0000	 5.45216008202369E-0004
 3.92570009524815E+0000	 8.60694687831520E-0004
 3.93205000331799E+0000	 1.13605273201883E-0003
 3.93846073458581E+0000	 1.35192047474387E-0003
 3.94491338923004E+0000	 1.49394598690380E-0003
 3.95138558120876E+0000	 1.55527350641002E-0003
 3.95785523801320E+0000	 1.53703845727928E-0003
 3.96430379971527E+0000	 1.44662405821752E-0003
 3.97071755197974E+0000	 1.29480491007698E-0003
 3.97708715137155E+0000	 1.09332777968123E-0003
 3.98340637618720E+0000	 8.53733960610630E-0004
 3.98967111828834E+0000	 5.87219514125114E-0004
 3.99587900168284E+0000	 3.04853950643420E-0004
 4.00202942922717E+0000	 1.76221080942006E-0005
 4.00812366611169E+0000	-2.63835771178662E-0004
 4.01416472055232E+0000	-5.29607593425312E-0004
 4.02015703079569E+0000	-7.70790501451533E-0004
 4.02610611009776E+0000	-9.79569657674012E-0004
 4.03201829459379E+0000	-1.14913966792556E-0003
 4.03790065190284E+0000	-1.27358308977701E-0003
 4.04376102354305E+0000	-1.34780969443456E-0003
 4.04960813330964E+0000	-1.36761084550636E-0003
 4.05545169473731E+0000	-1.32983785317603E-0003
 4.06130246990919E+0000	-1.23269156532395E-0003
 4.06717224581930E+0000	-1.07611011026566E-0003
 4.07307369165123E+0000	-8.62247922134259E-0004
 4.07902004141128E+0000	-5.96035858547300E-0004
 4.08502452046725E+0000	-2.85786704529935E-0004
 4.09109941738082E+0000	 5.62458042151291E-0005
 4.09725471816012E+0000	 4.13535126856109E-0004
 4.10349630334269E+0000	 7.65466149101081E-0004
 4.10982389795384E+0000	 1.08840613730881E-0003
 4.11622927440967E+0000	 1.35798772460226E-0003
 4.12269555286597E+0000	 1.55260181813119E-0003
 4.12919852524733E+0000	 1.65739449299094E-0003
 4.13571030440695E+0000	 1.66726760714324E-0003
 4.14220426114551E+0000	 1.58732527304960E-0003
 4.14865918058783E+0000	 1.43045176942868E-0003
 4.15506102599416E+0000	 1.21339436080922E-0003
 4.16140229467822E+0000	 9.53292015788306E-0004
 4.16768016615922E+0000	 6.65746782341875E-0004
 4.17389470384353E+0000	 3.64352907349860E-0004
 4.18004772774488E+0000	 6.09892099767364E-0005
 4.18614233758910E+0000	-2.33780541106954E-0004
 4.19218276735771E+0000	-5.10512696543286E-0004
 4.19817427509569E+0000	-7.60888182851901E-0004
 4.20412294561376E+0000	-9.77765710481554E-0004
 4.21003544307803E+0000	-1.15515512439268E-0003
 4.21591881535666E+0000	-1.28808028273366E-0003
 4.22178042928446E+0000	-1.37238759484738E-0003
 4.22762805388929E+0000	-1.40459134506478E-0003
 4.23347005263283E+0000	-1.38183378455033E-0003
 4.23931561821221E+0000	-1.30200228364758E-0003
 4.24517498257671E+0000	-1.16401380803112E-0003
 4.25105954382627E+0000	-9.68262138752923E-0004
 4.25698185149921E+0000	-7.17222706756891E-0004
 4.26295537064222E+0000	-4.16207794173194E-0004
 4.26899390378982E+0000	-7.42377127820104E-0005
 4.27511050710747E+0000	 2.95085045906399E-0004
 4.28131573872366E+0000	 6.72961540649950E-0004
 4.28761520608564E+0000	 1.03550955130837E-0003
 4.29400672761735E+0000	 1.35522242424871E-0003
 4.30047798284770E+0000	 1.60424914855790E-0003
 4.30700600384220E+0000	 1.75927942019073E-0003
 4.31355966876102E+0000	 1.80666587721862E-0003
 4.32010508312615E+0000	 1.74557366252232E-0003
 4.32661194324158E+0000	 1.58747315451387E-0003
 4.33305820172708E+0000	 1.35224471318379E-0003
 4.33943148824263E+0000	 1.06299473423774E-0003
 4.34572772634791E+0000	 7.41844066740271E-0004
 4.35194851122890E+0000	 4.07710842343734E-0004
 4.35809863856739E+0000	 7.58381705162118E-0005
 4.36418442745990E+0000	-2.41717284898513E-0004
 4.37021285505879E+0000	-5.35340330269080E-0004
 4.37619122807304E+0000	-7.97249899500836E-0004
 4.38212708654580E+0000	-1.02113356492437E-0003
 4.38802814073311E+0000	-1.20195514457515E-0003
 4.39390217648272E+0000	-1.33581721811896E-0003
 4.39975696179844E+0000	-1.41979648276282E-0003
 4.40560022294618E+0000	-1.45173948302830E-0003
 4.41143974116944E+0000	-1.43006646810287E-0003
 4.41728357610824E+0000	-1.35365958885445E-0003
 4.42314037605346E+0000	-1.22190679884734E-0003
 4.42901970546908E+0000	-1.03494809891990E-0003
 4.43493230854870E+0000	-7.94144741679007E-0004
 4.44089022082902E+0000	-5.02776577314305E-0004
 4.44690661895185E+0000	-1.66963322649628E-0004
 4.45299524737947E+0000	 2.03223497887661E-0004
 4.45916918986060E+0000	 5.92585825720000E-0004
 4.46543872426982E+0000	 9.79902494672819E-0004
 4.47180815856242E+0000	 1.33798806504928E-0003
 4.47827209606974E+0000	 1.63566937374032E-0003
 4.48481253537345E+0000	 1.84239724149541E-0003
 4.49139894189810E+0000	 1.93492107215748E-0003
 4.49799271132923E+0000	 1.90352123797143E-0003
 4.50455494007765E+0000	 1.75454197448969E-0003
 4.51105405984466E+0000	 1.50781894208515E-0003
 4.51747009430083E+0000	 1.19068155891407E-0003
 4.52379475577973E+0000	 8.31694109634855E-0004
 4.53002883043833E+0000	 4.56372073425840E-0004
 4.53617881865550E+0000	 8.53292283493306E-0005
 4.54225410790740E+0000	-2.65810502114917E-0004
 4.54826510554815E+0000	-5.85626170261231E-0004
 4.55422224488358E+0000	-8.65895894162972E-0004
 4.56013559100992E+0000	-1.10072882645572E-0003
 4.56601476744665E+0000	-1.28595386815502E-0003
 4.57186899535529E+0000	-1.41874424719125E-0003
 4.57770713092959E+0000	-1.49739060194504E-0003
 4.58353767434120E+0000	-1.52112778850986E-0003
 4.58936878579370E+0000	-1.48995498726506E-0003
 4.59520836931527E+0000	-1.40444403565001E-0003
 4.60106427169184E+0000	-1.26558501247379E-0003
 4.60694460194827E+0000	-1.07475205677734E-0003
 4.61285812356237E+0000	-8.33876623852679E-0004
 4.61881462486676E+0000	-5.45893702597369E-0004
 4.62482513949288E+0000	-2.15492918308096E-0004
 4.63090185696141E+0000	 1.49828910472746E-0004
 4.63705751173666E+0000	 5.38467876318481E-0004
 4.64330396258958E+0000	 9.33338211989450E-0004
 4.64964963904375E+0000	 1.31086293857274E-0003
 4.65609574328112E+0000	 1.64121674783596E-0003
 4.66263187206391E+0000	 1.89108622163927E-0003
 4.66923308152039E+0000	 2.02976699907044E-0003
 4.67586126247019E+0000	 2.03738214308652E-0003
 4.68247208683926E+0000	 1.91135555433064E-0003
 4.68902488162522E+0000	 1.66716336017739E-0003
 4.69549044404776E+0000	 1.33305678216299E-0003
 4.70185374403121E+0000	 9.42264070494571E-0004
 4.70811215673885E+0000	 5.26500175088120E-0004
 4.71427169774938E+0000	 1.12391844284450E-0004
 4.72034330561831E+0000	-2.79557472834930E-0004
 4.72634007597217E+0000	-6.34517057538372E-0004
 4.73227554516038E+0000	-9.42285138919109E-0004
 4.73816279401581E+0000	-1.19617751608956E-0003
 4.74401409094834E+0000	-1.39208948744601E-0003
 4.74984083984662E+0000	-1.52780674528621E-0003
 4.75565366093112E+0000	-1.60255397112843E-0003
 4.76146249203391E+0000	-1.61672396569389E-0003
 4.76727665490394E+0000	-1.57170946537890E-0003
 4.77310488616481E+0000	-1.46976310292445E-0003
 4.77895537783309E+0000	-1.31384028274830E-0003
 4.78483589429072E+0000	-1.10743148902611E-0003
 4.79075401837676E+0000	-8.54450875794671E-0004
 4.79671752549262E+0000	-5.59293987307624E-0004
 4.80273480396748E+0000	-2.27186396552458E-0004
 4.80881515652393E+0000	 1.35092296125825E-0004
 4.81496874982791E+0000	 5.18100723660476E-0004
 4.82120592551184E+0000	 9.08345784781273E-0004
 4.82753554405675E+0000	 1.28688704652842E-0003
 4.83396206833360E+0000	 1.62852575001199E-0003
 4.84048143581799E+0000	 1.90263228205862E-0003
 4.84707675529624E+0000	 2.07693660861226E-0003
 4.85371635440777E+0000	 2.12475520651569E-0003
 4.86035713637023E+0000	 2.03350504439174E-0003
 4.86695351166633E+0000	 1.80978944058660E-0003
 4.87346772552618E+0000	 1.47757880867147E-0003
 4.87987623724272E+0000	 1.07088743629623E-0003
 4.88617032245218E+0000	 6.25553813157494E-0004
 4.89235285597335E+0000	 1.73574809711799E-0004
 4.89843408469290E+0000	-2.59359379960756E-0004
 4.90442807857393E+0000	-6.54100386511815E-0004
 4.91035033184302E+0000	-9.97206565403878E-0004
 4.91621636602132E+0000	-1.27980611060331E-0003
 4.92204102789665E+0000	-1.49653257390831E-0003
 4.92783821355938E+0000	-1.64466763573544E-0003
 4.93362082798774E+0000	-1.72351393147612E-0003
 4.93940085227614E+0000	-1.73397631713717E-0003
 4.94518943138965E+0000	-1.67831065609400E-0003
 4.95099692581190E+0000	-1.55998517535077E-0003
 4.95683290364195E+0000	-1.38358861587971E-0003
 4.96270609138999E+0000	-1.15472134879285E-0003
 4.96862434495349E+0000	-8.79833856515324E-0004
 4.97459472564926E+0000	-5.66038027658301E-0004
 4.98062374094741E+0000	-2.20997284859192E-0004
 4.98671771864089E+0000	 1.46937422313779E-0004
 4.99288314354867E+0000	 5.28187999716119E-0004
 4.99912665028006E+0000	 9.10958202130695E-0004
 5.00545429360685E+0000	 1.27994611900836E-0003
 5.01186975224884E+0000	 1.61518733227811E-0003
 5.01837132676679E+0000	 1.89178719593068E-0003
 5.02494813093750E+0000	 2.08160980269688E-0003
 5.03157690586049E+0000	 2.15787783050293E-0003
 5.03822196199472E+0000	 2.10234444552593E-0003
 5.04484028011925E+0000	 1.91220406481793E-0003
 5.05139063295841E+0000	 1.60252121530997E-0003
 5.05784218587473E+0000	 1.20237058954089E-0003
 5.06417849156273E+0000	 7.47262336294086E-0004
 5.07039651267672E+0000	 2.72057102327935E-0004
 5.07650301160611E+0000	-1.93298825384524E-0004
 5.08251066475635E+0000	-6.25268369534609E-0004
 5.08843506024739E+0000	-1.00651453835568E-0003
 5.09429276990254E+0000	-1.32497694979077E-0003
 5.10010027082108E+0000	-1.57282401919895E-0003
 5.10587342296444E+0000	-1.74554234554511E-0003
 5.11162726890627E+0000	-1.84124037464232E-0003
 5.11737599870920E+0000	-1.86016300905695E-0003
 5.12313297939711E+0000	-1.80438755251901E-0003
 5.12891078082552E+0000	-1.67766470855145E-0003
 5.13472114686421E+0000	-1.48536179719951E-0003
 5.14057487661170E+0000	-1.23445149417249E-0003
 5.14648160921525E+0000	-9.33472949161599E-0004
 5.15244955512190E+0000	-5.92390800049761E-0004
 5.15848527451902E+0000	-2.22317010450640E-0004
 5.16459362996426E+0000	 1.64844979646624E-0004
 5.17077797758260E+0000	 5.56653274310564E-0004
 5.17704048460012E+0000	 9.40037637562145E-0004
 5.18338223622466E+0000	 1.30073271538811E-0003
 5.18980267423478E+0000	 1.62239819759116E-0003
 5.19629803750899E+0000	 1.88597442566561E-0003
 5.20285889871837E+0000	 2.07010748691619E-0003
 5.20946756039537E+0000	 2.15345638694770E-0003
 5.21609679776187E+0000	 2.11911169825140E-0003
 5.22271165590681E+0000	 1.96004055190931E-0003
 5.22927486143216E+0000	 1.68300755789100E-0003
 5.23575400129057E+0000	 1.30845498387381E-0003
 5.24212709974762E+0000	 8.66172235272736E-0004
 5.24838443280771E+0000	 3.89191641116022E-0004
 5.25452699864087E+0000	-9.13092822575289E-0005
 5.26056346218862E+0000	-5.48871347865947E-0004
 5.26650712900691E+0000	-9.62644012135066E-0004
 5.27237365518674E+0000	-1.31710361086947E-0003
 5.27817957903064E+0000	-1.60129306296528E-0003
 5.28394149920429E+0000	-1.80799813540925E-0003
 5.28967568036939E+0000	-1.93305209313112E-0003
 5.29539790582163E+0000	-1.97483107000903E-0003
 5.30112344819776E+0000	-1.93394163742971E-0003
 5.30686706869350E+0000	-1.81307899535464E-0003
 5.31264297739389E+0000	-1.61702621170933E-0003
 5.31846469590448E+0000	-1.35275628747252E-0003
 5.32434476828507E+0000	-1.02957897120979E-0003
 5.33029428396842E+0000	-6.59240223508534E-0004
 5.33632222741987E+0000	-2.55846716457561E-0004
 5.34243476299018E+0000	 1.64512615525041E-0004
 5.34863466754178E+0000	 5.84490033111563E-0004
 5.35492114403126E+0000	 9.86402682547368E-0004
 5.36129008086746E+0000	 1.35302224536198E-0003
 5.36773449119302E+0000	 1.66790986181523E-0003
 5.37424462501153E+0000	 1.91531670381102E-0003
 5.38080739957382E+0000	 2.08015627413545E-0003
 5.38740535309290E+0000	 2.14876716428419E-0003
 5.39401592334524E+0000	 2.11085495466058E-0003
 5.40061203683185E+0000	 1.96226393991323E-0003
 5.40716456176359E+0000	 1.70749486107589E-0003
 5.41364623443038E+0000	 1.36062218874545E-0003
 5.42003569431213E+0000	 9.43844607253034E-0004
 5.42632005723107E+0000	 4.84141110889161E-0004
 5.43249532034544E+0000	 9.44201717930748E-0006
 5.43856505164410E+0000	-4.54382900160227E-0004
 5.44453834452194E+0000	-8.85212717309160E-0004
 5.45042783798110E+0000	-1.26522254012000E-0003
 5.45624818312210E+0000	-1.58072651178404E-0003
 5.46201501998962E+0000	-1.82170838619484E-0003
 5.46774438046022E+0000	-1.98129591061273E-0003
 5.47345239381895E+0000	-2.05531770294136E-0003
 5.47915517952480E+0000	-2.04200622361827E-0003
 5.48486883073999E+0000	-1.94186974457826E-0003
 5.49060940673424E+0000	-1.75773603157307E-0003
 5.49639285640857E+0000	-1.49495813638240E-0003
 5.50223478839034E+0000	-1.16175607269378E-0003
 5.50814999142204E+0000	-7.69633898130151E-0004
 5.51415161029012E+0000	-3.33747846370574E-0004
 5.52024993321320E+0000	 1.26990206592377E-0004
 5.52645089030022E+0000	 5.90366023632367E-0004
 5.53275460167775E+0000	 1.03212383826696E-0003
 5.53915452473916E+0000	 1.42801419884242E-0003
 5.54563767963554E+0000	 1.75615612619043E-0003
 5.55218594454829E+0000	 1.99895441552594E-0003
 5.55877782586387E+0000	 2.14407319847114E-0003
 5.56539001108255E+0000	 2.18462349254759E-0003
 5.57199850648033E+0000	 2.11910625167792E-0003
 5.57857965016457E+0000	 1.95142095284138E-0003
 5.58511129072997E+0000	 1.69081650410739E-0003
 5.59157413174651E+0000	 1.35151486618348E-0003
 5.59795303933485E+0000	 9.51845330218744E-0004
 5.60423803499370E+0000	 5.12884996558859E-0004
 5.61042470848713E+0000	 5.67899570753456E-0005
 5.61651395071384E+0000	-3.94835533647059E-0004
 5.62251115788874E+0000	-8.22200525155020E-0004
 5.62842520391027E+0000	-1.20807590502466E-0003
 5.63426744894481E+0000	-1.53808299556833E-0003
 5.64005093591630E+0000	-1.80067111913586E-0003
 5.64578982059934E+0000	-1.98693728511724E-0003
 5.65149901951551E+0000	-2.09040688103342E-0003
 5.65719403341582E+0000	-2.10685828007796E-0003
 5.66289089449532E+0000	-2.03424891388603E-0003
 5.66860617956418E+0000	-1.87278525161632E-0003
 5.67435702135814E+0000	-1.62516996122225E-0003
 5.68016103045584E+0000	-1.29704986757298E-0003
 5.68603600699116E+0000	-8.97667262596095E-0004
 5.69199927658496E+0000	-4.40665513363835E-0004
 5.69806644924362E+0000	 5.51101288848429E-0005
 5.70424943364797E+0000	 5.65165092240304E-0004
 5.71055375268202E+0000	 1.05983954260656E-0003
 5.71697569376059E+0000	 1.50638364628874E-0003
 5.72350045326948E+0000	 1.87288147224568E-0003
 5.73010262923133E+0000	 2.13325162722379E-0003
 5.73674955427233E+0000	 2.27150726807604E-0003
 5.74340638018291E+0000	 2.28352527876714E-0003
 5.75004092372573E+0000	 2.17595035285879E-0003
 5.75662682105154E+0000	 1.96326955458655E-0003
 5.76314470004998E+0000	 1.66445593557635E-0003
 5.76958184498103E+0000	 1.30015415077018E-0003
 5.77593106485272E+0000	 8.90830411971655E-0004
 5.78218942181953E+0000	 4.55861872833917E-0004
 5.78835722816077E+0000	 1.32476506984769E-0005
 5.79443740153886E+0000	-4.20429614937840E-0004
 5.80043506516033E+0000	-8.30019330980259E-0004
 5.80635725521627E+0000	-1.20185348242234E-0003
 5.81221266543465E+0000	-1.52380742345038E-0003
 5.81801141902422E+0000	-1.78534319674189E-0003
 5.82376488123937E+0000	-1.97753080400926E-0003
 5.82948552570847E+0000	-2.09306085178866E-0003
 5.83518686176317E+0000	-2.12627161012246E-0003
 5.84088342365194E+0000	-2.07322085756638E-0003
 5.84659081351902E+0000	-1.93184168237390E-0003
 5.85232577437954E+0000	-1.70223162536378E-0003
 5.85810624252517E+0000	-1.38713383145858E-0003
 5.86395128461235E+0000	-9.92671681992493E-0004
 5.86988075507058E+0000	-5.29380970930256E-0004
 5.87591441094967E+0000	-1.35148997451191E-0005
 5.88207011774266E+0000	 5.31580383998163E-0004
 5.88836077366711E+0000	 1.07457660084208E-0003
 5.89478991291247E+0000	 1.57682621171410E-0003
 5.90134691920943E+0000	 1.99594731150022E-0003
 5.90800422609667E+0000	 2.29295585386773E-0003
 5.91471943020104E+0000	 2.44121069946994E-0003
 5.92144309547643E+0000	 2.43293933530856E-0003
 5.92812904939083E+0000	 2.27963976579363E-0003
 5.93474221256942E+0000	 2.00660413245023E-0003
 5.94126132387935E+0000	 1.64520139259017E-0003
 5.94767738115619E+0000	 1.22649107990902E-0003
 5.95399013132901E+0000	 7.77612754067011E-0004
 5.96020452110142E+0000	 3.20640934651703E-0004
 5.96632803070035E+0000	-1.27043763342092E-0004
 5.97236906510156E+0000	-5.51747589512097E-0004
 5.97833620159304E+0000	-9.42394865260646E-0004
 5.98423798825702E+0000	-1.28967029518501E-0003
 5.99008303165443E+0000	-1.58543918106017E-0003
 5.99588020450158E+0000	-1.82241209632089E-0003
 6.00163888537644E+0000	-1.99399492191396E-0003
 6.00736919308894E+0000	-2.09427417992149E-0003
 6.01308220406593E+0000	-2.11810503110860E-0003
 6.01879015346491E+0000	-2.06128628110116E-0003
 6.02450662604822E+0000	-1.92082444159576E-0003
 6.03024674056142E+0000	-1.69531033424819E-0003
 6.03602731633534E+0000	-1.38545759998504E-0003
 6.04186697475136E+0000	-9.94879778177556E-0004
 6.04778605872512E+0000	-5.31201928103964E-0004
 6.05380613400421E+0000	-7.58940067203636E-0006
 6.05994865676684E+0000	 5.55328424424630E-0004
 6.06623219426316E+0000	 1.12747337206708E-0003
 6.07266757849676E+0000	 1.66827192511919E-0003
 6.07925108430458E+0000	 2.12850497279442E-0003
 6.08595777325725E+0000	 2.45738731168923E-0003
 6.09273983235911E+0000	 2.61505753078798E-0003
 6.09953443041003E+0000	 2.58543693550108E-0003
 6.10627929786832E+0000	 2.38114034687631E-0003
 6.11292726849659E+0000	 2.03698618280260E-0003
 6.11945233508057E+0000	 1.59736382782789E-0003
 6.12584728450201E+0000	 1.10520362919374E-0003
 6.13211756157429E+0000	 5.96106247492535E-0004
 6.13827531885967E+0000	 9.69185792705976E-0005
 6.14433521968534E+0000	-3.73289183070989E-0004
 6.15031201452933E+0000	-8.01428799766800E-0004
 6.15621940345084E+0000	-1.17860602543736E-0003
 6.16206969532846E+0000	-1.49865535654058E-0003
 6.16787390908485E+0000	-1.75706006104322E-0003
 6.17364209423060E+0000	-1.95021749695645E-0003
 6.17938374574095E+0000	-2.07498272705019E-0003
 6.18510825055411E+0000	-2.12843082649776E-0003
 6.19082533684309E+0000	-2.10779739340671E-0003
 6.19654551229680E+0000	-2.01057598353436E-0003
 6.20228048299028E+0000	-1.83476745474901E-0003
 6.20804354498662E+0000	-1.57929258704395E-0003
 6.21384993499296E+0000	-1.24460137687346E-0003
 6.21971710479305E+0000	-8.33543924459394E-0004
 6.22566482853977E+0000	-3.52605870714291E-0004
 6.23171493388741E+0000	 1.86363576094535E-0004
 6.23789023323625E+0000	 7.63849298874336E-0004
 6.24421191629771E+0000	 1.34996936577789E-0003
 6.25069440990503E+0000	 1.90227214027415E-0003
 6.25733713352878E+0000	 2.36630485642580E-0003
 6.26411488035945E+0000	 2.68256334557109E-0003
 6.27097297429960E+0000	 2.80187975711886E-0003
 6.27783527671570E+0000	 2.70395166842284E-0003
