 2.40184263315989E-0003	-1.39058213611272E-0003
 8.22642136654931E-0003	-1.80426037896153E-0003
 1.39895044611570E-0002	-2.15101275296597E-0003
 1.97039029781343E-0002	-2.42397429960010E-0003
 2.53824494138057E-0002	-2.61825468002793E-0003
 3.10378656759057E-0002	-2.73061659022221E-0003
 3.66827625116960E-0002	-2.75922348591121E-0003
 4.23297293703817E-0002	-2.70348564735869E-0003
 4.79914767461076E-0002	-2.56402404114254E-0003
 5.36809926058287E-0002	-2.34276901770243E-0003
 5.94116661951964E-0002	-2.04321077813270E-0003
 6.51973138902389E-0002	-1.67081374670923E-0003
 7.10520136258636E-0002	-1.23358739919906E-0003
 7.69896246583803E-0002	-7.42758112488900E-0004
 8.30228606851041E-0002	-2.13396435562813E-0004
 8.91618433896536E-0002	 3.35276755424240E-0004
 9.54122543703880E-0002	 8.80300337325782E-0004
 1.01773544791564E-0001	 1.39645578849297E-0003
 1.08237992674960E-0001	 1.85879562531710E-0003
 1.14791318963918E-0001	 2.24548467128029E-0003
 1.21414787193039E-0001	 2.53971627149332E-0003
 1.28087642545481E-0001	 2.72987851355038E-0003
 1.34788444518398E-0001	 2.80841918418013E-0003
 1.41494799680368E-0001	 2.77089560224358E-0003
 1.48182451916661E-0001	 2.61650391460490E-0003
 1.54825415450147E-0001	 2.35005108257303E-0003
 1.61398160319328E-0001	 1.98388560134093E-0003
 1.67879204637681E-0001	 1.53800693977325E-0003
 1.74254278700589E-0001	 1.03780540198717E-0003
 1.80517582006993E-0001	 5.10481813001785E-0004
 1.86670997694217E-0001	-1.82675253117915E-0005
 1.92722128959838E-0001	-5.26335955397315E-0004
 1.98682141058512E-0001	-9.95975680942717E-0004
 2.04564000335835E-0001	-1.41365188222745E-0003
 2.10381288512102E-0001	-1.76944768904119E-0003
 2.16147533421411E-0001	-2.05635653763017E-0003
 2.21875916562301E-0001	-2.26964823591549E-0003
 2.27579218690453E-0001	-2.40638855183462E-0003
 2.33269892588941E-0001	-2.46513244314324E-0003
 2.38960180434590E-0001	-2.44578263215044E-0003
 2.44662213130308E-0001	-2.34959233196146E-0003
 2.50388040857474E-0001	-2.17928234161672E-0003
 2.56149552197706E-0001	-1.93923186434748E-0003
 2.61958249735842E-0001	-1.63568656058212E-0003
 2.67824870842140E-0001	-1.27690800699351E-0003
 2.73758881389838E-0001	-8.73174060718406E-0004
 2.79767930126877E-0001	-4.36547810214022E-0004
 2.85857417051408E-0001	 1.96104795820811E-0005
 2.92030355323147E-0001	 4.81294257280243E-0004
 2.98287628111182E-0001	 9.34419104012707E-0004
 3.04628526399430E-0001	 1.36498007470322E-0003
 3.11051168627322E-0001	 1.75857961074671E-0003
 3.17552223642873E-0001	 2.09946048920305E-0003
 3.24125478354993E-0001	 2.36967214029220E-0003
 3.30759322282505E-0001	 2.54939876374292E-0003
 3.37434124515343E-0001	 2.61943187498154E-0003
 3.44121355852210E-0001	 2.56586079044911E-0003
 3.50786195641355E-0001	 2.38532254793595E-0003
 3.57393504205634E-0001	 2.08788758544094E-0003
 3.63914548593864E-0001	 1.69561008058049E-0003
 3.70331264876562E-0001	 1.23756474669298E-0003
 3.76636776915250E-0001	 7.44132786844364E-0004
 3.82833208666925E-0001	 2.42850527506036E-0004
 3.88928614700952E-0001	-2.43525223630916E-0004
 3.94934304294644E-0001	-6.97270594951966E-0004
 4.00863010936105E-0001	-1.10509016941679E-0003
 4.06727846145942E-0001	-1.45726996322433E-0003
 4.12541799591462E-0001	-1.74691134002837E-0003
 4.18317551377406E-0001	-1.96936130487491E-0003
 4.24067424425725E-0001	-2.12184371652422E-0003
 4.29803368007106E-0001	-2.20324880429806E-0003
 4.35536911946386E-0001	-2.21402355725006E-0003
 4.41279066042804E-0001	-2.15610457476917E-0003
 4.47040166226551E-0001	-2.03283999337884E-0003
 4.52829692429628E-0001	-1.84885686201363E-0003
 4.58656104804254E-0001	-1.60984741414278E-0003
 4.64526761995853E-0001	-1.32227641162956E-0003
 4.70447988875048E-0001	-9.93054463954234E-0004
 4.76425338240594E-0001	-6.29273460525036E-0004
 4.82464031306984E-0001	-2.38142411385477E-0004
 4.88569468466787E-0001	 1.72731066515013E-0004
 4.94747595787459E-0001	 5.94619471296081E-0004
 5.01004825160544E-0001	 1.01653881597995E-0003
 5.07347169124707E-0001	 1.42390790760526E-0003
 5.13778311342427E-0001	 1.79747276725605E-0003
 5.20296592749135E-0001	 2.11327289712477E-0003
 5.26891503712788E-0001	 2.34461334373375E-0003
 5.33541204241609E-0001	 2.46662613776490E-0003
 5.40213179453621E-0001	 2.46260613383088E-0003
 5.46869162412701E-0001	 2.32941600445155E-0003
 5.53472763383431E-0001	 2.07883586861856E-0003
 5.59996129248406E-0001	 1.73405774066257E-0003
 5.66422825307933E-0001	 1.32363727389757E-0003
 5.72746960722646E-0001	 8.76059575840691E-0004
 5.78970432872175E-0001	 4.16539721501563E-0004
 5.85100069907730E-0001	-3.40916774406281E-0005
 5.91145495225983E-0001	-4.59292520496603E-0004
 5.97117784032548E-0001	-8.46268360917186E-0004
 6.03028680451508E-0001	-1.18540083979747E-0003
 6.08890126247103E-0001	-1.46978537771085E-0003
 6.14713932545863E-0001	-1.69487776925983E-0003
 6.20511509154663E-0001	-1.85820151361366E-0003
 6.26293624833022E-0001	-1.95906562996141E-0003
 6.32070206996100E-0001	-1.99825837367742E-0003
 6.37850207700034E-0001	-1.97770341662579E-0003
 6.43641569533112E-0001	-1.90008767395188E-0003
 6.49451322070453E-0001	-1.76849293978285E-0003
 6.55285826169772E-0001	-1.58608526575736E-0003
 6.61151158476212E-0001	-1.35593260663597E-0003
 6.67053593496811E-0001	-1.08102658194798E-0003
 6.73000101069859E-0001	-7.64573175926413E-0004
 6.78998740257729E-0001	-4.10589212210234E-0004
 6.85058800163322E-0001	-2.47994321148493E-0005
 6.91190511240515E-0001	 3.84228242931486E-0004
 6.97404126654749E-0001	 8.03860134862796E-0004
 7.03708177474504E-0001	 1.21638966458312E-0003
 7.10106823277341E-0001	 1.59878147092463E-0003
 7.16596598822920E-0001	 1.92392990599100E-0003
 7.23163573067545E-0001	 2.16410470275779E-0003
 7.29782645979148E-0001	 2.29639181785071E-0003
 7.36420456543490E-0001	 2.30833693477253E-0003
 7.43041483784262E-0001	 2.20097000581600E-0003
 7.49614626110159E-0001	 1.98756864432367E-0003
 7.56117299078060E-0001	 1.68926514777529E-0003
 7.62536181597084E-0001	 1.33016600163634E-0003
 7.68865792795997E-0001	 9.33878977505394E-0004
 7.75106478338662E-0001	 5.21741056820301E-0004
 7.81262680464501E-0001	 1.12159910009035E-0004
 7.87341655548855E-0001	-2.79542756260674E-0004
 7.93352503614058E-0001	-6.41104308920455E-0004
 7.99305368554032E-0001	-9.63195805883462E-0004
 8.05210750782220E-0001	-1.23919130279814E-0003
 8.11078938108896E-0001	-1.46482209353545E-0003
 8.16919584779049E-0001	-1.63773214788604E-0003
 8.22741465381887E-0001	-1.75697506469348E-0003
 8.28552415017324E-0001	-1.82250640873029E-0003
 8.34359448770877E-0001	-1.83472931643882E-0003
 8.40169035869711E-0001	-1.79414868078140E-0003
 8.45987487654731E-0001	-1.70118197368461E-0003
 8.51821404061205E-0001	-1.55616322791531E-0003
 8.57678111988613E-0001	-1.35956113707228E-0003
 8.63566022070940E-0001	-1.11241460127103E-0003
 8.69494826334189E-0001	-8.16972468809261E-0004
 8.75475452045430E-0001	-4.77508834890675E-0004
 8.81519669519088E-0001	-1.01262464346343E-0004
 8.87639224823867E-0001	 3.00602070421093E-0004
 8.93844357708366E-0001	 7.12221422762524E-0004
 9.00141639292042E-0001	 1.11283392168665E-0003
 9.06531331674169E-0001	 1.47771593378155E-0003
 9.13004988631075E-0001	 1.78077365379712E-0003
 9.19544552109829E-0001	 1.99871939108989E-0003
 9.26124090192031E-0001	 2.11562039255106E-0003
 9.32714048133878E-0001	 2.12578895342929E-0003
 9.39286209964398E-0001	 2.03367037268519E-0003
 9.45817218830017E-0001	 1.85128640996642E-0003
 9.52289865046751E-0001	 1.59502429219816E-0003
 9.58692844225410E-0001	 1.28313266157193E-0003
 9.65020024221181E-0001	 9.34153949930448E-0004
 9.71269734379610E-0001	 5.65898739660286E-0004
 9.77444074399866E-0001	 1.94629375213338E-0004
 9.83548110111602E-0001	-1.65594055029001E-0004
 9.89588942668520E-0001	-5.03301455082160E-0004
 9.95574767440121E-0001	-8.09660146077817E-0004
 1.00151407269580E+0000	-1.07820922937808E-0003
 1.00741508268817E+0000	-1.30438593532443E-0003
 1.01328547883581E+0000	-1.48497347342745E-0003
 1.01913237445336E+0000	-1.61758356212588E-0003
 1.02496248552924E+0000	-1.70025306506651E-0003
 1.03078242862892E+0000	-1.73120046701690E-0003
 1.03659907786286E+0000	-1.70876168784333E-0003
 1.04241991871336E+0000	-1.63150614201979E-0003
 1.04825334397292E+0000	-1.49852127338719E-0003
 1.05410884400460E+0000	-1.30984648009914E-0003
 1.05999704610019E+0000	-1.06703466648222E-0003
 1.06592955047437E+0000	-7.73816874946225E-0004
 1.07191849074283E+0000	-4.36830913841772E-0004
 1.07797572219502E+0000	-6.63304769102812E-0005
 1.08411153993740E+0000	 3.23300571300144E-0004
 1.09033290838565E+0000	 7.13538294364081E-0004
 1.09664141514830E+0000	 1.08262744016269E-0003
 1.10303154670863E+0000	 1.40772095598066E-0003
 1.10949019226217E+0000	 1.66805793748962E-0003
 1.11599804902043E+0000	 1.84819791354644E-0003
 1.12253262167145E+0000	 1.93993707538503E-0003
 1.12907147510398E+0000	 1.94220382587149E-0003
 1.13559439959848E+0000	 1.85953157834483E-0003
 1.14208420381705E+0000	 1.70035980977568E-0003
 1.14852681484107E+0000	 1.47591915941974E-0003
 1.15491141687391E+0000	 1.19957672302438E-0003
 1.16123078639997E+0000	 8.86140997992334E-0004
 1.16748151271394E+0000	 5.50872517624933E-0004
 1.17366378467976E+0000	 2.08363647821329E-0004
 1.17978071306691E+0000	-1.28370615564193E-0004
 1.18583741291886E+0000	-4.48362560493517E-0004
 1.19184012836075E+0000	-7.42713695666336E-0004
 1.19779558734914E+0000	-1.00431218500851E-0003
 1.20371064243684E+0000	-1.22742565779669E-0003
 1.20959216214490E+0000	-1.40731008476865E-0003
 1.21544710067962E+0000	-1.53991656348340E-0003
 1.22128267228443E+0000	-1.62173171467393E-0003
 1.22710656787670E+0000	-1.64976028584502E-0003
 1.23292716356059E+0000	-1.62164460344996E-0003
 1.23875367977608E+0000	-1.53590875677140E-0003
 1.24459625504279E+0000	-1.39231307209542E-0003
 1.25046589684354E+0000	-1.19230389098173E-0003
 1.25637426153611E+0000	-9.39538634941557E-0004
 1.26233319721383E+0000	-6.40445654947764E-0004
 1.26835397068531E+0000	-3.04729441503842E-0004
 1.27444612169331E+0000	 5.43513963992273E-0005
 1.28061599028035E+0000	 4.20200736450190E-0004
 1.28686518114539E+0000	 7.73888094730665E-0004
 1.29318950343979E+0000	 1.09604606447520E-0003
 1.29957902047914E+0000	 1.36930583130332E-0003
 1.30601946382981E+0000	 1.58040382797795E-0003
 1.31249447361653E+0000	 1.72106940468587E-0003
 1.31898757338379E+0000	 1.78752505261931E-0003
 1.32548308913054E+0000	 1.77934323128843E-0003
 1.33196613262165E+0000	 1.69865330037137E-0003
 1.33842243161038E+0000	 1.55011604740246E-0003
 1.34483869475394E+0000	 1.34129809614223E-0003
 1.35120357516140E+0000	 1.08275160937212E-0003
 1.35750874214415E+0000	 7.87393429896006E-0004
 1.36374949680290E+0000	 4.69322464429084E-0004
 1.36992470762810E+0000	 1.42541148560011E-0004
 1.37603622821983E+0000	-1.80011011802037E-0004
 1.38208811871458E+0000	-4.86966029760711E-0004
 1.38808592945464E+0000	-7.68651606693253E-0004
 1.39403616714345E+0000	-1.01698419685138E-0003
 1.39994596030594E+0000	-1.22526644603134E-0003
 1.40582289453483E+0000	-1.38797953401787E-0003
 1.41167497551534E+0000	-1.50062570877821E-0003
 1.41751067590727E+0000	-1.55965483676673E-0003
 1.42333902156771E+0000	-1.56249447870662E-0003
 1.42916967214064E+0000	-1.50769163894934E-0003
 1.43501294993720E+0000	-1.39516483548946E-0003
 1.44087976695879E+0000	-1.22655544906982E-0003
 1.44678139167988E+0000	-1.00565175158779E-0003
 1.45272898921942E+0000	-7.38828815411274E-0004
 1.45873287556286E+0000	-4.35395328701319E-0004
 1.46480147618355E+0000	-1.07669293941286E-0004
 1.47094010310596E+0000	 2.29444652398014E-0004
 1.47714985926047E+0000	 5.59550955749308E-0004
 1.48342714300537E+0000	 8.66462625085632E-0004
 1.48976414844743E+0000	 1.13603552819296E-0003
 1.49615030197502E+0000	 1.35739683607094E-0003
 1.50257397016818E+0000	 1.52304717817231E-0003
 1.50902355441810E+0000	 1.62801002082488E-0003
 1.51548753210816E+0000	 1.66882900935525E-0003
 1.52195377208296E+0000	 1.64324600456746E-0003
 1.52840894384451E+0000	 1.55083609958013E-0003
 1.53483874086836E+0000	 1.39417321461410E-0003
 1.54122906948405E+0000	 1.17972746782704E-0003
 1.54756772912808E+0000	 9.17872280640901E-0004
 1.55384585631134E+0000	 6.21931972528257E-0004
 1.56005863636653E+0000	 3.06693088627026E-0004
 1.56620522848294E+0000	-1.30737828056372E-0005
 1.57228815591528E+0000	-3.23724383174690E-0004
 1.57831247707400E+0000	-6.13382202793818E-0004
 1.58428497383677E+0000	-8.72173558557359E-0004
 1.59021348926728E+0000	-1.09217936683404E-0003
 1.59610646750855E+0000	-1.26723070372787E-0003
 1.60197269603402E+0000	-1.39265814882886E-0003
 1.60782121632131E+0000	-1.46508068365882E-0003
 1.61366134795357E+0000	-1.48229328192779E-0003
 1.61950275988605E+0000	-1.44328597061065E-0003
 1.62535551780623E+0000	-1.34840245266791E-0003
 1.63123003497562E+0000	-1.19962221121238E-0003
 1.63713685485639E+0000	-1.00092211809574E-0003
 1.64308620218308E+0000	-7.58636159037126E-0004
 1.64908726904953E+0000	-4.81683131900480E-0004
 1.65514727595201E+0000	-1.81485719752128E-0004
 1.66127047812989E+0000	 1.28596572971551E-0004
 1.66745744103350E+0000	 4.34384797451439E-0004
 1.67370496669460E+0000	 7.22350026831264E-0004
 1.68000686042647E+0000	 9.80932105338839E-0004
 1.68635527914581E+0000	 1.20112452823056E-0003
 1.69274198508667E+0000	 1.37608345451642E-0003
 1.69915882188460E+0000	 1.50011665892747E-0003
 1.70559720037610E+0000	 1.56781943546107E-0003
 1.71204700292371E+0000	 1.57405338200631E-0003
 1.71849569660914E+0000	 1.51498005477625E-0003
 1.72492839189922E+0000	 1.38974875841895E-0003
 1.73132911576136E+0000	 1.20201660189967E-0003
 1.73768291997259E+0000	 9.60505180212856E-0004
 1.74397801191826E+0000	 6.78286261232672E-0004
 1.75020715496472E+0000	 3.71109960562151E-0004
 1.75636802841336E+0000	 5.54296094413061E-0005
 1.76246270039332E+0000	-2.53286869052497E-0004
 1.76849659982636E+0000	-5.41655194832509E-0004
 1.77447737123619E+0000	-7.98856003041406E-0004
 1.78041387606637E+0000	-1.01663530648725E-0003
 1.78631546902799E+0000	-1.18901339541097E-0003
 1.79219157468774E+0000	-1.31187917397655E-0003
 1.79805152462080E+0000	-1.38260810362928E-0003
 1.80390457950566E+0000	-1.39979760371104E-0003
 1.80976004300853E+0000	-1.36317129408746E-0003
 1.81562736873171E+0000	-1.27366367732039E-0003
 1.82151616511496E+0000	-1.13365860743685E-0003
 1.82743601607811E+0000	-9.47316320411385E-0004
 1.83339606170028E+0000	-7.20883266095800E-0004
 1.83940433393803E+0000	-4.62839865093544E-0004
 1.84546693018436E+0000	-1.83722141243500E-0004
 1.85158722847259E+0000	 1.04504978723361E-0004
 1.85776544945813E+0000	 3.89496358331853E-0004
 1.86399884204828E+0000	 6.59728265971153E-0004
 1.87028252316101E+0000	 9.05384122875941E-0004
 1.87661061609794E+0000	 1.11850769844192E-0003
 1.88297707779809E+0000	 1.29237871925359E-0003
 1.88937571944575E+0000	 1.42054273754811E-0003
 1.89579936367461E+0000	 1.49618258089408E-0003
 1.90223857874662E+0000	 1.51240074481404E-0003
 1.90868073599154E+0000	 1.46356409509525E-0003
 1.91511011182825E+0000	 1.34731565169475E-0003
 1.92150934888413E+0000	 1.16641392988944E-0003
 1.92786192604182E+0000	 9.29503219952079E-0004
 1.93415474282740E+0000	 6.50380539747242E-0004
 1.94037988761065E+0000	 3.46045012337326E-0004
 1.94653513241133E+0000	 3.43017510852751E-0005
 1.95262329228342E+0000	-2.68312211966529E-0004
 1.95865093368595E+0000	-5.47857065590591E-0004
 1.96462693781165E+0000	-7.93529466074153E-0004
 1.97056126277118E+0000	-9.97594273650996E-0004
 1.97646406185045E+0000	-1.15495724954854E-0003
 1.98234518078437E+0000	-1.26260100880247E-0003
 1.98821398087986E+0000	-1.31905115104043E-0003
 1.99407939588055E+0000	-1.32398438001999E-0003
 1.99995011084530E+0000	-1.27804032436844E-0003
 2.00583474443032E+0000	-1.18285025097854E-0003
 2.01174192254857E+0000	-1.04124724120372E-0003
 2.01768015402268E+0000	-8.57575452526999E-0004
 2.02365746076442E+0000	-6.37974714849706E-0004
 2.02968078127571E+0000	-3.90489253814327E-0004
 2.03575525921795E+0000	-1.24855678722963E-0004
 2.04188363041343E+0000	 1.48101923605538E-0004
 2.04806597255511E+0000	 4.17382458570365E-0004
 2.05429999559879E+0000	 6.72735301395465E-0004
 2.06058179687794E+0000	 9.05209985707378E-0004
 2.06690670250894E+0000	 1.10706409544325E-0003
 2.07326968976615E+0000	 1.27111733550263E-0003
 2.07966506376034E+0000	 1.39000215479380E-0003
 2.08608545732377E+0000	 1.45590414342829E-0003
 2.09252062858322E+0000	 1.46123053140784E-0003
 2.09895676879795E+0000	 1.40024913712565E-0003
 2.10537697190535E+0000	 1.27122588066124E-0003
 2.11176308024799E+0000	 1.07817998709345E-0003
 2.11809843752608E+0000	 8.31378099327559E-0004
 2.12437056226179E+0000	 5.46224312003501E-0004
 2.13057279706476E+0000	 2.40963048206276E-0004
 2.13670454728402E+0000	-6.59292766322819E-0005
 2.14277035519646E+0000	-3.57867590435894E-0004
 2.14877837780631E+0000	-6.21413916071710E-0004
 2.15473880414063E+0000	-8.46685645245919E-0004
 2.16066254412388E+0000	-1.02714842897340E-0003
 2.16656032092097E+0000	-1.15906376269108E-0003
 2.17244217083388E+0000	-1.24081575170889E-0003
 2.17831729006495E+0000	-1.27228088410743E-0003
 2.18419413488792E+0000	-1.25435314073350E-0003
 2.19008066091690E+0000	-1.18869110357955E-0003
 2.19598457536215E+0000	-1.07770480407626E-0003
 2.20191348013641E+0000	-9.24745575551332E-0004
 2.20787481027080E+0000	-7.34408144375654E-0004
 2.21387552415477E+0000	-5.12811080631059E-0004
 2.21992157878254E+0000	-2.67703170674241E-0004
 2.22601731622874E+0000	-8.26892408133757E-0006
 2.23216496827969E+0000	 2.55402043618446E-0004
 2.23836449638898E+0000	 5.13061867536574E-0004
 2.24461386458796E+0000	 7.54993255166561E-0004
 2.25090960713629E+0000	 9.72333634003152E-0004
 2.25724733345091E+0000	 1.15690115735257E-0003
 2.26362178389926E+0000	 1.30070276118234E-0003
 2.27002627086281E+0000	 1.39556716569645E-0003
 2.27645170422533E+0000	 1.43338965836311E-0003
 2.28288573070994E+0000	 1.40725518835724E-0003
 2.28931264619074E+0000	 1.31328243406725E-0003
 2.29571454017085E+0000	 1.15256224553105E-0003
 2.30207359721076E+0000	 9.32318853955648E-0004
 2.30837486240597E+0000	 6.65646175419207E-0004
 2.31460849522170E+0000	 3.69807810273940E-0004
 2.32077080373903E+0000	 6.37269206363970E-0005
 2.32686395046636E+0000	-2.34481001482446E-0004
 2.33289472374310E+0000	-5.09310460594508E-0004
 2.33887293423302E+0000	-7.48796582074747E-0004
 2.34480988342490E+0000	-9.44687045799180E-0004
 2.35071714665156E+0000	-1.09209909100469E-0003
 2.35660574889938E+0000	-1.18890105367234E-0003
 2.36248572080564E+0000	-1.23500484557745E-0003
 2.36836598104461E+0000	-1.23170622572497E-0003
 2.37425446729053E+0000	-1.18117478269337E-0003
 2.38015841426723E+0000	-1.08616370090504E-0003
 2.38608465649115E+0000	-9.49966770537724E-0004
 2.39203982857103E+0000	-7.76593386259777E-0004
 2.39803035993639E+0000	-5.71071081118408E-0004
 2.40406221790943E+0000	-3.39736960003887E-0004
 2.41014043728322E+0000	-9.03643285229762E-0005
 2.41626856762472E+0000	 1.67991137084372E-0004
 2.42244823363706E+0000	 4.25438924599539E-0004
 2.42867898481055E+0000	 6.71862869131735E-0004
 2.43495847403697E+0000	 8.97447788360271E-0004
 2.44128279662155E+0000	 1.09290290031840E-0003
 2.44764667735169E+0000	 1.24935770899195E-0003
 2.45404324744516E+0000	 1.35817774510376E-0003
 2.46046341647585E+0000	 1.41111380866090E-0003
 2.46689518568371E+0000	 1.40112222712081E-0003
 2.47332346980397E+0000	 1.32386408463172E-0003
 2.47973091845674E+0000	 1.17944412788800E-0003
 2.48609981222653E+0000	 9.73647366430128E-0004
 2.49241455101494E+0000	 7.18022882650214E-0004
 2.49866391639323E+0000	 4.28649932938958E-0004
 2.50484240339729E+0000	 1.23991640504328E-0004
 2.51095036617444E+0000	-1.77461002152890E-0004
 2.51699318422036E+0000	-4.59136830775775E-0004
 2.52297989145276E+0000	-7.07613964927018E-0004
 2.52892169555651E+0000	-9.13123858334437E-0004
 2.53483066854051E+0000	-1.06949332816140E-0003
 2.54071873639876E+0000	-1.17372667008722E-0003
 2.54659699668991E+0000	-1.22539859810375E-0003
 2.55247534805068E+0000	-1.22598536203681E-0003
 2.55836239820384E+0000	-1.17823387148837E-0003
 2.56426560021568E+0000	-1.08565641058897E-0003
 2.57019153865141E+0000	-9.52225055977466E-0004
 2.57614625440492E+0000	-7.82307688951824E-0004
 2.58213547864460E+0000	-5.80830808489326E-0004
 2.58816466228945E+0000	-3.53584756999274E-0004
 2.59423874602677E+0000	-1.07529155591619E-0004
 2.60036170793757E+0000	 1.49061159819704E-0004
 2.60653602279741E+0000	 4.06724126854827E-0004
 2.61276222191241E+0000	 6.55216282446479E-0004
 2.61903870372604E+0000	 8.84062814960028E-0004
 2.62536180035826E+0000	 1.08303869723827E-0003
 2.63172592499617E+0000	 1.24243250814238E-0003
 2.63812354900869E+0000	 1.35315355130266E-0003
 2.64454489020882E+0000	 1.40696678172003E-0003
 2.65097749662213E+0000	 1.39719022880844E-0003
 2.65740619042369E+0000	 1.31995715278023E-0003
 2.66381384946560E+0000	 1.17571613245917E-0003
 2.67018314228843E+0000	 9.70306003503641E-0004
 2.67649879302554E+0000	 7.15001199518771E-0004
 2.68274963437476E+0000	 4.25383592480149E-0004
 2.68892983473569E+0000	 1.19417836425824E-0004
 2.69503910082725E+0000	-1.84658989476003E-0004
 2.70108203873535E+0000	-4.70124590213898E-0004
 2.70706702837559E+0000	-7.22983948450336E-0004
 2.71300494884913E+0000	-9.32587515463013E-0004
 2.71890798416582E+0000	-1.09176625420561E-0003
 2.72478862433667E+0000	-1.19663061664456E-0003
 2.73065889797753E+0000	-1.24616088605351E-0003
 2.73652983634261E+0000	-1.24168090003537E-0003
 2.74241116163466E+0000	-1.18628248186617E-0003
 2.74831119312081E+0000	-1.08426362460664E-0003
 2.75423695337205E+0000	-9.40653340299573E-0004
 2.76019442456392E+0000	-7.60901841302915E-0004
 2.76618885895993E+0000	-5.50795146118827E-0004
 2.77222501253170E+0000	-3.16597805496844E-0004
 2.77830717486961E+0000	-6.53474344378907E-0005
 2.78443892766558E+0000	 1.94847677328433E-0004
 2.79062266737781E+0000	 4.54681577623135E-0004
 2.79685903582605E+0000	 7.03817412250616E-0004
 2.80314645663824E+0000	 9.31349239348005E-0004
 2.80948092428296E+0000	 1.12642096903522E-0003
 2.81585603931005E+0000	 1.27880316817234E-0003
 2.82226312306937E+0000	 1.37932113339661E-0003
 2.82869122599058E+0000	 1.42024042865944E-0003
 2.83512704206790E+0000	 1.39587745890201E-0003
 2.84155504420739E+0000	 1.30361303150979E-0003
 2.84795828096287E+0000	 1.14511892852010E-0003
 2.85432000757253E+0000	 9.27223826472168E-0004
 2.86062578944219E+0000	 6.61828521481989E-0004
 2.86686535868421E+0000	 3.64725273978897E-0004
 2.87303363449556E+0000	 5.37215716221989E-0005
 2.87913077263424E+0000	-2.53311809093079E-0004
 2.88516149331378E+0000	-5.40009777425882E-0004
 2.89113405425102E+0000	-7.92535145571664E-0004
 2.89705915793141E+0000	-1.00010268233591E-0003
 2.90294895240703E+0000	-1.15513531408435E-0003
 2.90881618394551E+0000	-1.25317992415325E-0003
 2.91467350438963E+0000	-1.29267449852954E-0003
 2.92053291725511E+0000	-1.27461973600171E-0003
 2.92640535171130E+0000	-1.20218099597186E-0003
 2.93230037015208E+0000	-1.08023797305904E-0003
 2.93822602876917E+0000	-9.14912046275568E-0004
 2.94418890566065E+0000	-7.13128585414240E-0004
 2.95019427698396E+0000	-4.82295420379873E-0004
 2.95624636414404E+0000	-2.30173211416793E-0004
 2.96234852189848E+0000	 3.50396458609840E-0005
 2.96850322847788E+0000	 3.04477113756701E-0004
 2.97471180064216E+0000	 5.68390578036967E-0004
 2.98097387791490E+0000	 8.16142364262614E-0004
 2.98728684818042E+0000	 1.03653993796025E-0003
 2.99364544547447E+0000	 1.21849647351556E-0003
 3.00004168163084E+0000	 1.35184416071709E-0003
 3.00646509326206E+0000	 1.42807010188361E-0003
 3.01290312147570E+0000	 1.44086612229155E-0003
 3.01934146299212E+0000	 1.38660715489271E-0003
 3.02576447036173E+0000	 1.26497036615875E-0003
 3.03215591589319E+0000	 1.07970420722376E-0003
 3.03850035743047E+0000	 8.39182221976939E-0004
 3.04478491702812E+0000	 5.56223263786367E-0004
 3.05100087985799E+0000	 2.46965540634293E-0004
 3.05714454244899E+0000	-7.08964019834701E-0005
 3.06321714784301E+0000	-3.79925770878241E-0004
 3.06922415363557E+0000	-6.64348755313015E-0004
 3.07517421919434E+0000	-9.10901897195857E-0004
 3.08107820731342E+0000	-1.10920920904028E-0003
 3.08694833732385E+0000	-1.25185797874188E-0003
 3.09279750878177E+0000	-1.33431969719351E-0003
 3.09863875868759E+0000	-1.35480601149587E-0003
 3.10448480271372E+0000	-1.31409723035095E-0003
 3.11034762214352E+0000	-1.21534382004302E-0003
 3.11623808180056E+0000	-1.06382086720071E-0003
 3.12216559335035E+0000	-8.66613496871136E-0004
 3.12813786343939E+0000	-6.32230750915512E-0004
 3.13416077161381E+0000	-3.70183908279755E-0004
 3.14023839328418E+0000	-9.06056734346636E-0005
 3.14637311874657E+0000	 1.96002722805401E-0004
 3.15256575136033E+0000	 4.78857099569398E-0004
 3.15881544937122E+0000	 7.46870189112956E-0004
 3.16511944509968E+0000	 9.88689940486056E-0004
 3.17147261805152E+0000	 1.19298979523646E-0003
 3.17786714087235E+0000	 1.34911236761889E-0003
 3.18429245647706E+0000	 1.44797650580599E-0003
 3.19073571404176E+0000	 1.48297732356206E-0003
 3.19718254374714E+0000	 1.45059425496928E-0003
 3.20361788288283E+0000	 1.35063159034081E-0003
 3.21002666478658E+0000	 1.18627910437729E-0003
 3.21639447316940E+0000	 9.64210797398304E-0004
 3.22270841994692E+0000	 6.94669911426377E-0004
 3.22895830588201E+0000	 3.91211589059876E-0004
 3.23513775566650E+0000	 6.98311371020447E-0005
 3.24124487655486E+0000	-2.52431134234459E-0004
 3.24728221059969E+0000	-5.59004791381832E-0004
 3.25325609898564E+0000	-8.35013271609782E-0004
 3.25917576866980E+0000	-1.06801949349222E-0003
 3.26505242571525E+0000	-1.24833611729609E-0003
 3.27089850751919E+0000	-1.36905518058881E-0003
 3.27672712204082E+0000	-1.42595323938256E-0003
 3.28255163049310E+0000	-1.41737829933853E-0003
 3.28838530482165E+0000	-1.34416833845793E-0003
 3.29424099359022E+0000	-1.20960534374380E-0003
 3.30013074679861E+0000	-1.01937500327875E-0003
 3.30606537766792E+0000	-7.81479473158253E-0004
 3.31205397665010E+0000	-5.06042766636347E-0004
 3.31810343356828E+0000	-2.04963851256174E-0004
 3.32421805023927E+0000	 1.08583798186336E-0004
 3.33039931443081E+0000	 4.20748862484381E-0004
 3.33664584814773E+0000	 7.17600746361274E-0004
 3.34295346906910E+0000	 9.85658919724487E-0004
 3.34931527427143E+0000	 1.21236448478054E-0003
 3.35572171286848E+0000	 1.38658858025884E-0003
 3.36216073481157E+0000	 1.49927452587058E-0003
 3.36861819466323E+0000	 1.54419328531707E-0003
 3.37507864249843E+0000	 1.51861119140951E-0003
 3.38152642031138E+0000	 1.42358024129045E-0003
 3.38794674764168E+0000	 1.26370768701254E-0003
 3.39432647075605E+0000	 1.04657429954142E-0003
 3.40065442697395E+0000	 7.82154847971538E-0004
 3.40692167699089E+0000	 4.82446545297780E-0004
 3.41312187456478E+0000	 1.61185995803203E-0004
 3.41925177875643E+0000	-1.66626106398554E-0004
 3.42531166091439E+0000	-4.85529970221187E-0004
 3.43130535234503E+0000	-7.80610210757776E-0004
 3.43723987617847E+0000	-1.03842862110664E-0003
 3.44312480406946E+0000	-1.24768142824574E-0003
 3.44897154365033E+0000	-1.39953365765705E-0003
 3.45479271044699E+0000	-1.48770682510123E-0003
 3.46060164598916E+0000	-1.50844084757939E-0003
 3.46641206852898E+0000	-1.46043689367904E-0003
 3.47223779977684E+0000	-1.34484924901174E-0003
 3.47809249340063E+0000	-1.16535219169467E-0003
 3.48398928890858E+0000	-9.28267872862271E-0004
 3.48994032496267E+0000	-6.42701396740987E-0004
 3.49595607414410E+0000	-3.20589773339974E-0004
 3.50204451436703E+0000	 2.34582896409182E-0005
 3.50821022958699E+0000	 3.72653788020937E-0004
 3.51445361234905E+0000	 7.08918127904699E-0004
 3.52077038082442E+0000	 1.01413331382537E-0003
 3.52715158566000E+0000	 1.27158665222751E-0003
 3.53358416830711E+0000	 1.46736293385925E-0003
 3.54005198962660E+0000	 1.59144200583850E-0003
 3.54653714298410E+0000	 1.63834970239289E-0003
 3.55302134884481E+0000	 1.60733017974911E-0003
 3.55948727862746E+0000	 1.50207658915554E-0003
 3.56591968180429E+0000	 1.33005946589360E-0003
 3.57230615296914E+0000	 1.10152825793171E-0003
 3.57863739065036E+0000	 8.28395853316238E-0004
 3.58490697790173E+0000	 5.23321271142916E-0004
 3.59111094975761E+0000	 1.99207566251204E-0004
 3.59724748051809E+0000	-1.30934095869807E-0004
 3.60331685573812E+0000	-4.54015480186996E-0004
 3.60932164330927E+0000	-7.57055417028375E-0004
 3.61526684455291E+0000	-1.02759877982301E-0003
 3.62115985341588E+0000	-1.25427018546166E-0003
 3.62701019258280E+0000	-1.42729776522512E-0003
 3.63282910843174E+0000	-1.53889427882947E-0003
 3.63862913786468E+0000	-1.58347621841134E-0003
 3.64442372715979E+0000	-1.55777160279528E-0003
 3.65022692769511E+0000	-1.46089386818900E-0003
 3.65605314354239E+0000	-1.29445272430723E-0003
 3.66191686924546E+0000	-1.06274828658304E-0003
 3.66783233019906E+0000	-7.73059148666609E-0004
 3.67381292230037E+0000	-4.35985752695412E-0004
 3.67987035157125E+0000	-6.57416510311390E-0005
 3.68601342117261E+0000	 3.19799824284925E-0004
 3.69224653073580E+0000	 6.99568886577315E-0004
 3.69856814736138E+0000	 1.05053514333229E-0003
 3.70496972263981E+0000	 1.34982111394946E-0003
 3.71143562834162E+0000	 1.57745888450025E-0003
 3.71794450141859E+0000	 1.71914045261853E-0003
 3.72447188002658E+0000	 1.76808394287929E-0003
 3.73099340124491E+0000	 1.72536685592737E-0003
 3.73748756162504E+0000	 1.59873682118356E-0003
 3.74393736374593E+0000	 1.40054404002818E-0003
 3.75033079209653E+0000	 1.14558195724332E-0003
 3.75666046235428E+0000	 8.49322647654493E-0004
 3.76292282197715E+0000	 5.26699555130408E-0004
 3.76911717931469E+0000	 1.91442759760960E-0004
 3.77524479019233E+0000	-1.44081316672591E-0004
 3.78130820490201E+0000	-4.68655255243272E-0004
 3.78731098856540E+0000	-7.71841652506311E-0004
 3.79325777987708E+0000	-1.04369716841892E-0003
 3.79915453001447E+0000	-1.27472010805324E-0003
 3.80500873407027E+0000	-1.45604526167412E-0003
 3.81082953025466E+0000	-1.57979549386291E-0003
 3.81662763931310E+0000	-1.63947296443276E-0003
 3.82241518764869E+0000	-1.63031117890097E-0003
 3.82820547800332E+0000	-1.54956998212718E-0003
 3.83401275097996E+0000	-1.39680418803290E-0003
 3.83985194009374E+0000	-1.17415960680503E-0003
 3.84573837678729E+0000	-8.86748901916701E-0004
 3.85168735469706E+0000	-5.43135710784281E-0004
 3.85771341742587E+0000	-1.55901986833564E-0004
 3.86382920646281E+0000	 2.57825023735560E-0004
 3.87004373904497E+0000	 6.76163314010676E-0004
 3.87636015396438E+0000	 1.07303687780106E-0003
 3.88277332703248E+0000	 1.42003011952007E-0003
 3.88926824255702E+0000	 1.68980549404400E-0003
 3.89582027898291E+0000	 1.86062968259598E-0003
 3.90239814361165E+0000	 1.92060601856144E-0003
 3.90896895069712E+0000	 1.86979048904333E-0003
 3.91550361326086E+0000	 1.71915708627565E-0003
 3.92198048923327E+0000	 1.48703344838571E-0003
 3.92838638157269E+0000	 1.19480611665450E-0003
 3.93471546129454E+0000	 8.63512030172515E-0004
 3.94096730460480E+0000	 5.11908611608789E-0004
 3.94714495752254E+0000	 1.55781864262495E-0004
 3.95325341105071E+0000	-1.91989913501440E-0004
 3.95929854175224E+0000	-5.20984792434726E-0004
 3.96528647921336E+0000	-8.22613602370962E-0004
 3.97122335930165E+0000	-1.08947084730885E-0003
 3.97711540603992E+0000	-1.31479231746950E-0003
 3.98296924104099E+0000	-1.49212819378826E-0003
 3.98879228369098E+0000	-1.61528236894472E-0003
 3.99459311070776E+0000	-1.67849515963994E-0003
 4.00038169096755E+0000	-1.67679449309807E-0003
 4.00616947272571E+0000	-1.60643192099565E-0003
 4.01196934378338E+0000	-1.46534857960871E-0003
 4.01779549502261E+0000	-1.25365979063889E-0003
 4.02366319583426E+0000	-9.74183602204093E-0004
 4.02958844498929E+0000	-6.33055207556912E-0004
 4.03558739901680E+0000	-2.40456724702569E-0004
 4.04167540829598E+0000	 1.88566151024397E-0004
 4.04786543181435E+0000	 6.33363629595436E-0004
 4.05416562793287E+0000	 1.06742194462763E-0003
 4.06057617823795E+0000	 1.45929650846133E-0003
 4.06708604148132E+0000	 1.77558221411602E-0003
 4.07367120587758E+0000	 1.98624401099257E-0003
 4.08029633299190E+0000	 2.07118299215880E-0003
 4.08692047196583E+0000	 2.02531239514212E-0003
 4.09350503141868E+0000	 1.85939929683176E-0003
 4.10002052935891E+0000	 1.59618750354566E-0003
 4.10644954026590E+0000	 1.26403935877032E-0003
 4.11278578836514E+0000	 8.91122469841013E-0004
 4.11903113675326E+0000	 5.01863567554764E-0004
 4.12519231098422E+0000	 1.15690919256949E-0004
 4.13127834149036E+0000	-2.52761015709932E-0004
 4.13729891467944E+0000	-5.92810015477054E-0004
 4.14326345132828E+0000	-8.96744074315473E-0004
 4.14918068056513E+0000	-1.15890582345337E-0003
 4.15505855173709E+0000	-1.37490514608320E-0003
 4.16090439808448E+0000	-1.54098742883018E-0003
 4.16672529143231E+0000	-1.65359469462454E-0003
 4.17252851517911E+0000	-1.70915991055670E-0003
 4.17832206451024E+0000	-1.70415210769873E-0003
 4.18411508395915E+0000	-1.63535209937770E-0003
 4.18991817814726E+0000	-1.50030934274932E-0003
 4.19574356628485E+0000	-1.29792666636222E-0003
 4.20160507280436E+0000	-1.02914030274978E-0003
 4.20751794047115E+0000	-6.97692958561688E-0004
 4.21349841432414E+0000	-3.11017842078989E-0004
 4.21956297723380E+0000	 1.18759423719654E-0004
 4.22572702951823E+0000	 5.73765960684920E-0004
 4.23200273070369E+0000	 1.02952023449566E-0003
 4.23839577381853E+0000	 1.45485087913985E-0003
 4.24490128270746E+0000	 1.81361545599675E-0003
 4.25150004520770E+0000	 2.06933376873532E-0003
 4.25815755474578E+0000	 2.19277527419207E-0003
 4.26482828778515E+0000	 2.17006824309571E-0003
 4.27146488598947E+0000	 2.00700367204532E-0003
 4.27802817856588E+0000	 1.72676550317604E-0003
 4.28449330350692E+0000	 1.36259841219631E-0003
 4.29085029194572E+0000	 9.49617063628864E-0004
 4.29710083334087E+0000	 5.19035170427846E-0004
 4.30325389661529E+0000	 9.56083995630502E-0005
 4.30932198154398E+0000	-3.02558351488120E-0004
 4.31531858389991E+0000	-6.63022130539287E-0004
 4.32125675567344E+0000	-9.77676559624805E-0004
 4.32714842473960E+0000	-1.24150959449190E-0003
 4.33300417341150E+0000	-1.45157751435493E-0003
 4.33883328490506E+0000	-1.60619363584659E-0003
 4.34464396472572E+0000	-1.70429823315128E-0003
 4.35044369984043E+0000	-1.74499574298753E-0003
 4.35623973013767E+0000	-1.72727641582664E-0003
 4.36203958891250E+0000	-1.64995530468533E-0003
 4.36785164525410E+0000	-1.51185236361600E-0003
 4.37368557086660E+0000	-1.31221228848010E-0003
 4.37955266139980E+0000	-1.05134030997724E-0003
 4.38546595519609E+0000	-7.31424271043485E-0004
 4.39144009036184E+0000	-3.57522204903458E-0004
 4.39749080886203E+0000	 6.12997836384167E-0005
 4.40363395046010E+0000	 5.10722408179044E-0004
 4.40988369431166E+0000	 9.69967939329946E-0004
 4.41624975746011E+0000	 1.41102071253621E-0003
 4.42273340518737E+0000	 1.79907670056479E-0003
 4.42932278061666E+0000	 2.09548251769104E-0003
 4.43598944300614E+0000	 2.26426129325136E-0003
 4.44268933179604E+0000	 2.28145949496984E-0003
 4.44937032211390E+0000	 2.14327197109509E-0003
 4.45598406326006E+0000	 1.86773296269599E-0003
 4.46249597797305E+0000	 1.48866741111246E-0003
 4.46888894623462E+0000	 1.04596464990154E-0003
 4.47516111279665E+0000	 5.77317146742969E-0004
 4.48132103520241E+0000	 1.13728537995097E-0004
 4.48738291803274E+0000	-3.21674935712382E-0004
 4.49336311779510E+0000	-7.12944877650341E-0004
 4.49927800651419E+0000	-1.04989859781864E-0003
 4.50514285887502E+0000	-1.32665345949618E-0003
 4.51097138792851E+0000	-1.54037549123713E-0003
 4.51677564842832E+0000	-1.69029597726294E-0003
 4.52256613735740E+0000	-1.77695914565796E-0003
 4.52835201009236E+0000	-1.80164413099195E-0003
 4.53414138893855E+0000	-1.76592263272797E-0003
 4.53994176605480E+0000	-1.67134938691141E-0003
 4.54576049634768E+0000	-1.51931756104673E-0003
 4.55160534672642E+0000	-1.31112929736831E-0003
 4.55748503295319E+0000	-1.04832535688240E-0003
 4.56340965008817E+0000	-7.33293516900826E-0004
 4.56939089038832E+0000	-3.70148037404113E-0004
 4.57544193063351E+0000	 3.41490833912832E-0005
 4.58157684085726E+0000	 4.68481078062717E-0004
 4.58780931277070E+0000	 9.16204949709389E-0004
 4.59415045550746E+0000	 1.35398999886492E-0003
 4.60060544448558E+0000	 1.75142991129653E-0003
 4.60716912658274E+0000	 2.07240621636464E-0003
 4.61382157285763E+0000	 2.27945668727864E-0003
 4.62052603937106E+0000	 2.34173257260612E-0003
 4.62723257329161E+0000	 2.24460468076285E-0003
 4.63388812472385E+0000	 1.99584477637281E-0003
 4.64044885678570E+0000	 1.62384959311689E-0003
 4.64688805959043E+0000	 1.16890619997971E-0003
 4.65319690457876E+0000	 6.73070061781244E-0004
 4.65938032855778E+0000	 1.73218647846315E-0004
 4.66545168899677E+0000	-3.01815358827530E-0004
 4.67142836671364E+0000	-7.31323046084358E-0004
 4.67732886691761E+0000	-1.10152405454676E-0003
 4.68317117811413E+0000	-1.40406112114851E-0003
 4.68897197345811E+0000	-1.63462649288897E-0003
 4.69474630842861E+0000	-1.79185719037589E-0003
 4.70050758340979E+0000	-1.87649652920448E-0003
 4.70626763571592E+0000	-1.89076868608241E-0003
 4.71203689518444E+0000	-1.83790427509293E-0003
 4.71782458651173E+0000	-1.72176774914379E-0003
 4.72363899237868E+0000	-1.54656556031779E-0003
 4.72948779998320E+0000	-1.31665241349170E-0003
 4.73537853469503E+0000	-1.03649046792827E-0003
 4.74131904080899E+0000	-7.10836556362577E-0004
 4.74731791485064E+0000	-3.45223198828112E-0004
 4.75338474882116E+0000	 5.32386380383018E-0005
 4.75953000555063E+0000	 4.74763764950854E-0004
 4.76576431933725E+0000	 9.05608372286740E-0004
 4.77209699333167E+0000	 1.32682048529753E-0003
 4.77853349308584E+0000	 1.71344870661203E-0003
 4.78507192173960E+0000	 2.03491880632351E-0003
 4.79169897474996E+0000	 2.25754858988938E-0003
 4.79838683109215E+0000	 2.35003651094106E-0003
 4.80509348989909E+0000	 2.29154534593499E-0003
 4.81176876177237E+0000	 2.07948570453133E-0003
 4.81836494051402E+0000	 1.73230158721425E-0003
 4.82484706539545E+0000	 1.28481179435726E-0003
 4.83119764107458E+0000	 7.78910349717017E-0004
 4.83741513694370E+0000	 2.54894139075485E-0004
 4.84350925681497E+0000	-2.53542739360246E-0004
 4.84949605497585E+0000	-7.20793371033972E-0004
 4.85539431985624E+0000	-1.12877788581360E-0003
 4.86122335579444E+0000	-1.46562374269168E-0003
 4.86700180338568E+0000	-1.72429054264148E-0003
 4.87274710487370E+0000	-1.90141442702100E-0003
 4.87847532600367E+0000	-1.99642906931633E-0003
 4.88420115233055E+0000	-2.01093390768018E-0003
 4.88993795347444E+0000	-1.94825479348621E-0003
 4.89569785797577E+0000	-1.81313923162653E-0003
 4.90149181635825E+0000	-1.61153328993937E-0003
 4.90732965905276E+0000	-1.35039951042697E-0003
 4.91322017835997E+0000	-1.03756009480120E-0003
 4.91917126902125E+0000	-6.81589161461393E-0004
 4.92519013591123E+0000	-2.91821223164797E-0004
 4.93128351573006E+0000	 1.21434469263745E-0004
 4.93745777920652E+0000	 5.46408000708073E-0004
 4.94371871238038E+0000	 9.69124730477395E-0004
 4.95007074691082E+0000	 1.37254295014801E-0003
 4.95651544238746E+0000	 1.73588025997029E-0003
 4.96304916507322E+0000	 2.03463557339305E-0003
 4.96966023928021E+0000	 2.24198183315222E-0003
 4.97632641721562E+0000	 2.33215298261765E-0003
 4.98301417440121E+0000	 2.28587061307275E-0003
 4.98968152846948E+0000	 2.09653228597437E-0003
 4.99628486846769E+0000	 1.77433551395535E-0003
 5.00278759995802E+0000	 1.34549871937202E-0003
 5.00916655551375E+0000	 8.46454055994153E-0004
 5.01541355916650E+0000	 3.16132463443535E-0004
 5.02153286156555E+0000	-2.10107572298176E-0004
 5.02753695793002E+0000	-7.03489444027119E-0004
 5.03344279509306E+0000	-1.14234702341793E-0003
 5.03926912761743E+0000	-1.51135580228429E-0003
 5.04503496704339E+0000	-1.80036689400615E-0003
 5.05075880150395E+0000	-2.00330605271068E-0003
 5.05645827785935E+0000	-2.11730392817080E-0003
 5.06215012837698E+0000	-2.14208086130332E-0003
 5.06785020370038E+0000	-2.07955741749308E-0003
 5.07357352491063E+0000	-1.93364957014669E-0003
 5.07933429494197E+0000	-1.71020617816257E-0003
 5.08514582450945E+0000	-1.41704255294114E-0003
 5.09102034206237E+0000	-1.06401401919828E-0003
 5.09696868099498E+0000	-6.63063178010482E-0004
 5.10299987191803E+0000	-2.28177705696801E-0004
 5.10912069910042E+0000	 2.24775170619425E-0004
 5.11533528161694E+0000	 6.78320900724835E-0004
 5.12164469505860E+0000	 1.11370106602716E-0003
 5.12804657920892E+0000	 1.51120610540772E-0003
 5.13453463015636E+0000	 1.85055267683944E-0003
 5.14109789532460E+0000	 2.11145875157918E-0003
 5.14771991132456E+0000	 2.27468860206797E-0003
 5.15437797978436E+0000	 2.32387679061098E-0003
 5.16104321261681E+0000	 2.24823910994515E-0003
 5.16768215105146E+0000	 2.04572944249840E-0003
 5.17426040080494E+0000	 1.72547183597266E-0003
 5.18074766810084E+0000	 1.30797665337181E-0003
 5.18712240584760E+0000	 8.22421586329865E-0004
 5.19337417366473E+0000	 3.01908224788535E-0004
 5.19950313357302E+0000	-2.21320610368193E-0004
 5.20551762510639E+0000	-7.19133085610808E-0004
 5.21143125125198E+0000	-1.16887563602585E-0003
 5.21726044329601E+0000	-1.55336859438409E-0003
 5.22302281807156E+0000	-1.86022894524080E-0003
 5.22873624346797E+0000	-2.08102701735145E-0003
 5.23441840229002E+0000	-2.21054072236902E-0003
 5.24008665877592E+0000	-2.24620722535561E-0003
 5.24575808435053E+0000	-2.18779185995361E-0003
 5.25144954367747E+0000	-2.03726620197047E-0003
 5.25717776567556E+0000	-1.79888321631679E-0003
 5.26295932626943E+0000	-1.47943786983527E-0003
 5.26881045426863E+0000	-1.08869134020965E-0003
 5.27474654898222E+0000	-6.39900957404024E-0004
 5.28078129067442E+0000	-1.50323994126801E-0004
 5.28692527254097E+0000	 3.58544458228637E-0004
 5.29318423010486E+0000	 8.61336775573374E-0004
 5.29955719613850E+0000	 1.33010910270956E-0003
 5.30603517175314E+0000	 1.73667258908220E-0003
 5.31260097268924E+0000	 2.05561667192154E-0003
 5.31923058588955E+0000	 2.26721506530935E-0003
 5.32589569792646E+0000	 2.35930328500998E-0003
 5.33256648146608E+0000	 2.32772751586282E-0003
 5.33921380163501E+0000	 2.17576734997208E-0003
 5.34581069441902E+0000	 1.91329658589750E-0003
 5.35233356677739E+0000	 1.55607203224934E-0003
 5.35876352367162E+0000	 1.12492057436829E-0003
 5.36508770832786E+0000	 6.44379578821529E-0004
 5.37130013292266E+0000	 1.40690499089917E-0004
 5.37740156921000E+0000	-3.60438913408846E-0004
 5.38339853072000E+0000	-8.35691128088071E-0004
 5.38930177198389E+0000	-1.26523125430069E-0003
 5.39512479574712E+0000	-1.63303232224373E-0003
 5.40088267905116E+0000	-1.92667403778027E-0003
 5.40659131040719E+0000	-2.13689913668948E-0003
 5.41226699215848E+0000	-2.25714148730006E-0003
 5.41792631251720E+0000	-2.28315105553762E-0003
 5.42358619305159E+0000	-2.21277795378374E-0003
 5.42926403413435E+0000	-2.04594784631509E-0003
 5.43497789178302E+0000	-1.78485563122578E-0003
 5.44074661243194E+0000	-1.43441248916996E-0003
 5.44658981767177E+0000	-1.00299023782669E-0003
 5.45252755870948E+0000	-5.03494685998422E-0004
 5.45857934825659E+0000	 4.52771958092612E-0005
 5.46476216457193E+0000	 6.17257426484854E-0004
 5.47108705561365E+0000	 1.17839360764732E-0003
 5.47755445851853E+0000	 1.68784694424941E-0003
 5.48414956859244E+0000	 2.10249422379450E-0003
 5.49084057095188E+0000	 2.38488399268273E-0003
 5.49758246567473E+0000	 2.51197909295793E-0003
 5.50432606546638E+0000	 2.47999409942705E-0003
 5.51102773281858E+0000	 2.30258074019352E-0003
 5.51765510154263E+0000	 2.00430841462183E-0003
 5.52418768478758E+0000	 1.61380463715348E-0003
 5.53061452951700E+0000	 1.15934555600631E-0003
 5.53693142361198E+0000	 6.67034356047571E-0004
 5.54313886686767E+0000	 1.60448838250097E-0004
 5.54924088415966E+0000	-3.39255550291101E-0004
 5.55524432825859E+0000	-8.13264591348222E-0004
 5.56115835409903E+0000	-1.24511771826366E-0003
 5.56699392366913E+0000	-1.62072519902575E-0003
 5.57276334171022E+0000	-1.92830673735417E-0003
 5.57847987870197E+0000	-2.15823279868762E-0003
 5.58415753108439E+0000	-2.30280507641377E-0003
 5.58981093877415E+0000	-2.35603637847482E-0003
 5.59545545399260E+0000	-2.31349070351190E-0003
 5.60110734200219E+0000	-2.17223774420407E-0003
 5.60678408992291E+0000	-1.93097561200694E-0003
 5.61250479496674E+0000	-1.59038891085750E-0003
 5.61829058464017E+0000	-1.15384038702983E-0003
 5.62416496684435E+0000	-6.28543376049997E-0004
 5.63015387772323E+0000	-2.74164699163258E-0005
 5.63628492340452E+0000	 6.28176329690387E-0004
 5.64258483169121E+0000	 1.30483064742941E-0003
 5.64907355967854E+0000	 1.95358509753418E-0003
 5.65575372701297E+0000	 2.50954210854496E-0003
 5.66259732645066E+0000	 2.90027095289242E-0003
 5.66953907638124E+0000	 3.06660156424887E-0003
 5.67648881060072E+0000	 2.98698798048850E-0003
 5.68336042177022E+0000	 2.68550119874408E-0003
 5.69009591134881E+0000	 2.21637775471950E-0003
 5.69666992413846E+0000	 1.64073940025275E-0003
 5.70308063392645E+0000	 1.01161957610727E-0003
 5.70933865724443E+0000	 3.69614304237724E-0004
 5.71545950122478E+0000	-2.55727038526039E-0004
 5.72145972510291E+0000	-8.42982466764841E-0004
 5.72735542600655E+0000	-1.37626662741429E-0003
 5.73316186401494E+0000	-1.84339782239864E-0003
 5.73889354651693E+0000	-2.23472097653314E-0003
 5.74456445545409E+0000	-2.54237876477972E-0003
 5.75018829939599E+0000	-2.75985769021803E-0003
 5.75577876583877E+0000	-2.88169642604249E-0003
 5.76134978773679E+0000	-2.90329592137284E-0003
 5.76691585140328E+0000	-2.82080949414647E-0003
 5.77249237593420E+0000	-2.63112013484010E-0003
 5.77809619469945E+0000	-2.33193815646853E-0003
 5.78374616942298E+0000	-1.92208395592582E-0003
 5.78946396336973E+0000	-1.40207027735260E-0003
 5.79527497771404E+0000	-7.75184163763993E-0004
 5.80120937366017E+0000	-4.94160374580369E-0005
 5.80730285707967E+0000	 7.59187936919409E-0004
 5.81359624347064E+0000	 1.62092737892115E-0003
 5.82013128740366E+0000	 2.48397987546247E-0003
 5.82693766148506E+0000	 3.26482859601025E-0003
 5.83400552407054E+0000	 3.84748583737015E-0003
 5.84125236714969E+0000	 4.11265118713575E-0003
 5.84852538231084E+0000	 4.00109282896018E-0003
 5.85566721470695E+0000	 3.55383675878829E-0003
 5.86258434683109E+0000	 2.87727935364033E-0003
 5.86925421483406E+0000	 2.08086079025414E-0003
 5.87569483916259E+0000	 1.24604985754730E-0003
 5.88193799482437E+0000	 4.25228967433746E-0004
 5.88801598824264E+0000	-3.49771599032430E-0004
 5.89395724483141E+0000	-1.05968105192319E-0003
 5.89978574031108E+0000	-1.69244689734519E-0003
 5.90552171203062E+0000	-2.24007608977420E-0003
 5.91118261501406E+0000	-2.69686999075709E-0003
 5.91678397994630E+0000	-3.05846876811018E-0003
 5.92234010199334E+0000	-3.32134527448948E-0003
 5.92786458289063E+0000	-3.48254429269459E-0003
 5.93337077333409E+0000	-3.53955885549132E-0003
 5.93887216358930E+0000	-3.49029252214433E-0003
 5.94438276490619E+0000	-3.33309227069178E-0003
 5.94991751855840E+0000	-3.06686290875993E-0003
 5.95549276381663E+0000	-2.69129908418877E-0003
 5.96112678848423E+0000	-2.20730268884473E-0003
 5.96684046859436E+0000	-1.61770069886063E-0003
 5.97265795939714E+0000	-9.28452629488507E-0004
 5.97860728448704E+0000	-1.50646867921457E-0004
 5.98472038776857E+0000	 6.96287889555596E-0004
 5.99103158548932E+0000	 1.57972797660899E-0003
 5.99757220683946E+0000	 2.44757863108765E-0003
 6.00435806390477E+0000	 3.22339454036322E-0003
 6.01136858999319E+0000	 3.81138076871408E-0003
 6.01852850817574E+0000	 4.12284614032515E-0003
 6.02571790749255E+0000	 4.11830027116210E-0003
 6.03281798333360E+0000	 3.82782119856403E-0003
 6.03975328296998E+0000	 3.32679353034516E-0003
 6.04649742450664E+0000	 2.69631602790426E-0003
 6.05305517588123E+0000	 2.00102878451962E-0003
 6.05944431909744E+0000	 1.28584272535026E-0003
 6.06568533854201E+0000	 5.80558860683926E-0004
 6.07179732944365E+0000	-9.47210283444618E-0005
 6.07779710873318E+0000	-7.25647994777593E-0004
 6.08369956055154E+0000	-1.30125254334756E-0003
 6.08951825878175E+0000	-1.81268464827723E-0003
 6.09526599977920E+0000	-2.25260528664894E-0003
 6.10095516418088E+0000	-2.61490622771825E-0003
 6.10659793920687E+0000	-2.89457197397141E-0003
 6.11220645964965E+0000	-3.08759523218846E-0003
 6.11779291813740E+0000	-3.19091490787095E-0003
 6.12336967934033E+0000	-3.20237550069737E-0003
 6.12894941854143E+0000	-3.12072157925094E-0003
 6.13454529410517E+0000	-2.94564960026858E-0003
 6.14017115426330E+0000	-2.67794698875976E-0003
 6.14584176816698E+0000	-2.31975837871028E-0003
 6.15157305396076E+0000	-1.87503322432201E-0003
 6.15738224319210E+0000	-1.35022687167491E-0003
 6.16328785581358E+0000	-7.55339911666832E-0004
 6.16930924426056E+0000	-1.05359990319546E-0004
 6.17546529252237E+0000	 5.77951306546117E-0004
 6.18177169130215E+0000	 1.26432874555068E-0003
 6.18823631482664E+0000	 1.91441798374376E-0003
 6.19485315186789E+0000	 2.48224080695990E-0003
 6.20159736508983E+0000	 2.92245114747847E-0003
 6.20842594222034E+0000	 3.20126239834500E-0003
 6.21528635188918E+0000	 3.30534372669979E-0003
 6.22212910921258E+0000	 3.24252454400615E-0003
 6.22891651476771E+0000	 3.03457828555905E-0003
 6.23562406467971E+0000	 2.70824238776836E-0003
 6.24223712933201E+0000	 2.28958818181373E-0003
 6.24874705770167E+0000	 1.80243962149063E-0003
 6.25514891244147E+0000	 1.26894319547996E-0003
 6.26144088039371E+0000	 7.10343675426356E-0004
 6.26762443317700E+0000	 1.47074324785421E-0004
 6.27370439548078E+0000	-4.01774933443951E-0004
 6.27968859030419E+0000	-9.19159650937272E-0004
