 6.23796569505567E-0004	-2.42480212032063E-0003
 6.32481933613847E-0003	-2.48337834820566E-0003
 1.20313192336188E-0002	-2.47098196735415E-0003
 1.77524293855441E-0002	-2.39177152202540E-0003
 2.34959652490723E-0002	-2.25044516503553E-0003
 2.92685246682724E-0002	-2.05185504564753E-0003
 3.50757439618602E-0002	-1.80061743623581E-0003
 4.09227531820631E-0002	-1.50080557565510E-0003
 4.68148224067345E-0002	-1.15584610159535E-0003
 5.27581226602151E-0002	-7.68743491324324E-0004
 5.87604599604892E-0002	-3.42727083224776E-0004
 6.48317916820801E-0002	 1.17634773014698E-0004
 7.09842912357500E-0002	 6.04864611865379E-0004
 7.72316613610147E-0002	 1.10663505435725E-0003
 8.35872938422554E-0002	 1.60370315484259E-0003
 9.00608145532583E-0002	 2.06833882931859E-0003
 9.66528422770134E-0002	 2.46452473379886E-0003
 1.03348955429122E-0001	 2.75178679783891E-0003
 1.10115950443648E-0001	 2.89377435077609E-0003
 1.16904594182777E-0001	 2.86941636548762E-0003
 1.23660057146283E-0001	 2.68058794330559E-0003
 1.30335090946477E-0001	 2.35106513915924E-0003
 1.36898683171238E-0001	 1.91792882685025E-0003
 1.43337307813060E-0001	 1.42138715946869E-0003
 1.49651189123287E-0001	 8.97724301116317E-0004
 1.55849278954743E-0001	 3.76262100347669E-0004
 1.61945099326160E-0001	-1.20971757127730E-0004
 1.67953962429757E-0001	-5.78352692518972E-0004
 1.73891314020624E-0001	-9.85452693045508E-0004
 1.79771803272612E-0001	-1.33590418997185E-0003
 1.85608773675175E-0001	-1.62643190167028E-0003
 1.91413994358025E-0001	-1.85603239756371E-0003
 1.97197548281113E-0001	-2.02525245882535E-0003
 2.02967856291912E-0001	-2.13552970369986E-0003
 2.08731848102170E-0001	-2.18858950320262E-0003
 2.14495295445531E-0001	-2.18592728424457E-0003
 2.20263302816633E-0001	-2.12843193461443E-0003
 2.26040917243554E-0001	-2.01621268209578E-0003
 2.31833786692183E-0001	-1.84867492372161E-0003
 2.37648781833951E-0001	-1.62485882120823E-0003
 2.43494501801945E-0001	-1.34402536209142E-0003
 2.49381600185119E-0001	-1.00646282303962E-0003
 2.55322872635324E-0001	-6.14494250183395E-0004
 2.61333022375750E-0001	-1.73679367865025E-0004
 2.67427953724558E-0001	 3.05808735537596E-0004
 2.73623346507614E-0001	 8.07741063771768E-0004
 2.79932198402271E-0001	 1.30866438817699E-0003
 2.86361154558940E-0001	 1.77774750674461E-0003
 2.92906037941113E-0001	 2.17877848281367E-0003
 2.99548136239729E-0001	 2.47527467088131E-0003
 3.06253798938701E-0001	 2.63821691122706E-0003
 3.12979199969949E-0001	 2.65353896984023E-0003
 3.19679122541765E-0001	 2.52544813876911E-0003
 3.26315716235394E-0001	 2.27386530747598E-0003
 3.32863505089245E-0001	 1.92798358806517E-0003
 3.39309905167251E-0001	 1.51949493437275E-0003
 3.45652878726081E-0001	 1.07776799962572E-0003
 3.51897669830939E-0001	 6.27362975907025E-0004
 3.58053786170045E-0001	 1.87286146094382E-0004
 3.64132640083269E-0001	-2.28730404825252E-0004
 3.70145875856647E-0001	-6.11431111402716E-0004
 3.76104288705975E-0001	-9.55017301600629E-0004
 3.82017235034643E-0001	-1.25607138065790E-0003
 3.87892455885222E-0001	-1.51253162952136E-0003
 3.93736246631224E-0001	-1.72280636072314E-0003
 3.99553895159006E-0001	-1.88510819807277E-0003
 4.05350287269445E-0001	-1.99706843654607E-0003
 4.11130561907120E-0001	-2.05565102044779E-0003
 4.16900706855849E-0001	-2.05733722218546E-0003
 4.22668018924370E-0001	-1.99851616983689E-0003
 4.28441396593219E-0001	-1.87600745124090E-0003
 4.34231467492762E-0001	-1.68765974500084E-0003
 4.40050564073854E-0001	-1.43300113337826E-0003
 4.45912544813424E-0001	-1.11394581499167E-0003
 4.51832418941492E-0001	-7.35573060388009E-0004
 4.57825678233587E-0001	-3.06972169972318E-0004
 4.63907187692024E-0001	 1.57926690556098E-0004
 4.70089479272605E-0001	 6.39757281684996E-0004
 4.76380404232533E-0001	 1.11377084099701E-0003
 4.82780410149674E-0001	 1.55108977795177E-0003
 4.89280194993260E-0001	 1.92158428325816E-0003
 4.95859879984222E-0001	 2.19820131966074E-0003
 5.02490653391860E-0001	 2.36165301121383E-0003
 5.09138842981268E-0001	 2.40377687045457E-0003
 5.15771141115310E-0001	 2.32829419685180E-0003
 5.22359228432346E-0001	 2.14891891086196E-0003
 5.28882597324142E-0001	 1.88582007169402E-0003
 5.35329302173804E-0001	 1.56171102743391E-0003
 5.41695024993692E-0001	 1.19854383837644E-0003
 5.47981133909264E-0001	 8.15334043650763E-0004
 5.54192433634027E-0001	 4.27222248241521E-0004
 5.60335157560524E-0001	 4.55754730614799E-0005
 5.66415528968453E-0001	-3.21222846055614E-0004
 5.72439008468126E-0001	-6.66674568820212E-0004
 5.78410180367975E-0001	-9.85094638094769E-0004
 5.84333114530866E-0001	-1.27080917546416E-0003
 5.90211977645307E-0001	-1.51774878494931E-0003
 5.96051669477485E-0001	-1.71943669046425E-0003
 6.01858320715918E-0001	-1.86927576508956E-0003
 6.07639579142835E-0001	-1.96099948923894E-0003
 6.13404690365076E-0001	-1.98916862992101E-0003
 6.19164422658215E-0001	-1.94964365801419E-0003
 6.24930889859184E-0001	-1.84001375722730E-0003
 6.30717303710859E-0001	-1.65999793175626E-0003
 6.36537652299115E-0001	-1.41184546807123E-0003
 6.42406265440775E-0001	-1.10075126722825E-0003
 6.48337200546536E-0001	-7.35266172900560E-0004
 6.54343377107994E-0001	-3.27623964165913E-0004
 6.60435424946025E-0001	 1.06165011897033E-0004
 6.66620308888073E-0001	 5.46657127855417E-0004
 6.72899941071941E-0001	 9.71940596375620E-0004
 6.79270127930463E-0001	 1.35927057547717E-0003
 6.85720218038264E-0001	 1.68718934526736E-0003
 6.92233657645914E-0001	 1.93773840812710E-0003
 6.98789400676190E-0001	 2.09832959769524E-0003
 7.05363941638634E-0001	 2.16297140270476E-0003
 7.11933707716773E-0001	 2.13266718629881E-0003
 7.18477490153174E-0001	 2.01482418591205E-0003
 7.24978411724014E-0001	 1.82163430316175E-0003
 7.31424865561006E-0001	 1.56776686601053E-0003
 7.37810188558562E-0001	 1.26809118403755E-0003
 7.44131381296739E-0001	 9.36139779900417E-0004
 7.50387540858537E-0001	 5.83621897918481E-0004
 7.56578642592063E-0001	 2.20814614369747E-0004
 7.62705007374339E-0001	-1.42632997090921E-0004
 7.68767434664373E-0001	-4.96973921327947E-0004
 7.74767731181315E-0001	-8.32032428443470E-0004
 7.80709294658074E-0001	-1.13733604567918E-0003
 7.86597500807084E-0001	-1.40258111465501E-0003
 7.92439799229715E-0001	-1.61822813055064E-0003
 7.98245555652671E-0001	-1.77605806440496E-0003
 8.04025737888974E-0001	-1.86960494284962E-0003
 8.09792538731495E-0001	-1.89445675296376E-0003
 8.15558991528866E-0001	-1.84846021114446E-0003
 8.21338590948942E-0001	-1.73187454545560E-0003
 8.27144897539129E-0001	-1.54750474767824E-0003
 8.32991086740653E-0001	-1.30081508670902E-0003
 8.38889405621743E-0001	-9.99986687630774E-0004
 8.44850528747936E-0001	-6.55849254369856E-0004
 8.50882858210593E-0001	-2.81604758385229E-0004
 8.56991875216850E-0001	 1.07708009679502E-0004
 8.63179682706072E-0001	 4.95978223954513E-0004
 8.69444836793372E-0001	 8.66890273875520E-0004
 8.75782446700639E-0001	 1.20472707756105E-0003
 8.82184402478093E-0001	 1.49502336615193E-0003
 8.88639590013279E-0001	 1.72515278410973E-0003
 8.95134131712721E-0001	 1.88503749634990E-0003
 9.01651918581911E-0001	 1.96803573862691E-0003
 9.08175695846074E-0001	 1.97172386689526E-0003
 9.14688597275763E-0001	 1.89807547720213E-0003
 9.21175576942197E-0001	 1.75277650963272E-0003
 9.27624139072341E-0001	 1.54397536507406E-0003
 9.34024222005906E-0001	 1.28113321718903E-0003
 9.40367641464367E-0001	 9.74483039063554E-0004
 9.46647688131489E-0001	 6.35108754277024E-0004
 9.52859228510800E-0001	 2.75244053960473E-0004
 9.58999239581219E-0001	-9.16720588405256E-0005
 9.65067433174515E-0001	-4.51404091051199E-0004
 9.71066628404093E-0001	-7.89705083496020E-0004
 9.77002720507349E-0001	-1.09322098049307E-0003
 9.82884296092008E-0001	-1.35027424898130E-0003
 9.88722047241009E-0001	-1.55140459176128E-0003
 9.94528135078523E-0001	-1.68966222633397E-0003
 1.00031559683608E+0000	-1.76071569634071E-0003
 1.00609782698893E+0000	-1.76284990252798E-0003
 1.01188811762924E+0000	-1.69690989279176E-0003
 1.01769922299590E+0000	-1.56621085374940E-0003
 1.02354291786517E+0000	-1.37639833995094E-0003
 1.02942954725479E+0000	-1.13521691248842E-0003
 1.03536760901822E+0000	-8.52143910563499E-0004
 1.04136345332492E+0000	-5.37880710559576E-0004
 1.04742119244499E+0000	-2.03764714512320E-0004
 1.05354286110718E+0000	 1.38759656448767E-0004
 1.05972875408944E+0000	 4.78449849752209E-0004
 1.06597774714480E+0000	 8.04268836500509E-0004
 1.07228736561208E+0000	 1.10516490731993E-0003
 1.07865346625905E+0000	 1.36988615046797E-0003
 1.08506962966769E+0000	 1.58715447144006E-0003
 1.09152660719211E+0000	 1.74638454084765E-0003
 1.09801224156116E+0000	 1.83881252364162E-0003
 1.10451205783267E+0000	 1.85860036206102E-0003
 1.11101031637825E+0000	 1.80347555290368E-0003
 1.11749107677204E+0000	 1.67480678015373E-0003
 1.12393897855418E+0000	 1.47739371147761E-0003
 1.13033982652289E+0000	 1.21929412246807E-0003
 1.13668126532814E+0000	 9.11716591615038E-0004
 1.14295366271167E+0000	 5.68720909939403E-0004
 1.14915100810817E+0000	 2.06481870265356E-0004
 1.15527149314075E+0000	-1.57867744877453E-0004
 1.16131756305972E+0000	-5.07557204153739E-0004
 1.16729546085497E+0000	-8.27353425423694E-0004
 1.17321444824997E+0000	-1.10439906633372E-0003
 1.17908591869494E+0000	-1.32867571199940E-0003
 1.18492255776966E+0000	-1.49316160880398E-0003
 1.19073762135585E+0000	-1.59378942564438E-0003
 1.19654433436605E+0000	-1.62929359686189E-0003
 1.20235537813430E+0000	-1.60099634867355E-0003
 1.20818243269269E+0000	-1.51253816784590E-0003
 1.21403576516404E+0000	-1.36952789973989E-0003
 1.21992389711962E+0000	-1.17908318033118E-0003
 1.22585342336645E+0000	-9.49263267409036E-0004
 1.23182906444922E+0000	-6.88460385348678E-0004
 1.23785399000428E+0000	-4.04885666467524E-0004
 1.24393035042973E+0000	-1.06315276101637E-0004
 1.25005984006425E+0000	 1.99787180739502E-0004
 1.25624404847862E+0000	 5.05782526778217E-0004
 1.26248438309689E+0000	 8.03169592542286E-0004
 1.26878147022227E+0000	 1.08199054517708E-0003
 1.27513413053129E+0000	 1.33065212808551E-0003
 1.28153822135870E+0000	 1.53639760870310E-0003
 1.28798575571538E+0000	 1.68644994302279E-0003
 1.29446465522452E+0000	 1.76958023691351E-0003
 1.30095926190196E+0000	 1.77769045188233E-0003
 1.30745146731918E+0000	 1.70705122005579E-0003
 1.31392220655592E+0000	 1.55902859191321E-0003
 1.32035311687736E+0000	 1.34026416567795E-0003
 1.32672820139808E+0000	 1.06227536397739E-0003
 1.33303527544711E+0000	 7.40459346240560E-0004
 1.33926692795103E+0000	 3.92620148133632E-0004
 1.34542082803327E+0000	 3.72999123030693E-0005
 1.35149940181165E+0000	-3.07762529450125E-0004
 1.35750906276872E+0000	-6.26817582675598E-0004
 1.36345923029885E+0000	-9.06855999630995E-0004
 1.36936133147368E+0000	-1.13796677935798E-0003
 1.37522790123668E+0000	-1.31340337868643E-0003
 1.38107181925991E+0000	-1.42946359523999E-0003
 1.38690567123266E+0000	-1.48525726174631E-0003
 1.39274120570836E+0000	-1.48239238594070E-0003
 1.39858887201808E+0000	-1.42457393471985E-0003
 1.40445746047068E+0000	-1.31709588514554E-0003
 1.41035390552871E+0000	-1.16622753362171E-0003
 1.41628333019297E+0000	-9.78549136076776E-0004
 1.42224938034195E+0000	-7.60359247357421E-0004
 1.42825481568925E+0000	-5.17317048795438E-0004
 1.43430221776420E+0000	-2.54460061503929E-0004
 1.44039459628106E+0000	 2.33548251250928E-0005
 1.44653566343711E+0000	 3.10667427170625E-0004
 1.45272960474065E+0000	 6.00484821546169E-0004
 1.45898028250406E+0000	 8.83480403299104E-0004
 1.46528994472498E+0000	 1.14762388815875E-0003
 1.47165767017540E+0000	 1.37851314798097E-0003
 1.47807793805169E+0000	 1.56055698265878E-0003
 1.48453980054919E+0000	 1.67892679720430E-0003
 1.49102706773125E+0000	 1.72190402627826E-0003
 1.49751965051833E+0000	 1.68302927378446E-0003
 1.50399583099511E+0000	 1.56244323625291E-0003
 1.51043490439018E+0000	 1.36704048224300E-0003
 1.51681952331514E+0000	 1.10945131917501E-0003
 1.52313723958953E+0000	 8.06240391782253E-0004
 1.52938108790964E+0000	 4.75871122184272E-0004
 1.53554937445847E+0000	 1.36884078010423E-0004
 1.54164496994316E+0000	-1.93491413096071E-0004
 1.54767437806607E+0000	-5.00264919853122E-0004
 1.55364676025248E+0000	-7.71219380956708E-0004
 1.55957301592610E+0000	-9.97145139900950E-0004
 1.56546496057621E+0000	-1.17185938077983E-0003
 1.57133460730482E+0000	-1.29207535048314E-0003
 1.57719354037071E+0000	-1.35715646053217E-0003
 1.58305237343316E+0000	-1.36876140442921E-0003
 1.58892030914490E+0000	-1.33037005592106E-0003
 1.59480485034063E+0000	-1.24668876233407E-0003
 1.60071173640930E+0000	-1.12297335374394E-0003
 1.60664516742223E+0000	-9.64368355420200E-0004
 1.61260831974029E+0000	-7.75411879678806E-0004
 1.61860406342010E+0000	-5.59861101495695E-0004
 1.62463570345536E+0000	-3.20935500523789E-0004
 1.63070752513436E+0000	-6.19718411892342E-0005
 1.63682494245130E+0000	 2.12623868732918E-0004
 1.64299411019566E+0000	 4.96326433577308E-0004
 1.64922094251679E+0000	 7.79600655513718E-0004
 1.65550958457916E+0000	 1.04947089513203E-0003
 1.66186053589097E+0000	 1.28987198706489E-0003
 1.66826883838720E+0000	 1.48303721409069E-0003
 1.67472295687179E+0000	 1.61193664847097E-0003
 1.68120501630374E+0000	 1.66333314415473E-0003
 1.68769271578453E+0000	 1.63054973611475E-0003
 1.69416253113387E+0000	 1.51491727142267E-0003
 1.70059315717410E+0000	 1.32535805890884E-0003
 1.70696805763998E+0000	 1.07642258066208E-0003
 1.71327656680090E+0000	 7.85704393336032E-0004
 1.71951372934165E+0000	 4.71526371412696E-0004
 1.72567944808996E+0000	 1.51323448469775E-0004
 1.73177745029632E+0000	-1.59302466552076E-0004
 1.73781433426899E+0000	-4.47072586823773E-0004
 1.74379875475355E+0000	-7.01267040525795E-0004
 1.74974071652370E+0000	-9.13819949773229E-0004
 1.75565093438564E+0000	-1.07931563491561E-0003
 1.76154023495189E+0000	-1.19488891066207E-0003
 1.76741899767344E+0000	-1.26001520888520E-0003
 1.77329665662294E+0000	-1.27617164336222E-0003
 1.77918131093633E+0000	-1.24635949374654E-0003
 1.78507951382295E+0000	-1.17450772034695E-0003
 1.79099631215769E+0000	-1.06482549165593E-0003
 1.79693557523822E+0000	-9.21224255823507E-0004
 1.80290058081142E+0000	-7.46959066236548E-0004
 1.80889474026060E+0000	-5.44620113970446E-0004
 1.81492227830162E+0000	-3.16536307913344E-0004
 1.82098866183804E+0000	-6.55571148666131E-0005
 1.82710059750566E+0000	 2.03911728958624E-0004
 1.83326546828193E+0000	 4.84814711288756E-0004
 1.83949014433546E+0000	 7.66555424366599E-0004
 1.84577920213022E+0000	 1.03464000478749E-0003
 1.85213276885267E+0000	 1.27124420699047E-0003
 1.85854450599464E+0000	 1.45703355178131E-0003
 1.86500055952502E+0000	 1.57423177502355E-0003
 1.87148033379906E+0000	 1.61027780166528E-0003
 1.87795935834140E+0000	 1.56076068353692E-0003
 1.88441343121240E+0000	 1.43032303248626E-0003
 1.89082243717354E+0000	 1.23117144620270E-0003
 1.89717250255031E+0000	 9.80076699352515E-0004
 1.90345622103571E+0000	 6.95273805361732E-0004
 1.90967161433272E+0000	 3.94241173330018E-0004
 1.91582071125277E+0000	 9.25596018111788E-0005
 1.92190831937489E+0000	-1.96457052962076E-0004
 1.92794116049572E+0000	-4.61769636069858E-0004
 1.93392729414147E+0000	-6.94539762355194E-0004
 1.93987568363998E+0000	-8.88084457146333E-0004
 1.94579579151197E+0000	-1.03785430550022E-0003
 1.95169715334733E+0000	-1.14138076690796E-0003
 1.95758893490610E+0000	-1.19813358563176E-0003
 1.96347951678239E+0000	-1.20924767249318E-0003
 1.96937617577838E+0000	-1.17711037420440E-0003
 1.97528494079202E+0000	-1.10484204652482E-0003
 1.98121068668941E+0000	-9.95750714717257E-0004
 1.98715748618955E+0000	-8.52882283804073E-0004
 1.99312917153527E+0000	-6.78801991043250E-0004
 1.99912998358626E+0000	-4.75716178985102E-0004
 2.00516513172919E+0000	-2.45978038935484E-0004
 2.01124107048139E+0000	 7.06461947611557E-0006
 2.01736531606632E+0000	 2.78006619349826E-0004
 2.02354566666959E+0000	 5.58314562433163E-0004
 2.02978875584911E+0000	 8.35542770979085E-0004
 2.03609799812215E+0000	 1.09323283008734E-0003
 2.04247124302825E+0000	 1.31195450248750E-0003
 2.04889884678113E+0000	 1.47180701026566E-0003
 2.05536320081245E+0000	 1.55616726466972E-0003
 2.06184057683506E+0000	 1.55560362455678E-0003
 2.06830514849788E+0000	 1.47027491576768E-0003
 2.07473372306652E+0000	 1.30960192736951E-0003
 2.08110923032853E+0000	 1.08946542565918E-0003
 2.08742189060916E+0000	 8.28449868978997E-0004
 2.09366837045799E+0000	 5.44719584910878E-0004
 2.09984999778256E+0000	 2.54261181135245E-0004
 2.10597100760222E+0000	-2.96415662987558E-0005
 2.11203729537630E+0000	-2.96221966815546E-0004
 2.11805572022464E+0000	-5.36826864520182E-0004
 2.12403378123841E+0000	-7.44586910730201E-0004
 2.12997945156093E+0000	-9.14251811501431E-0004
 2.13590101327967E+0000	-1.04215199967182E-0003
 2.14180682262805E+0000	-1.12619502994271E-0003
 2.14770500999357E+0000	-1.16580706153080E-0003
 2.15360316840310E+0000	-1.16176173054288E-0003
 2.15950810752907E+0000	-1.11588270524343E-0003
 2.16542575111891E+0000	-1.03065325249161E-0003
 2.17136123472310E+0000	-9.08810582778477E-0004
 2.17731921699903E+0000	-7.53036185649892E-0004
 2.18330435566657E+0000	-5.65863436977599E-0004
 2.18932183146236E+0000	-3.49899677139322E-0004
 2.19537774935532E+0000	-1.08400660454705E-0004
 2.20147922113140E+0000	 1.53848779346760E-0004
 2.20763394164236E+0000	 4.29490271323524E-0004
 2.21384911404911E+0000	 7.07632606797741E-0004
 2.22012967850632E+0000	 9.73348256320269E-0004
 2.22647600905641E+0000	 1.20810792693396E-0003
 2.23288161393813E+0000	 1.39162103515138E-0003
 2.23933181501787E+0000	 1.50519751072911E-0003
 2.24580452035790E+0000	 1.53593965255138E-0003
 2.25227354749481E+0000	 1.48017349879268E-0003
 2.25871355906582E+0000	 1.34441573647804E-0003
 2.26510457290768E+0000	 1.14334956035688E-0003
 2.27143429562078E+0000	 8.95940110432187E-0004
 2.27769794189985E+0000	 6.21548690707740E-0004
 2.28389644537873E+0000	 3.37339375058728E-0004
 2.29003426589804E+0000	 5.72372030407835E-0005
 2.29611760253297E+0000	-2.07988015514856E-0004
 2.30215329455029E+0000	-4.50107667654970E-0004
 2.30814833674629E+0000	-6.62754280861809E-0004
 2.31410978456175E+0000	-8.40926468545434E-0004
 2.32004481392406E+0000	-9.80745020882883E-0004
 2.32596076464614E+0000	-1.07940636326880E-0003
 2.33186508462365E+0000	-1.13522752123437E-0003
 2.33776517136256E+0000	-1.14767831974147E-0003
 2.34366816072452E+0000	-1.11733015481046E-0003
 2.34958073784779E+0000	-1.04569697239484E-0003
 2.35550904634183E+0000	-9.34991723311221E-0004
 2.36145875219052E+0000	-7.87865218247229E-0004
 2.36743527813247E+0000	-6.07228164109485E-0004
 2.37344416386097E+0000	-3.96270515832997E-0004
 2.37949143644223E+0000	-1.58772217598898E-0004
 2.38558381199417E+0000	 1.00261291330461E-0004
 2.39172851417416E+0000	 3.73703871580111E-0004
 2.39793250475511E+0000	 6.51346995781869E-0004
 2.40420099958820E+0000	 9.19214531746834E-0004
 2.41053533436917E+0000	 1.15964179738315E-0003
 2.41693059822906E+0000	 1.35265065880114E-0003
 2.42337391918332E+0000	 1.47890043290496E-0003
 2.42984456043117E+0000	 1.52378320688431E-0003
 2.43631657192581E+0000	 1.48127970474764E-0003
 2.44276349099913E+0000	 1.35577420174835E-0003
 2.44916327883001E+0000	 1.16084268386220E-0003
 2.45550150194213E+0000	 9.15662725079467E-0004
 2.46177191427765E+0000	 6.40803648170665E-0004
 2.46797499487737E+0000	 3.54978678984032E-0004
 2.47411562620461E+0000	 7.33878396240548E-0005
 2.48020090709683E+0000	-1.92555183639346E-0004
 2.48623859614890E+0000	-4.34663155988786E-0004
 2.49223627003405E+0000	-6.47109758934910E-0004
 2.49820105725675E+0000	-8.25620809920964E-0004
 2.50413972682114E+0000	-9.66909084172812E-0004
 2.51005891577421E+0000	-1.06839745518536E-0003
 2.51596533241145E+0000	-1.12817788667650E-0003
 2.52186584628283E+0000	-1.14510499825872E-0003
 2.52776744848014E+0000	-1.11891803345139E-0003
 2.53367711971112E+0000	-1.05031102065958E-0003
 2.53960167380983E+0000	-9.40912547515017E-0004
 2.54554765184715E+0000	-7.93183548257114E-0004
 2.55152132752198E+0000	-6.10288438921337E-0004
 2.55752884507450E+0000	-3.96035014668732E-0004
 2.56357644497582E+0000	-1.54997808440466E-0004
 2.56967064859484E+0000	 1.07081296441638E-0004
 2.57581819380382E+0000	 3.82598547094942E-0004
 2.58202547342955E+0000	 6.61221048429814E-0004
 2.58829727139034E+0000	 9.29155222695207E-0004
 2.59463477456702E+0000	 1.16905582540521E-0003
 2.60103321471320E+0000	 1.36117388230247E-0003
 2.60748001160065E+0000	 1.48612023748956E-0003
 2.61395462724257E+0000	 1.52890291481952E-0003
 2.62043097330520E+0000	 1.48289806353545E-0003
 2.62688197777357E+0000	 1.35193324472871E-0003
 2.63328459155941E+0000	 1.14940500926169E-0003
 2.63962325991778E+0000	 8.94921826854812E-0004
 2.64589089945585E+0000	 6.10091224865651E-0004
 2.65208774818228E+0000	 3.15021744095360E-0004
 2.65821914379544E+0000	 2.62889679738113E-0005
 2.66429321290901E+0000	-2.43687110244171E-0004
 2.67031903887296E+0000	-4.86297227995309E-0004
 2.67630549223168E+0000	-6.95914920937778E-0004
 2.68226067985749E+0000	-8.68957883037544E-0004
 2.68819186664866E+0000	-1.00307721326443E-0003
 2.69410569073548E+0000	-1.09659961283420E-0003
 2.70000849777453E+0000	-1.14825573639441E-0003
 2.70590665162313E+0000	-1.15715655590987E-0003
 2.71180673009116E+0000	-1.12293406389364E-0003
 2.71771557316079E+0000	-1.04594739464788E-0003
 2.72364020343912E+0000	-9.27467925164041E-0004
 2.72958767566357E+0000	-7.69789575824655E-0004
 2.73556492919727E+0000	-5.76256177262756E-0004
 2.74157870947724E+0000	-3.51250432865977E-0004
 2.74763558333228E+0000	-1.00238298453770E-0004
 2.75374199402121E+0000	 1.70012862984787E-0004
 2.75990419524337E+0000	 4.50955880048093E-0004
 2.76612780642757E+0000	 7.31557236809697E-0004
 2.77241671245919E+0000	 9.97608820914350E-0004
 2.77877118466829E+0000	 1.23157227306121E-0003
 2.78518551428609E+0000	 1.41364747760428E-0003
 2.79164607722313E+0000	 1.52456298735736E-0003
 2.79813119476750E+0000	 1.54976878668200E-0003
 2.80461373914471E+0000	 1.48353459734934E-0003
 2.81106597322183E+0000	 1.33094307284454E-0003
 2.81746466387309E+0000	 1.10673680396395E-0003
 2.82379443530654E+0000	 8.31747929754698E-0004
 2.83004858313674E+0000	 5.28663119298664E-0004
 2.83622788239551E+0000	 2.18600666061753E-0004
 2.84233843526810E+0000	-8.09049152255860E-0005
 2.84838943115941E+0000	-3.56618364518511E-0004
 2.85439129850365E+0000	-5.99416914788986E-0004
 2.86035441013768E+0000	-8.03605039953573E-0004
 2.86628832979477E+0000	-9.66035669194469E-0004
 2.87220151558080E+0000	-1.08524253252305E-0003
 2.87810137159001E+0000	-1.16071608690910E-0003
 2.88399452789056E+0000	-1.19240332651088E-0003
 2.88988722412663E+0000	-1.18046466415935E-0003
 2.89578567899365E+0000	-1.12527316163415E-0003
 2.90169635293106E+0000	-1.02759845500712E-0003
 2.90762605268148E+0000	-8.88890314605845E-0004
 2.91358187472889E+0000	-7.11572281367796E-0004
 2.91957102860191E+0000	-4.99275755920654E-0004
 2.92560060941547E+0000	-2.56986890652946E-0004
 2.93167738890812E+0000	 8.86326777321160E-0006
 2.93780764992136E+0000	 2.90276157635007E-0004
 2.94399699100100E+0000	 5.77416172788922E-0004
 2.95024989386854E+0000	 8.58141667191220E-0004
 2.95656875021297E+0000	 1.11748232042696E-0003
 2.96295212440202E+0000	 1.33753255573171E-0003
 2.96939244362945E+0000	 1.49852017263535E-0003
 2.97587405667627E+0000	 1.58169285700842E-0003
 2.98237321915047E+0000	 1.57375230691025E-0003
 2.98886112876490E+0000	 1.47111935353840E-0003
 2.99530933510330E+0000	 1.28168178195141E-0003
 3.00169510670421E+0000	 1.02298029195249E-0003
 3.00800448962486E+0000	 7.17999295238357E-0004
 3.01423253952538E+0000	 3.90718025139489E-0004
 3.02038167953194E+0000	 6.28876058369044E-0005
 3.02645941270313E+0000	-2.47652333235785E-0004
 3.03247617992336E+0000	-5.27464545102941E-0004
 3.03844367359909E+0000	-7.67283059199532E-0004
 3.04437364371426E+0000	-9.61417590199710E-0004
 3.05027713307239E+0000	-1.10701197622648E-0003
 3.05616406524707E+0000	-1.20328100987246E-0003
 3.06204312151608E+0000	-1.25080335953765E-0003
 3.06792185175636E+0000	-1.25093174700835E-0003
 3.07380695857458E+0000	-1.20537502121615E-0003
 3.07970467705698E+0000	-1.11599352381094E-0003
 3.08562115655867E+0000	-9.84820807953441E-0004
 3.09156274984851E+0000	-8.14284473934418E-0004
 3.09753613636686E+0000	-6.07559120777877E-0004
 3.10354824768023E+0000	-3.68960125456571E-0004
 3.10960601314867E+0000	-1.04289080042734E-0004
 3.11571598567602E+0000	 1.78925180152709E-0004
 3.12188391899602E+0000	 4.71285807294988E-0004
 3.12811432245350E+0000	 7.61417982080174E-0004
 3.13440990263293E+0000	 1.03580556227997E-0003
 3.14077065736271E+0000	 1.27861121031609E-0003
 3.14719236825075E+0000	 1.47182384245306E-0003
 3.15366457577321E+0000	 1.59644301037934E-0003
 3.16016890452106E+0000	 1.63540390337540E-0003
 3.16667935497229E+0000	 1.57803540892363E-0003
 3.17316578241786E+0000	 1.42422738458191E-0003
 3.17959976231180E+0000	 1.18573996537531E-0003
 3.18596006340323E+0000	 8.83633069727809E-0004
 3.19223527424812E+0000	 5.43376232720743E-0004
 3.19842330978084E+0000	 1.90174831673541E-0004
 3.20452916410932E+0000	-1.54007547987177E-0004
 3.21056236098722E+0000	-4.71678824324196E-0004
 3.21653486061875E+0000	-7.49911204411236E-0004
 3.22245958247636E+0000	-9.79894865006443E-0004
 3.22834943654851E+0000	-1.15631459285106E-0003
 3.23421670946404E+0000	-1.27671090449266E-0003
 3.24007269068522E+0000	-1.34087652824845E-0003
 3.24592747534215E+0000	-1.35029651424692E-0003
 3.25178991850673E+0000	-1.30763694656865E-0003
 3.25766773313818E+0000	-1.21630337650139E-0003
 3.26356771847509E+0000	-1.08011056930550E-0003
 3.26949608027988E+0000	-9.03115405898337E-0004
 3.27545877006030E+0000	-6.89652832911248E-0004
 3.28146174490262E+0000	-4.44577631085843E-0004
 3.28751104952725E+0000	-1.73662458433754E-0004
 3.29361265432168E+0000	 1.15945411317795E-0004
 3.29977204050099E+0000	 4.15329219692763E-0004
 3.30599358631781E+0000	 7.13572940620788E-0004
 3.31227984291997E+0000	 9.97740171751660E-0004
 3.31863075331099E+0000	 1.25303436690502E-0003
 3.32504275282080E+0000	 1.46311732551651E-0003
 3.33150760004971E+0000	 1.61074827977825E-0003
 3.33801097671207E+0000	 1.67923119015781E-0003
 3.34453154069882E+0000	 1.65522780380615E-0003
 3.35104181480593E+0000	 1.53272484700744E-0003
 3.35751194033640E+0000	 1.31646140716197E-0003
 3.36391540834508E+0000	 1.02246477525114E-0003
 3.37023404282302E+0000	 6.74903307662446E-0004
 3.37645996316890E+0000	 3.00969338295405E-0004
 3.38259448016940E+0000	-7.36669309111702E-0005
 3.38864545244059E+0000	-4.27478470313682E-0004
 3.39462459657427E+0000	-7.43891870397042E-0004
 3.40054546026325E+0000	-1.01102622171691E-0003
 3.40642213255397E+0000	-1.22102285365065E-0003
 3.41226850092858E+0000	-1.36934067375172E-0003
 3.41809783758413E+0000	-1.45415992385085E-0003
 3.42392255629233E+0000	-1.47591070476210E-0003
 3.42975405006273E+0000	-1.43689179955960E-0003
 3.43560257487180E+0000	-1.34093634159548E-0003
 3.44147718270067E+0000	-1.19309452561995E-0003
 3.44738572686945E+0000	-9.99330986996633E-0004
 3.45333496004140E+0000	-7.66267905853384E-0004
 3.45933071735987E+0000	-5.01031218897384E-0004
 3.46537813028400E+0000	-2.11259304449808E-0004
 3.47148177031854E+0000	 9.47007859977212E-0005
 3.47764560245497E+0000	 4.07450942067253E-0004
 3.48387265570372E+0000	 7.16170855006849E-0004
 3.49016439457265E+0000	 1.00838707525681E-0003
 3.49651987760688E+0000	 1.27004441383982E-0003
 3.50293486384871E+0000	 1.48596355388520E-0003
 3.50940101106889E+0000	 1.64066657778651E-0003
 3.51590521289267E+0000	 1.71954887908352E-0003
 3.52242913355587E+0000	 1.71053860005676E-0003
 3.52894934263916E+0000	 1.60646955029859E-0003
 3.53543889931819E+0000	 1.40791031311140E-0003
 3.54187094435145E+0000	 1.12518301064598E-0003
 3.54822344237909E+0000	 7.77929844795301E-0004
 3.55448294102199E+0000	 3.91849425853245E-0004
 3.56064569300727E+0000	-5.89515474088581E-0006
 3.56671625739492E+0000	-3.90552297176009E-0004
 3.57270490736315E+0000	-7.41897647372556E-0004
 3.57862511078187E+0000	-1.04474450459145E-0003
 3.58449168473469E+0000	-1.28851952287425E-0003
 3.59031967641999E+0000	-1.46650906627108E-0003
 3.59612378317887E+0000	-1.57512989761143E-0003
 3.60191809116322E+0000	-1.61336656022534E-0003
 3.60771595908067E+0000	-1.58239493661480E-0003
 3.61352993299463E+0000	-1.48535397923580E-0003
 3.61937162902331E+0000	-1.32720569655868E-0003
 3.62525156229374E+0000	-1.11461976880614E-0003
 3.63117893572403E+0000	-8.55828771292903E-0004
 3.63716142904953E+0000	-5.60424306925754E-0004
 3.64320503751731E+0000	-2.39102175976924E-0004
 3.64931398981856E+0000	 9.65959910723766E-0005
 3.65549072601898E+0000	 4.34479576721734E-0004
 3.66173585903321E+0000	 7.61804914391433E-0004
 3.66804801384382E+0000	 1.06530160409053E-0003
 3.67442347009066E+0000	 1.33124847620415E-0003
 3.68085563351887E+0000	 1.54577246450446E-0003
 3.68733449231873E+0000	 1.69550881802075E-0003
 3.69384628640383E+0000	 1.76862754901300E-0003
 3.70037355555687E+0000	 1.75609424344412E-0003
 3.70689561535818E+0000	 1.65303651491385E-0003
 3.71338955550600E+0000	 1.46017510351673E-0003
 3.71983204524708E+0000	 1.18512699313211E-0003
 3.72620209183410E+0000	 8.42923329675880E-0004
 3.73248415911206E+0000	 4.54931317487253E-0004
 3.73867039553402E+0000	 4.61013597754812E-0005
 3.74476103988224E+0000	-3.58476585644066E-0004
 3.75076312833898E+0000	-7.36417088313283E-0004
 3.75668838368425E+0000	-1.06959798232775E-0003
 3.76255116420254E+0000	-1.34451955161054E-0003
 3.76836693066229E+0000	-1.55192825613031E-0003
 3.77415130267167E+0000	-1.68616141506737E-0003
 3.77991958002029E+0000	-1.74450810891771E-0003
 3.78568655654914E+0000	-1.72672750585767E-0003
 3.79146647216862E+0000	-1.63476597276043E-0003
 3.79727298184101E+0000	-1.47265917056213E-0003
 3.80311905015114E+0000	-1.24657337415055E-0003
 3.80901670688854E+0000	-9.64915861701626E-0004
 3.81497663109361E+0000	-6.38422267637463E-0004
 3.82100757598634E+0000	-2.80115255766187E-0004
 3.82711570395042E+0000	 9.49622536234060E-0005
 3.83330395338980E+0000	 4.70292338194445E-0004
 3.83957158116154E+0000	 8.28683386770428E-0004
 3.84591399455882E+0000	 1.15322327620063E-0003
 3.85232290738734E+0000	 1.42822991726502E-0003
 3.85878675479789E+0000	 1.64005779534361E-0003
 3.86529123423065E+0000	 1.77770294951996E-0003
 3.87181986057439E+0000	 1.83325911528182E-0003
 3.87835452530929E+0000	 1.80232245089734E-0003
 3.88487612855468E+0000	 1.68438201195690E-0003
 3.89136533723710E+0000	 1.48316365894926E-0003
 3.89780350364615E+0000	 1.20689795863312E-0003
 3.90417383633059E+0000	 8.68442730664920E-0004
 3.91046287826870E+0000	 4.85009101613594E-0004
 3.91666204604884E+0000	 7.71496362380366E-0005
 3.92276866914850E+0000	-3.33040171199554E-0004
 3.92878606165212E+0000	-7.24060686963424E-0004
 3.93472263510560E+0000	-1.07683173815871E-0003
 3.94059048064043E+0000	-1.37578147777710E-0003
 3.94640392394303E+0000	-1.60917854579026E-0003
 3.95217837467143E+0000	-1.76894155036547E-0003
 3.95792956898165E+0000	-1.85021020023640E-0003
 3.96367315973377E+0000	-1.85089711349449E-0003
 3.96942455001335E+0000	-1.77135200320038E-0003
 3.97519885434180E+0000	-1.61420280429805E-0003
 3.98101087479130E+0000	-1.38439435178292E-0003
 3.98687497969015E+0000	-1.08941089544272E-0003
 3.99280477034509E+0000	-7.39627441045802E-0004
 3.99881242999142E+0000	-3.48674584443054E-0004
 4.00490769480781E+0000	 6.63764024342330E-0005
 4.01109649772594E+0000	 4.85269550389268E-0004
 4.01737951778049E+0000	 8.85520682108765E-0004
 4.02375106793228E+0000	 1.24418945389575E-0003
 4.03019884589620E+0000	 1.54027106486384E-0003
 4.03670490656914E+0000	 1.75713474841926E-0003
 4.04324775191432E+0000	 1.88423459948230E-0003
 4.04980488651315E+0000	 1.91753878765958E-0003
 4.05635496619934E+0000	 1.85873309596922E-0003
 4.06287900028771E+0000	 1.71382228069501E-0003
 4.06936066985105E+0000	 1.49183904331869E-0003
 4.07578619568302E+0000	 1.20402556246874E-0003
 4.08214418236785E+0000	 8.63473979290677E-0004
 4.08842569253042E+0000	 4.85018410573596E-0004
 4.09462462721966E+0000	 8.51020799175531E-0005
 4.10073829557537E+0000	-3.18643768563626E-0004
 4.10676789025955E+0000	-7.08222030502006E-0004
 4.11271858044712E+0000	-1.06635898538641E-0003
 4.11859912115628E+0000	-1.37756211082332E-0003
 4.12442110713059E+0000	-1.62888137790158E-0003
 4.13019811159762E+0000	-1.81027574236481E-0003
 4.13594491921329E+0000	-1.91464730816415E-0003
 4.14167696302833E+0000	-1.93768381257731E-0003
 4.14740998188762E+0000	-1.87765358784147E-0003
 4.15315985560320E+0000	-1.73526660509891E-0003
 4.15894254347035E+0000	-1.51368145309772E-0003
 4.16477402854359E+0000	-1.21871073831412E-0003
 4.17067014011451E+0000	-8.59248359699586E-0004
 4.17664608603578E+0000	-4.47890565334592E-0004
 4.18271549229800E+0000	-1.62040672576101E-0006
 4.18888877270209E+0000	 4.57747089748744E-0004
 4.19517082923075E+0000	 9.03871683489010E-0004
 4.20155849461932E+0000	 1.30755913344923E-0003
 4.20803869014451E+0000	 1.64013165091377E-0003
 4.21458857624517E+0000	 1.87800227153281E-0003
 4.22117844896196E+0000	 2.00690554524654E-0003
 4.22777672142335E+0000	 2.02387759231816E-0003
 4.23435499185313E+0000	 1.93608578570325E-0003
 4.24089118536682E+0000	 1.75737470720414E-0003
 4.24737011068795E+0000	 1.50442899597799E-0003
 4.25378221824162E+0000	 1.19405751173008E-0003
 4.26012182366556E+0000	 8.41997410942596E-0004
 4.26638567775991E+0000	 4.62834730249691E-0004
 4.27257219160011E+0000	 7.04383767011328E-0005
 4.27868126273316E+0000	-3.21560325296681E-0004
 4.28471449727542E+0000	-6.99519850184787E-0004
 4.29067557490744E+0000	-1.04988444846932E-0003
 4.29657052260985E+0000	-1.35958668202366E-0003
 4.30240775305502E+0000	-1.61660846401266E-0003
 4.30819785224831E+0000	-1.81052336752016E-0003
 4.31395320326402E+0000	-1.93289719500617E-0003
 4.31968756823677E+0000	-1.97751420275752E-0003
 4.32541572727690E+0000	-1.94047162391396E-0003
 4.33115322354478E+0000	-1.82022396829736E-0003
 4.33691621442530E+0000	-1.61766778399291E-0003
 4.34272138670452E+0000	-1.33635289122962E-0003
 4.34858585075490E+0000	-9.82896765090618E-0004
 4.35452687020714E+0000	-5.67658997912430E-0004
 4.36056119925163E+0000	-1.05675346893542E-0004
 4.36670370648185E+0000	 3.82297400114869E-0004
 4.37296495020606E+0000	 8.69075161510706E-0004
 4.37934764030922E+0000	 1.32156136473362E-0003
 4.38584272062854E+0000	 1.70363201720148E-0003
 4.39242700030302E+0000	 1.98195845687823E-0003
 4.39906477344950E+0000	 2.13343874369726E-0003
 4.40571423396088E+0000	 2.15079761868132E-0003
 4.41233621632540E+0000	 2.04310597664841E-0003
 4.41890101521529E+0000	 1.83111957178479E-0003
 4.42539070864530E+0000	 1.54047984719284E-0003
 4.43179753668954E+0000	 1.19612448480241E-0003
 4.43812054442482E+0000	 8.19372544521803E-0004
 4.44436238801536E+0000	 4.27340988066295E-0004
 4.45052715574591E+0000	 3.36681826524239E-0005
 4.45661926347463E+0000	-3.50341264200286E-0004
 4.46264315437264E+0000	-7.14665482870684E-0004
 4.46860348911553E+0000	-1.04983118864557E-0003
 4.47450556504655E+0000	-1.34655397743611E-0003
 4.48035576497476E+0000	-1.59572057706076E-0003
 4.48616189903558E+0000	-1.78862385001970E-0003
 4.49193337433524E+0000	-1.91733271179126E-0003
 4.49768119789331E+0000	-1.97508727683909E-0003
 4.50341786783065E+0000	-1.95665051495918E-0003
 4.50915722321887E+0000	-1.85860224725917E-0003
 4.51491430808807E+0000	-1.67960956483891E-0003
 4.52070527143780E+0000	-1.42074074313014E-0003
 4.52654728040044E+0000	-1.08590881935182E-0003
 4.53245836479497E+0000	-6.82539105209121E-0004
 4.53845702395590E+0000	-2.22543842436307E-0004
 4.54456129480415E+0000	 2.76379629185322E-0004
 4.55078681939254E+0000	 7.89318597361729E-0004
 4.55714339499911E+0000	 1.28324533207747E-0003
 4.56362991588074E+0000	 1.71804788286181E-0003
 4.57022903110610E+0000	 2.05133658886020E-0003
 4.57690494740424E+0000	 2.24761638213288E-0003
 4.58360816659526E+0000	 2.28869880762575E-0003
 4.59028688422950E+0000	 2.17911323614394E-0003
 4.59689910013247E+0000	 1.94276120406649E-0003
 4.60341904721703E+0000	 1.61358846741429E-0003
 4.60983666127698E+0000	 1.22623110327669E-0003
 4.61615311543247E+0000	 8.10311869975318E-0004
 4.62237580970565E+0000	 3.88573303098089E-0004
 4.62851456751250E+0000	-2.25927103950773E-0005
 4.63457936713575E+0000	-4.11635179977381E-0004
 4.64057930134415E+0000	-7.70214575642857E-0004
 4.64652234204775E+0000	-1.09183809223411E-0003
 4.65241556807407E+0000	-1.37087398125198E-0003
 4.65826562308691E+0000	-1.60194156389024E-0003
 4.66407925058215E+0000	-1.77963290995681E-0003
 4.66986380210920E+0000	-1.89850749452103E-0003
 4.67562765047046E+0000	-1.95329099909570E-0003
 4.68138047534618E+0000	-1.93920470532425E-0003
 4.68713342506991E+0000	-1.85236139811359E-0003
 4.69289918558852E+0000	-1.69019088479344E-0003
 4.69869199586209E+0000	-1.45189776726607E-0003
 4.70452763312260E+0000	-1.13899651383468E-0003
 4.71042334951042E+0000	-7.56006083998648E-0004
 4.71639766770724E+0000	-3.11410725078518E-0004
 4.72246982194900E+0000	 1.81013288706017E-0004
 4.72865844410154E+0000	 7.00497595572218E-0004
 4.73497886884094E+0000	 1.21750567537781E-0003
 4.74143838243878E+0000	 1.69288451700653E-0003
 4.74802948873671E+0000	 2.08003309738248E-0003
 4.75472360638721E+0000	 2.33259889691189E-0003
 4.76147062751899E+0000	 2.41754826894753E-0003
 4.76820878988558E+0000	 2.32734280271882E-0003
 4.77488133771090E+0000	 2.08227214992487E-0003
 4.78144965989641E+0000	 1.72120715472386E-0003
 4.78789650928470E+0000	 1.28822487708202E-0003
 4.79422153281329E+0000	 8.22808764546933E-0004
 4.80043452425888E+0000	 3.55706457065269E-0004
 4.80654981556078E+0000	-9.12534999769933E-0005
 4.81258269195847E+0000	-5.03570874432282E-0004
 4.81854750260583E+0000	-8.72079697232997E-0004
 4.82445689185557E+0000	-1.19115660696568E-0003
 4.83032168762129E+0000	-1.45731205425573E-0003
 4.83615114685194E+0000	-1.66816554610282E-0003
 4.84195338314842E+0000	-1.82175207248065E-0003
 4.84773587809727E+0000	-1.91610524875238E-0003
 4.85350601662513E+0000	-1.94907647357731E-0003
 4.85927160212053E+0000	-1.91836032062221E-0003
 4.86504131424860E+0000	-1.82169852165768E-0003
 4.87082508269111E+0000	-1.65723273054534E-0003
 4.87663436603056E+0000	-1.42398029474465E-0003
 4.88248233882341E+0000	-1.12242654333894E-0003
 4.88838398688078E+0000	-7.55263074896799E-0004
 4.89435607384675E+0000	-3.28346121318240E-0004
 4.90041685277258E+0000	 1.48016726862573E-0004
 4.90658523341443E+0000	 6.57359403661619E-0004
 4.91287886931524E+0000	 1.17499518169283E-0003
 4.91931037593000E+0000	 1.66614592446693E-0003
 4.92588101696735E+0000	 2.08583315635974E-0003
 4.93257264397621E+0000	 2.38340207911620E-0003
 4.93934218549593E+0000	 2.51417468922099E-0003
 4.94612585993977E+0000	 2.45553113826491E-0003
 4.95285554500099E+0000	 2.21712958502277E-0003
 4.95947810639055E+0000	 1.83650351433896E-0003
 4.96596520647705E+0000	 1.36399408494348E-0003
 4.97231119335972E+0000	 8.48317812835218E-0004
 4.97852535586568E+0000	 3.28962056086124E-0004
 4.98462445609541E+0000	-1.65420756893277E-0004
 4.99062768670453E+0000	-6.15624563846139E-0004
 4.99655388834896E+0000	-1.00966290342394E-0003
 5.00242026640825E+0000	-1.34067812888085E-0003
 5.00824196216394E+0000	-1.60527308538179E-0003
 5.01403207084681E+0000	-1.80226924518227E-0003
 5.01980188055726E+0000	-1.93181285580848E-0003
 5.02556121792685E+0000	-1.99474578723898E-0003
 5.03131884958542E+0000	-1.99217807282455E-0003
 5.03708292061997E+0000	-1.92522601430241E-0003
 5.04286142163566E+0000	-1.79490560643200E-0003
 5.04866267093285E+0000	-1.60219009192871E-0003
 5.05449578562502E+0000	-1.34824866382496E-0003
 5.06037110441646E+0000	-1.03488291098152E-0003
 5.06630051887982E+0000	-6.65178799898368E-0004
 5.07229765937734E+0000	-2.44407060819797E-0004
 5.07837783984899E+0000	 2.18765177950122E-0004
 5.08455755601944E+0000	 7.10670789175205E-0004
 5.09085312566291E+0000	 1.21063657086642E-0003
 5.09727778732050E+0000	 1.68887519993738E-0003
 5.10383646559279E+0000	 2.10535155616255E-0003
 5.11051815818527E+0000	 2.41197955007818E-0003
 5.11728854688884E+0000	 2.56122437641434E-0003
 5.12408931143975E+0000	 2.52134166040517E-0003
 5.13085004643760E+0000	 2.29081516291346E-0003
 5.13750862258966E+0000	 1.90045475792435E-0003
 5.14402649451631E+0000	 1.40096080071273E-0003
 5.15039095990308E+0000	 8.46251869515348E-0004
 5.15660831923618E+0000	 2.82465653387016E-0004
 5.16269537093958E+0000	-2.55697754201985E-0004
 5.16867312091440E+0000	-7.44258448763236E-0004
 5.17456315729832E+0000	-1.16773672680421E-0003
 5.18038590570535E+0000	-1.51689457334891E-0003
 5.18615995914714E+0000	-1.78691787906417E-0003
 5.19190195146663E+0000	-1.97608486252927E-0003
 5.19762667812419E+0000	-2.08483188300264E-0003
 5.20334731363189E+0000	-2.11511082217180E-0003
 5.20907565577176E+0000	-2.06994954360500E-0003
 5.21482237167868E+0000	-1.95314997958408E-0003
 5.22059724781087E+0000	-1.76908177142420E-0003
 5.22640946150196E+0000	-1.52255554274612E-0003
 5.23226789447550E+0000	-1.21879051131750E-0003
 5.23818149352181E+0000	-8.63522184065268E-0004
 5.24415964949192E+0000	-4.63318023358493E-0004
 5.25021251864147E+0000	-2.61750484383897E-0005
 5.25635115393337E+0000	 4.37534799853201E-0004
 5.26258723310691E+0000	 9.13727144227568E-0004
 5.26893203073807E+0000	 1.38290284477719E-0003
 5.27539408329881E+0000	 1.81835085382405E-0003
 5.28197491356548E+0000	 2.18513147430762E-0003
 5.28866275128873E+0000	 2.44171696595974E-0003
 5.29542619357249E+0000	 2.54678305398728E-0003
 5.30221281416168E+0000	 2.47170558886577E-0003
 5.30895795157032E+0000	 2.21353311024478E-0003
 5.31560184393990E+0000	 1.79890142218798E-0003
 5.32210465501261E+0000	 1.27502867894440E-0003
 5.32845086584382E+0000	 6.94832151847033E-0004
 5.33464438722326E+0000	 1.05547923609661E-0004
 5.34070076553655E+0000	-4.55999607208412E-0004
 5.34664082401559E+0000	-9.63450872551378E-0004
 5.35248678102923E+0000	-1.39904680649102E-0003
 5.35826030809170E+0000	-1.75149740898255E-0003
 5.36398175397581E+0000	-2.01421476589572E-0003
 5.36966997323135E+0000	-2.18402927638960E-0003
 5.37534242989870E+0000	-2.26032813996305E-0003
 5.38101540025249E+0000	-2.24452055662535E-0003
 5.38670418199108E+0000	-2.13974574159875E-0003
 5.39242325838478E+0000	-1.95075810562285E-0003
 5.39818638582684E+0000	-1.68393596376658E-0003
 5.40400658678334E+0000	-1.34736439918366E-0003
 5.40989604710549E+0000	-9.50944783926789E-0004
 5.41586593967345E+0000	-5.06494264319623E-0004
 5.42192621510111E+0000	-2.78310113252436E-0005
 5.42808538924050E+0000	 4.69103438072809E-0004
 5.43435028766948E+0000	 9.65980365881383E-0004
 5.44072557147220E+0000	 1.44157677785670E-0003
 5.44721269463240E+0000	 1.87104743900769E-0003
 5.45380780914963E+0000	 2.22532565613355E-0003
 5.46049826264234E+0000	 2.47161298856718E-0003
 5.46725821694735E+0000	 2.57661751732482E-0003
 5.47404587478307E+0000	 2.51393367045344E-0003
 5.48080643575524E+0000	 2.27415493975277E-0003
 5.48748271688383E+0000	 1.87198283894967E-0003
 5.49402891779091E+0000	 1.34435132520903E-0003
 5.50041940601142E+0000	 7.40207764473410E-0004
 5.50664887733888E+0000	 1.08774116362778E-0004
 5.51272685662142E+0000	-5.07992008151264E-0004
 5.51867123469007E+0000	-1.07786020017605E-0003
 5.52450342618215E+0000	-1.57764277057853E-0003
 5.53024555065069E+0000	-1.99135924761289E-0003
 5.53591911770139E+0000	-2.30836951101480E-0003
 5.54154461014154E+0000	-2.52188799253634E-0003
 5.54714153746527E+0000	-2.62794240720645E-0003
 5.55272871130375E+0000	-2.62472273512070E-0003
 5.55832461118461E+0000	-2.51225283319355E-0003
 5.56394776911748E+0000	-2.29233954545466E-0003
 5.56961712170215E+0000	-1.96878356804166E-0003
 5.57535226911053E+0000	-1.54786074155828E-0003
 5.58117354506472E+0000	-1.03909254800998E-0003
 5.58710174333058E+0000	-4.56304522588002E-0004
 5.59315727803970E+0000	 1.81105250902211E-0004
 5.59935852220996E+0000	 8.46925526978608E-0004
 5.60571915949737E+0000	 1.50738930182232E-0003
 5.61224468683087E+0000	 2.12158912892838E-0003
 5.61892866893837E+0000	 2.64364350247720E-0003
 5.62574967601072E+0000	 3.02678583472743E-0003
 5.63266976212416E+0000	 3.22907511544424E-0003
 5.63963519103786E+0000	 3.22033946220355E-0003
 5.64658061178654E+0000	 2.98976955745063E-0003
 5.65343821271307E+0000	 2.55183347683362E-0003
 5.66015066301040E+0000	 1.94598625911036E-0003
 5.66668187611825E+0000	 1.22793252341247E-0003
 5.67301980405980E+0000	 4.56718751404752E-0004
 5.67917164069535E+0000	-3.15479159288325E-0004
 5.68515621067341E+0000	-1.04781813534386E-0003
 5.69099749309002E+0000	-1.71074824177341E-0003
 5.69672055526531E+0000	-2.28391930714467E-0003
 5.70234954430012E+0000	-2.75372862520685E-0003
 5.70790698964435E+0000	-3.11124607936583E-0003
 5.71341381544494E+0000	-3.35069013424864E-0003
 5.71888969531326E+0000	-3.46840393003983E-0003
 5.72435355777344E+0000	-3.46223026088315E-0003
 5.72982415568582E+0000	-3.33120196117918E-0003
 5.73532066710912E+0000	-3.07550339597623E-0003
 5.74086331525229E+0000	-2.69670414507738E-0003
 5.74647398750845E+0000	-2.19831539463863E-0003
 5.75217679154134E+0000	-1.58677304684389E-0003
 5.75799838844919E+0000	-8.73000491579306E-0004
 5.76396775289825E+0000	-7.47099127951002E-0005
 5.77011470039158E+0000	 7.80545508398240E-0004
 5.77646617735779E+0000	 1.65207855086675E-0003
 5.78303937539491E+0000	 2.48417750252828E-0003
 5.78983217232664E+0000	 3.20864009012040E-0003
 5.79681467240845E+0000	 3.75442208741783E-0003
 5.80392795731442E+0000	 4.06278061701868E-0003
 5.81109271979979E+0000	 4.10089739472625E-0003
 5.81822346354771E+0000	 3.86789923576511E-0003
 5.82524240611717E+0000	 3.39327810807076E-0003
 5.83209066639348E+0000	 2.72990627579745E-0003
 5.83873491814445E+0000	 1.94277333107678E-0003
 5.84516715879580E+0000	 1.09643637724874E-0003
 5.85139847571234E+0000	 2.45915903076120E-0004
 5.85745090977201E+0000	-5.66817283253137E-0004
 5.86335085540249E+0000	-1.31213738322431E-0003
 5.86912503426169E+0000	-1.97023896255981E-0003
 5.87479857434186E+0000	-2.52842360373903E-0003
 5.88039439088719E+0000	-2.97887546992666E-0003
 5.88593324510885E+0000	-3.31705284133715E-0003
 5.89143410625406E+0000	-3.54061298942867E-0003
 5.89691462176891E+0000	-3.64874724248239E-0003
 5.90239160334363E+0000	-3.64182360548150E-0003
 5.90788148783047E+0000	-3.52126882376650E-0003
 5.91340075154410E+0000	-3.28965455296364E-0003
 5.91896625504293E+0000	-2.95097905575291E-0003
 5.92459547666687E+0000	-2.51115392754249E-0003
 5.93030655680482E+0000	-1.97870816879132E-0003
 5.93611802318433E+0000	-1.36569481376408E-0003
 5.94204801611406E+0000	-6.88704189492705E-0004
 5.94811283046261E+0000	 3.02698896590967E-0005
 5.95432473558016E+0000	 7.63576339312919E-0004
 5.96068942582239E+0000	 1.47884283039576E-0003
 5.96720400179170E+0000	 2.14137606769261E-0003
 5.97385655430306E+0000	 2.71739804062048E-0003
 5.98062752780413E+0000	 3.17657510578197E-0003
 5.98749139406215E+0000	 3.49268777164562E-0003
 5.99441659058524E+0000	 3.64335544763555E-0003
 6.00136358217751E+0000	 3.61160023500880E-0003
 6.00828412738800E+0000	 3.39113480980062E-0003
 6.01512589640436E+0000	 2.99311620152894E-0003
 6.02184259403916E+0000	 2.44844734742269E-0003
 6.02840377165546E+0000	 1.80211661244811E-0003
 6.03479827505923E+0000	 1.10292914878427E-0003
 6.04103104686911E+0000	 3.94814334667038E-0004
 6.04711716533044E+0000	-2.87315002977454E-0004
 6.05307650549681E+0000	-9.17935796842087E-0004
 6.05893022907168E+0000	-1.47945403217075E-0003
 6.06469892482470E+0000	-1.96031766071001E-0003
 6.07040183815216E+0000	-2.35335530959074E-0003
 6.07605670473167E+0000	-2.65452619082284E-0003
 6.08167987222950E+0000	-2.86206530893708E-0003
 6.08728652832620E+0000	-2.97594836907239E-0003
 6.09289093589636E+0000	-2.99759805511429E-0003
 6.09850661998984E+0000	-2.92976628465144E-0003
 6.10414647165107E+0000	-2.77653822717111E-0003
 6.10982274317855E+0000	-2.54340654998291E-0003
 6.11554691920543E+0000	-2.23735723140971E-0003
 6.12132946860735E+0000	-1.86689541151492E-0003
 6.12717952207117E+0000	-1.44193303384368E-0003
 6.13310457832574E+0000	-9.73480512825340E-0004
 6.13911039738778E+0000	-4.73156169409561E-0004
 6.14520124431900E+0000	 4.73439716778400E-0005
 6.15138054522925E+0000	 5.76526496897215E-0004
 6.15765178918244E+0000	 1.10276782288280E-0003
 6.16401921508930E+0000	 1.61310374317047E-0003
 6.17048758156873E+0000	 2.09118850004215E-0003
 6.17706024744930E+0000	 2.51497711620356E-0003
 6.18373503515954E+0000	 2.85537358809751E-0003
 6.19049826241569E+0000	 3.07783845223431E-0003
 6.19731934459416E+0000	 3.14895327774453E-0003
 6.20415060906366E+0000	 3.04746647864199E-0003
 6.21093582883590E+0000	 2.77440428841529E-0003
 6.21762442368593E+0000	 2.35485736644355E-0003
 6.22418275973138E+0000	 1.82994186484689E-0003
 6.23059701545563E+0000	 1.24505872284657E-0003
 6.23686927110376E+0000	 6.41103468675505E-0004
 6.24301146773311E+0000	 5.06394234635611E-0005
 6.24904033633170E+0000	-5.02372318012051E-0004
 6.25497414150310E+0000	-1.00125577888380E-0003
 6.26083093254789E+0000	-1.43497734407916E-0003
 6.26662774907621E+0000	-1.79672046466652E-0003
 6.27238033742918E+0000	-2.08281358048190E-0003
 6.27810309742248E+0000	-2.29197679142096E-0003
