-2.53824792152717E-0003	 1.21465478626869E-0003
 3.87663133313450E-0003	 1.73399335104949E-0003
 1.04209815129040E-0002	 2.18910304294701E-0003
 1.70774328916977E-0002	 2.53840130251897E-0003
 2.38108753042967E-0002	 2.74734700892693E-0003
 3.05733797350728E-0002	 2.79793602238518E-0003
 3.73146969144376E-0002	 2.69331657071368E-0003
 4.39930160987509E-0002	 2.45479993866255E-0003
 5.05808367782006E-0002	 2.11389226074690E-0003
 5.70650857927272E-0002	 1.70420401728240E-0003
 6.34438845786278E-0002	 1.25613109076402E-0003
 6.97225740408554E-0002	 7.94522255617045E-0004
 7.59103752737275E-0002	 3.38337916659240E-0004
 8.20180266500620E-0002	-9.86986357038761E-0005
 8.80562721223652E-0002	-5.07079781352972E-0004
 9.40349807973284E-0002	-8.80422209022233E-0004
 9.99627244584652E-0002	-1.21442947306904E-0003
 1.05846704469100E-0001	-1.50596526938775E-0003
 1.11692957488372E-0001	-1.75228310527679E-0003
 1.17506774677134E-0001	-1.95046145195117E-0003
 1.23293254282866E-0001	-2.09708591541054E-0003
 1.29057893139579E-0001	-2.18819320195070E-0003
 1.34807125926941E-0001	-2.21945406383044E-0003
 1.40548746303764E-0001	-2.18654167261073E-0003
 1.46292180756645E-0001	-2.08562259614848E-0003
 1.52048616677029E-0001	-1.91392213491762E-0003
 1.57830996970927E-0001	-1.67034467181674E-0003
 1.63653879272237E-0001	-1.35615833138361E-0003
 1.69533120210989E-0001	-9.75767329246969E-0004
 1.75485289800600E-0001	-5.37580211834641E-0004
 1.81526660816667E-0001	-5.49186191741339E-0005
 1.87671586484798E-0001	 4.53222887167074E-0004
 1.93930149009602E-0001	 9.61963414176418E-0004
 2.00305238072629E-0001	 1.44147514995581E-0003
 2.06789753231684E-0001	 1.85967174877704E-0003
 2.13365201057154E-0001	 2.18670062952410E-0003
 2.20002976268067E-0001	 2.40019427048515E-0003
 2.26668563572591E-0001	 2.48929450510926E-0003
 2.33327275202399E-0001	 2.45574263270710E-0003
 2.39949343042140E-0001	 2.31185396427113E-0003
 2.46512857657164E-0001	 2.07665572456447E-0003
 2.53004349875488E-0001	 1.77181451690455E-0003
 2.59417684184675E-0001	 1.41843396914497E-0003
 2.65752129253650E-0001	 1.03509974723344E-0003
 2.72010290224836E-0001	 6.37093300219618E-0004
 2.78196334250591E-0001	 2.36502093940640E-0004
 2.84314738151216E-0001	-1.57095916408547E-0004
 2.90369639024733E-0001	-5.35689884620442E-0004
 2.96364749804818E-0001	-8.91919488144279E-0004
 3.02303701617213E-0001	-1.21840483340348E-0003
 3.08190607757410E-0001	-1.50744425310967E-0003
 3.14030634842042E-0001	-1.75108266369261E-0003
 3.19830421402663E-0001	-1.94145433141695E-0003
 3.25598275928086E-0001	-2.07126073138754E-0003
 3.31344170758526E-0001	-2.13426215838722E-0003
 3.37079593442613E-0001	-2.12571561586270E-0003
 3.42817318830736E-0001	-2.04274748046599E-0003
 3.48571138346110E-0001	-1.88468573221211E-0003
 3.54355545704525E-0001	-1.65338748525638E-0003
 3.60185342976025E-0001	-1.35358591775003E-0003
 3.66075104356156E-0001	-9.93249525538482E-0004
 3.72038425273190E-0001	-5.83897014077950E-0004
 3.78086905384873E-0001	-1.40747063293183E-0004
 3.84228884006503E-0001	 3.17479111038858E-0004
 3.90468073852827E-0001	 7.69302777251972E-0004
 3.96802393175702E-0001	 1.19190022996551E-0003
 4.03223388021771E-0001	 1.56309680569068E-0003
 4.09716555574084E-0001	 1.86359335628969E-0003
 4.16262610899435E-0001	 2.07892291330620E-0003
 4.22839437983542E-0001	 2.20071470029134E-0003
 4.29424323862398E-0001	 2.22707326356616E-0003
 4.35996092061760E-0001	 2.16207146481614E-0003
 4.42536783469142E-0001	 2.01447272152824E-0003
 4.49032562266614E-0001	 1.79595434496272E-0003
 4.55473684916053E-0001	 1.51929626847451E-0003
 4.61853689168034E-0001	 1.19705175887168E-0003
 4.68168259802995E-0001	 8.41013344427035E-0004
 4.74414307557790E-0001	 4.62425265001178E-0004
 4.80589617459596E-0001	 7.25832058076346E-0005
 4.86693101080711E-0001	-3.16642484366916E-0004
 4.92725400327881E-0001	-6.92696589607144E-0004
 4.98689476812045E-0001	-1.04271574300859E-0003
 5.04590908322548E-0001	-1.35422802336135E-0003
 5.10437808742440E-0001	-1.61591744365143E-0003
 5.16240455766035E-0001	-1.81825045869558E-0003
 5.22010777585034E-0001	-1.95388317361463E-0003
 5.27761826480609E-0001	-2.01787039968010E-0003
 5.33507305621001E-0001	-2.00774523594043E-0003
 5.39261157814706E-0001	-1.92353824308052E-0003
 5.45037188835944E-0001	-1.76778059398650E-0003
 5.50848683864661E-0001	-1.54550291339374E-0003
 5.56707979795879E-0001	-1.26420969534288E-0003
 5.62625976453102E-0001	-9.33783625884262E-0004
 5.68611604383666E-0001	-5.66262153203245E-0004
 5.74671309036667E-0001	-1.75440691185718E-0004
 5.80808642687980E-0001	 2.23699740766637E-0004
 5.87024049445394E-0001	 6.15677201303546E-0004
 5.93314867744521E-0001	 9.85191716638378E-0004
 5.99675481341468E-0001	 1.31770707833927E-0003
 6.06097497383861E-0001	 1.59993176100203E-0003
 6.12569896900477E-0001	 1.82031772782822E-0003
 6.19079272477149E-0001	 1.96969856615134E-0003
 6.25610377110318E-0001	 2.04200286426233E-0003
 6.32147074239208E-0001	 2.03474190369157E-0003
 6.38673445219642E-0001	 1.94896387068137E-0003
 6.45174600779688E-0001	 1.78869742393088E-0003
 6.51636933983361E-0001	 1.56030061343225E-0003
 6.58048015630946E-0001	 1.27218378773194E-0003
 6.64396641123388E-0001	 9.35006055638923E-0004
 6.70673407376674E-0001	 5.61977965588365E-0004
 6.76871745827418E-0001	 1.68738222515581E-0004
 6.82988945473448E-0001	-2.27468443836265E-0004
 6.89026669856800E-0001	-6.09140645802365E-0004
 6.94990771023655E-0001	-9.59953232288126E-0004
 7.00890548266884E-0001	-1.26587675152382E-0003
 7.06737759097740E-0001	-1.51581977203640E-0003
 7.12545648905726E-0001	-1.70184372807561E-0003
 7.18328138325047E-0001	-1.81909545928770E-0003
 7.24099194729757E-0001	-1.86559806139713E-0003
 7.29872353001249E-0001	-1.84199183171502E-0003
 7.35660334244602E-0001	-1.75126472413943E-0003
 7.41474722020079E-0001	-1.59847309251064E-0003
 7.47325680349714E-0001	-1.39043303373448E-0003
 7.53221727134918E-0001	-1.13536171758648E-0003
 7.59169601219128E-0001	-8.42467928114377E-0004
 7.65174267832256E-0001	-5.21529103208696E-0004
 7.71239081069886E-0001	-1.82535192548681E-0004
 7.77366058921019E-0001	 1.64499437361548E-0004
 7.83556145803504E-0001	 5.09487446146628E-0004
 7.89809286387585E-0001	 8.42013575009394E-0004
 7.96124167686447E-0001	 1.15103939009081E-0003
 8.02497629079916E-0001	 1.42483071716977E-0003
 8.08923946106020E-0001	 1.65133626568938E-0003
 8.15394333817751E-0001	 1.81904174028130E-0003
 8.21896942970746E-0001	 1.91804921356259E-0003
 8.28417332576321E-0001	 1.94101385068220E-0003
 8.34939132887836E-0001	 1.88376213300554E-0003
 8.41444659632320E-0001	 1.74575606619667E-0003
 8.47915590973865E-0001	 1.53066963399281E-0003
 8.54334080777852E-0001	 1.24702860711298E-0003
 8.60684488213762E-0001	 9.08428808188592E-0004
 8.66955356810456E-0001	 5.32790899403150E-0004
 8.73140897898765E-0001	 1.40581893072358E-0004
 8.79241408917128E-0001	-2.47470722538100E-0004
 8.85262608289686E-0001	-6.12440967034598E-0004
 8.91214310329559E-0001	-9.38571225508904E-0004
 8.97108944295714E-0001	-1.21387721844616E-0003
 9.02960249605853E-0001	-1.43018115010283E-0003
 9.08782267440823E-0001	-1.58281771392164E-0003
 9.14588613392821E-0001	-1.67019762137409E-0003
 9.20391965777986E-0001	-1.69332889496024E-0003
 9.26203707947963E-0001	-1.65533139648716E-0003
 9.32033690381032E-0001	-1.56094531857653E-0003
 9.37890110785111E-0001	-1.41602760535352E-0003
 9.43779535311637E-0001	-1.22704729318991E-0003
 9.49707089275709E-0001	-1.00062494787733E-0003
 9.55676820798962E-0001	-7.43198739111738E-0004
 9.61692184148089E-0001	-4.60917167158768E-0004
 9.67756518340565E-0001	-1.59832320836894E-0004
 9.73873345099990E-0001	 1.53610038028168E-0004
 9.80046313768065E-0001	 4.71897352204890E-0004
 9.86278696359693E-0001	 7.85810042401166E-0004
 9.92572473068995E-0001	 1.08407732195865E-0003
 9.98927206533701E-0001	 1.35354524930270E-0003
 1.00533901002730E+0000	 1.57992238684171E-0003
 1.01179989098766E+0000	 1.74897029069834E-0003
 1.01829758771503E+0000	 1.84788949572007E-0003
 1.02481584516341E+0000	 1.86671660946429E-0003
 1.03133508157493E+0000	 1.79970929746807E-0003
 1.03783358226756E+0000	 1.64670249963797E-0003
 1.04428943768985E+0000	 1.41414621539165E-0003
 1.05068313648581E+0000	 1.11523898637178E-0003
 1.05700016961945E+0000	 7.68697692365489E-0004
 1.06323274267646E+0000	 3.96329987690978E-0004
 1.06938006460249E+0000	 2.01950397118627E-0005
 1.07544736853158E+0000	-3.39776956702503E-0004
 1.08144425986490E+0000	-6.67246654706787E-0004
 1.08738298237482E+0000	-9.50026457763266E-0004
 1.09327694573224E+0000	-1.18000709736482E-0003
 1.09913961593790E+0000	-1.35273512919793E-0003
 1.10498373565829E+0000	-1.46683917885865E-0003
 1.11082080261347E+0000	-1.52340717489149E-0003
 1.11666074813791E+0000	-1.52535248644561E-0003
 1.12251179112310E+0000	-1.47677962531121E-0003
 1.12838047353764E+0000	-1.38236507162615E-0003
 1.13427189684609E+0000	-1.24679723856446E-0003
 1.14019016139034E+0000	-1.07435636381921E-0003
 1.14613896046811E+0000	-8.68736355018134E-0004
 1.15212221350916E+0000	-6.33192213803219E-0004
 1.15814457094345E+0000	-3.71031346941292E-0004
 1.16421161725905E+0000	-8.63740464307654E-0005
 1.17032964621222E+0000	 2.14978072367090E-0004
 1.17650496816958E+0000	 5.24779810970585E-0004
 1.18274281265292E+0000	 8.31909162816196E-0004
 1.18904599139079E+0000	 1.12244735802233E-0003
 1.19541356685249E+0000	 1.38036893370774E-0003
 1.20183979806723E+0000	 1.58881619339292E-0003
 1.20831359417139E+0000	 1.73181818578731E-0003
 1.21481862989249E+0000	 1.79625226871360E-0003
 1.22133422694896E+0000	 1.77381984834197E-0003
 1.22783707716142E+0000	 1.66273690942306E-0003
 1.23430375772233E+0000	 1.46870110094759E-0003
 1.24071366485974E+0000	 1.20465259163817E-0003
 1.24705162254205E+0000	 8.89133604823043E-0004
 1.25330938485551E+0000	 5.43628414127534E-0004
 1.25948569938152E+0000	 1.89704826795675E-0004
 1.26558520374338E+0000	-1.53272101919640E-0004
 1.27161674871495E+0000	-4.69502167921816E-0004
 1.27759168363059E+0000	-7.47250248976097E-0004
 1.28352240388062E+0000	-9.78742891849948E-0004
 1.28942124871315E+0000	-1.15972192066846E-0003
 1.29529972363469E+0000	-1.28883491352315E-0003
 1.30116799062248E+0000	-1.36695843496512E-0003
 1.30703458463626E+0000	-1.39649580916507E-0003
 1.31290634611820E+0000	-1.38067403923944E-0003
 1.31878858268175E+0000	-1.32288044308950E-0003
 1.32468546936154E+0000	-1.22611540988888E-0003
 1.33060065559678E+0000	-1.09266820622973E-0003
 1.33653797941678E+0000	-9.24118077129656E-0004
 1.34250212831813E+0000	-7.21708201387269E-0004
 1.34849906792983E+0000	-4.87051584809958E-0004
 1.35453609470849E+0000	-2.23043634655433E-0004
 1.36062143719935E+0000	 6.51943376520539E-0005
 1.36676340254289E+0000	 3.69531620848853E-0004
 1.37296912936631E+0000	 6.78392972748251E-0004
 1.37924307620623E+0000	 9.76850654727436E-0004
 1.38558546176404E+0000	 1.24739219684398E-0003
 1.39199097259687E+0000	 1.47142737695890E-0003
 1.39844811767814E+0000	 1.63143113370391E-0003
 1.40493956195165E+0000	 1.71339451997925E-0003
 1.41144356891745E+0000	 1.70906978973586E-0003
 1.41793638037901E+0000	 1.61746194300483E-0003
 1.42439508493761E+0000	 1.44516776008573E-0003
 1.43080036567279E+0000	 1.20543846213158E-0003
 1.43713851703170E+0000	 9.16181732746480E-0004
 1.44340233012241E+0000	 5.97429123654686E-0004
 1.44959082375531E+0000	 2.68910781010074E-0004
 1.45570814616720E+0000	-5.17805777102811E-0005
 1.46176210417480E+0000	-3.50263219915573E-0004
 1.46776269454794E+0000	-6.15760745726925E-0004
 1.47372084566142E+0000	-8.41011959435078E-0004
 1.47964743637006E+0000	-1.02188565996035E-0003
 1.48555258218729E+0000	-1.15683324096534E-0003
 1.49144515892164E+0000	-1.24625318210226E-0003
 1.49733254930261E+0000	-1.29180594864714E-0003
 1.50322062436393E+0000	-1.29571587021030E-0003
 1.50911398266835E+0000	-1.26012540401594E-0003
 1.51501644572651E+0000	-1.18660712304373E-0003
 1.52093174491732E+0000	-1.07595631683912E-0003
 1.52686426043422E+0000	-9.28354099840325E-0004
 1.53281962914918E+0000	-7.43909587604111E-0004
 1.53880505215332E+0000	-5.23496307504849E-0004
 1.54482919177853E+0000	-2.69734330088006E-0004
 1.55090161487243E+0000	 1.20515199515171E-0005
 1.55703178751482E+0000	 3.13067589185070E-0004
 1.56322766431742E+0000	 6.20663356374346E-0004
 1.56949398147571E+0000	 9.18531548858886E-0004
 1.57583049668093E+0000	 1.18771605387284E-0003
 1.58223061003599E+0000	 1.40854297731036E-0003
 1.58868093087243E+0000	 1.56329740774758E-0003
 1.59516222695632E+0000	 1.63905426224292E-0003
 1.60165172110557E+0000	 1.62981617564588E-0003
 1.60812612788331E+0000	 1.53729576123623E-0003
 1.61456456433296E+0000	 1.37022902996240E-0003
 1.62095066376619E+0000	 1.14262281020088E-0003
 1.62727362988057E+0000	 8.71540752169039E-0004
 1.63352831279985E+0000	 5.74958867866246E-0004
 1.63971457636262E+0000	 2.70030111257870E-0004
 1.64583627509518E+0000	-2.81050968895960E-0005
 1.65190011147730E+0000	-3.06981662225595E-0004
 1.65791455135886E+0000	-5.57048800605390E-0004
 1.66388888524212E+0000	-7.71606315600234E-0004
 1.66983246118806E+0000	-9.46537846274785E-0004
 1.67575408718159E+0000	-1.07990503106885E-0003
 1.68166160276321E+0000	-1.17143619241407E-0003
 1.68756164050099E+0000	-1.22193365795514E-0003
 1.69345961802567E+0000	-1.23264368348192E-0003
 1.69935999649410E+0000	-1.20467577826206E-0003
 1.70526679532867E+0000	-1.13859823612176E-0003
 1.71118427507894E+0000	-1.03433868744911E-0003
 1.71711762765879E+0000	-8.91463833380281E-0004
 1.72307348762530E+0000	-7.09819620679105E-0004
 1.72906011097037E+0000	-4.90426841493223E-0004
 1.73508713102360E+0000	-2.36481454346087E-0004
 1.74116485455150E+0000	 4.57008428943090E-0005
 1.74730309077290E+0000	 3.45965801286153E-0004
 1.75350954074545E+0000	 6.50039924698674E-0004
 1.75978787527131E+0000	 9.39966292845468E-0004
 1.76613584468836E+0000	 1.19554202446847E-0003
 1.77254404263215E+0000	 1.39684336375292E-0003
 1.77899605667520E+0000	 1.52743710306092E-0003
 1.78547037904460E+0000	 1.57731159821328E-0003
 1.79194364093608E+0000	 1.54442685626122E-0003
 1.79839404356162E+0000	 1.43437659722055E-0003
 1.80480388263759E+0000	 1.25856518147079E-0003
 1.81116070741500E+0000	 1.03181024539351E-0003
 1.81745731585780E+0000	 7.70162877646935E-0004
 1.82369107191354E+0000	 4.89319497226986E-0004
 1.82986298299129E+0000	 2.03645017021595E-0004
 1.83597679986673E+0000	-7.43426965619984E-0005
 1.84203823889533E+0000	-3.34200725717435E-0004
 1.84805432807263E+0000	-5.67627342580030E-0004
 1.85403284170347E+0000	-7.68429715810046E-0004
 1.85998179229847E+0000	-9.32406429018286E-0004
 1.86590897351714E+0000	-1.05713017127907E-0003
 1.87182158180380E+0000	-1.14161178526627E-0003
 1.87772597537677E+0000	-1.18584819504262E-0003
 1.88362764190681E+0000	-1.19030157842898E-0003
 1.88953142381858E+0000	-1.15541174982166E-0003
 1.89544198732800E+0000	-1.08128029916150E-0003
 1.90136443703516E+0000	-9.67654485660261E-0004
 1.90730491140912E+0000	-8.14274162374676E-0004
 1.91327097904438E+0000	-6.21552885496009E-0004
 1.91927169090024E+0000	-3.91487117156969E-0004
 1.92531719754336E+0000	-1.28647403731439E-0004
 1.93141788008159E+0000	 1.58913471368089E-0004
 1.93758297064891E+0000	 4.59037178350283E-0004
 1.94381870174124E+0000	 7.55400932340950E-0004
 1.95012619887721E+0000	 1.02838006623739E-0003
 1.95649964691558E+0000	 1.25712631500461E-0003
 1.96292556936290E+0000	 1.42276807474532E-0003
 1.96938398814248E+0000	 1.51193725787688E-0003
 1.97585148904887E+0000	 1.51928228353506E-0003
 1.98230515733534E+0000	 1.44789430664030E-0003
 1.98872587203098E+0000	 1.30764702900968E-0003
 1.99509998473095E+0000	 1.11245035208288E-0003
 2.00141938357070E+0000	 8.77602229989281E-0004
 2.00768056762614E+0000	 6.17934921120133E-0004
 2.01388342572979E+0000	 3.46865935935395E-0004
 2.02003017499301E+0000	 7.61179807186180E-0005
 2.02612463238061E+0000	-1.84218788569652E-0004
 2.03217178957051E+0000	-4.25546596352473E-0004
 2.03817756273286E+0000	-6.40683934689395E-0004
 2.04414858015541E+0000	-8.23875652944627E-0004
 2.05009192054742E+0000	-9.70830627728402E-0004
 2.05601478775371E+0000	-1.07869965876066E-0003
 2.06192417395279E+0000	-1.14592442412073E-0003
 2.06782660411687E+0000	-1.17193929454069E-0003
 2.07372805858377E+0000	-1.15677440983333E-0003
 2.07963413321482E+0000	-1.10067004564101E-0003
 2.08555042393119E+0000	-1.00384437780354E-0003
 2.09148303773971E+0000	-8.66539661543633E-0004
 2.09743907017414E+0000	-6.89406621769046E-0004
 2.10342687354859E+0000	-4.74200135156838E-0004
 2.10945596665752E+0000	-2.24684837417384E-0004
 2.11553647721559E+0000	 5.24007977676344E-0005
 2.12167804438596E+0000	 3.46519794151292E-0004
 2.12788816091118E+0000	 6.42924652920261E-0004
 2.13417007001604E+0000	 9.23031927376727E-0004
 2.14052062148157E+0000	 1.16598563714965E-0003
 2.14692888291813E+0000	 1.35156535781378E-0003
 2.15337648035791E+0000	 1.46393417325406E-0003
 2.15984015138665E+0000	 1.49492697989349E-0003
 2.16629584123787E+0000	 1.44541038394223E-0003
 2.17272272051103E+0000	 1.32415343649916E-0003
 2.17910565326558E+0000	 1.14497663912800E-0003
 2.18543568841481E+0000	 9.23582684870100E-0004
 2.19170910661921E+0000	 6.75144672136317E-0004
 2.19792587275970E+0000	 4.13022662805627E-0004
 2.20408817145381E+0000	 1.48450877660666E-0004
 2.21019938168147E+0000	-1.09184876813993E-0004
 2.21626356516965E+0000	-3.51870663692447E-0004
 2.22228535268232E+0000	-5.72578712552876E-0004
 2.22827002105113E+0000	-7.65111948930430E-0004
 2.23422355895787E+0000	-9.24169048524423E-0004
 2.24015259753907E+0000	-1.04551902313652E-0003
 2.24606418793085E+0000	-1.12614527742776E-0003
 2.25196549657136E+0000	-1.16425465282637E-0003
 2.25786353429182E+0000	-1.15911945432829E-0003
 2.26376503143526E+0000	-1.11080037586265E-0003
 2.26967652449589E+0000	-1.01986207232930E-0003
 2.27560464345276E+0000	-8.87221980701763E-0004
 2.28155650553491E+0000	-7.14254903555210E-0004
 2.28754005828682E+0000	-5.03214254898100E-0004
 2.29356419092336E+0000	-2.57946574352030E-0004
 2.29963844532706E+0000	 1.52075916374546E-0005
 2.30577219152220E+0000	 3.06511522352972E-0004
 2.31197318886515E+0000	 6.02204907051538E-0004
 2.31824557898744E+0000	 8.84540174030931E-0004
 2.32458762482014E+0000	 1.13294344874432E-0003
 2.33098992551506E+0000	 1.32660813059903E-0003
 2.33743515689849E+0000	 1.44824528480339E-0003
 2.34390011460683E+0000	 1.48782473036547E-0003
 2.35035974186246E+0000	 1.44466186470142E-0003
 2.35679159820007E+0000	 1.32686424484241E-0003
 2.36317900688749E+0000	 1.14859265906439E-0003
 2.36951207463363E+0000	 9.26571029871620E-0004
 2.37578692880099E+0000	 6.77167406084640E-0004
 2.38200404428998E+0000	 4.14651591567402E-0004
 2.38816645308562E+0000	 1.50606356847380E-0004
 2.39427832649198E+0000	-1.05837341458570E-0004
 2.40034413491803E+0000	-3.47345846393412E-0004
 2.40636837519153E+0000	-5.67675056032465E-0004
 2.41235570486459E+0000	-7.61172601337265E-0004
 2.41831124625881E+0000	-9.22606951239704E-0004
 2.42424083572138E+0000	-1.04728899279958E-0003
 2.43015108290490E+0000	-1.13134703647463E-0003
 2.43604922364750E+0000	-1.17199040710579E-0003
 2.44194284590001E+0000	-1.16764160007361E-0003
 2.44783961280130E+0000	-1.11789823450574E-0003
 2.45374709896815E+0000	-1.02336955863012E-0003
 2.45967280666637E+0000	-8.85495431265366E-0004
 2.46562435245241E+0000	-7.06484108795573E-0004
 2.47160973066425E+0000	-4.89489657500414E-0004
 2.47763748998146E+0000	-2.39090494132375E-0004
 2.48371662101359E+0000	 3.79613025054382E-0005
 2.48985595366837E+0000	 3.31861997400961E-0004
 2.49606291060788E+0000	 6.29021783369519E-0004
 2.50234159281784E+0000	 9.11893759508645E-0004
 2.50869045497864E+0000	 1.15989556834970E-0003
 2.51510028528448E+0000	 1.35184572424418E-0003
 2.52155362092179E+0000	 1.46976892363545E-0003
 2.52802656996684E+0000	 1.50294418581846E-0003
 2.53449290433373E+0000	 1.45040136350859E-0003
 2.54092886643448E+0000	 1.32062544680357E-0003
 2.54731672035368E+0000	 1.12879286564461E-0003
 2.55364604992971E+0000	 8.93049015813808E-0004
 2.55991310227410E+0000	 6.31289263210105E-0004
 2.56611908395367E+0000	 3.59128483192854E-0004
 2.57226822924569E+0000	 8.90663746720523E-0005
 2.57836614123458E+0000	-1.69444771468303E-0004
 2.58441864430862E+0000	-4.09381675742427E-0004
 2.59043121564769E+0000	-6.25311496053515E-0004
 2.59640893573257E+0000	-8.12618171193076E-0004
 2.60235679304438E+0000	-9.66999870942842E-0004
 2.60828011789630E+0000	-1.08432375880464E-0003
 2.61418493380237E+0000	-1.16079171883600E-0003
 2.62007809828008E+0000	-1.19327631506242E-0003
 2.62596721684995E+0000	-1.17966355279731E-0003
 2.63186040480626E+0000	-1.11908229441069E-0003
 2.63776601390304E+0000	-1.01197772028492E-0003
 2.64369243401938E+0000	-8.60066139704435E-0004
 2.64964803319528E+0000	-6.66270365935837E-0004
 2.65564122442119E+0000	-4.34765475749638E-0004
 2.66168055783182E+0000	-1.71252139819704E-0004
 2.66777465235572E+0000	 1.16490046396603E-0004
 2.67393172648381E+0000	 4.17835981721570E-0004
 2.68015849473035E+0000	 7.18572774042737E-0004
 2.68645831587092E+0000	 1.00062767115651E-0003
 2.69282879212708E+0000	 1.24288749306323E-0003
 2.69925956278296E+0000	 1.42366590269702E-0003
 2.70573158155731E+0000	 1.52476080368118E-0003
 2.71221906562648E+0000	 1.53587985946599E-0003
 2.71869403199365E+0000	 1.45734760678801E-0003
 2.72513160759667E+0000	 1.29962783775481E-0003
 2.73151380611371E+0000	 1.08009728336012E-0003
 2.73783070540540E+0000	 8.18905878266030E-0004
 2.74407953134568E+0000	 5.35576383355270E-0004
 2.75026276506285E+0000	 2.46968439990822E-0004
 2.75638613609259E+0000	-3.35401569955011E-0005
 2.76245692018134E+0000	-2.96033921931686E-0004
 2.76848268690985E+0000	-5.33531160216093E-0004
 2.77447053485263E+0000	-7.41192405215792E-0004
 2.78042680373713E+0000	-9.15472235747635E-0004
 2.78635719718404E+0000	-1.05340187635446E-0003
 2.79226718060123E+0000	-1.15214803929896E-0003
 2.79816246959594E+0000	-1.20891026273640E-0003
 2.80404942953498E+0000	-1.22111563284451E-0003
 2.80993527096944E+0000	-1.18679001892471E-0003
 2.81582801806490E+0000	-1.10496108353663E-0003
 2.82173630686574E+0000	-9.75980689482052E-0004
 2.82766911147822E+0000	-8.01719633790417E-0004
 2.83363549384748E+0000	-5.85659761639936E-0004
 2.83964443096546E+0000	-3.32968614095844E-0004
 2.84570469731320E+0000	-5.06737415350584E-0005
 2.85182467969347E+0000	 2.51962922548548E-0004
 2.85801190044223E+0000	 5.62859979441309E-0004
 2.86427197176738E+0000	 8.66491414779119E-0004
 2.87060678197242E+0000	 1.14365728955567E-0003
 2.87701204240156E+0000	 1.37234839235824E-0003
 2.88347497172341E+0000	 1.53040130953585E-0003
 2.88997360573981E+0000	 1.59996195800192E-0003
 2.89647917351767E+0000	 1.57235500811971E-0003
 2.90296143276595E+0000	 1.45084911766296E-0003
 2.90939468924091E+0000	 1.24960302523972E-0003
 2.91576169535992E+0000	 9.89523045189157E-0004
 2.92205434944975E+0000	 6.93435678504652E-0004
 2.92827211326894E+0000	 3.82516918515604E-0004
 2.93441965248333E+0000	 7.44742059785631E-0005
 2.94050467616356E+0000	-2.16958075699077E-0004
 2.94653629088604E+0000	-4.81798597223403E-0004
 2.95252384742775E+0000	-7.13260046121851E-0004
 2.95847619279778E+0000	-9.07037183073878E-0004
 2.96440127629768E+0000	-1.06053928637237E-0003
 2.97030608568317E+0000	-1.17215740858395E-0003
 2.97619687304357E+0000	-1.24067324737699E-0003
 2.98207958143475E+0000	-1.26490994127415E-0003
 2.98796033733769E+0000	-1.24367753046937E-0003
 2.99384586469480E+0000	-1.17599117699478E-0003
 2.99974371466363E+0000	-1.06147304802749E-0003
 3.00566227343166E+0000	-9.00819319155217E-0004
 3.01161057694005E+0000	-6.96229715081091E-0004
 3.01759800138975E+0000	-4.51745314538563E-0004
 3.02363390090980E+0000	-1.73500988791779E-0004
 3.02972722531118E+0000	 1.30047577483350E-0004
 3.03588607118263E+0000	 4.47839563259908E-0004
 3.04211701088861E+0000	 7.65828467552955E-0004
 3.04842395303402E+0000	 1.06661913929186E-0003
 3.05480631994194E+0000	 1.32951370832742E-0003
 3.06125664494523E+0000	 1.53167134490630E-0003
 3.06775840245014E+0000	 1.65112491373432E-0003
 3.07428569976927E+0000	 1.67165108389060E-0003
 3.08080639342058E+0000	 1.58785989866345E-0003
 3.08728834368873E+0000	 1.40763431166196E-0003
 3.09370600786923E+0000	 1.15013359837226E-0003
 3.10004416900074E+0000	 8.40544718754540E-0004
 3.10629787056438E+0000	 5.04568018338585E-0004
 3.11246996640008E+0000	 1.64780974198345E-0004
 3.11856817036643E+0000	-1.60819540702108E-0004
 3.12460268045471E+0000	-4.58843364362457E-0004
 3.13058460061552E+0000	-7.19911824783573E-0004
 3.13652498218110E+0000	-9.37918518721862E-0004
 3.14243425517613E+0000	-1.10932080238682E-0003
 3.14832190633576E+0000	-1.23248353632718E-0003
 3.15419635371318E+0000	-1.30706382201373E-0003
 3.16006501627695E+0000	-1.33345401921508E-0003
 3.16593457378855E+0000	-1.31234072990313E-0003
 3.17181137287255E+0000	-1.24445554819252E-0003
 3.17770188778723E+0000	-1.13057327238693E-0003
 3.18361311886468E+0000	-9.71761364254094E-0004
 3.18955282397915E+0000	-7.69825559085517E-0004
 3.19552952222792E+0000	-5.27858277035516E-0004
 3.20155226172358E+0000	-2.50792799727871E-0004
 3.20763018100488E+0000	 5.41069922387661E-0005
 3.21377189936340E+0000	 3.76850149467059E-0004
 3.21998473643324E+0000	 7.04412661500172E-0004
 3.22627368949904E+0000	 1.02053437501249E-0003
 3.23264002685014E+0000	 1.30574213335951E-0003
 3.23907939319891E+0000	 1.53795441446479E-0003
 3.24557963911597E+0000	 1.69428312786784E-0003
 3.25211927306024E+0000	 1.75460256908265E-0003
 3.25866813689355E+0000	 1.70660455263821E-0003
 3.26519158779571E+0000	 1.55043285685944E-0003
 3.27165739619083E+0000	 1.30004200417269E-0003
 3.27804219687408E+0000	 9.79950814411499E-0004
 3.28433442586214E+0000	 6.19155402349108E-0004
 3.29053329775552E+0000	 2.45418533429440E-0004
 3.29664562437337E+0000	-1.18091696352323E-0004
 3.30268247339924E+0000	-4.53797113266253E-0004
 3.30865668641543E+0000	-7.49280954140107E-0004
 3.31458138597266E+0000	-9.96340530519840E-0004
 3.32046920644190E+0000	-1.19003825186013E-0003
 3.32633193816189E+0000	-1.32793356140047E-0003
 3.33218036850889E+0000	-1.40949404084393E-0003
 3.33802421666261E+0000	-1.43562026495914E-0003
 3.34387214346851E+0000	-1.40822743621369E-0003
 3.34973186014547E+0000	-1.32986957975419E-0003
 3.35561035921159E+0000	-1.20344093915722E-0003
 3.36151425628650E+0000	-1.03202110304713E-0003
 3.36745018077450E+0000	-8.18929182442024E-0004
 3.37342511188594E+0000	-5.68015884202846E-0004
 3.37944654444014E+0000	-2.84165566159601E-0004
 3.38552239058882E+0000	 2.60724013860336E-0005
 3.39166056534692E+0000	 3.53833453384854E-0004
 3.39786824321314E+0000	 6.87383110338483E-0004
 3.40415079110341E+0000	 1.01176536378704E-0003
 3.41051037706797E+0000	 1.30877783688364E-0003
 3.41694426150393E+0000	 1.55747582800873E-0003
 3.42344289436361E+0000	 1.73554923041315E-0003
 3.42998828786646E+0000	 1.82199352232993E-0003
 3.43655367439390E+0000	 1.80119675016126E-0003
 3.44310572716828E+0000	 1.66760751514646E-0003
 3.44960980448741E+0000	 1.42892044440301E-0003
 3.45603668547949E+0000	 1.10559195558981E-0003
 3.46236777113826E+0000	 7.26413824296296E-0004
 3.46859658660136E+0000	 3.22353974415904E-0004
 3.47472686753495E+0000	-7.85336284509551E-0005
 3.48076910076446E+0000	-4.53769697898422E-0004
 3.48673723612954E+0000	-7.86954491220577E-0004
 3.49264635064897E+0000	-1.06705567331205E-0003
 3.49851130445791E+0000	-1.28729814117248E-0003
 3.50434611742990E+0000	-1.44412026532390E-0003
 3.51016376234549E+0000	-1.53637163923923E-0003
 3.51597614439841E+0000	-1.56476073326337E-0003
 3.52179412981209E+0000	-1.53148663441440E-0003
 3.52762756741627E+0000	-1.43997194637675E-0003
 3.53348530709475E+0000	-1.29463187328024E-0003
 3.53937525301171E+0000	-1.10065415584249E-0003
 3.54530449212998E+0000	-8.63813095598015E-0004
 3.55127950779390E+0000	-5.90381171513076E-0004
 3.55730643242522E+0000	-2.87213830630887E-0004
 3.56339123445838E+0000	 3.79462696910046E-0005
 3.56953970053225E+0000	 3.75965828794479E-0004
 3.57575708353075E+0000	 7.15719593568681E-0004
 3.58204733794445E+0000	 1.04355950888676E-0003
 3.58841193515347E+0000	 1.34306145932926E-0003
 3.59484832537382E+0000	 1.59528108054422E-0003
 3.60134821368617E+0000	 1.77978598513932E-0003
 3.60789602011888E+0000	 1.87674872202250E-0003
 3.61446822843396E+0000	 1.87021730290818E-0003
 3.62103457685589E+0000	 1.75211124639561E-0003
 3.62756170808703E+0000	 1.52562065481338E-0003
 3.63401870075811E+0000	 1.20623168616202E-0003
 3.64038251775713E+0000	 8.19396587876140E-0004
 3.64664116105785E+0000	 3.95664935312797E-0004
 3.65279365119905E+0000	-3.46007366906315E-0005
 3.65884765531409E+0000	-4.45056978324498E-0004
 3.66481630651082E+0000	-8.15142867077650E-0004
 3.67071539527438E+0000	-1.13019902585938E-0003
 3.67656141036392E+0000	-1.38069832176176E-0003
 3.68237041021132E+0000	-1.56120159608572E-0003
 3.68815750607166E+0000	-1.66938993549589E-0003
 3.69393671768911E+0000	-1.70532023892532E-0003
 3.69972100798352E+0000	-1.67092992321430E-0003
 3.70552236008869E+0000	-1.56975378178520E-0003
 3.71135181270641E+0000	-1.40678561815567E-0003
 3.71721941806355E+0000	-1.18840693713866E-0003
 3.72313413125986E+0000	-9.22312817618906E-0004
 3.72910367514480E+0000	-6.17393120099302E-0004
 3.73513443874525E+0000	-2.83573463194464E-0004
 3.74123144542954E+0000	 6.83288617478703E-0005
 3.74739836607027E+0000	 4.26651833633894E-0004
 3.75363747456921E+0000	 7.78783864155299E-0004
 3.75994939566510E+0000	 1.11094248487957E-0003
 3.76633252268406E+0000	 1.40798900662080E-0003
 3.77278208754291E+0000	 1.65351464180835E-0003
 3.77928900211381E+0000	 1.83044904657129E-0003
 3.78583873121883E+0000	 1.92240968796900E-0003
 3.79241064242762E+0000	 1.91592003832365E-0003
 3.79897849104501E+0000	 1.80333685236361E-0003
 3.80551265909163E+0000	 1.58574265428777E-0003
 3.81198410952051E+0000	 1.27452453543056E-0003
 3.81836894839212E+0000	 8.90569232939483E-0004
 3.82465191231830E+0000	 4.61114188645840E-0004
 3.83082762854170E+0000	 1.54743926075526E-0005
 3.83689967037930E+0000	-4.18817499780808E-0004
 3.84287830386290E+0000	-8.18506942986691E-0004
 3.84877795822739E+0000	-1.16562934864105E-0003
 3.85461509444878E+0000	-1.44743738070997E-0003
 3.86040671391497E+0000	-1.65575598589144E-0003
 3.86616947034992E+0000	-1.78616214109481E-0003
 3.87191923679569E+0000	-1.83722417210353E-0003
 3.87767096637756E+0000	-1.80991163437155E-0003
 3.88343870759519E+0000	-1.70721246734852E-0003
 3.88923565974610E+0000	-1.53395189116962E-0003
 3.89507417404405E+0000	-1.29677788075288E-0003
 3.90096562635541E+0000	-1.00424965434657E-0003
 3.90692011809503E+0000	-6.66937372014452E-0004
 3.91294601052391E+0000	-2.97422573736852E-0004
 3.91904936234425E+0000	 8.99019973263696E-0005
 3.92523339960069E+0000	 4.79279640630132E-0004
 3.93149815879045E+0000	 8.54233596117016E-0004
 3.93784037350087E+0000	 1.19826668798487E-0003
 3.94425354468463E+0000	 1.49546925897710E-0003
 3.95072804190569E+0000	 1.73099570544314E-0003
 3.95725111376391E+0000	 1.89151367113832E-0003
 3.96380680917174E+0000	 1.96579739150413E-0003
 3.97037593616774E+0000	 1.94561910740138E-0003
 3.97693631610696E+0000	 1.82702960817242E-0003
 3.98346374149773E+0000	 1.61191707010282E-0003
 3.98993398676743E+0000	 1.30931531779908E-0003
 3.99632569375834E+0000	 9.35624015315558E-0004
 4.00262324836307E+0000	 5.13212164655328E-0004
 4.00881858551485E+0000	 6.77137419760033E-0005
 4.01491141970129E+0000	-3.75035875260626E-0004
 4.02090815994610E+0000	-7.91506009259516E-0004
 4.02682016501077E+0000	-1.16198732188181E-0003
 4.03266194901870E+0000	-1.47116428304108E-0003
 4.03844969592701E+0000	-1.70802870247230E-0003
 4.04420020021278E+0000	-1.86544726110263E-0003
 4.04993020437730E+0000	-1.93962207039707E-0003
 4.05565604359678E+0000	-1.92959340784179E-0003
 4.06139349706345E+0000	-1.83686589945438E-0003
 4.06715775144115E+0000	-1.66519857818375E-0003
 4.07296338500686E+0000	-1.42057505868993E-0003
 4.07882427495820E+0000	-1.11134720414168E-0003
 4.08475331990709E+0000	-7.48508960051146E-0004
 4.09076187135964E+0000	-3.45995931707697E-0004
 4.09685881079474E+0000	 7.91764790085692E-0005
 4.10304932601826E+0000	 5.07196069777996E-0004
 4.10933363807551E+0000	 9.16405267342210E-0004
 4.11570613013722E+0000	 1.28498023721442E-0003
 4.12215534974152E+0000	 1.59303549961079E-0003
 4.12866504665417E+0000	 1.82453085124185E-0003
 4.13521590538439E+0000	 1.96838880628987E-0003
 4.14178733038504E+0000	 2.01865166660828E-0003
 4.14835876072583E+0000	 1.97397215028443E-0003
 4.15491034714727E+0000	 1.83693759209403E-0003
 4.16142318137698E+0000	 1.61367542272977E-0003
 4.16787953351422E+0000	 1.31392593869050E-0003
 4.17426356778012E+0000	 9.51332679096465E-0004
 4.18056262439888E+0000	 5.43370583775147E-0004
 4.18676862090464E+0000	 1.10466044154725E-0004
 4.19287893371205E+0000	-3.25613024051381E-0004
 4.19889641877921E+0000	-7.43588363338225E-0004
 4.20482868445427E+0000	-1.12419421282432E-0003
 4.21068698028966E+0000	-1.45113038851829E-0003
 4.21648505279782E+0000	-1.71146187057431E-0003
 4.22223818025404E+0000	-1.89562497011725E-0003
 4.22796246206105E+0000	-1.99722243562545E-0003
 4.23367435228648E+0000	-2.01275389909401E-0003
 4.23939038754524E+0000	-1.94138173442152E-0003
 4.24512704618533E+0000	-1.78479702578842E-0003
 4.25090066967048E+0000	-1.54722948882802E-0003
 4.25672736424390E+0000	-1.23563250131656E-0003
 4.26262277341623E+0000	-8.60056286020472E-0004
 4.26860157087515E+0000	-4.34177585166776E-0004
 4.27467648944007E+0000	 2.41440205666974E-0005
 4.28085673022781E+0000	 4.92582591884761E-0004
 4.28714578514600E+0000	 9.44839310717725E-0004
 4.29353913990511E+0000	 1.35249057499272E-0003
 4.30002288758178E+0000	 1.68840629308238E-0003
 4.30657445615954E+0000	 1.93100965240996E-0003
 4.31316582807726E+0000	 2.06767993459810E-0003
 4.31976810135988E+0000	 2.09571334520328E-0003
 4.32635541208291E+0000	 2.02068344683800E-0003
 4.33290691674493E+0000	 1.85346694388200E-0003
 4.33940684971783E+0000	 1.60745086403060E-0003
 4.34584347595184E+0000	 1.29679539558592E-0003
 4.35220787830791E+0000	 9.35880781646756E-0004
 4.35849325443695E+0000	 5.39542297410211E-0004
 4.36469494244393E+0000	 1.23460035642306E-0004
 4.37081093329630E+0000	-2.95820692316397E-0004
 4.37684240607177E+0000	-7.01396233841941E-0004
 4.38279392887732E+0000	-1.07684409406195E-0003
 4.38867324168610E+0000	-1.40707616495990E-0003
 4.39449075111675E+0000	-1.67897934367642E-0003
 4.40025892905085E+0000	-1.88177884739406E-0003
 4.40599176178221E+0000	-2.00717515674070E-0003
 4.41170432200275E+0000	-2.04934976676912E-0003
 4.41741247713209E+0000	-2.00493327860661E-0003
 4.42313271276206E+0000	-1.87301219375118E-0003
 4.42888203028548E+0000	-1.65523568647699E-0003
 4.43467785975675E+0000	-1.35607580419182E-0003
 4.44053789936241E+0000	-9.83289644746763E-0004
 4.44647973992801E+0000	-5.48614976857438E-0004
 4.45252005329845E+0000	-6.86698083430426E-0005
 4.45867304308971E+0000	 4.34130975894704E-0004
 4.46494787366422E+0000	 9.31136090613720E-0004
 4.47134512111795E+0000	 1.38840485197053E-0003
 4.47785315949826E+0000	 1.77012725682067E-0003
 4.48444657604736E+0000	 2.04480793716507E-0003
 4.49108890935539E+0000	 2.19238004313966E-0003
 4.49773977871842E+0000	 2.20853015346106E-0003
 4.50436309227196E+0000	 2.10362688014294E-0003
 4.51093226116441E+0000	 1.89739043160949E-0003
 4.51743105213727E+0000	 1.61279241868110E-0003
 4.52385151080585E+0000	 1.27177688826093E-0003
 4.53019101007949E+0000	 8.93359579736725E-0004
 4.53644973604379E+0000	 4.93497957646489E-0004
 4.54262912219006E+0000	 8.58926413190262E-0005
 4.54873124975838E+0000	-3.16986752026199E-0004
 4.55475895380223E+0000	-7.03130146618964E-0004
 4.56071625561134E+0000	-1.06067851769522E-0003
 4.56660878340433E+0000	-1.37803851494416E-0003
 4.57244399551851E+0000	-1.64423876345924E-0003
 4.57823118341910E+0000	-1.84933764256968E-0003
 4.58398132943914E+0000	-1.98476649508649E-0003
 4.58970691487999E+0000	-2.04357882313831E-0003
 4.59542174903455E+0000	-2.02063455467443E-0003
 4.60114085256145E+0000	-1.91277477062309E-0003
 4.60688039624214E+0000	-1.71904975726412E-0003
 4.61265766897890E+0000	-1.44106580968007E-0003
 4.61849101746689E+0000	-1.08352089828679E-0003
 4.62439964881660E+0000	-6.55002997017953E-0004
 4.63040309781086E+0000	-1.69107572656112E-0004
 4.63652002174662E+0000	 3.54158955317548E-0004
 4.64276583578319E+0000	 8.86983399976261E-0004
 4.64914872307276E+0000	 1.39319718072850E-0003
 4.65566418228027E+0000	 1.83016869174575E-0003
 4.66228997500661E+0000	 2.15493473561447E-0003
 4.66898542159218E+0000	 2.33446049422067E-0003
 4.67569844153703E+0000	 2.35565546248530E-0003
 4.68237834701388E+0000	 2.22848560899802E-0003
 4.68898703215816E+0000	 1.98000478013818E-0003
 4.69550298192408E+0000	 1.64413672625479E-0003
 4.70191883920079E+0000	 1.25335370686764E-0003
 4.70823648063188E+0000	 8.34579542566471E-0004
 4.71446252580992E+0000	 4.08411541585584E-0004
 4.72060526440601E+0000	-9.95779301330249E-0006
 4.72667294321836E+0000	-4.09244786587321E-0004
 4.73267307918393E+0000	-7.80594511266063E-0004
 4.73861246073831E+0000	-1.11640083705913E-0003
 4.74449753758555E+0000	-1.40954272518361E-0003
 4.75033494706704E+0000	-1.65303384626073E-0003
 4.75613199921808E+0000	-1.83999741842831E-0003
 4.76189703399300E+0000	-1.96384210235701E-0003
 4.76763964415844E+0000	-2.01852956413606E-0003
 4.77337080367254E+0000	-1.99886956283328E-0003
 4.77910295193566E+0000	-1.90082829570165E-0003
 4.78485007091427E+0000	-1.72187490457265E-0003
 4.79062776719699E+0000	-1.46141774733481E-0003
 4.79645333879784E+0000	-1.12140208672430E-0003
 4.80234575999001E+0000	-7.07159573725274E-0004
 4.80832543755168E+0000	-2.28612977141262E-0004
 4.81441344932246E+0000	 2.98083033056908E-0004
 4.82062975093506E+0000	 8.48529421132907E-0004
 4.82698959841391E+0000	 1.38820927362702E-0003
 4.83349754448924E+0000	 1.87221508248754E-0003
 4.84013968050627E+0000	 2.24924456098361E-0003
 4.84687797163382E+0000	 2.47226209409655E-0003
 4.85365327927927E+0000	 2.51368900737382E-0003
 4.86039986759309E+0000	 2.37600381822637E-0003
 4.86706374904058E+0000	 2.08913855031539E-0003
 4.87361311652315E+0000	 1.69715896525115E-0003
 4.88003751247834E+0000	 1.24447448189595E-0003
 4.88634104932865E+0000	 7.68066648601394E-0004
 4.89253544311869E+0000	 2.95495148490876E-0004
 4.89863518234738E+0000	-1.54067803541190E-0004
 4.90465480065684E+0000	-5.67872536634094E-0004
 4.91060757665722E+0000	-9.37654738345103E-0004
 4.91650508984772E+0000	-1.25802155844983E-0003
 4.92235728039633E+0000	-1.52520852353440E-0003
 4.92817280263377E+0000	-1.73619314205255E-0003
 4.93395952961481E+0000	-1.88813779740182E-0003
 4.93972510134772E+0000	-1.97812097802937E-0003
 4.94547744185375E+0000	-2.00310050532679E-0003
 4.95122520721718E+0000	-1.96004740709612E-0003
 4.95697816066531E+0000	-1.84620163380514E-0003
 4.96274749134660E+0000	-1.65942827659949E-0003
 4.96854609561131E+0000	-1.39868747687396E-0003
 4.97438882263335E+0000	-1.06466630583973E-0003
 4.98029264857230E+0000	-6.60654050496729E-0004
 4.98627667519357E+0000	-1.93771601373328E-0004
 4.99236172487810E+0000	 3.23322931953946E-0004
 4.99856908559052E+0000	 8.70192142982312E-0004
 5.00491763576239E+0000	 1.41606910060621E-0003
 5.01141833601927E+0000	 1.91803748904026E-0003
 5.01806567363506E+0000	 2.32251584820684E-0003
 5.02482850572586E+0000	 2.57387172345273E-0003
 5.03164763454212E+0000	 2.63132342415461E-0003
 5.03844781795741E+0000	 2.48627326539732E-0003
 5.04516054816305E+0000	 2.16622053223158E-0003
 5.05174197001490E+0000	 1.72160602260935E-0003
 5.05817596689783E+0000	 1.20721533228350E-0003
 5.06446670607178E+0000	 6.69892093277757E-0004
 5.07062930173975E+0000	 1.44590976042644E-0004
 5.07668305214392E+0000	-3.44712870381896E-0004
 5.08264766609016E+0000	-7.82559759342947E-0004
 5.08854151102056E+0000	-1.15958652929183E-0003
 5.09438096299153E+0000	-1.47061048089294E-0003
 5.10018030006800E+0000	-1.71321038893216E-0003
 5.10595186220484E+0000	-1.88668853338606E-0003
 5.11170635562092E+0000	-1.99131359331933E-0003
 5.11745324737342E+0000	-2.02778464630901E-0003
 5.12320121807842E+0000	-1.99688672691555E-0003
 5.12895864611160E+0000	-1.89932289018512E-0003
 5.13473410075769E+0000	-1.73571296818342E-0003
 5.14053682909483E+0000	-1.50675511941139E-0003
 5.14637722777653E+0000	-1.21356074364212E-0003
 5.15226728710481E+0000	-8.58199232039676E-0004
 5.15822096930348E+0000	-4.44523712530059E-0004
 5.16425442141445E+0000	 2.06157059552696E-0005
 5.17038580461355E+0000	 5.25647191077643E-0004
 5.17663431503448E+0000	 1.05196591835392E-0003
 5.18301765850078E+0000	 1.57120396020261E-0003
 5.18954694425043E+0000	 2.04295492997809E-0003
 5.19621829688602E+0000	 2.41529415518476E-0003
 5.20300289556317E+0000	 2.63207302845699E-0003
 5.20984229532532E+0000	 2.64944581531320E-0003
 5.21665830578235E+0000	 2.45537883934597E-0003
 5.22337661974441E+0000	 2.07701964351928E-0003
 5.22994815315958E+0000	 1.56862846577630E-0003
 5.23635458028673E+0000	 9.91031443712590E-0004
 5.24260087647601E+0000	 3.96931627105595E-0004
 5.24870478697022E+0000	-1.74202870998727E-0004
 5.25468898822289E+0000	-6.95316496667227E-0004
 5.26057674179224E+0000	-1.14897112687128E-0003
 5.26638996220950E+0000	-1.52459191971176E-0003
 5.27214858264432E+0000	-1.81635780196366E-0003
 5.27787051171546E+0000	-2.02173929434828E-0003
 5.28357181704929E+0000	-2.14052278720508E-0003
 5.28926697443399E+0000	-2.17416109585685E-0003
 5.29496912559865E+0000	-2.12533385013199E-0003
 5.30069033536976E+0000	-1.99764637590075E-0003
 5.30644185731913E+0000	-1.79543160616621E-0003
 5.31223442132764E+0000	-1.52364607277005E-0003
 5.31807855496761E+0000	-1.18787202709076E-0003
 5.32398494584155E+0000	-7.94459574312035E-0004
 5.32996483939994E+0000	-3.50872874855056E-0004
 5.33603043141342E+0000	 1.33652464250399E-0004
 5.34219512849095E+0000	 6.46984973837891E-0004
 5.34847337468543E+0000	 1.17233177935283E-0003
 5.35487944240034E+0000	 1.68576653581662E-0003
 5.36142419672290E+0000	 2.15342777173280E-0003
 5.36810867856435E+0000	 2.52986625519645E-0003
 5.37491442225348E+0000	 2.76086327984749E-0003
 5.38179431959322E+0000	 2.79503002671415E-0003
 5.38867342625158E+0000	 2.60397283609144E-0003
 5.39546717817267E+0000	 2.19929416217837E-0003
 5.40210839666000E+0000	 1.63064837343609E-0003
 5.40856326189609E+0000	 9.65731731390347E-0004
 5.41482893336848E+0000	 2.69194312651466E-0004
 5.42092195093867E+0000	-4.08060295854175E-0004
 5.42686744027060E+0000	-1.03021280718137E-0003
 5.43269251049755E+0000	-1.57370252481555E-0003
 5.43842316874865E+0000	-2.02373269041991E-0003
 5.44408328586261E+0000	-2.37142687899015E-0003
 5.44969454771085E+0000	-2.61184819973887E-0003
 5.45527680528137E+0000	-2.74273313562602E-0003
 5.46084854241581E+0000	-2.76374235033782E-0003
 5.46642733974724E+0000	-2.67607151182711E-0003
 5.47203028784070E+0000	-2.48231722522607E-0003
 5.47767433289158E+0000	-2.18653579467481E-0003
 5.48337654621731E+0000	-1.79446354353013E-0003
 5.48915430448543E+0000	-1.31388859369533E-0003
 5.49502535644939E+0000	-7.55177111042004E-0004
 5.50100773771688E+0000	-1.31964760861813E-0004
 5.50711947900884E+0000	 5.37965645182276E-0004
 5.51337802271552E+0000	 1.23156963980779E-0003
 5.51979916153248E+0000	 1.91907702390287E-0003
 5.52639501093515E+0000	 2.56203620215267E-0003
 5.53316989051307E+0000	 3.11106020972418E-0003
 5.54011235824585E+0000	 3.50495712123159E-0003
 5.54718297262187E+0000	 3.67613413630100E-0003
 5.55430415351628E+0000	 3.56898489488624E-0003
 5.56136778852334E+0000	 3.16874414853746E-0003
 5.56826833223945E+0000	 2.51829197309831E-0003
 5.57493900828071E+0000	 1.70230182919014E-0003
 5.58136191725156E+0000	 8.12843264460468E-0004
 5.58755382154116E+0000	-7.49241188558206E-0005
 5.59354735475239E+0000	-9.08944297759014E-0004
 5.59937863595261E+0000	-1.65646908868293E-0003
 5.60508160193999E+0000	-2.29812112828212E-0003
 5.61068627852840E+0000	-2.82301542975727E-0003
 5.61621881888289E+0000	-3.22545417807678E-0003
 5.62170217394616E+0000	-3.50287369623162E-0003
 5.62715690547442E+0000	-3.65463999338883E-0003
 5.63260196150569E+0000	-3.68139504978873E-0003
 5.63805536271648E+0000	-3.58476816700217E-0003
 5.64353479338914E+0000	-3.36734862774148E-0003
 5.64905809903321E+0000	-3.03287024006006E-0003
 5.65464368305020E+0000	-2.58659330564335E-0003
 5.66031077330793E+0000	-2.03589003862975E-0003
 5.66607949735141E+0000	-1.39104469133426E-0003
 5.67197066502886E+0000	-6.66262493213297E-0004
 5.67800512217412E+0000	 1.19168545815252E-0004
 5.68420253861780E+0000	 9.39701516758684E-0004
 5.69057956210751E+0000	 1.76255088818198E-0003
 5.69714736764986E+0000	 2.54707929980468E-0003
 5.70390851779089E+0000	 3.24453747799651E-0003
 5.71085239282698E+0000	 3.79827762275500E-0003
 5.71794781304345E+0000	 4.14619404874143E-0003
 5.72513379561108E+0000	 4.23037512102463E-0003
 5.73231737439335E+0000	 4.01806767149252E-0003
 5.73939184913596E+0000	 3.52440956192024E-0003
 5.74627125822477E+0000	 2.81395297808787E-0003
 5.75291388938194E+0000	 1.97522291267386E-0003
 5.75931955757261E+0000	 1.09109222818688E-0003
 5.76551266020026E+0000	 2.24087501429629E-0004
 5.77152678546604E+0000	-5.84347659882022E-0004
 5.77739597460230E+0000	-1.30892268083154E-0003
 5.78315115069415E+0000	-1.93519763744703E-0003
 5.78881927031911E+0000	-2.45559799019457E-0003
 5.79442361182286E+0000	-2.86680091929889E-0003
 5.79998442213895E+0000	-3.16813406191671E-0003
 5.80551959665534E+0000	-3.36064286548297E-0003
 5.81104527463874E+0000	-3.44658453964562E-0003
 5.81657631651878E+0000	-3.42919448767698E-0003
 5.82212665780472E+0000	-3.31262897797177E-0003
 5.82770954084884E+0000	-3.10202055088750E-0003
 5.83333762580130E+0000	-2.80359748229770E-0003
 5.83902298436202E+0000	-2.42482161539894E-0003
 5.84477699029691E+0000	-1.97449595891395E-0003
 5.85061014387311E+0000	-1.46279307360269E-0003
 5.85653190424473E+0000	-9.01171413959334E-0004
 5.86255064366116E+0000	-3.02199267800764E-0004
 5.86867384684721E+0000	 3.20588763918137E-0004
 5.87490859866818E+0000	 9.52530685310216E-0004
 5.88126216939351E+0000	 1.57697993814456E-0003
 5.88774210038743E+0000	 2.17341017699194E-0003
 5.89435469775173E+0000	 2.71456050410854E-0003
 5.90110054998097E+0000	 3.16373919443854E-0003
 5.90796639162966E+0000	 3.47516188842691E-0003
 5.91491573847218E+0000	 3.60159472149074E-0003
 5.92188599164381E+0000	 3.51084950510020E-0003
 5.92880036244315E+0000	 3.20314876473325E-0003
 5.93559107961277E+0000	 2.71471578673207E-0003
 5.94221739009703E+0000	 2.10358340056388E-0003
 5.94866780524872E+0000	 1.43005909837950E-0003
 5.95495145916685E+0000	 7.44334689317318E-0004
 5.96108797076923E+0000	 8.30734044475248E-0005
 5.96710041127284E+0000	-5.29027435871414E-0004
 5.97301159687971E+0000	-1.07628247767817E-0003
 5.97884253975875E+0000	-1.54932621576844E-0003
 5.98461201731232E+0000	-1.94311005668664E-0003
 5.99033663154740E+0000	-2.25553723080391E-0003
 5.99603103656197E+0000	-2.48656960130191E-0003
 6.00170818553422E+0000	-2.63764930705435E-0003
 6.00737953782278E+0000	-2.71131315342642E-0003
 6.01305521317182E+0000	-2.71090981129820E-0003
 6.01874410733134E+0000	-2.64035561539202E-0003
 6.02445400249431E+0000	-2.50388800489121E-0003
 6.03019171954455E+0000	-2.30580122005027E-0003
 6.03596336492959E+0000	-2.05017970231067E-0003
 6.04177471804178E+0000	-1.74068020311189E-0003
 6.04763178035659E+0000	-1.38044883719827E-0003
 6.05354146378730E+0000	-9.72285600476726E-0004
 6.05951233658979E+0000	-5.19178251714474E-0004
 6.06555527560448E+0000	-2.53176226757214E-0005
 6.07168378878871E+0000	 5.02321673579945E-0004
 6.07791364859556E+0000	 1.05181292326752E-0003
 6.08426128959823E+0000	 1.60366658572518E-0003
 6.09074023006960E+0000	 2.12836366403513E-0003
 6.09735491692573E+0000	 2.58553097722618E-0003
 6.10409267482094E+0000	 2.92740095070817E-0003
 6.11091748593682E+0000	 3.10895346263539E-0003
 6.11777203437106E+0000	 3.10287588018329E-0003
 6.12459110409800E+0000	 2.91073269412608E-0003
 6.13131954705877E+0000	 2.56168460178577E-0003
 6.13792345268381E+0000	 2.10028904843392E-0003
 6.14439047668300E+0000	 1.57288173396135E-0003
 6.15072382239214E+0000	 1.01925136432994E-0003
 6.15693546225578E+0000	 4.69959700135853E-0004
 6.16304116661513E+0000	-5.31234490806452E-0005
 6.16905754758853E+0000	-5.35160312438910E-0004
 6.17500052677943E+0000	-9.66616729271202E-0004
 6.18088463336231E+0000	-1.34182249961924E-0003
 6.18672273599782E+0000	-1.65785782062477E-0003
 6.19252598949770E+0000	-1.91369592595826E-0003
 6.19830389603594E+0000	-2.10951794212140E-0003
 6.20406445102010E+0000	-2.24613746968283E-0003
 6.20981437923250E+0000	-2.32450563929397E-0003
 6.21555947635568E+0000	-2.34530118682861E-0003
 6.22130506085567E+0000	-2.30863655614340E-0003
 6.22705651891593E+0000	-2.21392385532662E-0003
 6.23281990064592E+0000	-2.05994111139744E-0003
 6.23860250905876E+0000	-1.84512366262607E-0003
 6.24441341894528E+0000	-1.56808787128127E-0003
 6.25026386581962E+0000	-1.22838595403777E-0003
 6.25616744129230E+0000	-8.27496644402796E-0004
 6.26214000133748E+0000	-3.70069017697106E-0004
 6.26819912049631E+0000	 1.34569705355111E-0004
 6.27436280522996E+0000	 6.70709354149148E-0004
