 1.55083704287944E-0003	-7.37898132206994E-0004
 7.50154391666308E-0003	-1.02965121860920E-0003
 1.34013794075852E-0002	-1.28032210425035E-0003
 1.92581889165201E-0002	-1.48193550080977E-0003
 2.50808221252612E-0002	-1.62758391154375E-0003
 3.08791604429911E-0002	-1.71147485226616E-0003
 3.66641785621647E-0002	-1.72907659626228E-0003
 4.24479866565240E-0002	-1.67738217824834E-0003
 4.82437952934393E-0002	-1.55528949968376E-0003
 5.40657460601025E-0002	-1.36407789483149E-0003
 5.99285494574549E-0002	-1.10794526936891E-0003
 6.58468670137262E-0002	-7.94544077527432E-0004
 7.18343793866499E-0002	-4.35407933888586E-0004
 7.79025230466492E-0002	-4.60954893305033E-0005
 8.40589837182504E-0002	 3.54174566109074E-0004
 9.03062036698953E-0002	 7.43597817217213E-0004
 9.66403184306298E-0002	 1.09959699842554E-0003
 1.03050944407884E-0001	 1.40110414625405E-0003
 1.09521995194600E-0001	 1.63078534011264E-0003
 1.16033319880851E-0001	 1.77668673080590E-0003
 1.22562723357814E-0001	 1.83307029928705E-0003
 1.29088010089880E-0001	 1.80050296450259E-0003
 1.35588880419880E-0001	 1.68530166259429E-0003
 1.42048498132542E-0001	 1.49835319428137E-0003
 1.48454421347943E-0001	 1.25344220880133E-0003
 1.54798688925968E-0001	 9.65495314742923E-0004
 1.61077210681903E-0001	 6.49221271128080E-0004
 1.67288878959846E-0001	 3.18368810171539E-0004
 1.73434779696597E-0001	-1.45083185684116E-0005
 1.79517653791524E-0001	-3.38033038461972E-0004
 1.85541570825106E-0001	-6.41929267329833E-0004
 1.91511722031196E-0001	-9.16962928580658E-0004
 1.97434274734436E-0001	-1.15489762018484E-0003
 2.03316278983874E-0001	-1.34845240368641E-0003
 2.09165637386388E-0001	-1.49127202366935E-0003
 2.14991140028809E-0001	-1.57794202714282E-0003
 2.20802543767121E-0001	-1.60408724039716E-0003
 2.26610653901342E-0001	-1.56658210512955E-0003
 2.32427353596098E-0001	-1.46388282959168E-0003
 2.38265521762898E-0001	-1.29647150840086E-0003
 2.44138778257473E-0001	-1.06738337743104E-0003
 2.50060992455770E-0001	-7.82764757330846E-0004
 2.56045492772781E-0001	-4.52371019547255E-0004
 2.62103939469813E-0001	-8.98561965311045E-0005
 2.68244899790470E-0001	 2.87355460193526E-0004
 2.74472308934402E-0001	 6.58840441477634E-0004
 2.80784174768287E-0001	 1.00271064596854E-0003
 2.87171974081187E-0001	 1.29778337563706E-0003
 2.93621065888254E-0001	 1.52595978202534E-0003
 3.00112117088017E-0001	 1.67424027624690E-0003
 3.06623197489506E-0001	 1.73594061358940E-0003
 3.13132078508484E-0001	 1.71097172772610E-0003
 3.19618358255314E-0001	 1.60526634444172E-0003
 3.26065134242251E-0001	 1.42950854385315E-0003
 3.32459976470447E-0001	 1.19740292334896E-0003
 3.38795065659168E-0001	 9.23867493067847E-0004
 3.45066622380379E-0001	 6.23577020303258E-0004
 3.51273984668591E-0001	 3.10099791510655E-0004
 3.57418709886194E-0001	-4.41176331635919E-0006
 3.63503910831079E-0001	-3.09192213147726E-0004
 3.69533847205116E-0001	-5.94714903741164E-0004
 3.75513694961835E-0001	-8.52548606797325E-0004
 3.81449413718943E-0001	-1.07525136014228E-0003
 3.87347673034071E-0001	-1.25629312906326E-0003
 3.93215832138028E-0001	-1.39000290406882E-0003
 3.99061975670088E-0001	-1.47155607438770E-0003
 4.04894995462532E-0001	-1.49703201218930E-0003
 4.10724688699069E-0001	-1.46357185634812E-0003
 4.16561825868655E-0001	-1.36965481075721E-0003
 4.22418131433927E-0001	-1.21549355044306E-0003
 4.28306114410517E-0001	-1.00352917580904E-0003
 4.34238682319397E-0001	-7.38981869428137E-0004
 4.40228472342690E-0001	-4.30378180457372E-0004
 4.46286851005577E-0001	-8.99236163020248E-0005
 4.52422592934191E-0001	 2.66472479869503E-0004
 4.58640372257595E-0001	 6.19746893590192E-0004
 4.64939370994303E-0001	 9.48974579778697E-0004
 4.71312438343713E-0001	 1.23336661435411E-0003
 4.77746191852848E-0001	 1.45464212651115E-0003
 4.84222187602604E-0001	 1.59922654936052E-0003
 4.90718933266757E-0001	 1.65975208994142E-0003
 4.97214287920292E-0001	 1.63557524305459E-0003
 5.03687768592546E-0001	 1.53230194301676E-0003
 5.10122372866718E-0001	 1.36050038387629E-0003
 5.16505640863535E-0001	 1.13391336606013E-0003
 5.22829850160612E-0001	 8.67587730368193E-0004
 5.29091480145956E-0001	 5.76336464480659E-0004
 5.35290281181520E-0001	 2.73777724916202E-0004
 5.41428312245752E-0001	-2.80547691511832E-0005
 5.47509181265562E-0001	-3.18710885440369E-0004
 5.53537551208084E-0001	-5.89148443522417E-0004
 5.59518861191088E-0001	-8.31533465215539E-0004
 5.65459181153589E-0001	-1.03907959147551E-0003
 5.71365142075630E-0001	-1.20593318283249E-0003
 5.77243918873632E-0001	-1.32709619286767E-0003
 5.83103262469056E-0001	-1.39839082032745E-0003
 5.88951575527891E-0001	-1.41648626158850E-0003
 5.94798011096624E-0001	-1.37901486071657E-0003
 6.00652555430965E-0001	-1.28479959188535E-0003
 6.06526042177981E-0001	-1.13420040410642E-0003
 6.12430035894399E-0001	-9.29567315005732E-0004
 6.18376517331318E-0001	-6.75763416211968E-0004
 6.24377302379340E-0001	-3.80686651350247E-0004
 6.30443141003112E-0001	-5.56700584698291E-0005
 6.36582492864411E-0001	 2.84419517893203E-0004
 6.42800085360778E-0001	 6.21605175083511E-0004
 6.49095521947416E-0001	 9.35929212133914E-0004
 6.55462351341563E-0001	 1.20729721554057E-0003
 6.61888003372911E-0001	 1.41776372256906E-0003
 6.68354773678636E-0001	 1.55374900655633E-0003
 6.74841699371029E-0001	 1.60765401579340E-0003
 6.81326914647715E-0001	 1.57853681084831E-0003
 6.87790005288840E-0001	 1.47177628848414E-0003
 6.94213932341324E-0001	 1.29786203972945E-0003
 7.00586203954788E-0001	 1.07061721704612E-0003
 7.06899159997596E-0001	 8.05286171726113E-0004
 7.13149489023874E-0001	 5.16920474081013E-0004
 7.19337302897965E-0001	 2.19329495925226E-0004
 7.25465134287421E-0001	-7.53837705684045E-0005
 7.31537108492069E-0001	-3.56861061308405E-0004
 7.37558379239391E-0001	-6.16311402221255E-0004
 7.43534799444813E-0001	-8.46281016448879E-0004
 7.49472751587848E-0001	-1.04045470239853E-0003
 7.55379070905973E-0001	-1.19351060985237E-0003
 7.61261025005179E-0001	-1.30102326738958E-0003
 7.67126338353399E-0001	-1.35941199757083E-0003
 7.72983256904711E-0001	-1.36594666945814E-0003
 7.78840638227407E-0001	-1.31883431659640E-0003
 7.84708034628361E-0001	-1.21741040158219E-0003
 7.90595719426149E-0001	-1.06244706497666E-0003
 7.96514594146321E-0001	-8.56570777416584E-0004
 8.02475907730674E-0001	-6.04755318904082E-0004
 8.08490719218067E-0001	-3.14820840694978E-0004
 8.14569050814367E-0001	 2.17788108114599E-0006
 8.20718727019300E-0001	 3.31847314841315E-0004
 8.26943998710944E-0001	 6.56847862257516E-0004
 8.33244206100029E-0001	 9.57962698817345E-0004
 8.39612875553235E-0001	 1.21585820799009E-0003
 8.46037645977375E-0001	 1.41327612713198E-0003
 8.52501201306229E-0001	 1.53716269607054E-0003
 8.58983049140637E-0001	 1.58022559576899E-0003
 8.65461752609500E-0001	 1.54161531432385E-0003
 8.71917184760601E-0001	 1.42667203594641E-0003
 8.78332429962556E-0001	 1.24584369828972E-0003
 8.84695022311211E-0001	 1.01301423663806E-0003
 8.90997341916056E-0001	 7.43621264561822E-0004
 8.97236225381969E-0001	 4.52994770092020E-0004
 9.03412077214612E-0001	 1.55222028190801E-0004
 9.09527847748659E-0001	-1.37395752080904E-0004
 9.15588152931555E-0001	-4.14428701257413E-0004
 9.21598652406289E-0001	-6.67151810407561E-0004
 9.27565675335861E-0001	-8.88300260024039E-0004
 9.33496025158100E-0001	-1.07184639771721E-0003
 9.39396892145109E-0001	-1.21283343260714E-0003
 9.45275827370651E-0001	-1.30726572570572E-0003
 9.51140758243213E-0001	-1.35204925399051E-0003
 9.57000039199839E-0001	-1.34498686670547E-0003
 9.62862527470801E-0001	-1.28484704206945E-0003
 9.68737657457863E-0001	-1.17153082033186E-0003
 9.74635466535793E-0001	-1.00635432696838E-0003
 9.80566507590805E-0001	-7.92444100892314E-0004
 9.86541574065771E-0001	-5.35211642901972E-0004
 9.92571165301187E-0001	-2.42833111348424E-0004
 9.98664641181285E-0001	 7.33903115508001E-0005
 1.00482907118395E+0000	 3.98969963749019E-0004
 1.01106789135874E+0000	 7.16675029660612E-0004
 1.01737963681625E+0000	 1.00764988709329E-0003
 1.02375714806462E+0000	 1.25319123086380E-0003
 1.03018762812551E+0000	 1.43689110631990E-0003
 1.03665367652980E+0000	 1.54663046609085E-0003
 1.04313507063210E+0000	 1.57594073153383E-0003
 1.04961086590645E+0000	 1.52451902588576E-0003
 1.05606143858957E+0000	 1.39793810699969E-0003
 1.06247021729057E+0000	 1.20667825053582E-0003
 1.06882488670047E+0000	 9.64636086953154E-0004
 1.07511787577187E+0000	 6.87371518546348E-0004
 1.08134609986799E+0000	 3.90465357542808E-0004
 1.08751015988271E+0000	 8.83181477467461E-0005
 1.09361333645720E+0000	-2.06481311656774E-0004
 1.09966067553684E+0000	-4.83304618269153E-0004
 1.10565831597363E+0000	-7.33342818346286E-0004
 1.11161307265967E+0000	-9.49358665315575E-0004
 1.11753221540292E+0000	-1.12544784092844E-0003
 1.12342337026425E+0000	-1.25685756855335E-0003
 1.12929448888966E+0000	-1.33986929082723E-0003
 1.13515385741750E+0000	-1.37173827045205E-0003
 1.14101013429086E+0000	-1.35068878583090E-0003
 1.14687240888984E+0000	-1.27597744720149E-0003
 1.15275026039003E+0000	-1.14804772628076E-0003
 1.15865377400361E+0000	-9.68797419176113E-0004
 1.16459344805853E+0000	-7.41962960458625E-0004
 1.17057990910137E+0000	-4.73589688698094E-0004
 1.17662335236765E+0000	-1.72507125123328E-0004
 1.18273265304537E+0000	 1.49332539244007E-0004
 1.18891416579512E+0000	 4.76853007686967E-0004
 1.19517035864731E+0000	 7.92411612007828E-0004
 1.20149859408703E+0000	 1.07706498787088E-0003
 1.20789048871803E+0000	 1.31247546940099E-0003
 1.21433221363813E+0000	 1.48308188614968E-0003
 1.22080577713916E+0000	 1.57795521018742E-0003
 1.22729093146438E+0000	 1.59187262872856E-0003
 1.23376718470660E+0000	 1.52551754622346E-0003
 1.24021557437150E+0000	 1.38501177655757E-0003
 1.24662010286910E+0000	 1.18099371732009E-0003
 1.25296878059536E+0000	 9.27336239753433E-0004
 1.25925414124199E+0000	 6.39612857669343E-0004
 1.26547312479207E+0000	 3.33564456437935E-0004
 1.27162641547960E+0000	 2.38804398413551E-0005
 1.27771750418617E+0000	-2.76516802963918E-0004
 1.28375177098916E+0000	-5.56703136295934E-0004
 1.28973577319071E+0000	-8.07659365381684E-0004
 1.29567678543821E+0000	-1.02203625623972E-0003
 1.30158254891776E+0000	-1.19390868333821E-0003
 1.30746115861505E+0000	-1.31858276582234E-0003
 1.31332102837704E+0000	-1.39247243056943E-0003
 1.31917089696420E+0000	-1.41304109678373E-0003
 1.32501985778469E+0000	-1.37880402215946E-0003
 1.33087740243314E+0000	-1.28939778296576E-0003
 1.33675346082990E+0000	-1.14573559540105E-0003
 1.34265840024843E+0000	-9.50271188521847E-0004
 1.34860291774551E+0000	-7.07381300077137E-0004
 1.35459773571277E+0000	-4.23841732809549E-0004
 1.36065300309082E+0000	-1.09312632860136E-0004
 1.36677733494463E+0000	 2.23328820676248E-0004
 1.37297651362370E+0000	 5.58043843478968E-0004
 1.37925203770907E+0000	 8.76331015911154E-0004
 1.38559990492430E+0000	 1.15871522364025E-0003
 1.39201013104495E+0000	 1.38688969644462E-0003
 1.39846736987006E+0000	 1.54600721603190E-0003
 1.40495256811171E+0000	 1.62642870460017E-0003
 1.41144511728694E+0000	 1.62446165014499E-0003
 1.41792484618416E+0000	 1.54213734653444E-0003
 1.42437351861852E+0000	 1.38644015937102E-0003
 1.43077589426883E+0000	 1.16833914047364E-0003
 1.43712049817019E+0000	 9.01693373047465E-0004
 1.44340007214011E+0000	 6.01989089195803E-0004
 1.44961156862764E+0000	 2.85001428198288E-0004
 1.45575565552861E+0000	-3.43720319898628E-0005
 1.46183589934997E+0000	-3.42882696657300E-0004
 1.46785788910953E+0000	-6.29252640855655E-0004
 1.47382850744485E+0000	-8.84152260271926E-0004
 1.47975543203104E+0000	-1.10000000098155E-0003
 1.48564685026489E+0000	-1.27072304926935E-0003
 1.49151132617864E+0000	-1.39155835796392E-0003
 1.49735775803119E+0000	-1.45892327468019E-0003
 1.50319538314680E+0000	-1.47035838214702E-0003
 1.50903380512929E+0000	-1.42453903311316E-0003
 1.51488302835546E+0000	-1.32135846472219E-0003
 1.52075348168109E+0000	-1.16209609682599E-0003
 1.52665599651949E+0000	-9.49691092271565E-0004
 1.53260167633698E+0000	-6.89133678339710E-0004
 1.53860156349624E+0000	-3.87954725465062E-0004
 1.54466599243407E+0000	-5.67298742818445E-0005
 1.55080354369070E+0000	 2.90579654679578E-0004
 1.55701961724444E+0000	 6.36724685466546E-0004
 1.56331484658947E+0000	 9.62010227052690E-0004
 1.56968382813773E+0000	 1.24604783505695E-0003
 1.57611477390596E+0000	 1.47021443200329E-0003
 1.58259048494287E+0000	 1.62015438258981E-0003
 1.58909046426047E+0000	 1.68747408322267E-0003
 1.59559341258617E+0000	 1.67013729534886E-0003
 1.60207927629903E+0000	 1.57176139540439E-0003
 1.60853050071996E+0000	 1.40045649873239E-0003
 1.61493269357905E+0000	 1.16772044666926E-0003
 1.62127504877985E+0000	 8.87473449251533E-0004
 1.62755064465520E+0000	 5.75067320817567E-0004
 1.63375648763528E+0000	 2.46197000097259E-0004
 1.63989317564900E+0000	-8.41424912570378E-0005
 1.64596423545405E+0000	-4.02434199786441E-0004
 1.65197533317190E+0000	-6.97038052230996E-0004
 1.65793356199349E+0000	-9.58252389825153E-0004
 1.66384691938377E+0000	-1.17817021040252E-0003
 1.66972398731962E+0000	-1.35046454566528E-0003
 1.67557377256850E+0000	-1.47019322928469E-0003
 1.68140565072726E+0000	-1.53366593327781E-0003
 1.68722936778645E+0000	-1.53838629101805E-0003
 1.69305506792593E+0000	-1.48307071536176E-0003
 1.69889332567888E+0000	-1.36774707901324E-0003
 1.70475515975574E+0000	-1.19394370501609E-0003
 1.71065199236807E+0000	-9.64984824739904E-0004
 1.71659549175046E+0000	-6.86403433224654E-0004
 1.72259720203633E+0000	-3.66453835954019E-0004
 1.72866784002777E+0000	-1.66409376681302E-0005
 1.73481615625947E+0000	 3.47922969082060E-0004
 1.74104736765200E+0000	 7.08644792319524E-0004
 1.74736140787404E+0000	 1.04442357173645E-0003
 1.75375155735762E+0000	 1.33367351558009E-0003
 1.76020418739575E+0000	 1.55714268401010E-0003
 1.76670007925660E+0000	 1.70069547480406E-0003
 1.77321703299044E+0000	 1.75701570925340E-0003
 1.77973277164198E+0000	 1.72568781243616E-0003
 1.78622711198489E+0000	 1.61200440121393E-0003
 1.79268302904611E+0000	 1.42537529849299E-0003
 1.79908694949088E+0000	 1.17801839657440E-0003
 1.80542880991225E+0000	 8.84049659066700E-0004
 1.81170213888759E+0000	 5.58720816467310E-0004
 1.81790407858343E+0000	 2.17589938081676E-0004
 1.82403516497852E+0000	-1.24348642655390E-0004
 1.83009882109891E+0000	-4.53394134119763E-0004
 1.83610068444976E+0000	-7.57582136926526E-0004
 1.84204794597182E+0000	-1.02682474757354E-0003
 1.84794882629187E+0000	-1.25283573013064E-0003
 1.85381223012643E+0000	-1.42895751446833E-0003
 1.85964755835858E+0000	-1.54998255425488E-0003
 1.86546463309571E+0000	-1.61202272281731E-0003
 1.87127369168660E+0000	-1.61245081940008E-0003
 1.87708541487028E+0000	-1.54992388915828E-0003
 1.88291096104851E+0000	-1.42449550501503E-0003
 1.88876197757829E+0000	-1.23782759152550E-0003
 1.89465054797943E+0000	-9.93515414997862E-0004
 1.90058900967734E+0000	-6.97533482733594E-0004
 1.90658954337002E+0000	-3.58782476550700E-0004
 1.91266340663421E+0000	 1.03482960804111E-0005
 1.91881969629848E+0000	 3.93602592563921E-0004
 1.92506363611241E+0000	 7.71004190307279E-0004
 1.93139465286900E+0000	 1.11994533059286E-0003
 1.93780487974023E+0000	 1.41746613897735E-0003
 1.94427894887462E+0000	 1.64343825000985E-0003
 1.95079561751987E+0000	 1.78366389536644E-0003
 1.95733086125189E+0000	 1.83164489837906E-0003
 1.96386120933340E+0000	 1.78840632254600E-0003
 1.97036608883210E+0000	 1.66085381668335E-0003
 1.97682876816946E+0000	 1.45975903459201E-0003
 1.98323634416626E+0000	 1.19821020742739E-0003
 1.98957946326622E+0000	 8.90686792600343E-0004
 1.99585216285234E+0000	 5.52454657437847E-0004
 2.00205180948530E+0000	 1.98962180913406E-0004
 2.00817893616641E+0000	-1.54842022516782E-0004
 2.01423686260528E+0000	-4.95147596881738E-0004
 2.02023114476124E+0000	-8.09727907246760E-0004
 2.02616898867400E+0000	-1.08813641264332E-0003
 2.03205875006838E+0000	-1.32169831730149E-0003
 2.03790957826475E+0000	-1.50338803441679E-0003
 2.04373120535021E+0000	-1.62767815836858E-0003
 2.04953385101710E+0000	-1.69041894663593E-0003
 2.05532820568445E+0000	-1.68878198991940E-0003
 2.06112545708157E+0000	-1.62128677036291E-0003
 2.06693732822476E+0000	-1.48792357142485E-0003
 2.07277609162374E+0000	-1.29038641980723E-0003
 2.07865451205280E+0000	-1.03242975813370E-0003
 2.08458564632796E+0000	-7.20354330927985E-0004
 2.09058239515583E+0000	-3.63598593436067E-0004
 2.09665667222230E+0000	 2.46558533000004E-0005
 2.10281806508299E+0000	 4.27076993942171E-0004
 2.10907197722910E+0000	 8.22342002168044E-0004
 2.11541752958771E+0000	 1.18632647300513E-0003
 2.12184592599735E+0000	 1.49461603146763E-0003
 2.12834026012845E+0000	 1.72603296289576E-0003
 2.13487739456005E+0000	 1.86605479863444E-0003
 2.14143148820367E+0000	 1.90869080707217E-0003
 2.14797774482680E+0000	 1.85611902062204E-0003
 2.15449495913369E+0000	 1.71666656781968E-0003
 2.16096640839218E+0000	 1.50241641556283E-0003
 2.16737961730390E+0000	 1.22741237505356E-0003
 2.17372580461305E+0000	 9.06662846774483E-0004
 2.17999949604360E+0000	 5.55615031516845E-0004
 2.18619834175698E+0000	 1.89715088235179E-0004
 2.19232295161916E+0000	-1.76105618629859E-0004
 2.19837659512185E+0000	-5.27958336271089E-0004
 2.20436475384340E+0000	-8.53409348546282E-0004
 2.21029461544990E+0000	-1.14170217825779E-0003
 2.21617461317360E+0000	-1.38379997085333E-0003
 2.22201407532166E+0000	-1.57231088738937E-0003
 2.22782300169279E+0000	-1.70136921677623E-0003
 2.23361195210586E+0000	-1.76653077653737E-0003
 2.23939201857472E+0000	-1.76472249323353E-0003
 2.24517484916577E+0000	-1.69427276049065E-0003
 2.25097268985064E+0000	-1.55504290780014E-0003
 2.25679840469676E+0000	-1.34867823601384E-0003
 2.26266542046195E+0000	-1.07899467151047E-0003
 2.26858751662247E+0000	-7.52506312893302E-0004
 2.27457834753328E+0000	-3.79067094833361E-0004
 2.28065055241974E+0000	 2.74721012530072E-0005
 2.28681431793001E+0000	 4.48817670135118E-0004
 2.29307537787581E+0000	 8.62394970245016E-0004
 2.29943274419742E+0000	 1.24262187102305E-0003
 2.30587693182376E+0000	 1.56362414511125E-0003
 2.31238975439751E+0000	 1.80306932552246E-0003
 2.31894639914220E+0000	 1.94588468230212E-0003
 2.32551931672489E+0000	 1.98626466948288E-0003
 2.33208233504344E+0000	 1.92719303986169E-0003
 2.33861341378023E+0000	 1.77813791108596E-0003
 2.34509554554258E+0000	 1.55235016945617E-0003
 2.35151638811607E+0000	 1.26484241108010E-0003
 2.35786751616849E+0000	 9.31285740160149E-0004
 2.36414384460339E+0000	 5.67491910221947E-0004
 2.37034331405182E+0000	 1.89066097334621E-0004
 2.37646667911352E+0000	-1.88980910301770E-0004
 2.38251723727242E+0000	-5.52655150110777E-0004
 2.38850044967794E+0000	-8.89338339584611E-0004
 2.39442350289883E+0000	-1.18800786870174E-0003
 2.40029489217670E+0000	-1.43930761834821E-0003
 2.40612408732629E+0000	-1.63550921744072E-0003
 2.41192130695786E+0000	-1.77042176864382E-0003
 2.41769739779583E+0000	-1.83930426436935E-0003
 2.42346379930614E+0000	-1.83882325528629E-0003
 2.42923256584382E+0000	-1.76708803865526E-0003
 2.43501641286400E+0000	-1.62378968434508E-0003
 2.44082874484471E+0000	-1.41046739094890E-0003
 2.44668360604071E+0000	-1.13092178653176E-0003
 2.45259546810666E+0000	-7.91782069007059E-0004
 2.45857873218473E+0000	-4.03198942928391E-0004
 2.46464679010390E+0000	 2.04414779826710E-0005
 2.47081049820345E+0000	 4.60024204980351E-0004
 2.47707604340673E+0000	 8.91855759189226E-0004
 2.48344251085317E+0000	 1.28900185594963E-0003
 2.48989996822902E+0000	 1.62417513936056E-0003
 2.49642922931716E+0000	 1.87383551637750E-0003
 2.50300407024539E+0000	 2.02217675050727E-0003
 2.50959540425521E+0000	 2.06327467076509E-0003
 2.51617569786424E+0000	 2.00055807307362E-0003
 2.52272192316006E+0000	 1.84431282077523E-0003
 2.52921651687575E+0000	 1.60875337433080E-0003
 2.53564696347831E+0000	 1.30981145211522E-0003
 2.54200493473029E+0000	 9.63908252839492E-0004
 2.54828557604256E+0000	 5.87388231449993E-0004
 2.55448706962567E+0000	 1.96196869574507E-0004
 2.56061034921553E+0000	-1.94433553689867E-0004
 2.56665881519558E+0000	-5.70324279401042E-0004
 2.57263798482556E+0000	-9.18651680857182E-0004
 2.57855509791757E+0000	-1.22814630122671E-0003
 2.58441873584092E+0000	-1.48917068096166E-0003
 2.59023850641165E+0000	-1.69369987231241E-0003
 2.59602482297834E+0000	-1.83525008104634E-0003
 2.60178878166612E+0000	-1.90880402051799E-0003
 2.60754212362489E+0000	-1.91077573665219E-0003
 2.61329725842653E+0000	-1.83905053483350E-0003
 2.61906731622055E+0000	-1.69313072867165E-0003
 2.62486618496459E+0000	-1.47441501963543E-0003
 2.63070847040195E+0000	-1.18663485222636E-0003
 2.63660928709379E+0000	-8.36457298807064E-0004
 2.64258374960799E+0000	-4.34226913625293E-0004
 2.64864599710484E+0000	 5.26236597178756E-0006
 2.65480759231950E+0000	 4.62219397004248E-0004
 2.66107526763797E+0000	 9.11981151702618E-0004
 2.66744833996076E+0000	 1.32639175017373E-0003
 2.67391665590903E+0000	 1.67682883448754E-0003
 2.68046030417412E+0000	 1.93852880423233E-0003
 2.68705192326615E+0000	 2.09480873580140E-0003
 2.69366108742731E+0000	 2.13935729824406E-0003
 2.70025895950120E+0000	 2.07570692005961E-0003
 2.70682141962388E+0000	 1.91463316837900E-0003
 2.71333011641129E+0000	 1.67108070252207E-0003
 2.71977207195489E+0000	 1.36180571941978E-0003
 2.72613878610493E+0000	 1.00402045038128E-0003
 2.73242544212259E+0000	 6.14738210617315E-0004
 2.73863036992316E+0000	 2.10419275045140E-0004
 2.74475467715225E+0000	-1.93321563428686E-0004
 2.75080192006870E+0000	-5.82005463561643E-0004
 2.75677774818428E+0000	-9.42543286162633E-0004
 2.76268952609971E+0000	-1.26340583512779E-0003
 2.76854597251939E+0000	-1.53469280477454E-0003
 2.77435685921600E+0000	-1.74811634535305E-0003
 2.78013279692275E+0000	-1.89693624895657E-0003
 2.78588511527222E+0000	-1.97589059613815E-0003
 2.79162582750980E+0000	-1.98116378694023E-0003
 2.79736765879972E+0000	-1.91042925191302E-0003
 2.80312410672182E+0000	-1.76300037149292E-0003
 2.80890948965568E+0000	-1.54012060503584E-0003
 2.81473891846871E+0000	-1.24541942165308E-0003
 2.82062809548462E+0000	-8.85546540099584E-0004
 2.82659280261361E+0000	-4.70958591922237E-0004
 2.83264790115923E+0000	-1.67473048196784E-0005
 2.83880567132741E+0000	 4.56754814843409E-0004
 2.84507345506043E+0000	 9.24062936472474E-0004
 2.85145093190316E+0000	 1.35593758638580E-0003
 2.85792792855653E+0000	 1.72251540661912E-0003
 2.86448406313564E+0000	 1.99781823740118E-0003
 2.87109109944308E+0000	 2.16417729035261E-0003
 2.87771747713654E+0000	 2.21466418417200E-0003
 2.88433313857981E+0000	 2.15260618120956E-0003
 2.89091280693028E+0000	 1.98895554460941E-0003
 2.89743715125934E+0000	 1.73914566925034E-0003
 2.90389247132341E+0000	 1.42063440247437E-0003
 2.91026983445799E+0000	 1.05142759337752E-0003
 2.91656425506174E+0000	 6.49308219167984E-0004
 2.92277408643538E+0000	 2.31405099308023E-0004
 2.92890056941039E+0000	-1.86123959664484E-0004
 2.93494744009711E+0000	-5.88367145284487E-0004
 2.94092054112228E+0000	-9.61881467076909E-0004
 2.94682743322846E+0000	-1.29483520066292E-0003
 2.95267703549390E+0000	-1.57705878575230E-0003
 2.95847932856790E+0000	-1.80001855155187E-0003
 2.96424514473508E+0000	-1.95674646246835E-0003
 2.96998605211143E+0000	-2.04176709008839E-0003
 2.97571432496642E+0000	-2.05106303700819E-0003
 2.98144298002805E+0000	-1.98211685301251E-0003
 2.98718584772492E+0000	-1.83406454751874E-0003
 2.99295763361108E+0000	-1.60799378533554E-0003
 2.99877390389720E+0000	-1.30741586585645E-0003
 3.00465089592488E+0000	-9.38926764989411E-0004
 3.01060500966363E+0000	-5.13033641095387E-0004
 3.01665179329667E+0000	-4.50356014706164E-0005
 3.02280423839029E+0000	 4.44312262296085E-0004
 3.02907033774605E+0000	 9.28841849123247E-0004
 3.03545023908551E+0000	 1.37836784858617E-0003
 3.04193392597890E+0000	 1.76188929109037E-0003
 3.04850078066385E+0000	 2.05224115207989E-0003
 3.05512194415735E+0000	 2.23068646733007E-0003
 3.06176492863866E+0000	 2.28948071522286E-0003
 3.06839855762733E+0000	 2.23146372629824E-0003
 3.07499636235495E+0000	 2.06746477645978E-0003
 3.08153787345244E+0000	 1.81316003838730E-0003
 3.08800843349361E+0000	 1.48656551256663E-0003
 3.09439842734483E+0000	 1.10645282726823E-0003
 3.10070248737883E+0000	 6.91444093003135E-0004
 3.10691884475703E+0000	 2.59466984949199E-0004
 3.11304880340834E+0000	-1.72626749394303E-0004
 3.11909627408890E+0000	-5.89353914133122E-0004
 3.12506733133167E+0000	-9.76811997518894E-0004
 3.13096979193621E+0000	-1.32280051588739E-0003
 3.13681283762125E+0000	-1.61685034041642E-0003
 3.14260671046930E+0000	-1.85017872412592E-0003
 3.14836250144411E+0000	-2.01560364382464E-0003
 3.15409203756030E+0000	-2.10745852480649E-0003
 3.15980785885246E+0000	-2.12154868012851E-0003
 3.16552326445906E+0000	-2.05518794526601E-0003
 3.17125239629030E+0000	-1.90735137392887E-0003
 3.17701031491712E+0000	-1.67897825302674E-0003
 3.18281300053313E+0000	-1.37345627115537E-0003
 3.18867717761967E+0000	-9.97304452439537E-0004
 3.19461981497340E+0000	-5.61033702219082E-0004
 3.20065710634968E+0000	-8.00746288877785E-0005
 3.20680273599127E+0000	 4.24502624731127E-0004
 3.21306537129267E+0000	 9.25980974847879E-0004
 3.21944571520227E+0000	 1.39337256025212E-0003
 3.22593407123163E+0000	 1.79465739722065E-0003
 3.23250981638215E+0000	 2.10153258413663E-0003
 3.23914372852266E+0000	 2.29413232634439E-0003
 3.24580261795306E+0000	 2.36371297192800E-0003
 3.25245431652541E+0000	 2.31235031925677E-0003
 3.25907115522936E+0000	 2.15044371026162E-0003
 3.26563138864984E+0000	 1.89364705464908E-0003
 3.27211917873909E+0000	 1.56036416773337E-0003
 3.27852397758136E+0000	 1.17007505614649E-0003
 3.28483981035913E+0000	 7.42283036036501E-0004
 3.29106461878521E+0000	 2.95824233433846E-0004
 3.29719967198476E+0000	-1.51615282737533E-0004
 3.30324902138172E+0000	-5.83841592229732E-0004
 3.30921898736323E+0000	-9.86375940000228E-0004
 3.31511768507056E+0000	-1.34656499124660E-0003
 3.32095461184437E+0000	-1.65358901975383E-0003
 3.32674032213058E+0000	-1.89839281903489E-0003
 3.33248620698607E+0000	-2.07357701603984E-0003
 3.33820438086983E+0000	-2.17329316146312E-0003
 3.34390766439821E+0000	-2.19318510103466E-0003
 3.34960964046643E+0000	-2.13041559826113E-0003
 3.35532475086895E+0000	-1.98381432362612E-0003
 3.36106838714544E+0000	-1.75418189857922E-0003
 3.36685690765768E+0000	-1.44478179933889E-0003
 3.37270747809842E+0000	-1.06203944580700E-0003
 3.37863758407900E+0000	-6.16429557550477E-0004
 3.38466401528614E+0000	-1.23443029461940E-0004
 3.39080111654395E+0000	 3.95643689665858E-0004
 3.39705823825413E+0000	 9.13710040424535E-0004
 3.40343671507995E+0000	 1.39913238399657E-0003
 3.40992733634497E+0000	 1.81902328564544E-0003
 3.41650972659900E+0000	 2.14402430603582E-0003
 3.42315460040696E+0000	 2.35310183802952E-0003
 3.42982834125960E+0000	 2.43633119489074E-0003
 3.43649796323862E+0000	 2.39472614863150E-0003
 3.44313462238306E+0000	 2.23791014055997E-0003
 3.44971517453841E+0000	 1.98120209753650E-0003
 3.45622237399040E+0000	 1.64317633711925E-0003
 3.46264447181424E+0000	 1.24392403763014E-0003
 3.46897463371526E+0000	 8.03841979156070E-0004
 3.47521031248797E+0000	 3.42765192570869E-0004
 3.48135261072323E+0000	-1.20654117743218E-0004
 3.48740565413992E+0000	-5.69370667810099E-0004
 3.49337599471570E+0000	-9.88203173780451E-0004
 3.49927206611161E+0000	-1.36394594552551E-0003
 3.50510371905071E+0000	-1.68535912967519E-0003
 3.51088186262989E+0000	-1.94307264177644E-0003
 3.51661822626418E+0000	-2.12944879997448E-0003
 3.52232524126960E+0000	-2.23845165511264E-0003
 3.52801602698269E+0000	-2.26556782243443E-0003
 3.53370445570981E+0000	-2.20781847609445E-0003
 3.53940526149450E+0000	-2.06389850421829E-0003
 3.54513414517032E+0000	-1.83447727479679E-0003
 3.55090780700876E+0000	-1.52269297609314E-0003
 3.55674380349703E+0000	-1.13486075050061E-0003
 3.56266007548192E+0000	-6.81377383445826E-0004
 3.56867394407946E+0000	-1.77715752529514E-0004
 3.57480036427573E+0000	 3.54767147708971E-0004
 3.58104936158502E+0000	 8.88724289956028E-0004
 3.58742297438002E+0000	 1.39211032964438E-0003
 3.59391266259218E+0000	 1.83137900724151E-0003
 3.60049860035209E+0000	 2.17625085988169E-0003
 3.60715181413802E+0000	 2.40451471733035E-0003
 3.61383862203261E+0000	 2.50487690134340E-0003
 3.62052547226543E+0000	 2.47694868327040E-0003
 3.62718242495475E+0000	 2.32916187684490E-0003
 3.63378483574791E+0000	 2.07610596561741E-0003
 3.64031381409757E+0000	 1.73623072394463E-0003
 3.64675610877105E+0000	 1.33007878787363E-0003
 3.65310372828707E+0000	 8.78909586387270E-0004
 3.65935338791891E+0000	 4.03622883943642E-0004
 3.66550584471925E+0000	-7.60405366671584E-0005
 3.67156519010470E+0000	-5.42041102285869E-0004
 3.67753815784077E+0000	-9.78358156482731E-0004
 3.68343349201185E+0000	-1.37111833228868E-0003
 3.68926141328788E+0000	-1.70857361539175E-0003
 3.69503321284505E+0000	-1.98097751609762E-0003
 3.70076098708429E+0000	-2.18041493328987E-0003
 3.70645750785185E+0000	-2.30064064672206E-0003
 3.71213620809877E+0000	-2.33697471726774E-0003
 3.71781125304206E+0000	-2.28629541091776E-0003
 3.72349765888178E+0000	-2.14716520110071E-0003
 3.72921140991946E+0000	-1.92012337108468E-0003
 3.73496950484235E+0000	-1.60817640810921E-0003
 3.74078982890713E+0000	-1.21750624712765E-0003
 3.74669069979564E+0000	-7.58379928083467E-0004
 3.75268988390984E+0000	-2.46155953196516E-0004
 3.75880287248639E+0000	 2.97885113708385E-0004
 3.76504033999343E+0000	 8.46395682013386E-0004
 3.77140509895870E+0000	 1.36718974134875E-0003
 3.77788949267401E+0000	 1.82634808751103E-0003
 3.78447461162463E+0000	 2.19287558766363E-0003
 3.79113226669573E+0000	 2.44341817773715E-0003
 3.79782918647372E+0000	 2.56512846936839E-0003
 3.80453161640874E+0000	 2.55583200497097E-0003
 3.81120868702935E+0000	 2.42227002877815E-0003
 3.81783420010264E+0000	 2.17779966907630E-0003
 3.82438738605595E+0000	 1.84033878048577E-0003
 3.83085315524519E+0000	 1.43062498999666E-0003
 3.83722200304046E+0000	 9.70679145007709E-0004
 3.84348959129164E+0000	 4.82489014926749E-0004
 3.84965608659327E+0000	-1.30124032010329E-0005
 3.85572537887391E+0000	-4.96649494926868E-0004
 3.86170428508175E+0000	-9.51414905030627E-0004
 3.86760181283162E+0000	-1.36263501893119E-0003
 3.87342853953747E+0000	-1.71794519957236E-0003
 3.87919614366018E+0000	-2.00713987025450E-0003
 3.88491710090811E+0000	-2.22196710226391E-0003
 3.89060453533111E+0000	-2.35593213436006E-0003
 3.89627219915570E+0000	-2.40416291091209E-0003
 3.90193454607374E+0000	-2.36337956491651E-0003
 3.90760685629387E+0000	-2.23200265586048E-0003
 3.91330536220358E+0000	-2.01043201608343E-0003
 3.91904730505380E+0000	-1.70152556750399E-0003
 3.92485082062521E+0000	-1.31129675593664E-0003
 3.93073450452039E+0000	-8.49813889314311E-0004
 3.93671645839299E+0000	-3.32198846241671E-0004
 3.94281261184392E+0000	 2.20540168333508E-0004
 3.94903424463338E+0000	 7.81336197365769E-0004
 3.95538501234874E+0000	 1.31821491449239E-0003
 3.96185837864545E+0000	 1.79725124385840E-0003
 3.96843677336827E+0000	 2.18701927075695E-0003
 3.97509335287686E+0000	 2.46312079248449E-0003
 3.98179584828860E+0000	 2.61100487330662E-0003
 3.98851079833362E+0000	 2.62632011776299E-0003
 3.99520670013031E+0000	 2.51355743658576E-0003
 4.00185584727678E+0000	 2.28422818071824E-0003
 4.00843540391860E+0000	 1.95517171959521E-0003
 4.01492809598750E+0000	 1.54692608543161E-0003
 4.02132249566737E+0000	 1.08205899315311E-0003
 4.02761281689163E+0000	 5.83591545634404E-0004
 4.03379830544465E+0000	 7.37094675755216E-0005
 4.03988240232524E+0000	-4.27148750114908E-0004
 4.04587184022683E+0000	-9.00836909307883E-0004
 4.05177578785084E+0000	-1.33173179156173E-0003
 4.05760512307654E+0000	-1.70672086168118E-0003
 4.06337188421935E+0000	-2.01503191983570E-0003
 4.06908891406272E+0000	-2.24799230110590E-0003
 4.07476968182097E+0000	-2.39879454691212E-0003
 4.08042824981758E+0000	-2.46232814824376E-0003
 4.08607934313029E+0000	-2.43512119450054E-0003
 4.09173847592205E+0000	-2.31542581001942E-0003
 4.09742208091912E+0000	-2.10347684842491E-0003
 4.10314757233965E+0000	-1.80195028910350E-0003
 4.10893324263672E+0000	-1.41663729474586E-0003
 4.11479784916723E+0000	-9.57315921799086E-0004
 4.12075970112487E+0000	-4.38720510372792E-0004
 4.12683505283059E+0000	 1.18645437862857E-0004
 4.13303573485039E+0000	 6.88321389657484E-0004
 4.13936631138852E+0000	 1.23894907266575E-0003
 4.14582160903738E+0000	 1.73702375770449E-0003
 4.15238583713905E+0000	 2.15104212839783E-0003
 4.15903409634208E+0000	 2.45574104176379E-0003
 4.16573578734239E+0000	 2.63480222457509E-0003
 4.17245836374284E+0000	 2.68137345494318E-0003
 4.17917015260547E+0000	 2.59714779537866E-0003
 4.18584215633894E+0000	 2.39110994569146E-0003
 4.19244941328055E+0000	 2.07833514267745E-0003
 4.19897217375851E+0000	 1.67859309233724E-0003
 4.20539665891927E+0000	 1.21461619448692E-0003
 4.21171517001935E+0000	 7.10271000148971E-0004
 4.21792560435549E+0000	 1.88968126940180E-0004
 4.22403060361090E+0000	-3.27510078472167E-0004
 4.23003655431083E+0000	-8.19738944970028E-0004
 4.23595260457427E+0000	-1.27098643108114E-0003
 4.24178981383908E+0000	-1.66723820072300E-0003
 4.24756050506724E+0000	-1.99701946292004E-0003
 4.25327783999929E+0000	-2.25112299622215E-0003
 4.25895559894125E+0000	-2.42233638661465E-0003
 4.26460812434005E+0000	-2.50523696939597E-0003
 4.27025037897566E+0000	-2.49610133445337E-0003
 4.27589806705276E+0000	-2.39296250266931E-0003
 4.28156776186238E+0000	-2.19584135421955E-0003
 4.28727697047983E+0000	-1.90717492444902E-0003
 4.29304403950026E+0000	-1.53245381489539E-0003
 4.29888776594187E+0000	-1.08104883481294E-0003
 4.30482653674061E+0000	-5.67130457411615E-0004
 4.31087681908034E+0000	-1.04424792601024E-0005
 4.31705094231717E+0000	 5.63503124288556E-0004
 4.32335443976639E+0000	 1.12437769076727E-0003
 4.32978371998512E+0000	 1.63953328881384E-0003
 4.33632516625795E+0000	 2.07777492706916E-0003
 4.34295637184526E+0000	 2.41323416115954E-0003
 4.34964906033424E+0000	 2.62789946689195E-0003
 4.35637229152318E+0000	 2.71226138894058E-0003
 4.36309485663908E+0000	 2.66480204603529E-0003
 4.36978692189549E+0000	 2.49133560427139E-0003
 4.37642157422447E+0000	 2.20440284855875E-0003
 4.38297646143607E+0000	 1.82225850341924E-0003
 4.38943509207552E+0000	 1.36720223838689E-0003
 4.39578736664956E+0000	 8.63556809703515E-0004
 4.40202932112511E+0000	 3.35773551659407E-0004
 4.40816233205917E+0000	-1.93041076429679E-0004
 4.41419205824945E+0000	-7.02093897420086E-0004
 4.42012733805984E+0000	-1.17339569484720E-0003
 4.42597920520793E+0000	-1.59186239289213E-0003
 4.43176012335934E+0000	-1.94515304499536E-0003
 4.43748347326746E+0000	-2.22337853549793E-0003
 4.44316327371062E+0000	-2.41879415422817E-0003
 4.44881408873339E+0000	-2.52555677461532E-0003
 4.45445106411815E+0000	-2.53959855609980E-0003
 4.46009003519426E+0000	-2.45865033928280E-0003
 4.46574764644063E+0000	-2.28243841425545E-0003
 4.47144141373772E+0000	-2.01307298893605E-0003
 4.47718963801027E+0000	-1.65563643399592E-0003
 4.48301104450472E+0000	-1.21894972584747E-0003
 4.48892398703833E+0000	-7.16426028978792E-0004
 4.49494505792485E+0000	-1.66792901180563E-0004
 4.50108705264717E+0000	 4.05707134756334E-0004
 4.50735652997174E+0000	 9.72143864349553E-0004
 4.51375164908971E+0000	 1.50110976547350E-0003
 4.52026125345681E+0000	 1.96207921009257E-0003
 4.52686582945212E+0000	 2.32888836860898E-0003
 4.53353994456045E+0000	 2.58206267201584E-0003
 4.54025491441028E+0000	 2.70952727036701E-0003
 4.54698073399154E+0000	 2.70641191770400E-0003
 4.55368743750897E+0000	 2.57491289094543E-0003
 4.56034665696670E+0000	 2.32431391467064E-0003
 4.56693360818924E+0000	 1.97049925331926E-0003
 4.57342892739341E+0000	 1.53452258926584E-0003
 4.57981970869861E+0000	 1.04051929814448E-0003
 4.58609959070835E+0000	 5.13562410060200E-0004
 4.59226812419244E+0000	-2.21173083182945E-0005
 4.59832973039008E+0000	-5.44382350725883E-0004
 4.60429251759877E+0000	-1.03389352845072E-0003
 4.61016717037495E+0000	-1.47434171535177E-0003
 4.61596605458393E+0000	-1.85234196633780E-0003
 4.62170259683658E+0000	-2.15714695599642E-0003
 4.62739092677562E+0000	-2.38031638735586E-0003
 4.63304573123371E+0000	-2.51543966273522E-0003
 4.63868225595975E+0000	-2.55797214624117E-0003
 4.64431639046333E+0000	-2.50522018851870E-0003
 4.64996477279756E+0000	-2.35649652035069E-0003
 4.65564484560187E+0000	-2.11346030508030E-0003
 4.66137477764390E+0000	-1.78064605711150E-0003
 4.66717313650478E+0000	-1.36615920078298E-0003
 4.67305816876794E+0000	-8.82455044741448E-0004
 4.67904654625901E+0000	-3.47006817532670E-0004
 4.68515153127724E+0000	 2.17480687406383E-0004
 4.69138076531225E+0000	 7.83757190581117E-0004
 4.69773426755458E+0000	 1.32193377038616E-0003
 4.70420349002319E+0000	 1.80243002567744E-0003
 4.71077200408330E+0000	 2.19908462669531E-0003
 4.71741750674950E+0000	 2.49130015807534E-0003
 4.72411403517149E+0000	 2.66477916289967E-0003
 4.73083348460196E+0000	 2.71151201925397E-0003
 4.73754661219727E+0000	 2.62998886305068E-0003
 4.74422440968482E+0000	 2.42575991813770E-0003
 4.75084022135595E+0000	 2.11154655198907E-0003
 4.75737200579107E+0000	 1.70622829318155E-0003
 4.76380389156135E+0000	 1.23287372517715E-0003
 4.77012669616122E+0000	 7.16475727111495E-0004
 4.77633757554222E+0000	 1.81925495620465E-0004
 4.78243911316417E+0000	-3.47523418675025E-0004
 4.78843813844613E+0000	-8.51221118400330E-0004
 4.79434453043085E+0000	-1.31154706368216E-0003
 4.80017020001594E+0000	-1.71391760054138E-0003
 4.80592834882005E+0000	-2.04654472981139E-0003
 4.81163301313657E+0000	-2.30010596082710E-0003
 4.81729884596011E+0000	-2.46744337393510E-0003
 4.82294106852997E+0000	-2.54336531186910E-0003
 4.82857552091080E+0000	-2.52459126805605E-0003
 4.83421874452022E+0000	-2.40986148583351E-0003
 4.83988802824498E+0000	-2.20022265107904E-0003
 4.84560133815025E+0000	-1.89949105810797E-0003
 4.85137702820137E+0000	-1.51487205165712E-0003
 4.85723320492567E+0000	-1.05766306168367E-0003
 4.86318661959625E+0000	-5.43873230273117E-0004
 4.86925103833944E+0000	 5.53579541952077E-0006
 4.87543524993009E+0000	 5.65177559387874E-0004
 4.88174119873128E+0000	 1.10683852537888E-0003
 4.88816297896170E+0000	 1.60203818682390E-0003
 4.89468724390464E+0000	 2.02483170808408E-0003
 4.90129483960978E+0000	 2.35384237053944E-0003
 4.90796269744833E+0000	 2.57303719881486E-0003
 4.91466507930573E+0000	 2.67179035699069E-0003
 4.92137425887236E+0000	 2.64522710459935E-0003
 4.92806156422670E+0000	 2.49511833306025E-0003
 4.93469937610848E+0000	 2.23053537667555E-0003
 4.94126360283410E+0000	 1.86736647731536E-0003
 4.94773565890977E+0000	 1.42665091052392E-0003
 4.95410342426889E+0000	 9.32371956768685E-0004
 4.96036125567553E+0000	 4.09322025373848E-0004
 4.96650932859609E+0000	-1.18644951524595E-0004
 4.97255258055006E+0000	-6.29838246932780E-0004
 4.97849951733893E+0000	-1.10539822754048E-0003
 4.98436111477656E+0000	-1.52948226458151E-0003
 4.99014996405153E+0000	-1.88912557186859E-0003
 4.99587970590707E+0000	-2.17395055493782E-0003
 5.00156472350210E+0000	-2.37586471229876E-0003
 5.00722002800557E+0000	-2.48883850946515E-0003
 5.01286126286046E+0000	-2.50881393858741E-0003
 5.01850475600554E+0000	-2.43376846533242E-0003
 5.02416755172742E+0000	-2.26394485839262E-0003
 5.02986734769750E+0000	-2.00224698655965E-0003
 5.03562224606782E+0000	-1.65478320021914E-0003
 5.04145020686028E+0000	-1.23149745124287E-0003
 5.04736808893543E+0000	-7.46750570385064E-0004
 5.05339022052511E+0000	-2.19603978006634E-0004
 5.05952660774765E+0000	 3.26533883080611E-0004
 5.06578116741992E+0000	 8.65192958405834E-0004
 5.07215061815923E+0000	 1.36904002169765E-0003
 5.07862458575817E+0000	 1.81243843668401E-0003
 5.08518689128500E+0000	 2.17346438803183E-0003
 5.09181723629234E+0000	 2.43480152395028E-0003
 5.09849235984152E+0000	 2.58385782239681E-0003
 5.10518654599360E+0000	 2.61306477049066E-0003
 5.11187231911610E+0000	 2.52084448640061E-0003
 5.11852212720093E+0000	 2.31262502133653E-0003
 5.12511078463721E+0000	 2.00087235443213E-0003
 5.13161769346640E+0000	 1.60383452320334E-0003
 5.13802814594568E+0000	 1.14354584475113E-0003
 5.14433367776951E+0000	 6.43752736698199E-0004
 5.15053172495685E+0000	 1.28106454807950E-0004
 5.15662481317999E+0000	-3.81232283798294E-0004
 5.16261949273206E+0000	-8.64494348241418E-0004
 5.16852524905437E+0000	-1.30471058590999E-0003
 5.17435357801238E+0000	-1.68773467723356E-0003
 5.18011732052307E+0000	-2.00204353413110E-0003
 5.18583026001043E+0000	-2.23846946380287E-0003
 5.19150693114106E+0000	-2.38997548312154E-0003
 5.19716256788410E+0000	-2.45153955761853E-0003
 5.20281311819462E+0000	-2.42017995314664E-0003
 5.20847525687166E+0000	-2.29513405703537E-0003
 5.21416632712950E+0000	-2.07819108900778E-0003
 5.21990413055644E+0000	-1.77416437340236E-0003
 5.22570646787825E+0000	-1.39145733394189E-0003
 5.23159032545141E+0000	-9.42615727672892E-0004
 5.23757063822185E+0000	-4.44665326777100E-0004
 5.24365868371433E+0000	 8.10574695048292E-0005
 5.24986039076748E+0000	 6.09873845193662E-0004
 5.25617509350074E+0000	 1.11560599664451E-0003
 5.26259529079483E+0000	 1.57292627893648E-0003
 5.26910756064867E+0000	 1.95943558292662E-0003
 5.27569407829417E+0000	 2.25679592754636E-0003
 5.28233383822074E+0000	 2.45098599015070E-0003
 5.28900320280428E+0000	 2.53249694490480E-0003
 5.29567637640992E+0000	 2.49715068375988E-0003
 5.30232670814459E+0000	 2.34722508242358E-0003
 5.30892891147655E+0000	 2.09187037792103E-0003
 5.31546134030776E+0000	 1.74625777148368E-0003
 5.32190748486892E+0000	 1.32984987802774E-0003
 5.32825654358839E+0000	 8.64494165254862E-0004
 5.33450333515514E+0000	 3.72719056871134E-0004
 5.34064777371992E+0000	-1.23666869774367E-0004
 5.34669404422702E+0000	-6.04608538872978E-0004
 5.35264964181335E+0000	-1.05241572841845E-0003
 5.35852446294186E+0000	-1.45198042418900E-0003
 5.36433008521505E+0000	-1.79071639142476E-0003
 5.37007928539660E+0000	-2.05836771507103E-0003
 5.37578577334475E+0000	-2.24681153720871E-0003
 5.38146408166401E+0000	-2.34993808370724E-0003
 5.38712954030219E+0000	-2.36365196494884E-0003
 5.39279826791628E+0000	-2.28601214509912E-0003
 5.39848711465621E+0000	-2.11751271753791E-0003
 5.40421348595350E+0000	-1.86149430333544E-0003
 5.40999496340685E+0000	-1.52465356302684E-0003
 5.41584862751441E+0000	-1.11757215908029E-0003
 5.42179000345850E+0000	-6.55109963843932E-0004
 5.42783163434204E+0000	-1.56418067926598E-0004
 5.43398146510267E+0000	 3.55710771347402E-0004
 5.44024145497768E+0000	 8.56316308106539E-0004
 5.44660695904573E+0000	 1.32038861624131E-0003
 5.45306719771186E+0000	 1.72502376558773E-0003
 5.45960654735007E+0000	 2.05089541829288E-0003
 5.46620587730495E+0000	 2.28280958481115E-0003
 5.47284333540506E+0000	 2.40988523185102E-0003
 5.47949482424188E+0000	 2.42612406148244E-0003
 5.48613500272479E+0000	 2.33141378046508E-0003
 5.49273919453430E+0000	 2.13213710927030E-0003
 5.49928558753574E+0000	 1.84064346489175E-0003
 5.50575681065853E+0000	 1.47374755726589E-0003
 5.51214058719703E+0000	 1.05097292673984E-0003
 5.51842974366650E+0000	 5.93014961426439E-0004
 5.52462187522768E+0000	 1.20489288569193E-0004
 5.53071877749617E+0000	-3.47066104055434E-0004
 5.53672570744534E+0000	-7.91898138283886E-0004
 5.54265059489892E+0000	-1.19841900814543E-0003
 5.54850334480131E+0000	-1.55330102294480E-0003
 5.55429531993209E+0000	-1.84539318342148E-0003
 5.56003902160229E+0000	-2.06558053666211E-0003
 5.56574793182331E+0000	-2.20668230382444E-0003
 5.57143645486223E+0000	-2.26344699141833E-0003
 5.57711989172688E+0000	-2.23267024966433E-0003
 5.58281438496150E+0000	-2.11344062561685E-0003
 5.58853677153148E+0000	-1.90750598424422E-0003
 5.59430427307818E+0000	-1.61973836984926E-0003
 5.60013394007131E+0000	-1.25864338671445E-0003
 5.60604176748738E+0000	-8.36801090469965E-0004
 5.61204144684178E+0000	-3.71043863905574E-0004
 5.61814284713075E+0000	 1.17887550207201E-0004
 5.62435052248921E+0000	 6.06431015459613E-0004
 5.63066272642628E+0000	 1.07002559224605E-0003
 5.63707136823569E+0000	 1.48527466560033E-0003
 5.64356293928386E+0000	 1.83177551360436E-0003
 5.65011987700838E+0000	 2.09313271315705E-0003
 5.65672167627522E+0000	 2.25732605351338E-0003
 5.66334560442957E+0000	 2.31709299888367E-0003
 5.66996759517243E+0000	 2.27066868542342E-0003
 5.67656386633938E+0000	 2.12238910318804E-0003
 5.68311297057845E+0000	 1.88237750475477E-0003
 5.68959740892114E+0000	 1.56521481989898E-0003
 5.69600431477208E+0000	 1.18824214363404E-0003
 5.70232542254422E+0000	 7.70112132480880E-0004
 5.70855674190593E+0000	 3.29718562892461E-0004
 5.71469813023441E+0000	-1.14627160702682E-0004
 5.72075276990680E+0000	-5.45842697868885E-0004
 5.72672656735466E+0000	-9.48514470766827E-0004
 5.73262755899885E+0000	-1.30910796372953E-0003
 5.73846542088499E+0000	-1.61599241951016E-0003
 5.74425113462391E+0000	-1.85937077212867E-0003
 5.74999680539146E+0000	-2.03120994981630E-0003
 5.75571558749420E+0000	-2.12524179000774E-0003
 5.76142165628315E+0000	-2.13707171408300E-0003
 5.76713016496049E+0000	-2.06440567852848E-0003
 5.77285712869974E+0000	-1.90738996485276E-0003
 5.77861917625105E+0000	-1.66904701123830E-0003
 5.78443309883572E+0000	-1.35577082533104E-0003
 5.79031511808969E+0000	-9.77803986175289E-0004
 5.79627981383226E+0000	-5.49550199563812E-0004
 5.80233873265151E+0000	-8.95012595591963E-0005
 5.80849885972194E+0000	 3.80465600370235E-0004
 5.81476133550928E+0000	 8.36545577969531E-0004
 5.82112088914304E+0000	 1.25504375000625E-0003
 5.82756625840428E+0000	 1.61446602552124E-0003
 5.83408138284367E+0000	 1.89705843914433E-0003
 5.84064676905705E+0000	 2.08959058335940E-0003
 5.84724059514842E+0000	 2.18375561734808E-0003
 5.85383974149014E+0000	 2.17664801864398E-0003
 5.86042124227008E+0000	 2.07120080150635E-0003
 5.86696416211376E+0000	 1.87595942892020E-0003
 5.87345122106979E+0000	 1.60389025046389E-0003
 5.87986954188231E+0000	 1.27068463234922E-0003
 5.88621056175555E+0000	 8.93264702077510E-0004
 5.89246958039378E+0000	 4.88784618437092E-0004
 5.89864529319506E+0000	 7.39937441304409E-0005
 5.90473936854874E+0000	-3.35235931578237E-0004
 5.91075601471871E+0000	-7.24278411539592E-0004
 5.91670153040147E+0000	-1.07999029372202E-0003
 5.92258389547978E+0000	-1.39080333871213E-0003
 5.92841246405889E+0000	-1.64671444398722E-0003
 5.93419778483924E+0000	-1.83924724893463E-0003
 5.93995152940970E+0000	-1.96145814845165E-0003
 5.94568647917603E+0000	-2.00803568631607E-0003
 5.95141651131324E+0000	-1.97551339766116E-0003
 5.95715652628508E+0000	-1.86259422497518E-0003
 5.96292226237349E+0000	-1.67057149156994E-0003
 5.96872993813435E+0000	-1.40381866298268E-0003
 5.97459565391716E+0000	-1.07029379142810E-0003
 5.98053448485478E+0000	-6.81953464531384E-0004
 5.98655923958051E+0000	-2.54899333523760E-0004
 5.99267897180613E+0000	 1.90976812272090E-0004
 5.99889751269846E+0000	 6.33052721533488E-0004
 6.00521245572850E+0000	 1.04775013433224E-0003
 6.01161500528718E+0000	 1.41270336951357E-0003
 6.01809078319253E+0000	 1.70874666055557E-0003
 6.02462123455154E+0000	 1.92125106115971E-0003
 6.03118510776847E+0000	 2.04080492802209E-0003
 6.03775981954776E+0000	 2.06358459379710E-0003
 6.04432294315302E+0000	 1.99156343764988E-0003
 6.05085395487516E+0000	 1.83223371091453E-0003
 6.05733583073997E+0000	 1.59750627386752E-0003
 6.06375588410475E+0000	 1.30202559738180E-0003
 6.07010569554892E+0000	 9.61561382796191E-0004
 6.07638052973210E+0000	 5.91933661496916E-0004
 6.08257870759356E+0000	 2.08452345802562E-0004
 6.08870112820347E+0000	-1.74380042198928E-0004
 6.09475090271185E+0000	-5.43082493104609E-0004
 6.10073302384303E+0000	-8.85362003504979E-0004
 6.10665405726036E+0000	-1.19020749045910E-0003
 6.11252189068051E+0000	-1.44790755617190E-0003
 6.11834557669151E+0000	-1.65003026284168E-0003
 6.12413527414621E+0000	-1.78942492261090E-0003
 6.12990225815316E+0000	-1.86030053909746E-0003
 6.13565894661696E+0000	-1.85841319887185E-0003
 6.14141888505289E+0000	-1.78136956914119E-0003
 6.14719663394461E+0000	-1.62903493610546E-0003
 6.15300750387831E+0000	-1.40402124782568E-0003
 6.15886707795038E+0000	-1.11221327481335E-0003
 6.16479045548920E+0000	-7.63255694227766E-0004
 6.17079116779502E+0000	-3.70864250611972E-0004
 6.17687978697841E+0000	 4.72441655488857E-0005
 6.18306239278553E+0000	 4.70033099459068E-0004
 6.18933924503145E+0000	 8.74574908360703E-0004
 6.19570410962401E+0000	 1.23810490367645E-0003
 6.20214455119915E+0000	 1.54026358363444E-0003
 6.20864312767511E+0000	 1.76496042199427E-0003
 6.21517906884582E+0000	 1.90152473006485E-0003
 6.22173002672780E+0000	 1.94521082372186E-0003
 6.22827379877847E+0000	 1.89725777021660E-0003
 6.23479007248623E+0000	 1.76446485249534E-0003
 6.24126197964298E+0000	 1.55809352360601E-0003
 6.24767699793148E+0000	 1.29220606537654E-0003
 6.25402696032395E+0000	 9.81963877892827E-0004
 6.26030742323392E+0000	 6.42402846230062E-0004
 6.26651687397619E+0000	 2.87815682277142E-0004
 6.27265609943720E+0000	-6.84622656266617E-0005
 6.27872776856642E+0000	-4.14117045421093E-0004
