-1.73850950621384E-0003	 6.74612227703042E-0004
 4.55677519447176E-0003	 1.02653698106030E-0003
 1.09350520480052E-0002	 1.33886759815921E-0003
 1.73853298314431E-0002	 1.58739242566244E-0003
 2.38872090511841E-0002	 1.75200248985404E-0003
 3.04133126993247E-0002	 1.82146820489912E-0003
 3.69345560304795E-0002	 1.79609325596121E-0003
 4.34260415104152E-0002	 1.68659809633430E-0003
 4.98708050150234E-0002	 1.50991708499699E-0003
 5.62602389026480E-0002	 1.28430913996366E-0003
 6.25920516170058E-0002	 1.02589097061289E-0003
 6.88674271226941E-0002	 7.47283798686529E-0004
 7.50886656995600E-0002	 4.57932996579962E-0004
 8.12578560711401E-0002	 1.65264933240597E-0004
 8.73765623068618E-0002	-1.24065863382676E-0004
 9.34462002140060E-0002	-4.03312915695940E-0004
 9.94686823516314E-0002	-6.65327232298192E-0004
 1.05446978968631E-0001	-9.02719616222999E-0004
 1.11385406672486E-0001	-1.10828023804570E-0003
 1.17289627829754E-0001	-1.27543293687047E-0003
 1.23166453124266E-0001	-1.39857906415885E-0003
 1.29023571098766E-0001	-1.47328330851397E-0003
 1.34869304957926E-0001	-1.49632804469049E-0003
 1.40712450953798E-0001	-1.46569987862616E-0003
 1.46562207969967E-0001	-1.38057850874588E-0003
 1.52428175073401E-0001	-1.24138712531700E-0003
 1.58320372643846E-0001	-1.04994734714884E-0003
 1.64249226495596E-0001	-8.09766155656051E-0004
 1.70225434825566E-0001	-5.26465121930941E-0004
 1.76259610418639E-0001	-2.08332285456235E-0004
 1.82361561879928E-0001	 1.33084309674212E-0004
 1.88539075984644E-0001	 4.82535165888628E-0004
 1.94796151286655E-0001	 8.21137816735727E-0004
 2.01130900929711E-0001	 1.12745634875669E-0003
 2.07533818404827E-0001	 1.38000783752206E-0003
 2.13987543220194E-0001	 1.56102139444604E-0003
 2.20469072742664E-0001	 1.66023198062794E-0003
 2.26954130551008E-0001	 1.67681404074680E-0003
 2.33421855172547E-0001	 1.61827734192897E-0003
 2.39857646971105E-0001	 1.49697861031338E-0003
 2.46253299771838E-0001	 1.32619538131883E-0003
 2.52605146156942E-0001	 1.11747156645254E-0003
 2.58911625422969E-0001	 8.79815761086410E-0004
 2.65171420200108E-0001	 6.20361111977299E-0004
 2.71382682208152E-0001	 3.45677439412155E-0004
 2.77543290296425E-0001	 6.29551873409479E-0005
 2.83651710255380E-0001	-2.19429315251638E-0004
 2.89707916101781E-0001	-4.92066675176500E-0004
 2.95713972743608E-0001	-7.45163294987642E-0004
 3.01674145997773E-0001	-9.69338856051649E-0004
 3.07594632549613E-0001	-1.15629234299092E-0003
 3.13483100013426E-0001	-1.29921034597350E-0003
 3.19348210769056E-0001	-1.39292596593310E-0003
 3.25199234833293E-0001	-1.43390745916281E-0003
 3.31045788339138E-0001	-1.42017004074945E-0003
 3.36897688005573E-0001	-1.35118835710914E-0003
 3.42764888577823E-0001	-1.22786433499725E-0003
 3.48657459037021E-0001	-1.05258758037718E-0003
 3.54585542174504E-0001	-8.29413864540802E-0004
 3.60559222904876E-0001	-5.64373189121072E-0004
 3.66588203563392E-0001	-2.65888466273294E-0004
 3.72681161591841E-0001	 5.47772343716742E-0005
 3.78844677365237E-0001	 3.83234129106625E-0004
 3.85081723428942E-0001	 7.02166940589908E-0004
 3.91389964926426E-0001	 9.92438233745672E-0004
 3.97760517477209E-0001	 1.23536268181734E-0003
 4.04178090892206E-0001	 1.41585994288479E-0003
 4.10623139305140E-0001	 1.52536862468146E-0003
 4.17075556168692E-0001	 1.56302945101223E-0003
 4.23518319444190E-0001	 1.53440143801149E-0003
 4.29939429826264E-0001	 1.44844422050525E-0003
 4.36331605769217E-0001	 1.31440420167133E-0003
 4.42690456323314E-0001	 1.13995663146944E-0003
 4.49012370613606E-0001	 9.31014651102175E-0004
 4.55293139046120E-0001	 6.92784992784922E-0004
 4.61527754387148E-0001	 4.31244144277113E-0004
 4.67711244512519E-0001	 1.54222871509840E-0004
 4.73839972009655E-0001	-1.28371264312802E-0004
 4.79912752337118E-0001	-4.05178125325541E-0004
 4.85931384361261E-0001	-6.64475905419989E-0004
 4.91900548934626E-0001	-8.95281555692296E-0004
 4.97827281906591E-0001	-1.08816035668478E-0003
 5.03720287532505E-0001	-1.23566061034737E-0003
 5.09589289573596E-0001	-1.33243716089862E-0003
 5.15444516230569E-0001	-1.37518001013851E-0003
 5.21296338742415E-0001	-1.36245474283219E-0003
 5.27155044641456E-0001	-1.29453110367845E-0003
 5.33030713389636E-0001	-1.17325062267218E-0003
 5.38933156427533E-0001	-1.00197111337805E-0003
 5.44871871806675E-0001	-7.85619378006140E-0004
 5.50855940533640E-0001	-5.30870672471992E-0004
 5.56893762856855E-0001	-2.46439568624174E-0004
 5.62992515144576E-0001	 5.66006566640030E-0005
 5.69157234139322E-0001	 3.64656808169961E-0004
 5.75389553373994E-0001	 6.61913730949471E-0004
 5.81686364788384E-0001	 9.31430096331081E-0004
 5.88039001792479E-0001	 1.15717731342426E-0003
 5.94433685878882E-0001	 1.32664274278096E-0003
 6.00853588854464E-0001	 1.43298614690367E-0003
 6.07281928719710E-0001	 1.47560442839558E-0003
 6.13704724138424E-0001	 1.45872456410593E-0003
 6.20111971420968E-0001	 1.38881213229827E-0003
 6.26496991301886E-0001	 1.27217559512571E-0003
 6.32854674444109E-0001	 1.11381100416600E-0003
 6.39179726206276E-0001	 9.17725387800176E-0004
 6.45465787628141E-0001	 6.88261780938020E-0004
 6.51705765775935E-0001	 4.31584423083606E-0004
 6.57893103995762E-0001	 1.56532153374149E-0004
 6.64023320543253E-0001	-1.25541579432245E-0004
 6.70095137213783E-0001	-4.01786690648055E-0004
 6.76110856242951E-0001	-6.59236482461070E-0004
 6.82076045804153E-0001	-8.86056333831166E-0004
 6.87998818614990E-0001	-1.07239254216064E-0003
 6.93888996849025E-0001	-1.21078974925575E-0003
 6.99757352175869E-0001	-1.29627788618763E-0003
 7.05614998363409E-0001	-1.32625769878931E-0003
 7.11472944092983E-0001	-1.30028759085881E-0003
 7.17341786354147E-0001	-1.21983892793072E-0003
 7.23231520593118E-0001	-1.08806478041108E-0003
 7.29151441837641E-0001	-9.09621102008410E-0004
 7.35110097707107E-0001	-6.90579697586674E-0004
 7.41115226538415E-0001	-4.38463284205658E-0004
 7.47173580683262E-0001	-1.62398554739026E-0004
 7.53290517766070E-0001	 1.26686880351426E-0004
 7.59469275662211E-0001	 4.15999204088800E-0004
 7.65709971412943E-0001	 6.91216785886310E-0004
 7.72008596145096E-0001	 9.37506356711398E-0004
 7.78356534053344E-0001	 1.14127403384082E-0003
 7.84741177130890E-0001	 1.29224127053721E-0003
 7.91147789356413E-0001	 1.38497562156615E-0003
 7.97562004799680E-0001	 1.41903786506869E-0003
 8.03971825915289E-0001	 1.39762051501378E-0003
 8.10368245063482E-0001	 1.32544709017667E-0003
 8.16744448527924E-0001	 1.20705546456188E-0003
 8.23094310672897E-0001	 1.04622698779903E-0003
 8.29411122528204E-0001	 8.46629342375505E-0004
 8.35687245329857E-0001	 6.13145415458364E-0004
 8.41914850729508E-0001	 3.53092253317702E-0004
 8.48087362310931E-0001	 7.66689715069060E-0005
 8.54200918521730E-0001	-2.03577349136661E-0004
 8.60255278734803E-0001	-4.73991227475005E-0004
 8.66253963617460E-0001	-7.21243079495053E-0004
 8.72203773180371E-0001	-9.33529761943253E-0004
 8.78113978170407E-0001	-1.10134993356922E-0003
 8.83995446639925E-0001	-1.21786805543965E-0003
 8.89859856821426E-0001	-1.27897682551401E-0003
 8.95719048867037E-0001	-1.28317378261819E-0003
 9.01584514666363E-0001	-1.23133395830656E-0003
 9.07467011184862E-0001	-1.12642612940969E-0003
 9.13376288423710E-0001	-9.73203842913694E-0004
 9.19320927673538E-0001	-7.77905352171086E-0004
 9.25308274516492E-0001	-5.48008603917646E-0004
 9.31344419124140E-0001	-2.92090512562092E-0004
 9.37434132875322E-0001	-1.98136650979106E-0005
 9.43580641177356E-0001	 2.58005235228100E-0004
 9.49785138343001E-0001	 5.29394990507170E-0004
 9.56046071448405E-0001	 7.81540191405553E-0004
 9.62358434604027E-0001	 1.00163261584188E-0003
 9.68713519397421E-0001	 1.17827855498478E-0003
 9.75099549440227E-0001	 1.30307973503238E-0003
 9.81503232304718E-0001	 1.37168710148512E-0003
 9.87911666073727E-0001	 1.38374898980451E-0003
 9.94313730667207E-0001	 1.34178314824640E-0003
 1.00070039304277E+0000	 1.24964569149387E-0003
 1.00706402582255E+0000	 1.11144202390915E-0003
 1.01339736878512E+0000	 9.31363538857534E-0004
 1.01969286021153E+0000	 7.14364009551799E-0004
 1.02594277427535E+0000	 4.67156130495566E-0004
 1.03214013358615E+0000	 1.98894682421333E-0004
 1.03827997348867E+0000	-7.88681383393044E-0005
 1.04436041471732E+0000	-3.52970769959977E-0004
 1.05038317774919E+0000	-6.09860213628364E-0004
 1.05635347793303E+0000	-8.36834379240957E-0004
 1.06227947029227E+0000	-1.02302255915582E-0003
 1.06817148107085E+0000	-1.16000522910764E-0003
 1.07404121099354E+0000	-1.24211170531486E-0003
 1.07990100536535E+0000	-1.26648645039418E-0003
 1.08576321579481E+0000	-1.23300504487950E-0003
 1.09163964631972E+0000	-1.14408651757140E-0003
 1.09754107751656E+0000	-1.00441844926660E-0003
 1.10347688045229E+0000	-8.20600555394106E-0004
 1.10945474967528E+0000	-6.00725870829134E-0004
 1.11548058211761E+0000	-3.53949739395649E-0004
 1.12155849346053E+0000	-9.01257098686630E-0005
 1.12769089896851E+0000	 1.80416909873290E-0004
 1.13387852466133E+0000	 4.46943886781968E-0004
 1.14012021509319E+0000	 6.98345509750567E-0004
 1.14641251647796E+0000	 9.23348155455403E-0004
 1.15274922278964E+0000	 1.11112908122030E-0003
 1.15912125212293E+0000	 1.25235641234908E-0003
 1.16551718106448E+0000	 1.34034374741156E-0003
 1.17192442709527E+0000	 1.37179057725532E-0003
 1.17833063408142E+0000	 1.34672714094394E-0003
 1.18472465498414E+0000	 1.26775076991354E-0003
 1.19109680295171E+0000	 1.13906107491336E-0003
 1.19743852450269E+0000	 9.65843384280138E-0004
 1.20374196265404E+0000	 7.54232909463338E-0004
 1.20999985214906E+0000	 5.11692816044645E-0004
 1.21620591535385E+0000	 2.47412739280320E-0004
 1.22235561331718E+0000	-2.76336867372560E-0005
 1.22844692906129E+0000	-3.01116749535158E-0004
 1.23448088317161E+0000	-5.60163894843012E-0004
 1.24046164147109E+0000	-7.92322108840335E-0004
 1.24639624740115E+0000	-9.86442054951273E-0004
 1.25229410901481E+0000	-1.13335383116291E-0003
 1.25816637832951E+0000	-1.22630955047140E-0003
 1.26402531501457E+0000	-1.26123215980930E-0003
 1.26988367038096E+0000	-1.23682480182871E-0003
 1.27575408904027E+0000	-1.15457595087789E-0003
 1.28164851448893E+0000	-1.01866313582693E-0003
 1.28757760057796E+0000	-8.35730237516273E-0004
 1.29355016615425E+0000	-6.14505419496568E-0004
 1.29957276957920E+0000	-3.65251419016391E-0004
 1.30564949628479E+0000	-9.91000259451800E-0005
 1.31178201429296E+0000	 1.72603456405824E-0004
 1.31796984961741E+0000	 4.38784986907598E-0004
 1.32421071046750E+0000	 6.88857439832335E-0004
 1.33050064344606E+0000	 9.12732010454982E-0004
 1.33683391608124E+0000	 1.10085946325565E-0003
 1.34320275438311E+0000	 1.24456244349406E-0003
 1.34959725643894E+0000	 1.33673199912804E-0003
 1.35600577138952E+0000	 1.37266325088659E-0003
 1.36241575596725E+0000	 1.35063524035069E-0003
 1.36881480493196E+0000	 1.27196517974244E-0003
 1.37519146579353E+0000	 1.14059560509382E-0003
 1.38153565247565E+0000	 9.62522029500350E-0004
 1.38783876266543E+0000	 7.45351714958656E-0004
 1.39409374028949E+0000	 4.98074185909754E-0004
 1.40029525396860E+0000	 2.30927472356266E-0004
 1.40644000030788E+0000	-4.48102963175943E-0005
 1.41252702287733E+0000	-3.17201279355627E-0004
 1.41855791901666E+0000	-5.74186643029139E-0004
 1.42453686163352E+0000	-8.04197482409394E-0004
 1.43047043551178E+0000	-9.96741625423982E-0004
 1.43636733539886E+0000	-1.14290326192861E-0003
 1.44223798401769E+0000	-1.23573730158830E-0003
 1.44809411095208E+0000	-1.27057340872158E-0003
 1.45394830414043E+0000	-1.24525591443087E-0003
 1.45981351882931E+0000	-1.16033571442342E-0003
 1.46570251432036E+0000	-1.01920416404547E-0003
 1.47162719411875E+0000	-8.28124147419152E-0004
 1.47759785691381E+0000	-5.96080807168980E-0004
 1.48362242702577E+0000	-3.34363153342644E-0004
 1.48970581036207E+0000	-5.58259763675569E-0005
 1.49584957145501E+0000	 2.26110744440192E-0004
 1.50205208048630E+0000	 4.98516393171940E-0004
 1.50830910046274E+0000	 7.49753674623216E-0004
 1.51461455082155E+0000	 9.69807649185493E-0004
 1.52096107772628E+0000	 1.15018075330848E-0003
 1.52734021328416E+0000	 1.28366861782356E-0003
 1.53374222972822E+0000	 1.36438409873714E-0003
 1.54015603671122E+0000	 1.38817126527769E-0003
 1.54656943928317E+0000	 1.35322848098441E-0003
 1.55296981245882E+0000	 1.26059638836366E-0003
 1.55934498337714E+0000	 1.11426781561911E-0003
 1.56568404387200E+0000	 9.20915485481982E-0004
 1.57197794000022E+0000	 6.89395282302449E-0004
 1.57821983861504E+0000	 4.30180812484589E-0004
 1.58440533172201E+0000	 1.54800472250698E-0004
 1.59053251887934E+0000	-1.24709585896624E-0004
 1.59660197821522E+0000	-3.96327235234565E-0004
 1.60261663523224E+0000	-6.48516994004172E-0004
 1.60858155527325E+0000	-8.70628915081946E-0004
 1.61450369745690E+0000	-1.05321617183398E-0003
 1.62039166459168E+0000	-1.18828577131287E-0003
 1.62625546778395E+0000	-1.26951243588131E-0003
 1.63210630304991E+0000	-1.29245059105410E-0003
 1.63795631549877E+0000	-1.25477365585951E-0003
 1.64381830765216E+0000	-1.15655428391290E-0003
 1.64970533474319E+0000	-1.00057356161805E-0003
 1.65563012610279E+0000	-7.92609801384566E-0004
 1.66160428843820E+0000	-5.41608206611080E-0004
 1.66763730153134E+0000	-2.59580710406562E-0004
 1.67373542531549E+0000	 3.89372716963720E-0005
 1.67990078406412E+0000	 3.37980784262179E-0004
 1.68613099306904E+0000	 6.21704000041552E-0004
 1.69241960154827E+0000	 8.75996246843532E-0004
 1.69875727542389E+0000	 1.08960945800182E-0003
 1.70513322083596E+0000	 1.25442780430819E-0003
 1.71153621968604E+0000	 1.36500511075257E-0003
 1.71795497309403E+0000	 1.41791133379952E-0003
 1.72437795864937E+0000	 1.41142010923118E-0003
 1.73079328312468E+0000	 1.34569097903962E-0003
 1.73718889627793E+0000	 1.22320346222775E-0003
 1.74355320380279E+0000	 1.04906906441927E-0003
 1.74987586409903E+0000	 8.30990603670821E-0004
 1.75614851295638E+0000	 5.78863868436714E-0004
 1.76236526492138E+0000	 3.04149770123370E-0004
 1.76852295447658E+0000	 1.91596507919042E-0005
 1.77462114212858E+0000	-2.63639717635380E-0004
 1.78066193538205E+0000	-5.32230044325325E-0004
 1.78664968773799E+0000	-7.75511281265339E-0004
 1.79259064489848E+0000	-9.83623645142979E-0004
 1.79849260165930E+0000	-1.14813830682204E-0003
 1.80436461527943E+0000	-1.26215714869929E-0003
 1.81021679623335E+0000	-1.32037554692171E-0003
 1.81606017027069E+0000	-1.31916495915208E-0003
 1.82190657939319E+0000	-1.25672561158289E-0003
 1.82776856458392E+0000	-1.13334441245194E-0003
 1.83365915040805E+0000	-9.51767956351008E-0004
 1.83959143325093E+0000	-7.17660839148007E-0004
 1.84557786944885E+0000	-4.40058522967757E-0004
 1.85162918872883E+0000	-1.31637732309370E-0004
 1.85775296070779E+0000	 1.91466797385644E-0004
 1.86395205173816E+0000	 5.10603545829875E-0004
 1.87022348491186E+0000	 8.06452544872541E-0004
 1.87655835394331E+0000	 1.06149957077629E-0003
 1.88294314561279E+0000	 1.26232290668959E-0003
 1.88936207664608E+0000	 1.40073821021895E-0003
 1.89579940013314E+0000	 1.47343455771068E-0003
 1.90224073910232E+0000	 1.48065199703377E-0003
 1.90867328555064E+0000	 1.42487965451797E-0003
 1.91508541912374E+0000	 1.31020800809241E-0003
 1.92146642210031E+0000	 1.14231467783885E-0003
 1.92780661192596E+0000	 9.28667891307216E-0004
 1.93409780364885E+0000	 6.78557336245719E-0004
 1.94033383594652E+0000	 4.02810821703325E-0004
 1.94651094741035E+0000	 1.13270159318802E-0004
 1.95262792492727E+0000	-1.77826392305609E-0004
 1.95868604509429E+0000	-4.58435140913531E-0004
 1.96468886785407E+0000	-7.17205141315560E-0004
 1.97064194394073E+0000	-9.43858345222945E-0004
 1.97655248900876E+0000	-1.12945098411172E-0003
 1.98242906769362E+0000	-1.26653066673681E-0003
 1.98828132131968E+0000	-1.34921551679741E-0003
 1.99411976165988E+0000	-1.37323233345212E-0003
 1.99995563804774E+0000	-1.33596000290956E-0003
 2.00580086456753E+0000	-1.23653053879188E-0003
 2.01166796674399E+0000	-1.07604002518985E-0003
 2.01756997277467E+0000	-8.57910198981419E-0004
 2.02352013476465E+0000	-5.88410197932438E-0004
 2.02953132846958E+0000	-2.77284395026083E-0004
 2.03561496897128E+0000	 6.16794295471053E-0005
 2.04177934788377E+0000	 4.10469970134038E-0004
 2.04802752881803E+0000	 7.47546092969768E-0004
 2.05435537432143E+0000	 1.04986217939421E-0003
 2.06075073213118E+0000	 1.29620439263052E-0003
 2.06719474512765E+0000	 1.47087861509203E-0003
 2.07366522940482E+0000	 1.56608296121177E-0003
 2.08014065799876E+0000	 1.58180072180301E-0003
 2.08660289588856E+0000	 1.52362494269026E-0003
 2.09303791657057E+0000	 1.40008586011526E-0003
 2.09943511659294E+0000	 1.22081708419023E-0003
 2.10578633074410E+0000	 9.95864926611199E-0004
 2.11208524639079E+0000	 7.35682903001645E-0004
 2.11832730566114E+0000	 4.51237052213954E-0004
 2.12450984927958E+0000	 1.53919128161754E-0004
 2.13063224567911E+0000	-1.44744105706377E-0004
 2.13669588865301E+0000	-4.33464516741745E-0004
 2.14270407184115E+0000	-7.01537751941117E-0004
 2.14866179884799E+0000	-9.39111789456805E-0004
 2.15457558120335E+0000	-1.13738255743724E-0003
 2.16045325027961E+0000	-1.28874098198818E-0003
 2.16630378897125E+0000	-1.38689414825362E-0003
 2.17213718180347E+0000	-1.42697500005454E-0003
 2.17796428391574E+0000	-1.40565140613349E-0003
 2.18379671188602E+0000	-1.32125036912151E-0003
 2.18964675512840E+0000	-1.17392496135239E-0003
 2.19552728993718E+0000	-9.65905198000001E-0004
 2.20145164500700E+0000	-7.01881442375133E-0004
 2.20743331550592E+0000	-3.89557144924518E-0004
 2.21348535722427E+0000	-4.03557049325313E-0005
 2.21961923671812E+0000	 3.29856415802077E-0004
 2.22584293507995E+0000	 7.00387933695304E-0004
 2.23215833535694E+0000	 1.04632101682064E-0003
 2.23855850698480E+0000	 1.34085025949499E-0003
 2.24502630124987E+0000	 1.55962621859872E-0003
 2.25153590649048E+0000	 1.68598010275864E-0003
 2.25805768020911E+0000	 1.71449726731721E-0003
 2.26456419357294E+0000	 1.65081928274279E-0003
 2.27103443443614E+0000	 1.50805685536504E-0003
 2.27745474421478E+0000	 1.30229848934894E-0003
 2.28381739036225E+0000	 1.04943997424556E-0003
 2.29011852054905E+0000	 7.63908012515454E-0004
 2.29635664303143E+0000	 4.58643739987946E-0004
 2.30253188049435E+0000	 1.45499526395251E-0004
 2.30864574160183E+0000	-1.64460120598706E-0004
 2.31470107941747E+0000	-4.60881179692759E-0004
 2.32070203914045E+0000	-7.34187149387584E-0004
 2.32665394771769E+0000	-9.75675779422828E-0004
 2.33256318090957E+0000	-1.17758114530534E-0003
 2.33843705754040E+0000	-1.33309785387858E-0003
 2.34428378714890E+0000	-1.43639995762639E-0003
 2.35011246678981E+0000	-1.48269328956917E-0003
 2.35593310293688E+0000	-1.46832782009697E-0003
 2.36175662937528E+0000	-1.39098075243902E-0003
 2.36759489654348E+0000	-1.24991189259764E-0003
 2.37346061275825E+0000	-1.04629439881183E-0003
 2.37936721332494E+0000	-7.83634240351652E-0004
 2.38532861080394E+0000	-4.68302822862204E-0004
 2.39135873175725E+0000	-1.10204101044195E-0004
 2.39747067214370E+0000	 2.76447414009435E-0004
 2.40367522863625E+0000	 6.72392243389928E-0004
 2.40997856992394E+0000	 1.05305348251102E-0003
 2.41637908529840E+0000	 1.38951350188586E-0003
 2.42286420851936E+0000	 1.65171276954282E-0003
 2.42940911350094E+0000	 1.81417842410189E-0003
 2.43597947738504E+0000	 1.86263602763060E-0003
 2.44253850080024E+0000	 1.79792323325508E-0003
 2.44905496249347E+0000	 1.63449796920954E-0003
 2.45550805904931E+0000	 1.39463322245278E-0003
 2.46188755701364E+0000	 1.10207451156378E-0003
 2.46819099266820E+0000	 7.78018334305954E-0004
 2.47442039199073E+0000	 4.39809596322310E-0004
 2.48057990707670E+0000	 1.01316552060580E-0004
 2.48667459397946E+0000	-2.26147450936175E-0004
 2.49270999010475E+0000	-5.33012526954655E-0004
 2.49869207156965E+0000	-8.10956254006364E-0004
 2.50462730517351E+0000	-1.05267592836374E-0003
 2.51052267228343E+0000	-1.25180462534570E-0003
 2.51638565485717E+0000	-1.40286901537929E-0003
 2.52222422352364E+0000	-1.50124369448063E-0003
 2.52804686965265E+0000	-1.54310867516029E-0003
 2.53386270006555E+0000	-1.52544733268926E-0003
 2.53968158328569E+0000	-1.44613015979900E-0003
 2.54551431182717E+0000	-1.30412168485733E-0003
 2.55137273018137E+0000	-1.09983324425913E-0003
 2.55726976994172E+0000	-8.35631140763864E-0004
 2.56321932341471E+0000	-5.16501194194814E-0004
 2.56923586414444E+0000	-1.50861326880236E-0004
 2.57533367871843E+0000	 2.48514041858605E-0004
 2.58152551350461E+0000	 6.63574173224167E-0004
 2.58782040298209E+0000	 1.07037462703568E-0003
 2.59422055213612E+0000	 1.43937704267803E-0003
 2.60071761976140E+0000	 1.73763551613987E-0003
 2.60728976983232E+0000	 1.93378078415754E-0003
 2.61390196370690E+0000	 2.00544552934763E-0003
 2.62051151963159E+0000	 1.94623535285179E-0003
 2.62707769614763E+0000	 1.76787503586482E-0003
 2.63357041590284E+0000	 1.49570434247750E-0003
 2.63997376072154E+0000	 1.16049741040445E-0003
 2.64628410239595E+0000	 7.91336237567412E-0004
 2.65250577265560E+0000	 4.11957780772944E-0004
 2.65864698604200E+0000	 4.01738727544074E-0005
 2.66471715505868E+0000	-3.11101065135445E-0004
 2.67072557340581E+0000	-6.32417803488924E-0004
 2.67668101721287E+0000	-9.16577067541633E-0004
 2.68259181209259E+0000	-1.15781949373072E-0003
 2.68846605305399E+0000	-1.35138264908012E-0003
 2.69431181223336E+0000	-1.49330512371674E-0003
 2.70013728161764E+0000	-1.58035721748282E-0003
 2.70595086604611E+0000	-1.61001557300982E-0003
 2.71176127061181E+0000	-1.58044843928223E-0003
 2.71757762531924E+0000	-1.49052341412006E-0003
 2.72340966817320E+0000	-1.33988223972098E-0003
 2.72926797447610E+0000	-1.12914402518039E-0003
 2.73516418195104E+0000	-8.60299074305385E-0004
 2.74111112204150E+0000	-5.37342477628121E-0004
 2.74712272566589E+0000	-1.67170776340967E-0004
 2.75321352060424E+0000	 2.39281276111994E-0004
 2.75939747654401E+0000	 6.65779320892031E-0004
 2.76568591236232E+0000	 1.08970446789663E-0003
 2.77208426230934E+0000	 1.48176596755567E-0003
 2.77858791178339E+0000	 1.80752203579866E-0003
 2.78517826423069E+0000	 2.03181475933898E-0003
 2.79182143752715E+0000	 2.12629571170626E-0003
 2.79847221125870E+0000	 2.07786225270866E-0003
 2.80508339897935E+0000	 1.89353378703820E-0003
 2.81161662697719E+0000	 1.59826665089955E-0003
 2.81804896094124E+0000	 1.22688292957968E-0003
 2.82437312492990E+0000	 8.15001133429590E-0004
 2.83059338822495E+0000	 3.93012068516416E-0004
 2.83672048033739E+0000	-1.60789715341131E-0005
 2.84276760134716E+0000	-3.96201807083432E-0004
 2.84874803063309E+0000	-7.36676159020246E-0004
 2.85467403815673E+0000	-1.03054422585055E-0003
 2.86055662406038E+0000	-1.27321498810071E-0003
 2.86640569013706E+0000	-1.46153185862453E-0003
 2.87223037490156E+0000	-1.59322421352404E-0003
 2.87803939514276E+0000	-1.66664692859001E-0003
 2.88384132079417E+0000	-1.68070311181746E-0003
 2.88964476989083E+0000	-1.63486144482560E-0003
 2.89545854918588E+0000	-1.52921043691105E-0003
 2.90129178450083E+0000	-1.36453109844563E-0003
 2.90715408253238E+0000	-1.14241153591958E-0003
 2.91305574156161E+0000	-8.65465459974060E-0004
 2.91900798179055E+0000	-5.37743611726921E-0004
 2.92502309766900E+0000	-1.65432825687318E-0004
 2.93111434617840E+0000	 2.42091149543915E-0004
 2.93729528021615E+0000	 6.70876912712068E-0004
 2.94357813605933E+0000	 1.10088576676091E-0003
 2.94997087616771E+0000	 1.50492232811174E-0003
 2.95647280255564E+0000	 1.84910177350511E-0003
 2.96306962500258E+0000	 2.09632899612977E-0003
 2.96973044625481E+0000	 2.21362769413303E-0003
 2.97640998896999E+0000	 2.18169224379186E-0003
 2.98305733464050E+0000	 2.00198309856789E-0003
 2.98962777458742E+0000	 1.69673386049683E-0003
 2.99609167591491E+0000	 1.30177478155475E-0003
 3.00243678921793E+0000	 8.56718472977451E-0004
 3.00866511055653E+0000	 3.97303114103963E-0004
 3.01478764413079E+0000	-4.82955783665741E-0005
 3.02081966865740E+0000	-4.59949956905863E-0004
 3.02677750135893E+0000	-8.24387530441790E-0004
 3.03267670483815E+0000	-1.13348882100523E-0003
 3.03853132747810E+0000	-1.38268922747832E-0003
 3.04435377514789E+0000	-1.56971528706872E-0003
 3.05015502027424E+0000	-1.69369396402401E-0003
 3.05594495568139E+0000	-1.75459578658806E-0003
 3.06173277299937E+0000	-1.75294630525333E-0003
 3.06752729585517E+0000	-1.68973399103079E-0003
 3.07333723658163E+0000	-1.56644566322721E-0003
 3.07917137720838E+0000	-1.38517204972692E-0003
 3.08503870078346E+0000	-1.14874847167114E-0003
 3.09094851238489E+0000	-8.60930494367600E-0004
 3.09691058124494E+0000	-5.26649551002917E-0004
 3.10293529471274E+0000	-1.52439863710534E-0004
 3.10903373131349E+0000	 2.52843992215128E-0004
 3.11521743115085E+0000	 6.76922485106583E-0004
 3.12149748182531E+0000	 1.10262798905410E-0003
 3.12788240781019E+0000	 1.50641404469623E-0003
 3.13437443286684E+0000	 1.85771781139080E-0003
 3.14096436075335E+0000	 2.12073170228780E-0003
 3.14762693534846E+0000	 2.26021314726161E-0003
 3.15432036031311E+0000	 2.25109174665214E-0003
 3.16099301034229E+0000	 2.08780684753559E-0003
 3.16759556538835E+0000	 1.78735003285931E-0003
 3.17409204743834E+0000	 1.38381401551010E-0003
 3.18046442871112E+0000	 9.18393974871558E-0004
 3.18671080732046E+0000	 4.30492466273352E-0004
 3.19284046716652E+0000	-4.73026630648588E-0005
 3.19886883894981E+0000	-4.90680401188637E-0004
 3.20481373549945E+0000	-8.82969830138684E-0004
 3.21069302446041E+0000	-1.21367173451465E-0003
 3.21652341508751E+0000	-1.47688922753785E-0003
 3.22231997486226E+0000	-1.66997214148521E-0003
 3.22809607874161E+0000	-1.79246422277763E-0003
 3.23386359412697E+0000	-1.84534679877384E-0003
 3.23963317716918E+0000	-1.83054243000310E-0003
 3.24541459997516E+0000	-1.75063639864414E-0003
 3.25121705430001E+0000	-1.60877335337719E-0003
 3.25704939629963E+0000	-1.40868509831774E-0003
 3.26292031634514E+0000	-1.15480523778649E-0003
 3.26883844004825E+0000	-8.52433440477307E-0004
 3.27481238682507E+0000	-5.07934134008802E-0004
 3.28085081723760E+0000	-1.28995875865559E-0004
 3.28696246888461E+0000	 2.74967936712778E-0004
 3.29315609061775E+0000	 6.92155401034670E-0004
 3.29944002861608E+0000	 1.10735382225821E-0003
 3.30582102813364E+0000	 1.50063679802905E-0003
 3.31230171172612E+0000	 1.84627224191833E-0003
 3.31887646488550E+0000	 2.11300252540800E-0003
 3.32552655067622E+0000	 2.26743160529292E-0003
 3.33221722986856E+0000	 2.28161452335858E-0003
 3.33890078080670E+0000	 2.14290426765446E-0003
 3.34552652764404E+0000	 1.86038214640868E-0003
 3.35205310072065E+0000	 1.46299389329947E-0003
 3.35845599848397E+0000	 9.90759705929975E-0004
 3.36472798932340E+0000	 4.84948348094697E-0004
 3.37087496498293E+0000	-1.84295498603424E-0005
 3.37691081774795E+0000	-4.91206846880987E-0004
 3.38285329964772E+0000	-9.13076513761775E-0004
 3.38872129561674E+0000	-1.27045923665617E-0003
 3.39453326287679E+0000	-1.55509019633169E-0003
 3.40030645807391E+0000	-1.76272009796817E-0003
 3.40605664396725E+0000	-1.89205942959558E-0003
 3.41179806930827E+0000	-1.94397704054977E-0003
 3.41754359500363E+0000	-1.92092469458515E-0003
 3.42330488917058E+0000	-1.82655368740122E-0003
 3.42909263970367E+0000	-1.66549407462664E-0003
 3.43491674474311E+0000	-1.44326997413711E-0003
 3.44078644823268E+0000	-1.16632150542683E-0003
 3.44671039804042E+0000	-8.42096631955910E-0004
 3.45269662358867E+0000	-4.79171944340685E-0004
 3.45875245668214E+0000	-8.73731746840026E-0005
 3.46488443698472E+0000	 3.22093618459164E-0004
 3.47109821950242E+0000	 7.36423692003309E-0004
 3.47739839928250E+0000	 1.14077920591198E-0003
 3.48378798477552E+0000	 1.51755411273244E-0003
 3.49026706454934E+0000	 1.84549947336795E-0003
 3.49683022638401E+0000	 2.09937327876485E-0003
 3.50346283771225E+0000	 2.25139416548276E-0003
 3.51013764510208E+0000	 2.27589108911429E-0003
 3.51681472114526E+0000	 2.15705275300717E-0003
 3.52344739378900E+0000	 1.89644987370487E-0003
 3.52999275505878E+0000	 1.51512874772035E-0003
 3.53642101520054E+0000	 1.04829513401534E-0003
 3.54271894614489E+0000	 5.36230623987330E-0004
 3.54888766372194E+0000	 1.66205280643162E-0005
 3.55493800935735E+0000	-4.79434373408751E-0004
 3.56088621044215E+0000	-9.28346538648674E-0004
 3.56675081189748E+0000	-1.31336950864150E-0003
 3.57255082854821E+0000	-1.62340193506559E-0003
 3.57830475822512E+0000	-1.85180239395775E-0003
 3.58403012180669E+0000	-1.99540692695776E-0003
 3.58974329936380E+0000	-2.05378290483106E-0003
 3.59545951975824E+0000	-2.02869587185309E-0003
 3.60119291858382E+0000	-1.92375372523521E-0003
 3.60695661131471E+0000	-1.74419619195269E-0003
 3.61276274263537E+0000	-1.49680333570263E-0003
 3.61862247633462E+0000	-1.18989728679085E-0003
 3.62454589094117E+0000	-8.33402125255055E-0004
 3.63054175528681E+0000	-4.38907775765453E-0004
 3.63661718756779E+0000	-1.96641500057759E-0005
 3.64277725521883E+0000	 4.09564824572206E-0004
 3.64902462784418E+0000	 8.32799891695623E-0004
 3.65535938823202E+0000	 1.23319240976496E-0003
 3.66177896445801E+0000	 1.59320486948928E-0003
 3.66827788326775E+0000	 1.89447333275893E-0003
 3.67484685415884E+0000	 2.11755743420848E-0003
 3.68147089853787E+0000	 2.24235175875835E-0003
 3.68812705933611E+0000	 2.25028098460321E-0003
 3.69478341560067E+0000	 2.12884916052627E-0003
 3.70140160559180E+0000	 1.87728210129086E-0003
 3.70794340835976E+0000	 1.50998878871042E-0003
 3.71437865581259E+0000	 1.05496839280649E-0003
 3.72069028161229E+0000	 5.47746164741700E-0004
 3.72687463671858E+0000	 2.43906345720310E-0005
 3.73293849570833E+0000	-4.83319691268199E-0004
 3.73889522126734E+0000	-9.49894308529097E-0004
 3.74476162682219E+0000	-1.35617573696565E-0003
 3.75055592695395E+0000	-1.68851564052930E-0003
 3.75629658482079E+0000	-1.93777308327706E-0003
 3.76200174511693E+0000	-2.09844171421718E-0003
 3.76768900168619E+0000	-2.16799538807179E-0003
 3.77337533468499E+0000	-2.14645143889765E-0003
 3.77907711446740E+0000	-2.03612429147913E-0003
 3.78481010434578E+0000	-1.84153982623663E-0003
 3.79058940889706E+0000	-1.56948365397395E-0003
 3.79642931533908E+0000	-1.22915435554653E-0003
 3.80234296940289E+0000	-8.32378297176313E-0004
 3.80834182496278E+0000	-3.93808669977494E-0004
 3.81443482919977E+0000	 6.90241905357481E-0005
 3.82062738322749E+0000	 5.36003451716068E-0004
 3.82692027157813E+0000	 9.85253560942429E-0004
 3.83330893281329E+0000	 1.39455546115602E-0003
 3.83978347471310E+0000	 1.74306895223578E-0003
 3.84632951910666E+0000	 2.01275674609394E-0003
 3.85292937390212E+0000	 2.18898593052553E-0003
 3.85956270601595E+0000	 2.26044550215813E-0003
 3.86620634857173E+0000	 2.21927426801496E-0003
 3.87283391075180E+0000	 2.06232073938243E-0003
 3.87941655434437E+0000	 1.79347874270158E-0003
 3.88592583370938E+0000	 1.42573567682991E-0003
 3.89233796336631E+0000	 9.81152714919887E-0004
 3.89863754615548E+0000	 4.88139738178576E-0004
 3.90481902888192E+0000	-2.28107092012391E-0005
 3.91088570340607E+0000	-5.23015569681205E-0004
 3.91684735774700E+0000	-9.87941589277720E-0004
 3.92271782214805E+0000	-1.39796618130333E-0003
 3.92851309028841E+0000	-1.73814044047670E-0003
 3.93425014167668E+0000	-1.99755127792319E-0003
 3.93994632076073E+0000	-2.16865764120239E-0003
 3.94561907580961E+0000	-2.24677069987135E-0003
 3.95128589748679E+0000	-2.22973024365869E-0003
 3.95696434518642E+0000	-2.11778143772245E-0003
 3.96267208006954E+0000	-1.91364438839664E-0003
 3.96842683247084E+0000	-1.62276934236527E-0003
 3.97424622019591E+0000	-1.25376683929905E-0003
 3.98014730761226E+0000	-8.18980690703365E-0004
 3.98614576389544E+0000	-3.35114584103996E-0004
 3.99225447113841E+0000	 1.76289886157108E-0004
 3.99848151349861E+0000	 6.88898627828234E-0004
 4.00482774541483E+0000	 1.17269362582815E-0003
 4.01128463598285E+0000	 1.59662810370114E-0003
 4.01783358644209E+0000	 1.93272551828070E-0003
 4.02444777426865E+0000	 2.16041729971257E-0003
 4.03109630035622E+0000	 2.26916217089987E-0003
 4.03774878493334E+0000	 2.25814888626437E-0003
 4.04437830744590E+0000	 2.13383826158591E-0003
 4.05096210796765E+0000	 1.90730932076653E-0003
 4.05748110008559E+0000	 1.59276894222935E-0003
 4.06391954212563E+0000	 1.20717612653918E-0003
 4.07026542964439E+0000	 7.70120650570613E-0004
 4.07651131071849E+0000	 3.03213819355416E-0004
 4.08265488247923E+0000	-1.71160707878370E-0004
 4.08869892699383E+0000	-6.31369758124930E-0004
 4.09465058403474E+0000	-1.05781858427647E-0003
 4.10052028059623E+0000	-1.43369950015838E-0003
 4.10632068533195E+0000	-1.74519835668223E-0003
 4.11206591655911E+0000	-1.98134358745681E-0003
 4.11777106530882E+0000	-2.13371560366576E-0003
 4.12345198975974E+0000	-2.19618085179471E-0003
 4.12912530001897E+0000	-2.16474792302927E-0003
 4.13480845236428E+0000	-2.03759847928340E-0003
 4.14051987954263E+0000	-1.81532848268730E-0003
 4.14627907853111E+0000	-1.50143631538363E-0003
 4.15210654642145E+0000	-1.10309946399011E-0003
 4.15802338895398E+0000	-6.32268939168562E-0004
 4.16405032169726E+0000	-1.07041810805095E-0004
 4.17020566839513E+0000	 4.46920338472170E-0004
 4.17650195225596E+0000	 9.95558479951531E-0004
 4.18294106155149E+0000	 1.49738855090300E-0003
 4.18950913019019E+0000	 1.90785053728834E-0003
 4.19617402546179E+0000	 2.18764630826951E-0003
 4.20288887957433E+0000	 2.31265341559779E-0003
 4.20960201834140E+0000	 2.27999527538781E-0003
 4.21626845239795E+0000	 2.10626958146106E-0003
 4.22285677960463E+0000	 1.81969164173272E-0003
 4.22934964471188E+0000	 1.45158973071753E-0003
 4.23574034643180E+0000	 1.03102145929642E-0003
 4.24202885213514E+0000	 5.82822212700763E-0004
 4.24821886096893E+0000	 1.27693304590711E-0004
 4.25431611964232E+0000	-3.16981760524438E-0004
 4.26032763552511E+0000	-7.36297639135465E-0004
 4.26626139303721E+0000	-1.11721436275484E-0003
 4.27212629213173E+0000	-1.44819352502336E-0003
 4.27793215010892E+0000	-1.71901313982216E-0003
 4.28368970900422E+0000	-1.92067367369327E-0003
 4.28941065828216E+0000	-2.04533514095218E-0003
 4.29510771132429E+0000	-2.08627010754648E-0003
 4.30079477262232E+0000	-2.03785779734874E-0003
 4.30648721671968E+0000	-1.89567190111876E-0003
 4.31220228187070E+0000	-1.65673449156951E-0003
 4.31795956240942E+0000	-1.32003290089169E-0003
 4.32378155194028E+0000	-8.87438333766927E-0004
 4.32969411488855E+0000	-3.65232141488439E-0004
 4.33572658731413E+0000	 2.33473175939062E-0004
 4.34191082532220E+0000	 8.85113071065066E-0004
 4.34827781358387E+0000	 1.55086025072701E-0003
 4.35484957113847E+0000	 2.17196592345953E-0003
 4.36162446010453E+0000	 2.66987670290143E-0003
 4.36855942752112E+0000	 2.95964441795515E-0003
 4.37556451037537E+0000	 2.98064744255755E-0003
 4.38252664975831E+0000	 2.72738033956762E-0003
 4.38935156955990E+0000	 2.25060412587440E-0003
 4.39598895684034E+0000	 1.62823293544645E-0003
 4.40242871495514E+0000	 9.35031673718715E-0004
 4.40868446258203E+0000	 2.28753334140077E-0004
 4.41477946652118E+0000	-4.50650798459787E-0004
 4.42073877388765E+0000	-1.07693896805943E-0003
 4.42658585729369E+0000	-1.63317159055327E-0003
 4.43234161827152E+0000	-2.10835007628076E-0003
 4.43802442006294E+0000	-2.49513395791336E-0003
 4.44365051001925E+0000	-2.78835099856641E-0003
 4.44923456559608E+0000	-2.98403517945372E-0003
 4.45479026782283E+0000	-3.07881013298670E-0003
 4.46033087805285E+0000	-3.06950324540634E-0003
 4.46586982763069E+0000	-2.95292049922612E-0003
 4.47142135327685E+0000	-2.72574438052738E-0003
 4.47700123423800E+0000	-2.38454886233695E-0003
 4.48262771470652E+0000	-1.92596851190649E-0003
 4.48832272855037E+0000	-1.34712998950727E-0003
 4.49411358018676E+0000	-6.46586735608369E-0004
 4.50003525026137E+0000	 1.73736989298308E-0004
 4.50613337323556E+0000	 1.10453985605042E-0003
 4.51246724054774E+0000	 2.12094591462467E-0003
 4.51910945689572E+0000	 3.16636490200059E-0003
 4.52613045036734E+0000	 4.12531212723708E-0003
 4.53354145324889E+0000	 4.80046416202291E-0003
 4.54119456262958E+0000	 4.96710018078346E-0003
 4.54878444639085E+0000	 4.55269561941968E-0003
 4.55605703261324E+0000	 3.71299209540503E-0003
 4.56293986884137E+0000	 2.67086456979069E-0003
 4.56947383102529E+0000	 1.58543720614180E-0003
 4.57572820080428E+0000	 5.43675361961747E-0004
 4.58176630481080E+0000	-4.11906926245241E-0004
 4.58763862377655E+0000	-1.26193779263997E-0003
 4.59338415267962E+0000	-1.99851388967440E-0003
 4.59903316534133E+0000	-2.61931771591818E-0003
 4.60460962947556E+0000	-3.12468653245357E-0003
 4.61013301910578E+0000	-3.51613033431314E-0003
 4.61561963024552E+0000	-3.79555973748743E-0003
 4.62108355376973E+0000	-3.96486649303055E-0003
 4.62653743473000E+0000	-4.02568785925703E-0003
 4.63199311314394E+0000	-3.97928076511306E-0003
 4.63746221317762E+0000	-3.82648029088553E-0003
 4.64295672915344E+0000	-3.56774361917617E-0003
 4.64848964795355E+0000	-3.20329999697214E-0003
 4.65407564576954E+0000	-2.73345115696400E-0003
 4.65973189668748E+0000	-2.15910711539758E-0003
 4.66547901756956E+0000	-1.48271408600202E-0003
 4.67134211606706E+0000	-7.09853280982488E-0004
 4.67735172966357E+0000	 1.48023380737041E-0004
 4.68354396898275E+0000	 1.06904165562039E-0003
 4.68995808603522E+0000	 2.01391202545324E-0003
 4.69662776117171E+0000	 2.91727721574361E-0003
 4.70356126041877E+0000	 3.68334244306119E-0003
 4.71071272047974E+0000	 4.20070273600170E-0003
 4.71796949884659E+0000	 4.38760152601753E-0003
 4.72518814602448E+0000	 4.23916169617223E-0003
 4.73225720569231E+0000	 3.82390794807181E-0003
 4.73912616209776E+0000	 3.23660282558346E-0003
 4.74579151975591E+0000	 2.55947974607449E-0003
 4.75227238671221E+0000	 1.85063090498935E-0003
 4.75859434718921E+0000	 1.14739998433295E-0003
 4.76478220778624E+0000	 4.72921802821745E-0004
 4.77085764578680E+0000	-1.58568988642762E-0004
 4.77683891842113E+0000	-7.38225278769293E-0004
 4.78274126290762E+0000	-1.26041657969941E-0003
 4.78857744388486E+0000	-1.72139389357012E-0003
 4.79435828082394E+0000	-2.11843678458333E-0003
 4.80009313784224E+0000	-2.44928026686926E-0003
 4.80579039882452E+0000	-2.71172888097164E-0003
 4.81145794103544E+0000	-2.90342805127430E-0003
 4.81710359770493E+0000	-3.02178441608251E-0003
 4.82273558715208E+0000	-3.06402316850842E-0003
 4.82836288959523E+0000	-3.02736129716375E-0003
 4.83399556631498E+0000	-2.90927535794529E-0003
 4.83964502759979E+0000	-2.70785528015139E-0003
 4.84532425639693E+0000	-2.42225799815079E-0003
 4.85104797832457E+0000	-2.05329973179130E-0003
 4.85683273151727E+0000	-1.60424614207035E-0003
 4.86269672591506E+0000	-1.08186416459028E-0003
 4.86865928565175E+0000	-4.97764603557413E-0004
 4.87473954951734E+0000	 1.30056265997442E-0004
 4.88095402658784E+0000	 7.75845121316136E-0004
 4.88731275092465E+0000	 1.40573003745511E-0003
 4.89381446540616E+0000	 1.97968529625606E-0003
 4.90044261814919E+0000	 2.45693765112943E-0003
 4.90716510806054E+0000	 2.80415370347846E-0003
 4.91393966315509E+0000	 3.00291739224264E-0003
 4.92072293438481E+0000	 3.05218432547146E-0003
 4.92747840853334E+0000	 2.96470226814616E-0003
 4.93417973474622E+0000	 2.76060826983459E-0003
 4.94080996530434E+0000	 2.46204081807444E-0003
 4.94735915638138E+0000	 2.09021583685254E-0003
 4.95382210472198E+0000	 1.66439217898358E-0003
 4.96019673751688E+0000	 1.20175453969751E-0003
 4.96648305431390E+0000	 7.17640662798271E-0004
 4.97268245335772E+0000	 2.25901703677624E-0004
 4.97879736673513E+0000	-2.60686348408364E-0004
 4.98483117563361E+0000	-7.30049231375809E-0004
 4.99078834305252E+0000	-1.17058827215980E-0003
 4.99667463914285E+0000	-1.57117229683209E-0003
 5.00249731839494E+0000	-1.92132951272680E-0003
 5.00826516191998E+0000	-2.21154663690686E-0003
 5.01398838092578E+0000	-2.43356981315359E-0003
 5.01967843485115E+0000	-2.58064312192691E-0003
 5.02534782880757E+0000	-2.64767635345600E-0003
 5.03100993288951E+0000	-2.63137330889103E-0003
 5.03667883237483E+0000	-2.53036699178977E-0003
 5.04236918659254E+0000	-2.34540422411703E-0003
 5.04809604918588E+0000	-2.07960653850901E-0003
 5.05387458318022E+0000	-1.73880913350919E-0003
 5.05971959201147E+0000	-1.33194269625043E-0003
 5.06564479081414E+0000	-8.71369823346368E-0004
 5.07166177947380E+0000	-3.73020885785953E-0004
 5.07777877496805E+0000	 1.43883441032627E-0004
 5.08399932281637E+0000	 6.57726909071661E-0004
 5.09032138057177E+0000	 1.14606208485203E-0003
 5.09673720403240E+0000	 1.58758571571098E-0003
 5.10323421359256E+0000	 1.96394899778348E-0003
 5.10979652289871E+0000	 2.26080514677907E-0003
 5.11640644606454E+0000	 2.46792736095537E-0003
 5.12304545223349E+0000	 2.57880731837155E-0003
 5.12969459005185E+0000	 2.59031510230098E-0003
 5.13633477406256E+0000	 2.50264613005117E-0003
 5.14294719624358E+0000	 2.31939368775790E-0003
 5.14951383856419E+0000	 2.04757777260814E-0003
 5.15601803111315E+0000	 1.69764283239266E-0003
 5.16244514832106E+0000	 1.28343935760184E-0003
 5.16878354601046E+0000	 8.22019257254765E-0004
 5.17502562183724E+0000	 3.32970531918320E-0004
 5.18116863288729E+0000	-1.62819022525301E-0004
 5.18721489690045E+0000	-6.44742544997765E-0004
 5.19317128002826E+0000	-1.09395943771645E-0003
 5.19904819440377E+0000	-1.49442642795640E-0003
 5.20485845586334E+0000	-1.83337220365471E-0003
 5.21061627324337E+0000	-2.10132911487196E-0003
 5.21633648683558E+0000	-2.29191409611677E-0003
 5.22203405199083E+0000	-2.40152570277767E-0003
 5.22772370381067E+0000	-2.42906121516187E-0003
 5.23341972484329E+0000	-2.37569865019704E-0003
 5.23913574725138E+0000	-2.24474604674248E-0003
 5.24488453990807E+0000	-2.04153303025971E-0003
 5.25067775412040E+0000	-1.77330306821494E-0003
 5.25652562901976E+0000	-1.44905755923562E-0003
 5.26243668895889E+0000	-1.07930837498743E-0003
 5.26841749487103E+0000	-6.75720243073634E-0004
 5.27447252476043E+0000	-2.50671252318479E-0004
 5.28060423544774E+0000	 1.83182464277621E-0004
 5.28681328826434E+0000	 6.13213914351965E-0004
 5.29309882457108E+0000	 1.02690197329698E-0003
 5.29945860779720E+0000	 1.41167537065715E-0003
 5.30588887350382E+0000	 1.75466336960664E-0003
 5.31238386355770E+0000	 2.04257982853921E-0003
 5.31893517430571E+0000	 2.26191753368702E-0003
 5.32553108061756E+0000	 2.39949730366785E-0003
 5.33215591261679E+0000	 2.44338907921413E-0003
 5.33878959788964E+0000	 2.38435783095211E-0003
 5.34540780366511E+0000	 2.21799063460060E-0003
 5.35198340881385E+0000	 1.94717880369041E-0003
 5.35848969201869E+0000	 1.58385822594273E-0003
 5.36490452055167E+0000	 1.14869209236180E-0003
 5.37121384747674E+0000	 6.68318414482407E-0004
 5.37741306605314E+0000	 1.71239356334368E-0004
 5.38350607495903E+0000	-3.15956399096711E-0004
 5.38950301597010E+0000	-7.70960247441267E-0004
 5.39541780713990E+0000	-1.17661300917750E-0003
 5.40126613352110E+0000	-1.52075684919892E-0003
 5.40706406618140E+0000	-1.79560593777116E-0003
 5.41282721379463E+0000	-1.99699687835836E-0003
 5.41857023885024E+0000	-2.12369352033964E-0003
 5.42430659306433E+0000	-2.17679854174166E-0003
 5.43004837579991E+0000	-2.15926358207169E-0003
 5.43580626551057E+0000	-2.07546921120878E-0003
 5.44158950876555E+0000	-1.93084814084956E-0003
 5.44740597290730E+0000	-1.73153969150521E-0003
 5.45326227595859E+0000	-1.48408458434924E-0003
 5.45916399958080E+0000	-1.19519033479060E-0003
 5.46511596861266E+0000	-8.71610187192973E-0004
 5.47112255099923E+0000	-5.20173978977325E-0004
 5.47718790768567E+0000	-1.47984745504663E-0004
 5.48331611646975E+0000	 2.37242420602005E-0004
 5.48951111239885E+0000	 6.26756390979128E-0004
 5.49577642091921E+0000	 1.01032866408014E-0003
 5.50211467973444E+0000	 1.37584084855715E-0003
 5.50852691058604E+0000	 1.70891989479484E-0003
 5.51501140703083E+0000	 1.99268961883483E-0003
 5.52156205613778E+0000	 2.20792692047584E-0003
 5.52816614556935E+0000	 2.33425259903825E-0003
 5.53480239440823E+0000	 2.35309531368066E-0003
 5.54144079418244E+0000	 2.25247850715764E-0003
 5.54804585784537E+0000	 2.03207048775502E-0003
 5.55458311596214E+0000	 1.70561680162628E-0003
 5.56102611691529E+0000	 1.29878045693512E-0003
 5.56736052720584E+0000	 8.43392874151381E-0004
 5.57358410205009E+0000	 3.71203497931954E-0004
 5.57970385201247E+0000	-9.04191538170140E-0005
 5.58573245724919E+0000	-5.20301288912700E-0004
 5.59168523821447E+0000	-9.03499561577507E-0004
 5.59757807146132E+0000	-1.23046248610220E-0003
 5.60342613813438E+0000	-1.49593234854964E-0003
 5.60924325950856E+0000	-1.69788637051631E-0003
 5.61504160854708E+0000	-1.83661961710326E-0003
 5.62083165904508E+0000	-1.91398399844200E-0003
 5.62662229285023E+0000	-1.93277243588922E-0003
 5.63242101989928E+0000	-1.89623957518533E-0003
 5.63823427897420E+0000	-1.80775980617037E-0003
 5.64406778637443E+0000	-1.67062903982935E-0003
 5.64992689321592E+0000	-1.48801366790287E-0003
 5.65581690821738E+0000	-1.26303824009345E-0003
 5.66174334825096E+0000	-9.98987834188959E-0004
 5.66771209495926E+0000	-6.99590912135599E-0004
 5.67372945644399E+0000	-3.69352303417736E-0004
 5.67980214630999E+0000	-1.39275516735175E-0005
 5.68593718229986E+0000	 3.59435417280987E-0004
 5.69214165687417E+0000	 7.41331178775899E-0004
 5.69842223506183E+0000	 1.11946426976517E-0003
 5.70478411600826E+0000	 1.47781790248154E-0003
 5.71122914544783E+0000	 1.79605914541100E-0003
 5.71775296559999E+0000	 2.04991218283093E-0003
 5.72434174633863E+0000	 2.21352179315848E-0003
 5.73097012012519E+0000	 2.26445427416872E-0003
 5.73760263711711E+0000	 2.19038292506366E-0003
 5.74419986909274E+0000	 1.99431345663936E-0003
 5.75072705895027E+0000	 1.69487964569548E-0003
 5.75716092616738E+0000	 1.32124962929917E-0003
 5.76349172373627E+0000	 9.05768802731316E-0004
 5.76972111028822E+0000	 4.77968692691446E-0004
 5.77585824248772E+0000	 6.14626209302445E-0005
 5.78191606040981E+0000	-3.26709535881325E-0004
 5.78790858404237E+0000	-6.75354527548263E-0004
 5.79384926007355E+0000	-9.77873085930363E-0004
 5.79975011679307E+0000	-1.23095718059702E-0003
 5.80562146923124E+0000	-1.43344456311881E-0003
 5.81147197807907E+0000	-1.58540266996974E-0003
 5.81730892316296E+0000	-1.68745807355494E-0003
 5.82313858833470E+0000	-1.74036439831420E-0003
 5.82896667652344E+0000	-1.74478662956640E-0003
 5.83479869175154E+0000	-1.70126559839456E-0003
 5.84064024581939E+0000	-1.61031460514723E-0003
 5.84649727260617E+0000	-1.47259559829105E-0003
 5.85237615896321E+0000	-1.28912981763274E-0003
 5.85828382075748E+0000	-1.06151891285634E-0003
 5.86422775759507E+0000	-7.92183960834346E-0004
 5.87021610379678E+0000	-4.84663799197564E-0004
 5.87625765295874E+0000	-1.44039802413519E-0004
 5.88236176867445E+0000	 2.22442558346519E-0004
 5.88853800973268E+0000	 6.04524405638383E-0004
 5.89479521289407E+0000	 9.87936314665041E-0004
 5.90113974183919E+0000	 1.35354939040127E-0003
 5.90757274289394E+0000	 1.67729809329249E-0003
 5.91408673202845E+0000	 1.93181431721003E-0003
 5.92066276979439E+0000	 2.09060475845033E-0003
 5.92727039577697E+0000	 2.13445193894969E-0003
 5.93387206054295E+0000	 2.05759962870820E-0003
 5.94043113670297E+0000	 1.87009585480313E-0003
 5.94691966353649E+0000	 1.59459591160287E-0003
 5.95332214093368E+0000	 1.25965978959372E-0003
 5.95963476867446E+0000	 8.93250087688041E-0004
 5.96586207370877E+0000	 5.18734027364395E-0004
 5.97201313234209E+0000	 1.53550821036377E-0004
 5.97809860331337E+0000	-1.90368353741755E-0004
 5.98412886700847E+0000	-5.05385486869995E-0004
 5.99011311781394E+0000	-7.86778433820264E-0004
 5.99605913770412E+0000	-1.03153248597395E-0003
 6.00197349211521E+0000	-1.23744252923778E-0003
 6.00786193418624E+0000	-1.40255762758533E-0003
 6.01372985417818E+0000	-1.52493235416058E-0003
 6.01958266542539E+0000	-1.60260882923892E-0003
 6.02542607371705E+0000	-1.63373782927428E-0003
 6.03126622637095E+0000	-1.61675481642649E-0003
 6.03710977298176E+0000	-1.55055217226103E-0003
 6.04296388696594E+0000	-1.43462454293556E-0003
 6.04883629408992E+0000	-1.26920116263378E-0003
 6.05473533328793E+0000	-1.05540903901085E-0003
 6.06067004095723E+0000	-7.95528052274823E-0004
 6.06665020732774E+0000	-4.93400235236847E-0004
 6.07268630492605E+0000	-1.55038069437660E-0004
 6.07878913546077E+0000	 2.10566909848185E-0004
 6.08496898912948E+0000	 5.90521594402535E-0004
 6.09123408938803E+0000	 9.67241719093413E-0004
 6.09758818908219E+0000	 1.31829159177393E-0003
 6.10402753865995E+0000	 1.61761415407793E-0003
 6.11053817281377E+0000	 1.83889391534674E-0003
 6.11709527241082E+0000	 1.96098536001161E-0003
 6.12366625394287E+0000	 1.97364406403621E-0003
 6.13021731465953E+0000	 1.88051832123110E-0003
 6.13672054431664E+0000	 1.69743740974169E-0003
 6.14315818722394E+0000	 1.44707192205650E-0003
 6.14952285348080E+0000	 1.15302916291623E-0003
 6.15581494654339E+0000	 8.35802812998469E-0004
 6.16203930269148E+0000	 5.11172431526052E-0004
 6.16820239658360E+0000	 1.90424162952215E-0004
 6.17431060238069E+0000	-1.18518999918279E-0004
 6.18036945841948E+0000	-4.09770776067443E-0004
 6.18638365753417E+0000	-6.78383982254500E-0004
 6.19235743521962E+0000	-9.19665674932563E-0004
 6.19829506776923E+0000	-1.12891184693588E-0003
 6.20420128292532E+0000	-1.30145663248075E-0003
 6.21008149363136E+0000	-1.43288760621028E-0003
 6.21594185788021E+0000	-1.51929398527275E-0003
 6.22178922365029E+0000	-1.55746397553834E-0003
 6.22763103484982E+0000	-1.54500490166147E-0003
 6.23347526132243E+0000	-1.48040697638155E-0003
 6.23933038635820E+0000	-1.36310034478117E-0003
 6.24520545046476E+0000	-1.19356496036519E-0003
 6.25111011766543E+0000	-9.73548326179625E-0004
 6.25705470169137E+0000	-7.06432512652895E-0004
 6.26305006039891E+0000	-3.97770667408398E-0004
 6.26910723283050E+0000	-5.59775323273560E-0005
 6.27523665742710E+0000	 3.06909870943883E-0004
