-1.40022410594702E-0003	-7.28166934032739E-0004
 4.61783512394365E-0003	-4.58132738038956E-0004
 1.06851333000130E-0002	-1.71005059972702E-0004
 1.68038626523893E-0002	 1.26017536699983E-0004
 2.29761326679805E-0002	 4.25547293785141E-0004
 2.92040010862102E-0002	 7.19287702934188E-0004
 3.54889255672721E-0002	 9.97284192822872E-0004
 4.18306258509135E-0002	 1.24753691279339E-0003
 4.82256080610562E-0002	 1.45636736607047E-0003
 5.46658684850274E-0002	 1.60974826432481E-0003
 6.11384191649111E-0002	 1.69542057419038E-0003
 6.76260753097028E-0002	 1.70516227563189E-0003
 7.41093902972510E-0002	 1.63636522787353E-0003
 8.05690515348490E-0002	 1.49238199994510E-0003
 8.69879232319895E-0002	 1.28174383510279E-0003
 9.33523089816029E-0002	 1.01680368778669E-0003
 9.96524990027980E-0002	 7.12334885611691E-0004
 1.05882876840988E-0001	 3.84315028950062E-0004
 1.12041784985410E-0001	 4.88925970586556E-0005
 1.18131212517091E-0001	-2.78507866941163E-0004
 1.24156317334458E-0001	-5.83934151423225E-0004
 1.30124819516140E-0001	-8.55469713800938E-0004
 1.36046332762263E-0001	-1.08359135171743E-0003
 1.41931701101564E-0001	-1.26133709759189E-0003
 1.47792383200248E-0001	-1.38432347255677E-0003
 1.53639897451498E-0001	-1.45065078555393E-0003
 1.59485324456028E-0001	-1.46071762883165E-0003
 1.65338866367759E-0001	-1.41694475563552E-0003
 1.71209482377428E-0001	-1.32339793850718E-0003
 1.77104646448522E-0001	-1.18530959501496E-0003
 1.83030291344677E-0001	-1.00853387618050E-0003
 1.88990992871150E-0001	-7.99022343216474E-0004
 1.94990396261504E-0001	-5.62455101267264E-0004
 2.01031797397314E-0001	-3.04172557137863E-0004
 2.07118695632889E-0001	-2.94997644798691E-0005
 2.13255078323319E-0001	 2.55560052914383E-0004
 2.19445215150116E-0001	 5.43430725048545E-0004
 2.25692840298141E-0001	 8.24163495027303E-0004
 2.31999771172189E-0001	 1.08510466099506E-0003
 2.38364240945341E-0001	 1.31138787350912E-0003
 2.44779469359750E-0001	 1.48743836239147E-0003
 2.51233127386467E-0001	 1.59929919821345E-0003
 2.57708155361629E-0001	 1.63711477548170E-0003
 2.64184819413693E-0001	 1.59687716874518E-0003
 2.70643279803197E-0001	 1.48085232254094E-0003
 2.77065795508898E-0001	 1.29677930847050E-0003
 2.83438087739659E-0001	 1.05642938398081E-0003
 2.89749910967695E-0001	 7.74109073667145E-0004
 2.95995127732344E-0001	 4.65384299293608E-0004
 3.02171531046632E-0001	 1.46040658986611E-0004
 3.08280516141064E-0001	-1.68782713708846E-0004
 3.14326623599317E-0001	-4.65314077057936E-0004
 3.20316971336006E-0001	-7.31712255271992E-0004
 3.26260614290341E-0001	-9.58453267526937E-0004
 3.32167880857693E-0001	-1.13853912768762E-0003
 3.38049726783187E-0001	-1.26754504237206E-0003
 3.43917131920817E-0001	-1.34352537060582E-0003
 3.49780557000991E-0001	-1.36679095669956E-0003
 3.55649483292601E-0001	-1.33956153325001E-0003
 3.61532075108141E-0001	-1.26549924710121E-0003
 3.67435022422089E-0001	-1.14915157225679E-0003
 3.73363621522779E-0001	-9.95373945172887E-0004
 3.79322118643019E-0001	-8.08850893636484E-0004
 3.85314269620082E-0001	-5.93861821820159E-0004
 3.91343976006249E-0001	-3.54414329402285E-0004
 3.97415784020492E-0001	-9.47836726200140E-0005
 4.03535015131478E-0001	 1.79626835629243E-0004
 4.09707347871614E-0001	 4.61313987967055E-0004
 4.15937778332076E-0001	 7.39897369789176E-0004
 4.22229045623701E-0001	 1.00189856348525E-0003
 4.28579828691189E-0001	 1.23142166784770E-0003
 4.34983275076163E-0001	 1.41190425927696E-0003
 4.41426557174084E-0001	 1.52870160510020E-0003
 4.47891923068147E-0001	 1.57175349906841E-0003
 4.54359065269152E-0001	 1.53735163438170E-0003
 4.60807962905836E-0001	 1.42839620533726E-0003
 4.67221208195366E-0001	 1.25329487782787E-0003
 4.73585291494704E-0001	 1.02421136905886E-0003
 4.79890932491681E-0001	 7.55370410437277E-0004
 4.86132859554642E-0001	 4.61764290367553E-0004
 4.92309400940312E-0001	 1.58260164022164E-0004
 4.98422063650644E-0001	-1.41039244773096E-0004
 5.04475120765432E-0001	-4.23310428588943E-0004
 5.10475166839498E-0001	-6.77450184660588E-0004
 5.16430610355894E-0001	-8.94432276327419E-0004
 5.22351105522063E-0001	-1.06754753970353E-0003
 5.28246950843481E-0001	-1.19250177382831E-0003
 5.34128492046906E-0001	-1.26735931007259E-0003
 5.40005570398218E-0001	-1.29232998305338E-0003
 5.45887063407325E-0001	-1.26940529838286E-0003
 5.51780574901929E-0001	-1.20186464354281E-0003
 5.57692337305411E-0001	-1.09370219295003E-0003
 5.63627375005006E-0001	-9.49068712227633E-0004
 5.69589929310122E-0001	-7.71863612753993E-0004
 5.75584063694751E-0001	-5.65622320098830E-0004
 5.81614279300933E-0001	-3.33797639499077E-0004
 5.87685916321847E-0001	-8.04334494066160E-0005
 5.93805124319736E-0001	 1.88893504016909E-0004
 5.99978250586738E-0001	 4.66097176140626E-0004
 6.06210605222257E-0001	 7.39887311821568E-0004
 6.12504721756148E-0001	 9.95724652870732E-0004
 6.18858467679217E-0001	 1.21677229846687E-0003
 6.25263634338869E-0001	 1.38598156290525E-0003
 6.31705758466552E-0001	 1.48898076930090E-0003
 6.38165620471309E-0001	 1.51687118031283E-0003
 6.44622103852072E-0001	 1.46783393221410E-0003
 6.51055368250207E-0001	 1.34694979368083E-0003
 6.57449200287745E-0001	 1.16454096845393E-0003
 6.63792012702904E-0001	 9.33953787454856E-0004
 6.70076706094651E-0001	 6.69642259866968E-0004
 6.76299972245502E-0001	 3.85933983334891E-0004
 6.82461547816274E-0001	 9.64077222539602E-0005
 6.88563660242895E-0001	-1.86390034464645E-0004
 6.94610668767008E-0001	-4.51139534521527E-0004
 7.00608787850896E-0001	-6.87977802425355E-0004
 7.06565778533564E-0001	-8.88767797884486E-0004
 7.12490549604010E-0001	-1.04734526325751E-0003
 7.18392671235035E-0001	-1.15967252629532E-0003
 7.24281842876542E-0001	-1.22384935341710E-0003
 7.30167374648448E-0001	-1.23995831443685E-0003
 7.36057748035962E-0001	-1.20974679095366E-0003
 7.41960324937399E-0001	-1.13617336159316E-0003
 7.47881270766163E-0001	-1.02288038927566E-0003
 7.53825733976535E-0001	-8.73697134584804E-0004
 7.59798268233808E-0001	-6.92312379914337E-0004
 7.65803399018007E-0001	-4.82253973350484E-0004
 7.71846153531118E-0001	-2.47254651150078E-0004
 7.77932330729451E-0001	 8.02222617564483E-0006
 7.84068307155725E-0001	 2.77043093638791E-0004
 7.90260246120562E-0001	 5.50501375545893E-0004
 7.96512693591871E-0001	 8.15785234784944E-0004
 8.02826723339538E-0001	 1.05720202740736E-0003
 8.09198061828416E-0001	 1.25730014704175E-0003
 8.15615914393289E-0001	 1.39935521509853E-0003
 8.22063284028839E-0001	 1.47052874028299E-0003
 8.28519126273962E-0001	 1.46461229379914E-0003
 8.34961774944539E-0001	 1.38317951349528E-0003
 8.41372330335764E-0001	 1.23468151500245E-0003
 8.47736784934694E-0001	 1.03208159070351E-0003
 8.54046487170544E-0001	 7.90197872080106E-0004
 8.60297386504566E-0001	 5.23696903243929E-0004
 8.66488825199790E-0001	 2.46054850231104E-0004
 8.72622476589097E-0001	-3.07086597355843E-0005
 8.78701684306346E-0001	-2.95916658113525E-0004
 8.84731169839275E-0001	-5.40081948395569E-0004
 8.90716934041375E-0001	-7.54894493192371E-0004
 8.96666169704638E-0001	-9.33368620145225E-0004
 9.02587070938369E-0001	-1.07007163612676E-0003
 9.08488510525975E-0001	-1.16132867297595E-0003
 9.14379619863029E-0001	-1.20531978923361E-0003
 9.20269337871896E-0001	-1.20202390551975E-0003
 9.26166005028397E-0001	-1.15300121825460E-0003
 9.32077078263983E-0001	-1.06103917395380E-0003
 9.38009033634057E-0001	-9.29723433843236E-0004
 9.43967495940074E-0001	-7.63035623021776E-0004
 9.49957576954258E-0001	-5.65109423045345E-0004
 9.55984322170881E-0001	-3.40269677867287E-0004
 9.62053089039566E-0001	-9.34183557275084E-0005
 9.68169643486163E-0001	 1.69273832456869E-0004
 9.74339784115888E-0001	 4.39530319821065E-0004
 9.80568381294966E-0001	 7.06254275257052E-0004
 9.86857852431901E-0001	 9.55292145899294E-0004
 9.93206309260136E-0001	 1.17006833133377E-0003
 9.99605912960461E-0001	 1.33338000609511E-0003
 1.00604223870831E+0000	 1.43026360472279E-0003
 1.01249538562022E+0000	 1.45120446163260E-0003
 1.01894291367075E+0000	 1.39443023554480E-0003
 1.02536367852223E+0000	 1.26619108927928E-0003
 1.03174105315895E+0000	 1.07891203586013E-0003
 1.03806443306287E+0000	 8.48192014449539E-0004
 1.04432894602543E+0000	 5.89967822965264E-0004
 1.05053407718451E+0000	 3.18687664166455E-0004
 1.05668207267793E+0000	 4.66268661976116E-0005
 1.06277670028455E+0000	-2.15987668155701E-0004
 1.06882256757128E+0000	-4.60505664199103E-0004
 1.07482492013159E+0000	-6.79405983054142E-0004
 1.08078970943846E+0000	-8.66071416663144E-0004
 1.08672371036677E+0000	-1.01481586422175E-0003
 1.09263453688501E+0000	-1.12108227804345E-0003
 1.09853049795494E+0000	-1.18168937420068E-0003
 1.10442031247067E+0000	-1.19502039549408E-0003
 1.11031274512601E+0000	-1.16108817012749E-0003
 1.11621624003044E+0000	-1.08145367514735E-0003
 1.12213862845838E+0000	-9.59013218533716E-0004
 1.12808697606369E+0000	-7.97706351851979E-0004
 1.13406760620892E+0000	-6.02233912191461E-0004
 1.14008628112470E+0000	-3.77900572675211E-0004
 1.14614844736051E+0000	-1.30686023555539E-0004
 1.15225938306142E+0000	 1.32411908387237E-0004
 1.15842405568211E+0000	 4.02822047106151E-0004
 1.16464652984856E+0000	 6.69810926844983E-0004
 1.17092886045609E+0000	 9.20145665761369E-0004
 1.17726957263921E+0000	 1.13836530585358E-0003
 1.18366207844016E+0000	 1.30799861918773E-0003
 1.19009366566274E+0000	 1.41385334016346E-0003
 1.19654582998903E+0000	 1.44501467271678E-0003
 1.20299641157179E+0000	 1.39757620945683E-0003
 1.20942315581974E+0000	 1.27586508470408E-0003
 1.21580742732642E+0000	 1.09146912980843E-0003
 1.22213664731121E+0000	 8.60497974542096E-0004
 1.22840479121064E+0000	 6.00332576088868E-0004
 1.23461129590477E+0000	 3.27060032853366E-0004
 1.24075924803884E+0000	 5.41323549317801E-0005
 1.24685364810965E+0000	-2.07854608223278E-0004
 1.25290019291797E+0000	-4.50682582397047E-0004
 1.25890468120915E+0000	-6.67784320689697E-0004
 1.26487292824181E+0000	-8.53607769202730E-0004
 1.27081097418612E+0000	-1.00325202160380E-0003
 1.27672536438147E+0000	-1.11240761116732E-0003
 1.28262333744664E+0000	-1.17752761337907E-0003
 1.28851284304011E+0000	-1.19610903704665E-0003
 1.29440238841529E+0000	-1.16696969391937E-0003
 1.30030076173456E+0000	-1.09044093947702E-0003
 1.30621670071495E+0000	-9.68438662165700E-0004
 1.31215857735102E+0000	-8.04413711128900E-0004
 1.31813415827761E+0000	-6.03219195938157E-0004
 1.32415047152608E+0000	-3.70964866520076E-0004
 1.33021375895616E+0000	-1.14945851800070E-0004
 1.33632942816939E+0000	 1.56285930782311E-0004
 1.34250186601986E+0000	 4.32706127723895E-0004
 1.34873397204609E+0000	 7.02558821174233E-0004
 1.35502633444941E+0000	 9.52259258442077E-0004
 1.36137610396480E+0000	 1.16673202720757E-0003
 1.36777581063992E+0000	 1.33044978299670E-0003
 1.37421258116916E+0000	 1.42929672509787E-0003
 1.38066834655593E+0000	 1.45305409185143E-0003
 1.38712149126466E+0000	 1.39784249201438E-0003
 1.39354984896397E+0000	 1.26753170586211E-0003
 1.39993419189858E+0000	 1.07333386774674E-0003
 1.40626095738250E+0000	 8.31599276492850E-0004
 1.41252331945527E+0000	 5.60703440864871E-0004
 1.41872057222620E+0000	 2.78189405058512E-0004
 1.42485647052448E+0000	-1.07013321342611E-0006
 1.43093732341187E+0000	-2.65542628993292E-0004
 1.43697040740804E+0000	-5.06807435460758E-0004
 1.44296295297035E+0000	-7.18835726619834E-0004
 1.44892171999661E+0000	-8.97146841067630E-0004
 1.45485303792590E+0000	-1.03810526834734E-0003
 1.46076312055234E+0000	-1.13850353686277E-0003
 1.46665845852084E+0000	-1.19546312660802E-0003
 1.47254613241944E+0000	-1.20659659584164E-0003
 1.47843395672844E+0000	-1.17032570449772E-0003
 1.48433043310139E+0000	-1.08624478516196E-0003
 1.49024454081507E+0000	-9.55442545784142E-0004
 1.49618541769230E+0000	-7.80731139227509E-0004
 1.50216199057186E+0000	-5.66767817830620E-0004
 1.50818260329341E+0000	-3.20087928720843E-0004
 1.51425466008858E+0000	-4.90924568067245E-0005
 1.52038425475363E+0000	 2.35966306767371E-0004
 1.52657570970476E+0000	 5.22998795887371E-0004
 1.53283094154454E+0000	 7.98172294905340E-0004
 1.53914863550213E+0000	 1.04625293708148E-0003
 1.54552334761386E+0000	 1.25139361014792E-0003
 1.55194480846653E+0000	 1.39848972172662E-0003
 1.55839779734510E+0000	 1.47504027209295E-0003
 1.56486292303640E+0000	 1.47320663456949E-0003
 1.57131845008004E+0000	 1.39153947850676E-0003
 1.57774295691414E+0000	 1.23576115324032E-0003
 1.58411821177282E+0000	 1.01817259617789E-0003
 1.59043143611440E+0000	 7.55723486668220E-0004
 1.59667631005834E+0000	 4.67324598886811E-0004
 1.60285259699983E+0000	 1.71236752774616E-0004
 1.60896477775178E+0000	-1.16807312359286E-0004
 1.61502029541312E+0000	-3.84506883265467E-0004
 1.62102791962439E+0000	-6.23039074997883E-0004
 1.62699652205976E+0000	-8.26530009761082E-0004
 1.63293436177270E+0000	-9.91251184742809E-0004
 1.63884885315344E+0000	-1.11479069650977E-0003
 1.64474671464465E+0000	-1.19538257546178E-0003
 1.65063435323819E+0000	-1.23150630815290E-0003
 1.65651832501512E+0000	-1.22179334155503E-0003
 1.66240572919792E+0000	-1.16520723935000E-0003
 1.66830443717916E+0000	-1.06141515712578E-0003
 1.67422311224476E+0000	-9.11250065968704E-0004
 1.68017102240160E+0000	-7.17172245375231E-0004
 1.68615767798968E+0000	-4.83663640446789E-0004
 1.69219233527418E+0000	-2.17518768745638E-0004
 1.69828339645421E+0000	 7.19785550026440E-0005
 1.70443770704144E+0000	 3.72996502269338E-0004
 1.71065971885023E+0000	 6.71250115815155E-0004
 1.71695049293067E+0000	 9.50362932679903E-0004
 1.72330661520162E+0000	 1.19269020160893E-0003
 1.72971929203744E+0000	 1.38078210246878E-0003
 1.73617407143032E+0000	 1.49945613842557E-0003
 1.74265160464033E+0000	 1.53809200930748E-0003
 1.74912953192541E+0000	 1.49249329894910E-0003
 1.75558511288069E+0000	 1.36571818758210E-0003
 1.76199794043086E+0000	 1.16765076942571E-0003
 1.76835212297107E+0000	 9.13501240433388E-0004
 1.77463756618855E+0000	 6.21665750131444E-0004
 1.78085025412719E+0000	 3.11433451010921E-0004
 1.78699165073061E+0000	 9.71788815495021E-0007
 1.79306750271839E+0000	-2.94115621250105E-0004
 1.79908638855745E+0000	-5.61549578560356E-0004
 1.80505831660861E+0000	-7.92513038732335E-0004
 1.81099357326286E+0000	-9.81321003330754E-0004
 1.81690191931030E+0000	-1.12480172753003E-0003
 1.82279216030046E+0000	-1.22155434635115E-0003
 1.82867207013133E+0000	-1.27122624820122E-0003
 1.83454860977434E+0000	-1.27393273304893E-0003
 1.84042834657113E+0000	-1.22991372412625E-0003
 1.84631795051419E+0000	-1.13947907973711E-0003
 1.85222463548430E+0000	-1.00323872963174E-0003
 1.85815643171747E+0000	-8.22561131790828E-0004
 1.86412221383179E+0000	-6.00168556063081E-0004
 1.87013145170942E+0000	-3.40766146629017E-0004
 1.87619368582717E+0000	-5.16087835656818E-0005
 1.88231774625462E+0000	 2.57075614681704E-0004
 1.88851073388557E+0000	 5.71881683451198E-0004
 1.89477677600593E+0000	 8.76341296460303E-0004
 1.90111559958095E+0000	 1.15152723096353E-0003
 1.90752110590152E+0000	 1.37738816438644E-0003
 1.91398039914412E+0000	 1.53499005195640E-0003
 1.92047394848133E+0000	 1.60946912309920E-0003
 1.92697739855174E+0000	 1.59290998677812E-0003
 1.93346482941922E+0000	 1.48602804276702E-0003
 1.93991244348035E+0000	 1.29793350784241E-0003
 1.94630144860683E+0000	 1.04419012346885E-0003
 1.95261947698493E+0000	 7.44085405597790E-0004
 1.95886065130658E+0000	 4.18035212623349E-0004
 1.96502480653646E+0000	 8.56015249794559E-0005
 1.97111634558472E+0000	-2.35812279002242E-0004
 1.97714301698427E+0000	-5.31706140276354E-0004
 1.98311475306670E+0000	-7.90802819826797E-0004
 1.98904263541524E+0000	-1.00504643056732E-0003
 1.99493802616459E+0000	-1.16935929473334E-0003
 2.00081189111709E+0000	-1.28122245605377E-0003
 2.00667433502619E+0000	-1.34013849110414E-0003
 2.01253436714605E+0000	-1.34703718938182E-0003
 2.01839990839481E+0000	-1.30369671810176E-0003
 2.02427803036340E+0000	-1.21226928240755E-0003
 2.03017537733094E+0000	-1.07500712024597E-0003
 2.03609867423540E+0000	-8.94267338506978E-0004
 2.04205518480395E+0000	-6.72828082456115E-0004
 2.04805297200224E+0000	-4.14484198330372E-0004
 2.05410083255684E+0000	-1.24826741098904E-0004
 2.06020781998276E+0000	 1.87937675641642E-0004
 2.06638232272509E+0000	 5.12301464866115E-0004
 2.07263071738954E+0000	 8.33097739377857E-0004
 2.07895567766947E+0000	 1.13168555563336E-0003
 2.08535432012305E+0000	 1.38692828889009E-0003
 2.09181656529801E+0000	 1.57721018017875E-0003
 2.09832438509371E+0000	 1.68354157270018E-0003
 2.10485276363024E+0000	 1.69325535593779E-0003
 2.11137278195680E+0000	 1.60307352008703E-0003
 2.11785615473960E+0000	 1.42012289667098E-0003
 2.12427957267320E+0000	 1.16033993742711E-0003
 2.13062731098597E+0000	 8.45076262152202E-0004
 2.13689166493676E+0000	 4.97423138073858E-0004
 2.14307183555000E+0000	 1.39408536502931E-0004
 2.14917221269723E+0000	-2.09598453406269E-0004
 2.15520073207301E+0000	-5.33519510488963E-0004
 2.16116757829044E+0000	-8.19638334137808E-0004
 2.16708423934190E+0000	-1.05842470039070E-0003
 2.17296281767896E+0000	-1.24327975674160E-0003
 2.17881550184502E+0000	-1.37026301435133E-0003
 2.18465413655373E+0000	-1.43780421278764E-0003
 2.19048986697851E+0000	-1.44638180220393E-0003
 2.19633286582826E+0000	-1.39815035397784E-0003
 2.20219217717065E+0000	-1.29651653643445E-0003
 2.20807572309324E+0000	-1.14569630327065E-0003
 2.21399050729087E+0000	-9.50329114025268E-0004
 2.21994300443843E+0000	-7.15262080431622E-0004
 2.22593964963316E+0000	-4.45623254789079E-0004
 2.23198726135645E+0000	-1.47258712530484E-0004
 2.23809317890017E+0000	 1.72487869703605E-0004
 2.24426489899847E+0000	 5.03799870376201E-0004
 2.25050906625514E+0000	 8.33487234771204E-0004
 2.25682980547280E+0000	 1.14452742557819E-0003
 2.26322657955868E+0000	 1.41645747048555E-0003
 2.26969201229952E+0000	 1.62697503201058E-0003
 2.27621039905286E+0000	 1.75488326953728E-0003
 2.28275780722310E+0000	 1.78402804981740E-0003
 2.28930444724256E+0000	 1.70717038768435E-0003
 2.29581911850074E+0000	 1.52824463360045E-0003
 2.30227433902054E+0000	 1.26184954946987E-0003
 2.30865025166315E+0000	 9.30152907819055E-0004
 2.31493614155684E+0000	 5.58647429773050E-0004
 2.32112972853627E+0000	 1.72383012086521E-0004
 2.32723523218503E+0000	-2.06447578943833E-0004
 2.33326121871278E+0000	-5.59551265104176E-0004
 2.33921881711789E+0000	-8.72635215835673E-0004
 2.34512047556152E+0000	-1.13504170616527E-0003
 2.35097919001315E+0000	-1.33925471159627E-0003
 2.35680805588152E+0000	-1.48045596669891E-0003
 2.36261999801779E+0000	-1.55619205004678E-0003
 2.36842757070916E+0000	-1.56614624907314E-0003
 2.37424276059415E+0000	-1.51197485187098E-0003
 2.38007676459033E+0000	-1.39715337531929E-0003
 2.38593975320535E+0000	-1.22677846317037E-0003
 2.39184066744731E+0000	-1.00728890622580E-0003
 2.39778712664196E+0000	-7.46111726012455E-0004
 2.40378552401092E+0000	-4.51307064739197E-0004
 2.40984133108774E+0000	-1.31358145527712E-0004
 2.41595951287796E+0000	 2.04717316127990E-0004
 2.42214480823385E+0000	 5.46824187529104E-0004
 2.42840153276299E+0000	 8.82888239987391E-0004
 2.43473260048206E+0000	 1.19792527877853E-0003
 2.44113768532498E+0000	 1.47364441990876E-0003
 2.44761084614133E+0000	 1.68923009388116E-0003
 2.45413842225345E+0000	 1.82373038703500E-0003
 2.46069832983963E+0000	 1.85987147815216E-0003
 2.46726169518195E+0000	 1.78825817371588E-0003
 2.47379685363428E+0000	 1.61031792311485E-0003
 2.48027449929443E+0000	 1.33862645702065E-0003
 2.48667209709512E+0000	 9.94471777657856E-0004
 2.49297616130890E+0000	 6.03823725797578E-0004
 2.49918221589129E+0000	 1.93314239212796E-0004
 2.50529320598348E+0000	-2.12684687603649E-0004
 2.51131735340785E+0000	-5.93612402929263E-0004
 2.51726616378902E+0000	-9.33170936224537E-0004
 2.52315290240950E+0000	-1.21911200553298E-0003
 2.52899157973892E+0000	-1.44273387496678E-0003
 2.53479635463804E+0000	-1.59833335857836E-0003
 2.54058122553510E+0000	-1.68274402420057E-0003
 2.54635988701728E+0000	-1.69501351109668E-0003
 2.55214565035766E+0000	-1.63622509452314E-0003
 2.55795134832852E+0000	-1.50943868432025E-0003
 2.56378916570887E+0000	-1.31970366262442E-0003
 2.56967036271936E+0000	-1.07407522599072E-0003
 2.57560489770243E+0000	-7.81550856044513E-0004
 2.58160101175177E+0000	-4.52849582482973E-0004
 2.58766489795238E+0000	-1.00007766020373E-0004
 2.59380059734165E+0000	 2.64126155767779E-0004
 2.60001017982436E+0000	 6.26285459506519E-0004
 2.60629405861439E+0000	 9.72810140002646E-0004
 2.61265104557611E+0000	 1.28920851163815E-0003
 2.61907768835053E+0000	 1.55954011532576E-0003
 2.62556671970171E+0000	 1.76631060892165E-0003
 2.63210507733257E+0000	 1.89167623257209E-0003
 2.63867261078675E+0000	 1.92028931591056E-0003
 2.64524274190635E+0000	 1.84312041840170E-0003
 2.65178557161219E+0000	 1.66065329903845E-0003
 2.65827253278100E+0000	 1.38383458173670E-0003
 2.66468074890678E+0000	 1.03230813995208E-0003
 2.67099557158041E+0000	 6.30884631195397E-0004
 2.67721093994190E+0000	 2.05776028037404E-0004
 2.68332819206048E+0000	-2.18300226819648E-0004
 2.68935423133283E+0000	-6.19811447518710E-0004
 2.69529971432002E+0000	-9.81085039881803E-0004
 2.70117757911677E+0000	-1.28832954032076E-0003
 2.70700198767938E+0000	-1.53132198851149E-0003
 2.71278763540511E+0000	-1.70298176519507E-0003
 2.71854934143572E+0000	-1.79896176049843E-0003
 2.72430183033656E+0000	-1.81732681333131E-0003
 2.73005962455458E+0000	-1.75835237544239E-0003
 2.73583697533327E+0000	-1.62445407806664E-0003
 2.74164776308968E+0000	-1.42024203147167E-0003
 2.74750529741892E+0000	-1.15267335453072E-0003
 2.75342194878000E+0000	-8.31244721331137E-0004
 2.75940856375153E+0000	-4.68120894820355E-0004
 2.76547367564647E+0000	-7.80479376927733E-0005
 2.77162263571042E+0000	 3.22107851194700E-0004
 2.77785692384502E+0000	 7.14257510189772E-0004
 2.78417393641916E+0000	 1.08025649917228E-0003
 2.79056734834624E+0000	 1.40292934951813E-0003
 2.79702773109388E+0000	 1.66655176547716E-0003
 2.80354281593985E+0000	 1.85682949974191E-0003
 2.81009703770471E+0000	 1.96101603339879E-0003
 2.81667076128967E+0000	 1.96897421011341E-0003
 2.82324026879684E+0000	 1.87535310492795E-0003
 2.82977943917340E+0000	 1.68199175909512E-0003
 2.83626299491020E+0000	 1.39910747151992E-0003
 2.84267006189821E+0000	 1.04439911616935E-0003
 2.84898659791572E+0000	 6.40435081078506E-0004
 2.85520605383568E+0000	 2.11511119628090E-0004
 2.86132859502728E+0000	-2.18948176337229E-0004
 2.86735963342291E+0000	-6.29998411324223E-0004
 2.87330830305211E+0000	-1.00388689002953E-0003
 2.87918620297903E+0000	-1.32617461662187E-0003
 2.88500648646775E+0000	-1.58556079416357E-0003
 2.89078325442771E+0000	-1.77360662746123E-0003
 2.89653117679334E+0000	-1.88446882149814E-0003
 2.90226526868813E+0000	-1.91469900473512E-0003
 2.90800075954536E+0000	-1.86313749254594E-0003
 2.91375300071743E+0000	-1.73091675663342E-0003
 2.91953735703560E+0000	-1.52158243420520E-0003
 2.92536901966551E+0000	-1.24133051292352E-0003
 2.93126266244826E+0000	-8.99340464113694E-0004
 2.93723184762884E+0000	-5.08144447086593E-0004
 2.94328808820805E+0000	-8.39003000715105E-0005
 2.94943953366370E+0000	 3.53667151204124E-0004
 2.95568941738440E+0000	 7.81975427472810E-0004
 2.96203469163844E+0000	 1.17719603231607E-0003
 2.96846551184002E+0000	 1.51665403451885E-0003
 2.97496606732034E+0000	 1.78132050373478E-0003
 2.98151653299018E+0000	 1.95741909563303E-0003
 2.98809516089607E+0000	 2.03669333528655E-0003
 2.99467959692097E+0000	 2.01588360525156E-0003
 3.00124743168454E+0000	 1.89639923521355E-0003
 3.00777678477334E+0000	 1.68457893300799E-0003
 3.01424757026639E+0000	 1.39201679416521E-0003
 3.02064327407047E+0000	 1.03515502345859E-0003
 3.02695248309916E+0000	 6.33872296785777E-0004
 3.03316952849434E+0000	 2.09494104092354E-0004
 3.03929415575059E+0000	-2.17094015019589E-0004
 3.04533057355889E+0000	-6.26774381876775E-0004
 3.05128632848917E+0000	-1.00287788733921E-0003
 3.05717131367142E+0000	-1.33136992402734E-0003
 3.06299703586963E+0000	-1.60075858822355E-0003
 3.06877613985913E+0000	-1.80190290285810E-0003
 3.07452213432584E+0000	-1.92783284978986E-0003
 3.08024925371140E+0000	-1.97364043367373E-0003
 3.08597239801143E+0000	-1.93647102771981E-0003
 3.09170710025424E+0000	-1.81563163939124E-0003
 3.09746947135450E+0000	-1.61282863996926E-0003
 3.10327606171246E+0000	-1.33254349196127E-0003
 3.10914355828208E+0000	-9.82542793053165E-0004
 3.11508820728685E+0000	-5.74487981638280E-0004
 3.12112482567307E+0000	-1.24544827432621E-0004
 3.12726526692825E+0000	 3.46225254806858E-0004
 3.13351630442809E+0000	 8.12082538138335E-0004
 3.13987718908431E+0000	 1.24397592713884E-0003
 3.14633766173390E+0000	 1.61249202449690E-0003
 3.15287766269732E+0000	 1.89213498345406E-0003
 3.15946966990694E+0000	 2.06554168598458E-0003
 3.16608314889467E+0000	 2.12567134911146E-0003
 3.17268910222966E+0000	 2.07506746033404E-0003
 3.17926283621271E+0000	 1.92321104607715E-0003
 3.18578467097351E+0000	 1.68379550108333E-0003
 3.19223959512015E+0000	 1.37294448316942E-0003
 3.19861685051246E+0000	 1.00824605276139E-0003
 3.20490974546264E+0000	 6.08054039489123E-0004
 3.21111551435061E+0000	 1.90741670995528E-0004
 3.21723500710008E+0000	-2.26065698337424E-0004
 3.22327217100805E+0000	-6.26118237985845E-0004
 3.22923343024214E+0000	-9.94924406003188E-0004
 3.23512709766355E+0000	-1.31989081933614E-0003
 3.24096290978740E+0000	-1.59029161862902E-0003
 3.24675171702299E+0000	-1.79715796729646E-0003
 3.25250531923283E+0000	-1.93316485371505E-0003
 3.25823641619587E+0000	-1.99257014166583E-0003
 3.26395863643636E+0000	-1.97124316801958E-0003
 3.26968660647167E+0000	-1.86681128663389E-0003
 3.27543601779549E+0000	-1.67895119980957E-0003
 3.28122363475544E+0000	-1.40985303446771E-0003
 3.28706715838988E+0000	-1.06488112148528E-0003
 3.29298481714451E+0000	-6.53433660709066E-0004
 3.29899449974399E+0000	-1.89943535804112E-0004
 3.30511220067140E+0000	 3.05164509841418E-0004
 3.31134957621815E+0000	 8.04966358999287E-0004
 3.31771063436019E+0000	 1.27668134977604E-0003
 3.32418816800313E+0000	 1.68435289897185E-0003
 3.33076146426549E+0000	 1.99407077221011E-0003
 3.33739739390050E+0000	 2.18079732408613E-0003
 3.34405588733071E+0000	 2.23391492605964E-0003
 3.35069790272018E+0000	 2.15834952414390E-0003
 3.35729197009674E+0000	 1.97083035448293E-0003
 3.36381674415454E+0000	 1.69401544950852E-0003
 3.37026005997129E+0000	 1.35160706566054E-0003
 3.37661654106566E+0000	 9.65691941145911E-0004
 3.38288534560368E+0000	 5.55864772513703E-0004
 3.38906860064555E+0000	 1.39245213393619E-0004
 3.39517045132022E+0000	-2.69228169354601E-0004
 3.40119649938892E+0000	-6.56489378137682E-0004
 3.40715346245713E+0000	-1.01108571947650E-0003
 3.41304896680816E+0000	-1.32296689937196E-0003
 3.41889143549397E+0000	-1.58331629353898E-0003
 3.42469005269043E+0000	-1.78442606897489E-0003
 3.43045479111010E+0000	-1.91962342098463E-0003
 3.43619649143660E+0000	-1.98325809185307E-0003
 3.44192698418023E+0000	-1.97076490839498E-0003
 3.44765924372959E+0000	-1.87882175570370E-0003
 3.45340755851405E+0000	-1.70563378169759E-0003
 3.45918768575862E+0000	-1.45138752190648E-0003
 3.46501692833293E+0000	-1.11893025657446E-0003
 3.47091401689013E+0000	-7.14730819070666E-0004
 3.47689859605383E+0000	-2.50147110064814E-0004
 3.48299000430415E+0000	 2.57078326128710E-0004
 3.48920495054283E+0000	 7.81412959269250E-0004
 3.49555376769703E+0000	 1.28896344774233E-0003
 3.50203543898715E+0000	 1.73900431926437E-0003
 3.50863280454110E+0000	 2.08900150625884E-0003
 3.51531089621212E+0000	 2.30331408011382E-0003
 3.52202146110219E+0000	 2.36278606632432E-0003
 3.52871345090923E+0000	 2.26990714419744E-0003
 3.53534440448534E+0000	 2.04606160610679E-0003
 3.54188682264175E+0000	 1.72304058899560E-0003
 3.54832804137082E+0000	 1.33428121874089E-0003
 3.55466633896267E+0000	 9.09432312865159E-0004
 3.56090651745915E+0000	 4.72454989802224E-0004
 3.56705657833575E+0000	 4.18536897346802E-0005
 3.57312571219345E+0000	-3.68276150960223E-0004
 3.57912326762170E+0000	-7.47104808502438E-0004
 3.58505832369514E+0000	-1.08610049176977E-0003
 3.59093960487298E+0000	-1.37829150316973E-0003
 3.59677558517926E+0000	-1.61773998364953E-0003
 3.60257469564300E+0000	-1.79919623610127E-0003
 3.60834558450652E+0000	-1.91790674083976E-0003
 3.61409739892155E+0000	-1.96955470978767E-0003
 3.61984006970067E+0000	-1.95031762466471E-0003
 3.62558459076946E+0000	-1.85703450433010E-0003
 3.63134329099005E+0000	-1.68748967421083E-0003
 3.63713009346196E+0000	-1.44084090434486E-0003
 3.64296073908065E+0000	-1.11824678188753E-0003
 3.64885290646114E+0000	-7.23775708698147E-0004
 3.65482607436008E+0000	-2.65691890677438E-0004
 3.66090083001152E+0000	 2.41825164027420E-0004
 3.66709713354386E+0000	 7.76640927300792E-0004
 3.67343089950842E+0000	 1.30684795561072E-0003
 3.67990846014475E+0000	 1.79048895778928E-0003
 3.68651960401453E+0000	 2.17897324834074E-0003
 3.69323223235022E+0000	 2.42601283407666E-0003
 3.69999369518980E+0000	 2.50070193676001E-0003
 3.70674171403646E+0000	 2.39822854525184E-0003
 3.71342050121785E+0000	 2.14069105660761E-0003
 3.71999268146003E+0000	 1.76747846337614E-0003
 3.72644172494422E+0000	 1.32237771587733E-0003
 3.73276729618649E+0000	 8.44405962592447E-0004
 3.73897869152625E+0000	 3.64126611471987E-0004
 3.74508956828977E+0000	-9.63250203666392E-0005
 3.75111469259009E+0000	-5.21673574587958E-0004
 3.75706827461430E+0000	-9.01686761945094E-0004
 3.76296328218005E+0000	-1.22961823596598E-0003
 3.76881128815191E+0000	-1.50101263128060E-0003
 3.77462259537110E+0000	-1.71283060197110E-0003
 3.78040650871521E+0000	-1.86282785752536E-0003
 3.78617169078477E+0000	-1.94913835282332E-0003
 3.79192656680656E+0000	-1.97003304312992E-0003
 3.79767975416355E+0000	-1.92384055382607E-0003
 3.80344049489886E+0000	-1.80902404012318E-0003
 3.80921907215869E+0000	-1.62441374828287E-0003
 3.81502719462302E+0000	-1.36960370197191E-0003
 3.82087833121664E+0000	-1.04553940035587E-0003
 3.82678795981206E+0000	-6.55353908805002E-0004
 3.83277363840402E+0000	-2.05546518605497E-0004
 3.83885468739388E+0000	 2.92383516026758E-0004
 3.84505106076832E+0000	 8.19802711643364E-0004
 3.85138070517505E+0000	 1.34855882064674E-0003
 3.85785457157882E+0000	 1.83933365705912E-0003
 3.86446908096384E+0000	 2.24293610661503E-0003
 3.87119816107670E+0000	 2.50751889356834E-0003
 3.87799050497086E+0000	 2.59257182220256E-0003
 3.88477809148446E+0000	 2.48413557658257E-0003
 3.89149451162623E+0000	 2.20077023584607E-0003
 3.89809217773927E+0000	 1.78538263321626E-0003
 3.90454869356861E+0000	 1.28962311450555E-0003
 3.91086278930470E+0000	 7.61003019437088E-0004
 3.91704627918632E+0000	 2.36920966487298E-0004
 3.92311704360312E+0000	-2.55968307728043E-0004
 3.92909456396907E+0000	-6.99961662805924E-0004
 3.93499761380440E+0000	-1.08401847347625E-0003
 3.94084329182127E+0000	-1.40177723444171E-0003
 3.94664676317906E+0000	-1.65005536203979E-0003
 3.95242133543045E+0000	-1.82777117318282E-0003
 3.95817868381991E+0000	-1.93517641048580E-0003
 3.96392914946485E+0000	-1.97330653392300E-0003
 3.96968208783708E+0000	-1.94359235745115E-0003
 3.97544626510643E+0000	-1.84761137390169E-0003
 3.98123030000397E+0000	-1.68698395611747E-0003
 3.98704313779060E+0000	-1.46343673786531E-0003
 3.99289452711020E+0000	-1.17906365197752E-0003
 3.99879545384211E+0000	-8.36818057144378E-0004
 4.00475846714475E+0000	-4.41273413933692E-0004
 4.01079780049285E+0000	 2.99722262242031E-0007
 4.01692911939534E+0000	 4.76482436473438E-0004
 4.02316858153110E+0000	 9.69854925877882E-0004
 4.02953066090243E+0000	 1.45490190310320E-0003
 4.03602399022394E+0000	 1.89638519991459E-0003
 4.04264480898030E+0000	 2.24995585826018E-0003
 4.04936938726214E+0000	 2.46779164375468E-0003
 4.05615016250750E+0000	 2.51085624053478E-0003
 4.06292186295387E+0000	 2.36385951571482E-0003
 4.06961812549467E+0000	 2.04312249932728E-0003
 4.07618925515518E+0000	 1.59078225385478E-0003
 4.08261054013844E+0000	 1.06001570590528E-0003
 4.08887966954701E+0000	 5.01376275955913E-0004
 4.09500903276245E+0000	-4.43661739038376E-0005
 4.10101834478175E+0000	-5.47637144491586E-0004
 4.10692969113080E+0000	-9.88554258116480E-0004
 4.11276486064241E+0000	-1.35464553665611E-0003
 4.11854418653083E+0000	-1.63878612490677E-0003
 4.12428620894591E+0000	-1.83763687116448E-0003
 4.13000772033687E+0000	-1.95056200884825E-0003
 4.13572395520769E+0000	-1.97891400183024E-0003
 4.14144881170498E+0000	-1.92557181212312E-0003
 4.14719506425934E+0000	-1.79464451634010E-0003
 4.15297456549312E+0000	-1.59128407906241E-0003
 4.15879845418063E+0000	-1.32158426561067E-0003
 4.16467738812108E+0000	-9.92576920408591E-0004
 4.17062180443952E+0000	-6.12370625122760E-0004
 4.17664217060976E+0000	-1.90503810906356E-0004
 4.18274912454366E+0000	 2.61407983716766E-0004
 4.18895331475868E+0000	 7.28681459951008E-0004
 4.19526465443641E+0000	 1.19227306151067E-0003
 4.20169061886632E+0000	 1.62740576230652E-0003
 4.20823319458234E+0000	 2.00265604127608E-0003
 4.21488429690682E+0000	 2.28057437897087E-0003
 4.22162034832112E+0000	 2.42154007046565E-0003
 4.22839869785620E+0000	 2.39233230019360E-0003
 4.23516048890097E+0000	 2.17801704842309E-0003
 4.24184248713265E+0000	 1.79075562775890E-0003
 4.24839298901298E+0000	 1.26838684712451E-0003
 4.25478233887589E+0000	 6.63148486163059E-0004
 4.26100357685935E+0000	 2.83323313715740E-0005
 4.26706648000751E+0000	-5.90445842866233E-0004
 4.27299034217528E+0000	-1.15824203374309E-0003
 4.27879847560823E+0000	-1.65015892471945E-0003
 4.28451495758398E+0000	-2.04933525513236E-0003
 4.29016308734406E+0000	-2.34483271817805E-0003
 4.29576489076497E+0000	-2.52991860177637E-0003
 4.30134118915412E+0000	-2.60084188792876E-0003
 4.30691194200133E+0000	-2.55605423437429E-0003
 4.31249670656106E+0000	-2.39580043410743E-0003
 4.31811513272153E+0000	-2.12202095929613E-0003
 4.32378744696478E+0000	-1.73854039419178E-0003
 4.32953488677785E+0000	-1.25154956189931E-0003
 4.33538003056716E+0000	-6.70424088311275E-0004
 4.34134692201233E+0000	-8.95769514253726E-0006
 4.34746079228420E+0000	 7.12881473744628E-0004
 4.35374699903248E+0000	 1.46656827823323E-0003
 4.36022847138167E+0000	 2.21204931805829E-0003
 4.36692047997353E+0000	 2.89477025172852E-0003
 4.37382135004609E+0000	 3.44476355128807E-0003
 4.38089937101209E+0000	 3.78241348013316E-0003
 4.38808198844723E+0000	 3.83642681243544E-0003
 4.39526050172733E+0000	 3.57179346717777E-0003
 4.40231779984953E+0000	 3.00992080428587E-0003
 4.40916415806250E+0000	 2.22208009851035E-0003
 4.41575599501929E+0000	 1.30120098800317E-0003
 4.42209099372857E+0000	 3.34336543830405E-0004
 4.42819210163973E+0000	-6.10813788007716E-0004
 4.43409301472249E+0000	-1.48717207151209E-0003
 4.43982937841714E+0000	-2.26415048053776E-0003
 4.44543475041700E+0000	-2.92272669793173E-0003
 4.45093932761980E+0000	-3.45146732724116E-0003
 4.45636998855097E+0000	-3.84375069788505E-0003
 4.46175086620743E+0000	-4.09596155434592E-0003
 4.46710408957963E+0000	-4.20637648622738E-0003
 4.47245055100575E+0000	-4.17452655096689E-0003
 4.47781065742484E+0000	-4.00090445891054E-0003
 4.48320506436118E+0000	-3.68695224789869E-0003
 4.48865540069967E+0000	-3.23532234701204E-0003
 4.49418497939360E+0000	-2.65045694865710E-0003
 4.49981945020232E+0000	-1.93958269770158E-0003
 4.50558726934741E+0000	-1.11426754977531E-0003
 4.51151970966607E+0000	-1.92713769008076E-0004
 4.51764988089549E+0000	 7.97094800925902E-0004
 4.52400986994411E+0000	 1.81354537868085E-0003
 4.53062477032060E+0000	 2.79772346205593E-0003
 4.53750251462939E+0000	 3.67221176395978E-0003
 4.54462014713022E+0000	 4.34660665300103E-0003
 4.55191188978887E+0000	 4.73456273726399E-0003
 4.55927060366890E+0000	 4.78147446115986E-0003
 4.56657188204876E+0000	 4.48811100070656E-0003
 4.57371037236499E+0000	 3.90999578704687E-0003
 4.58062307204500E+0000	 3.13264759066744E-0003
 4.58728930257642E+0000	 2.24370971324976E-0003
 4.59371779485261E+0000	 1.31686168968307E-0003
 4.59993303015226E+0000	 4.07378224223554E-0004
 4.60596565722212E+0000	-4.46158629588853E-0004
 4.61184706653095E+0000	-1.21819067690061E-0003
 4.61760683305138E+0000	-1.89258800909856E-0003
 4.62327180522533E+0000	-2.45980289580083E-0003
 4.62886601859343E+0000	-2.91483189596587E-0003
 4.63441096434898E+0000	-3.25583834990834E-0003
 4.63992597060116E+0000	-3.48325942587100E-0003
 4.64542858105029E+0000	-3.59925220259644E-0003
 4.65093488007995E+0000	-3.60737216162727E-0003
 4.65645974320956E+0000	-3.51240888735037E-0003
 4.66201700464482E+0000	-3.32032461091568E-0003
 4.66761953953503E+0000	-3.03825243984684E-0003
 4.67327926432544E+0000	-2.67451513665422E-0003
 4.67900706942480E+0000	-2.23862647900140E-0003
 4.68481271691599E+0000	-1.74124312574091E-0003
 4.69070475855765E+0000	-1.19405624382545E-0003
 4.69669054093789E+0000	-6.09657583385722E-0004
 4.70277633965668E+0000	-1.47865429672364E-0006
 4.70896758119178E+0000	 6.16047438711748E-0004
 4.71526897798461E+0000	 1.22696521044117E-0003
 4.72168426891954E+0000	 1.81289774027839E-0003
 4.72821519368103E+0000	 2.35197329430954E-0003
 4.73485940760771E+0000	 2.81808353427553E-0003
 4.74160735558872E+0000	 3.18128952449415E-0003
 4.74843874554293E+0000	 3.41031902614036E-0003
 4.75532008783113E+0000	 3.47772943645843E-0003
 4.76220539352206E+0000	 3.36719136118534E-0003
 4.76904180145452E+0000	 3.08049754133626E-0003
 4.77577961222713E+0000	 2.64032498749467E-0003
 4.78238255688861E+0000	 2.08600587055587E-0003
 4.78883307543630E+0000	 1.46413879606037E-0003
 4.79513103719671E+0000	 8.19176219058417E-0004
 4.80128855454379E+0000	 1.87707786339004E-0004
 4.80732433796049E+0000	-4.03248308467677E-0004
 4.81325943215069E+0000	-9.35477008562759E-0004
 4.81911461204105E+0000	-1.39784600035459E-0003
 4.82490904107032E+0000	-1.78451182494559E-0003
 4.83065971491197E+0000	-2.09339608782660E-0003
 4.83638134065007E+0000	-2.32499474610038E-0003
 4.84208644082169E+0000	-2.48147698949377E-0003
 4.84778557030673E+0000	-2.56600784139660E-0003
 4.85348759299108E+0000	-2.58223782329196E-0003
 4.85919999723504E+0000	-2.53392081435913E-0003
 4.86492924471011E+0000	-2.42463967866222E-0003
 4.87068115161111E+0000	-2.25763603072148E-0003
 4.87646129693942E+0000	-2.03575403551868E-0003
 4.88227544145348E+0000	-1.76151564184315E-0003
 4.88812992718240E+0000	-1.43734339443647E-0003
 4.89403201761892E+0000	-1.06593774823636E-0003
 4.89999013735131E+0000	-6.50805612018391E-0004
 4.90601397277605E+0000	-1.96935972708209E-0004
 4.91211438733485E+0000	 2.88368821724748E-0004
 4.91830306515539E+0000	 7.94482667386837E-0004
 4.92459171191208E+0000	 1.30625698205967E-0003
 4.93099051417743E+0000	 1.80272194492474E-0003
 4.93750543630832E+0000	 2.25604661581435E-0003
 4.94413400698327E+0000	 2.63167191343165E-0003
 4.95085999706016E+0000	 2.89127526582710E-0003
 4.95764931832637E+0000	 3.00023763615726E-0003
 4.96445155150184E+0000	 2.93874098535034E-0003
 4.97120997731453E+0000	 2.71079370524200E-0003
 4.97787619706925E+0000	 2.34416654531315E-0003
 4.98442053502929E+0000	 1.88079086463140E-0003
 4.99083341419783E+0000	 1.36451040038914E-0003
 4.99712023466244E+0000	 8.32705149695004E-0004
 5.00329471033025E+0000	 3.13237852840602E-0004
 5.00937362926157E+0000	-1.75074777363916E-0004
 5.01537367112655E+0000	-6.20550758162700E-0004
 5.02130985015606E+0000	-1.01653643980162E-0003
 5.02719498507758E+0000	-1.35961457450181E-0003
 5.03303974051505E+0000	-1.64824838494438E-0003
 5.03885295336497E+0000	-1.88183042136937E-0003
 5.04464207831220E+0000	-2.06006328698241E-0003
 5.05041365992712E+0000	-2.18259925810693E-0003
 5.05617378051818E+0000	-2.24887733016658E-0003
 5.06192845637474E+0000	-2.25810835833025E-0003
 5.06768396891430E+0000	-2.20936855102496E-0003
 5.07344712732369E+0000	-2.10176868832664E-0003
 5.07922546913528E+0000	-1.93467365627196E-0003
 5.08502741487660E+0000	-1.70795857187020E-0003
 5.09086239799197E+0000	-1.42230725484934E-0003
 5.09674098432880E+0000	-1.07958510160307E-0003
 5.10267496993565E+0000	-6.83345543984757E-0004
 5.10867739720534E+0000	-2.39548230943422E-0004
 5.11476235229551E+0000	 2.42434242219401E-0004
 5.12094429283626E+0000	 7.48490802986292E-0004
 5.12723650745648E+0000	 1.25824970167760E-0003
 5.13364820657155E+0000	 1.74384981095051E-0003
 5.14017996775100E+0000	 2.17015230320412E-0003
 5.14681831982326E+0000	 2.49817331246838E-0003
 5.15353227765182E+0000	 2.69295779669569E-0003
 5.16027591997897E+0000	 2.73403381983375E-0003
 5.16699838963796E+0000	 2.62261991180277E-0003
 5.17365656840730E+0000	 2.38030319309643E-0003
 5.18022309931428E+0000	 2.04029725040299E-0003
 5.18668687216036E+0000	 1.63742283395734E-0003
 5.19304863007535E+0000	 1.20162390684859E-0003
 5.19931563595503E+0000	 7.55765474581445E-0004
 5.20549761271794E+0000	 3.16171338884086E-0004
 5.21160439823393E+0000	-1.05765411253835E-0004
 5.21764493939718E+0000	-5.01907921169424E-0004
 5.22362710255144E+0000	-8.66057450126751E-0004
 5.22955788531475E+0000	-1.19307631488169E-0003
 5.23544376425841E+0000	-1.47838949466860E-0003
 5.24129103422488E+0000	-1.71775820424674E-0003
 5.24710607787134E+0000	-1.90722238477759E-0003
 5.25289555445645E+0000	-2.04313165742338E-0003
 5.25866652397158E+0000	-2.12221126043481E-0003
 5.26442653492039E+0000	-2.14163475576689E-0003
 5.27018370695182E+0000	-2.09909807282050E-0003
 5.27594683475000E+0000	-1.99291041118172E-0003
 5.28172552659818E+0000	-1.82213555014194E-0003
 5.28753037033161E+0000	-1.58682945012817E-0003
 5.29337309296242E+0000	-1.28842480836910E-0003
 5.29926664861885E+0000	-9.30310650467300E-0004
 5.30522512785769E+0000	-5.18643675171614E-0004
 5.31126332081759E+0000	-6.33954920009280E-0005
 5.31739568673809E+0000	 4.20448736234410E-0004
 5.32363442486750E+0000	 9.11827108292023E-0004
 5.32998644176580E+0000	 1.38331277586488E-0003
 5.33644950509483E+0000	 1.80261899315796E-0003
 5.34300889251276E+0000	 2.13683864558358E-0003
 5.34963684276481E+0000	 2.35912747211636E-0003
 5.35629663334918E+0000	 2.45530420105426E-0003
 5.36295033636962E+0000	 2.42667617019989E-0003
 5.36956639801903E+0000	 2.28743324588698E-0003
 5.37612345597002E+0000	 2.05866026857782E-0003
 5.38260988930764E+0000	 1.76257569675108E-0003
 5.38902105543054E+0000	 1.41915072481903E-0003
 5.39535635440361E+0000	 1.04513259573245E-0003
 5.40161720519272E+0000	 6.54459073271777E-0004
 5.40780604700316E+0000	 2.59081233321843E-0004
 5.41392603310782E+0000	-1.30356946704069E-0004
 5.41998103715913E+0000	-5.04144444600944E-0004
 5.42597571508047E+0000	-8.53380837922839E-0004
 5.43191550987893E+0000	-1.16998464768626E-0003
 5.43780658868653E+0000	-1.44672894176862E-0003
 5.44365574970751E+0000	-1.67724888679965E-0003
 5.44947034498847E+0000	-1.85601111790250E-0003
 5.45525825237220E+0000	-1.97826444587859E-0003
 5.46102791054960E+0000	-2.04000589449066E-0003
 5.46678841148473E+0000	-2.03799929045367E-0003
 5.47254962780898E+0000	-1.96987895996885E-0003
 5.47832234092948E+0000	-1.83436199148947E-0003
 5.48411832799719E+0000	-1.63158329231135E-0003
 5.48995035785466E+0000	-1.36356108802583E-0003
 5.49583203002287E+0000	-1.03479356467526E-0003
 5.50177736145299E+0000	-6.52967617333314E-0004
 5.50779998973053E+0000	-2.29706433345862E-0004
 5.51391184994791E+0000	 2.18828710941498E-0004
 5.52012126189458E+0000	 6.71833444834926E-0004
 5.52643061992231E+0000	 1.10474809828799E-0003
 5.53283432522832E+0000	 1.49156274529224E-0003
 5.53931801571960E+0000	 1.80843954592201E-0003
 5.54586001908104E+0000	 2.03762763495167E-0003
 5.55243492721142E+0000	 2.16999926290316E-0003
 5.55901783207250E+0000	 2.20504328055393E-0003
 5.56558735611733E+0000	 2.14867408802657E-0003
 5.57212661603239E+0000	 2.01039730556182E-0003
 5.57862264671741E+0000	 1.80124267817141E-0003
 5.58506540333058E+0000	 1.53288207006895E-0003
 5.59144712924373E+0000	 1.21751405744908E-0003
 5.59776223950186E+0000	 8.67894026836828E-0004
 5.60400745933714E+0000	 4.97147037514087E-0004
 5.61018190535997E+0000	 1.18342212459325E-0004
 5.61628695502248E+0000	-2.56003956225128E-0004
 5.62232592744780E+0000	-6.14321518086625E-0004
 5.62830369147222E+0000	-9.46196652417264E-0004
 5.63422631656722E+0000	-1.24241347087982E-0003
 5.64010083206848E+0000	-1.49489898771840E-0003
 5.64593510470763E+0000	-1.69665002102787E-0003
 5.65173780699178E+0000	-1.84170109865030E-0003
 5.65751843329793E+0000	-1.92516462552969E-0003
 5.66328732132403E+0000	-1.94335092381379E-0003
 5.66905564552473E+0000	-1.89396213478628E-0003
 5.67483535757584E+0000	-1.77635082769687E-0003
 5.68063904945978E+0000	-1.59183676695751E-0003
 5.68647970429006E+0000	-1.34407457253488E-0003
 5.69237028215908E+0000	-1.03944978949899E-0003
 5.69832307582446E+0000	-6.87441855317733E-0004
 5.70434878666962E+0000	-3.00829094970611E-0004
 5.71045534355564E+0000	 1.04457320384957E-0004
 5.71664663216822E+0000	 5.10045219383312E-0004
 5.72292148638401E+0000	 8.96511811600937E-0004
 5.72927339485809E+0000	 1.24529191071857E-0003
 5.73569122220701E+0000	 1.54058742242825E-0003
 5.74216078415221E+0000	 1.77059631991687E-0003
 5.74866661351937E+0000	 1.92766750287236E-0003
 5.75519315918946E+0000	 2.00762306804150E-0003
 5.76172512782795E+0000	 2.00896568934582E-0003
 5.76824732906881E+0000	 1.93259708511590E-0003
 5.77474468104581E+0000	 1.78212500204972E-0003
 5.78120278699192E+0000	 1.56431254704302E-0003
 5.78760897447017E+0000	 1.28911962988226E-0003
 5.79395333362988E+0000	 9.69104653519352E-0004
 5.80022932261828E+0000	 6.18373712475893E-0004
 5.80643380524789E+0000	 2.51468429696501E-0004
 5.81256667456964E+0000	-1.17494556589910E-0004
 5.81863032453495E+0000	-4.75332861432212E-0004
 5.82462917136132E+0000	-8.10031182958275E-0004
 5.83056930372425E+0000	-1.11083377840447E-0003
 5.83645824672666E+0000	-1.36830587228235E-0003
 5.84230478757202E+0000	-1.57441675938214E-0003
 5.84811881610757E+0000	-1.72265271561118E-0003
 5.85391115430173E+0000	-1.80814836474473E-0003
 5.85969336567112E+0000	-1.82782558477204E-0003
 5.86547754032433E+0000	-1.78053755782624E-0003
 5.87127604408744E+0000	-1.66722094375836E-0003
 5.87710120718097E+0000	-1.49105351714375E-0003
 5.88296491878131E+0000	-1.25759463913639E-0003
 5.88887810020979E+0000	-9.74854458535997E-0004
 5.89485006228610E+0000	-6.53206154156761E-0004
 5.90088781497534E+0000	-3.05045590607005E-0004
 5.90699547478829E+0000	 5.58574878556951E-0005
 5.91317396436060E+0000	 4.15265909143887E-0004
 5.91942115651820E+0000	 7.59438777278965E-0004
 5.92573244407148E+0000	 1.07584707587155E-0003
 5.93210147196971E+0000	 1.35339435006964E-0003
 5.93852061746361E+0000	 1.58216001580901E-0003
 5.94498091494487E+0000	 1.75302065709537E-0003
 5.95147149128833E+0000	 1.85766575104712E-0003
 5.95797898453069E+0000	 1.88933924747528E-0003
 5.96448756773847E+0000	 1.84417047767872E-0003
 5.97097992758533E+0000	 1.72249891108433E-0003
 5.97743898939355E+0000	 1.52949881776079E-0003
 5.98384974015588E+0000	 1.27478254997146E-0003
 5.99020051114911E+0000	 9.71216803823271E-0004
 5.99648347705135E+0000	 6.33496832837684E-0004
 6.00269454455692E+0000	 2.76933431217208E-0004
 6.00883296207398E+0000	-8.33901550655889E-0005
 6.01490089266458E+0000	-4.33167583821586E-0004
 6.02090303029543E+0000	-7.59261998267554E-0004
 6.02684624049752E+0000	-1.05002630687711E-0003
 6.03273919205207E+0000	-1.29556938919381E-0003
 6.03859197200636E+0000	-1.48795715525884E-0003
 6.04441569873359E+0000	-1.62134242948680E-0003
 6.05022215051493E+0000	-1.69203424697311E-0003
 6.05602341429973E+0000	-1.69852714965226E-0003
 6.06183154203667E+0000	-1.64150707933935E-0003
 6.06765819104533E+0000	-1.52383334466907E-0003
 6.07351422842891E+0000	-1.35047207512962E-0003
 6.07940930180529E+0000	-1.12833591686636E-0003
 6.08535141769565E+0000	-8.65981208368794E-0004
 6.09134661256585E+0000	-5.73141426673232E-0004
 6.09739882490286E+0000	-2.60139928080215E-0004
 6.10351004818539E+0000	 6.26895557640380E-0005
 6.10968074542733E+0000	 3.85383837725908E-0004
 6.11591035793377E+0000	 6.98362898778635E-0004
 6.12219761888379E+0000	 9.92045403250029E-0004
 6.12854038387151E+0000	 1.25626466823927E-0003
 6.13493486833282E+0000	 1.47988422032163E-0003
 6.14137449410384E+0000	 1.65105660086812E-0003
 6.14784886154115E+0000	 1.75837104506995E-0003
 6.15434348749710E+0000	 1.79271315902581E-0003
 6.16084071094545E+0000	 1.74920035487799E-0003
 6.16732160325991E+0000	 1.62839466544306E-0003
 6.17376819204497E+0000	 1.43633631489690E-0003
 6.18016523628409E+0000	 1.18356247945633E-0003
 6.18650119419455E+0000	 8.83680722649386E-0004
 6.19276850141517E+0000	 5.52011177997562E-0004
 6.19896346962329E+0000	 2.04498597906119E-0004
 6.20508602644822E+0000	-1.43144799187811E-0004
 6.21113936270583E+0000	-4.76150627693763E-0004
 6.21712948320173E+0000	-7.81285268665770E-0004
 6.22306467204901E+0000	-1.04729863317668E-0003
 6.22895491657707E+0000	-1.26521208456327E-0003
 6.23481134246598E+0000	-1.42845651737983E-0003
 6.24064569467582E+0000	-1.53289540344951E-0003
 6.24646987119924E+0000	-1.57677096139132E-0003
 6.25229549631098E+0000	-1.56059636307590E-0003
 6.25813351625016E+0000	-1.48699288698063E-0003
 6.26399381533427E+0000	-1.36045031531843E-0003
 6.26988488005408E+0000	-1.18698361477608E-0003
 6.27581357142373E+0000	-9.73678647427076E-0004
