-1.57430294262722E-0003	 5.15100411248846E-0004
 4.68113983399281E-0003	 8.38621044601517E-0004
 1.10081046579880E-0002	 1.13418446398511E-0003
 1.74002104292637E-0002	 1.38407562291339E-0003
 2.38459812030418E-0002	 1.57196190741515E-0003
 3.03290192747298E-0002	 1.68462074777387E-0003
 3.68288927779198E-0002	 1.71382557595457E-0003
 4.33230012993490E-0002	 1.65798222251169E-0003
 4.97893223680553E-0002	 1.52282477465308E-0003
 5.62093511887865E-0002	 1.32062400207882E-0003
 6.25702542195210E-0002	 1.06801102230427E-0003
 6.88655997801310E-0002	 7.83179003454635E-0004
 7.50947109405611E-0002	 4.83375131458453E-0004
 8.12611704652623E-0002	 1.83249164668789E-0004
 8.73710866942325E-0002	-1.05834910277157E-0004
 9.34315537485408E-0002	-3.75708913518724E-0004
 9.94495250146114E-0002	-6.20807231664395E-0004
 1.05431169442362E-0001	-8.37326998512348E-0004
 1.11381695405034E-0001	-1.02235508512338E-0003
 1.17305570440434E-0001	-1.17313649847243E-0003
 1.23207015087735E-0001	-1.28661495794695E-0003
 1.29090611777541E-0001	-1.35931288240348E-0003
 1.34961865191842E-0001	-1.38753988487620E-0003
 1.40827586459801E-0001	-1.36785087710682E-0003
 1.46696034324410E-0001	-1.29764086263970E-0003
 1.52576804158276E-0001	-1.17576757369777E-0003
 1.58480490408500E-0001	-1.00311918429375E-0003
 1.64418158120236E-0001	-7.83070183634356E-0004
 1.70400657759056E-0001	-5.21780357207375E-0004
 1.76437821384025E-0001	-2.28290498179085E-0004
 1.82537597076516E-0001	 8.56330669384999E-0005
 1.88705208118275E-0001	 4.05937344008082E-0004
 1.94942443191951E-0001	 7.16994603035038E-0004
 2.01247166449251E-0001	 1.00252244601643E-0003
 2.07613077824914E-0001	 1.24662462020805E-0003
 2.14029707044247E-0001	 1.43491111643755E-0003
 2.20482669837550E-0001	 1.55572710552952E-0003
 2.26954347247526E-0001	 1.60148779798228E-0003
 2.33425208427445E-0001	 1.56990758951853E-0003
 2.39875802849783E-0001	 1.46466930181956E-0003
 2.46289048340490E-0001	 1.29508407350770E-0003
 2.52652148843844E-0001	 1.07465369452441E-0003
 2.58957560400388E-0001	 8.18933756563476E-0004
 2.65202829340001E-0001	 5.43358598034120E-0004
 2.71389554904485E-0001	 2.61595641849612E-0004
 2.77521940944785E-0001	-1.53074527506195E-0005
 2.83605377352414E-0001	-2.79013344347474E-0004
 2.89645349017520E-0001	-5.23424262838191E-0004
 2.95646817266198E-0001	-7.43908482830653E-0004
 3.01614094504523E-0001	-9.36478586544122E-0004
 3.07551132556401E-0001	-1.09713909876080E-0003
 3.13462067382334E-0001	-1.22155239978777E-0003
 3.19351824353389E-0001	-1.30507495823010E-0003
 3.25226605106440E-0001	-1.34311592245166E-0003
 3.31094140787022E-0001	-1.33170229172896E-0003
 3.36963674518480E-0001	-1.26811828155738E-0003
 3.42845693994530E-0001	-1.15151117066451E-0003
 3.48751458681606E-0001	-9.83393966743840E-0004
 3.54692363975578E-0001	-7.68001302902050E-0004
 3.60679177797404E-0001	-5.12459629763892E-0004
 3.66721192962682E-0001	-2.26724166956127E-0004
 3.72825368786773E-0001	 7.67664708484145E-0005
 3.78995576577024E-0001	 3.83738604773936E-0004
 3.85232083858931E-0001	 6.78987443520868E-0004
 3.91531373131200E-0001	 9.47407101826817E-0004
 3.97886289015865E-0001	 1.17498299628791E-0003
 4.04286408147013E-0001	 1.34964621226317E-0003
 4.10718523837268E-0001	 1.46201309540661E-0003
 4.17167252040611E-0001	 1.50609879260944E-0003
 4.23615893405091E-0001	 1.48001198481589E-0003
 4.30047683576784E-0001	 1.38645044409955E-0003
 4.36447372388936E-0001	 1.23267998869163E-0003
 4.42802793781401E-0001	 1.02975378148175E-0003
 4.49105941141506E-0001	 7.91031172774415E-0004
 4.55353202090683E-0001	 5.30393529965909E-0004
 4.61544751956738E-0001	 2.60681893793978E-0004
 4.67683413865756E-0001	-7.26476798283422E-0006
 4.73773403441746E-0001	-2.64865026546325E-0004
 4.79819307021353E-0001	-5.05468263258103E-0004
 4.85825495187718E-0001	-7.23691598686933E-0004
 4.91796020141075E-0001	-9.14695593718794E-0004
 4.97734913943431E-0001	-1.07363683596575E-0003
 5.03646712596425E-0001	-1.19544795183830E-0003
 5.09536998666858E-0001	-1.27497996445347E-0003
 5.15412789142445E-0001	-1.30743673756142E-0003
 5.21282672575396E-0001	-1.28897294275782E-0003
 5.27156679120479E-0001	-1.21732547274501E-0003
 5.33045916019022E-0001	-1.09238291405379E-0003
 5.38962012566209E-0001	-9.16635652161283E-0004
 5.44916408941369E-0001	-6.95466590449084E-0004
 5.50919517828844E-0001	-4.37234888694468E-0004
 5.56979807343443E-0001	-1.53086889085148E-0004
 5.63102904526531E-0001	 1.43572660717939E-0004
 5.69290881910141E-0001	 4.37968485529130E-0004
 5.75541916587384E-0001	 7.15112983867353E-0004
 5.81850444181714E-0001	 9.61016428502156E-0004
 5.88207761413766E-0001	 1.16367324580316E-0003
 5.94602848919593E-0001	 1.31364154046477E-0003
 6.01023127265815E-0001	 1.40424798541686E-0003
 6.07454990272066E-0001	 1.43164644204377E-0003
 6.13884208906039E-0001	 1.39498409593480E-0003
 6.20296487956490E-0001	 1.29673226528592E-0003
 6.26678406889489E-0001	 1.14293761642484E-0003
 6.33018665880188E-0001	 9.42997218695284E-0004
 6.39309220619177E-0001	 7.08741819873548E-0004
 6.45545831531814E-0001	 4.53011635403529E-0004
 6.51727829461477E-0001	 1.88198109865313E-0004
 6.57857268812365E-0001	-7.47958293337315E-0005
 6.63937847028377E-0001	-3.26968114659828E-0004
 6.69973961182864E-0001	-5.61057892232204E-0004
 6.75970136574059E-0001	-7.71034157653566E-0004
 6.81930895059399E-0001	-9.51503525718479E-0004
 6.87860987219552E-0001	-1.09727098619178E-0003
 6.93765820922834E-0001	-1.20319400312384E-0003
 6.99651894829407E-0001	-1.26435596942862E-0003
 7.05527084136239E-0001	-1.27649018768437E-0003
 7.11400698365156E-0001	-1.23653934237614E-0003
 7.17283298238716E-0001	-1.14323956858365E-0003
 7.23186294675152E-0001	-9.97649124164147E-0004
 7.29121356553200E-0001	-8.03568601761121E-0004
 7.35099644082691E-0001	-5.67802670749197E-0004
 7.41130887899026E-0001	-3.00191478515534E-0004
 7.47222372956564E-0001	-1.33117467423412E-0005
 7.53377967233578E-0001	 2.78249927727432E-0004
 7.59597430109363E-0001	 5.59071600139437E-0004
 7.65876269440971E-0001	 8.14369089596548E-0004
 7.72206300842166E-0001	 1.03142072844328E-0003
 7.78576787720250E-0001	 1.20051905933324E-0003
 7.84975748973685E-0001	 1.31519222781599E-0003
 7.91390934858166E-0001	 1.37180387531196E-0003
 7.97810200337808E-0001	 1.36897434973009E-0003
 8.04221428104102E-0001	 1.30731917076200E-0003
 8.10612483075815E-0001	 1.18970196234005E-0003
 8.16971658360304E-0001	 1.02173627661355E-0003
 8.23288682644768E-0001	 8.11991767494883E-0004
 8.29555892993421E-0001	 5.71502527003650E-0004
 8.35769010548880E-0001	 3.12624478725380E-0004
 8.41927191828245E-0001	 4.76722446067079E-0005
 8.48032425441388E-0001	-2.12175467771242E-0004
 8.54088608853778E-0001	-4.57427548984940E-0004
 8.60100673254555E-0001	-6.80290891393233E-0004
 8.66074002538399E-0001	-8.74326175158405E-0004
 8.72014226586554E-0001	-1.03399566487319E-0003
 8.77927330568803E-0001	-1.15431498079143E-0003
 8.83819940695756E-0001	-1.23073478131037E-0003
 8.89699628111051E-0001	-1.25928066945499E-0003
 8.95575103868298E-0001	-1.23690327141920E-0003
 9.01456232359251E-0001	-1.16195377915084E-0003
 9.07353838416629E-0001	-1.03470055230512E-0003
 9.13279306810968E-0001	-8.57819462376234E-0004
 9.19243973612190E-0001	-6.36800011394507E-0004
 9.25258305021438E-0001	-3.80194993028476E-0004
 9.31330877636796E-0001	-9.96042713777761E-0005
 9.37467240610982E-0001	 1.90753797066957E-0004
 9.43668861862353E-0001	 4.75016839465838E-0004
 9.49932493579389E-0001	 7.37206127058211E-0004
 9.56250320648410E-0001	 9.63056592623330E-0004
 9.62611048242300E-0001	 1.14162051746771E-0003
 9.69001653888203E-0001	 1.26605668170011E-0003
 9.75409133163296E-0001	 1.33334103907940E-0003
 9.81821543622604E-0001	 1.34320112981631E-0003
 9.88228080101519E-0001	 1.29698886290049E-0003
 9.94618512616045E-0001	 1.19715897078278E-0003
 1.00098267716509E+0000	 1.04755031847208E-0003
 1.00731060252552E+0000	 8.54098749964078E-0004
 1.01359337166262E+0000	 6.25321448050234E-0004
 1.01982430019297E+0000	 3.72085876751322E-0004
 1.02599982592042E+0000	 1.06654249268129E-0004
 1.03211972587985E+0000	-1.58593963234550E-0004
 1.03818667567350E+0000	-4.12269764693342E-0004
 1.04420544656104E+0000	-6.44614317609721E-0004
 1.05018208699988E+0000	-8.47641156147622E-0004
 1.05612332619255E+0000	-1.01493500935545E-0003
 1.06203628404332E+0000	-1.14132036465089E-0003
 1.06792844925293E+0000	-1.22258249224479E-0003
 1.07380781940323E+0000	-1.25535217922315E-0003
 1.07968308018466E+0000	-1.23718952776048E-0003
 1.08556371968520E+0000	-1.16684445298952E-0003
 1.09146000699953E+0000	-1.04464118191388E-0003
 1.09738279274155E+0000	-8.72926545744602E-0004
 1.10334310181106E+0000	-6.56521910552619E-0004
 1.10935148945026E+0000	-4.03107860988055E-0004
 1.11541713803304E+0000	-1.23436908616136E-0004
 1.12154671321238E+0000	 1.68784019224179E-0004
 1.12774310443202E+0000	 4.57540494252793E-0004
 1.13400434883391E+0000	 7.25843283183355E-0004
 1.14032320133470E+0000	 9.57692088846777E-0004
 1.14668778728951E+0000	 1.14023937751602E-0003
 1.15308339716142E+0000	 1.26539407055132E-0003
 1.15949486599150E+0000	 1.33017150302301E-0003
 1.16590857170595E+0000	 1.33568214218410E-0003
 1.17231328155782E+0000	 1.28539220356024E-0003
 1.17869976854698E+0000	 1.18362397683011E-0003
 1.18505979731660E+0000	 1.03498159688088E-0003
 1.19138531704746E+0000	 8.44751079926557E-0004
 1.19766843271634E+0000	 6.19757379295455E-0004
 1.20390217982646E+0000	 3.68968120069503E-0004
 1.21008164577315E+0000	 1.03374333097911E-0004
 1.21620484081858E+0000	-1.64846533183989E-0004
 1.22227295114719E+0000	-4.23501395287091E-0004
 1.22828997988603E+0000	-6.61427689010279E-0004
 1.23426203854167E+0000	-8.69136834943886E-0004
 1.24019659650791E+0000	-1.03902069479481E-0003
 1.24610189836437E+0000	-1.16524885051417E-0003
 1.25198662607726E+0000	-1.24353417307633E-0003
 1.25785978144696E+0000	-1.27091819813119E-0003
 1.26373070952456E+0000	-1.24567172998129E-0003
 1.26960916777934E+0000	-1.16734942910290E-0003
 1.27550535342924E+0000	-1.03699384392080E-0003
 1.28142981759287E+0000	-8.57457500630885E-0004
 1.28739320810199E+0000	-6.33795834122431E-0004
 1.29340578836089E+0000	-3.73667059294547E-0004
 1.29947668424546E+0000	-8.76436152435066E-0005
 1.30561283574443E+0000	 2.10714464063038E-0004
 1.31181770924318E+0000	 5.05238843330825E-0004
 1.31808999089497E+0000	 7.78221562923578E-0004
 1.32442270735110E+0000	 1.01228725308334E-0003
 1.33080335770918E+0000	 1.19283046268372E-0003
 1.33721543945222E+0000	 1.31029381926393E-0003
 1.34364111298747E+0000	 1.36132144377129E-0003
 1.35006402741681E+0000	 1.34821087590892E-0003
 1.35647115029679E+0000	 1.27697776360764E-0003
 1.36285303022288E+0000	 1.15506946771745E-0003
 1.36920280511100E+0000	 9.89784382193770E-0004
 1.37551481709877E+0000	 7.87879083535563E-0004
 1.38178367628925E+0000	 5.56155262837990E-0004
 1.38800419608813E+0000	 3.02391026456207E-0004
 1.39417209442051E+0000	 3.59475843174435E-0005
 1.40028498368258E+0000	-2.32318261112985E-0004
 1.40634311883399E+0000	-4.90779253283342E-0004
 1.41234960629243E+0000	-7.28046479739209E-0004
 1.41831009483615E+0000	-9.33873199172065E-0004
 1.42423217245352E+0000	-1.09972828623756E-0003
 1.43012472053010E+0000	-1.21901496651327E-0003
 1.43599739326405E+0000	-1.28703880613866E-0003
 1.44186028360600E+0000	-1.30086646234475E-0003
 1.44772375669261E+0000	-1.25919624220052E-0003
 1.45359838744400E+0000	-1.16231909028884E-0003
 1.45949492216293E+0000	-1.01220545394182E-0003
 1.46542418286388E+0000	-8.12717486898819E-0004
 1.47139683820149E+0000	-5.69916991214595E-0004
 1.47742297098320E+0000	-2.92411671491326E-0004
 1.48351138106040E+0000	 8.35358939217786E-0006
 1.48966858697434E+0000	 3.18006079168939E-0004
 1.49589755787949E+0000	 6.19566226218979E-0004
 1.50219635407489E+0000	 8.94432761236791E-0004
 1.50855708310096E+0000	 1.12421192317777E-0003
 1.51496578194036E+0000	 1.29327090629729E-0003
 1.52140376307280E+0000	 1.39138249939961E-0003
 1.52785040226838E+0000	 1.41541740981977E-0003
 1.53428650380775E+0000	 1.36922046090335E-0003
 1.54069691763245E+0000	 1.26167444544081E-0003
 1.54707147787382E+0000	 1.10390466992235E-0003
 1.55340427614251E+0000	 9.06871832980650E-0004
 1.55969203821669E+0000	 6.80145750282138E-0004
 1.56593254307673E+0000	 4.31930450664620E-0004
 1.57212373051946E+0000	 1.69881005096880E-0004
 1.57826368241592E+0000	-9.79352711939774E-0005
 1.58435125318538E+0000	-3.62468755352210E-0004
 1.59038690226545E+0000	-6.13742637245077E-0004
 1.59637330420187E+0000	-8.41434421294050E-0004
 1.60231552207534E+0000	-1.03568396867189E-0003
 1.60822077410498E+0000	-1.18782634231972E-0003
 1.61409796789332E+0000	-1.29088085999563E-0003
 1.61995719171688E+0000	-1.33977954776600E-0003
 1.62580928817205E+0000	-1.33141401678220E-0003
 1.63166555445913E+0000	-1.26460949292643E-0003
 1.63753754958096E+0000	-1.14012144646078E-0003
 1.64343694843927E+0000	-9.60718174412604E-0004
 1.64937536091042E+0000	-7.31374841618944E-0004
 1.65536402439091E+0000	-4.59564047430288E-0004
 1.66141327911938E+0000	-1.55582532872536E-0004
 1.66753175158918E+0000	 1.67200942214192E-0004
 1.67372521639005E+0000	 4.92355777195655E-0004
 1.67999520386321E+0000	 8.00897657679287E-0004
 1.68633759156393E+0000	 1.07254813636040E-0003
 1.69274164493640E+0000	 1.28788122186266E-0003
 1.69919013813774E+0000	 1.43115558580933E-0003
 1.70566105505414E+0000	 1.49311999633496E-0003
 1.71213077592883E+0000	 1.47271351648265E-0003
 1.71857782496886E+0000	 1.37680507670612E-0003
 1.72498581730746E+0000	 1.21798951561130E-0003
 1.73134463232158E+0000	 1.01139815383994E-0003
 1.73764976436968E+0000	 7.71797445529130E-0004
 1.74390056230404E+0000	 5.11837116928211E-0004
 1.75009827480988E+0000	 2.41625161255493E-0004
 1.75624458685111E+0000	-3.07031063720488E-0005
 1.76234095499817E+0000	-2.97963009989682E-0004
 1.76838870895295E+0000	-5.52964894385844E-0004
 1.77438964922381E+0000	-7.87980648444812E-0004
 1.78034677184083E+0000	-9.94750189452149E-0004
 1.78626480557502E+0000	-1.16491926208286E-0003
 1.79215040994570E+0000	-1.29067493695765E-0003
 1.79801205555433E+0000	-1.36535413497662E-0003
 1.80385971001898E+0000	-1.38389763734992E-0003
 1.80970446525280E+0000	-1.34313193712159E-0003
 1.81555819698077E+0000	-1.24193474183631E-0003
 1.82143328497693E+0000	-1.08136758571501E-0003
 1.82734236547578E+0000	-8.64852596772869E-0004
 1.83329804177990E+0000	-5.98442194188043E-0004
 1.83931244537074E+0000	-2.91184194756588E-0004
 1.84539652217840E+0000	 4.44831348362048E-0005
 1.85155893324152E+0000	 3.92465393033792E-0004
 1.85780453746414E+0000	 7.33146049976101E-0004
 1.86413260494907E+0000	 1.04427433285893E-0003
 1.87053519828631E+0000	 1.30291782235939E-0003
 1.87699645328042E+0000	 1.48849064131932E-0003
 1.88349353013979E+0000	 1.58628752804906E-0003
 1.88999951742749E+0000	 1.59036798510967E-0003
 1.89648764059804E+0000	 1.50457092076860E-0003
 1.90293537062164E+0000	 1.34116891943487E-0003
 1.90932707106145E+0000	 1.11775464128489E-0003
 1.91565460877822E+0000	 8.53613714976475E-0004
 1.92191625153666E+0000	 5.66744854586441E-0004
 1.92811465676140E+0000	 2.72122258662551E-0004
 1.93425475146727E+0000	-1.87821706086558E-0005
 1.94034204140010E+0000	-2.97538598780400E-0004
 1.94638159742617E+0000	-5.57786882357978E-0004
 1.95237774611337E+0000	-7.94151534683428E-0004
 1.95833433683651E+0000	-1.00136190510728E-0003
 1.96425535420095E+0000	-1.17377713493903E-0003
 1.97014560560729E+0000	-1.30536766702833E-0003
 1.97601125792151E+0000	-1.39006420465145E-0003
 1.98186010648569E+0000	-1.42230381485215E-0003
 1.98770157859406E+0000	-1.39760589919745E-0003
 1.99354654918046E+0000	-1.31307520471473E-0003
 1.99940706133650E+0000	-1.16780895849288E-0003
 2.00529601293032E+0000	-9.63245301815877E-0004
 2.01122681624129E+0000	-7.03517525187527E-0004
 2.01721297586566E+0000	-3.95872840292896E-0004
 2.02326746934670E+0000	-5.11736478012240E-0005
 2.02940176713117E+0000	 3.15587048732477E-0004
 2.03562432639329E+0000	 6.84969599047985E-0004
 2.04193850477702E+0000	 1.03337802209193E-0003
 2.04834015309257E+0000	 1.33451532501316E-0003
 2.05481566886684E+0000	 1.56244907502271E-0003
 2.06134175530056E+0000	 1.69608589107447E-0003
 2.06788792553633E+0000	 1.72375527624323E-0003
 2.07442153019526E+0000	 1.64587953570392E-0003
 2.08091349072686E+0000	 1.47436420488722E-0003
 2.08734247918584E+0000	 1.22913133221299E-0003
 2.09369641346907E+0000	 9.33564818088647E-0004
 2.09997163458043E+0000	 6.10572185757033E-0004
 2.10617083758811E+0000	 2.80056421303822E-0004
 2.11230071542814E+0000	-4.22091243766046E-0005
 2.11836987725406E+0000	-3.44658331465305E-0004
 2.12438727649767E+0000	-6.19352345834178E-0004
 2.13036120442765E+0000	-8.61054400248010E-0004
 2.13629882725147E+0000	-1.06619374730070E-0003
 2.14220620632745E+0000	-1.23190610413442E-0003
 2.14808870061671E+0000	-1.35530756439785E-0003
 2.15395160198277E+0000	-1.43311424589434E-0003
 2.15980082203308E+0000	-1.46164501662569E-0003
 2.16564346290598E+0000	-1.43715648947866E-0003
 2.17148816621036E+0000	-1.35639633929518E-0003
 2.17734521421850E+0000	-1.21725005602194E-0003
 2.18322641627388E+0000	-1.01939321396413E-0003
 2.18914482898304E+0000	-7.64918600887064E-0004
 2.19511433137458E+0000	-4.58955322112424E-0004
 2.20114901753530E+0000	-1.10314333238302E-0004
 2.20726229331846E+0000	 2.67835180917649E-0004
 2.21346549299024E+0000	 6.57354522705095E-0004
 2.21976582072054E+0000	 1.03488185018191E-0003
 2.22616358599486E+0000	 1.37250863010622E-0003
 2.23264919498035E+0000	 1.64016529722448E-0003
 2.23920117677012E+0000	 1.81022554246703E-0003
 2.24578710714558E+0000	 1.86365248963713E-0003
 2.25236853083284E+0000	 1.79527386372014E-0003
 2.25890856025655E+0000	 1.61522787616016E-0003
 2.26537871510664E+0000	 1.34563763214603E-0003
 2.27176216757697E+0000	 1.01456211322583E-0003
 2.27805318640056E+0000	 6.50282135642703E-0004
 2.28425446135007E+0000	 2.77656191009102E-0004
 2.29037404371098E+0000	-8.34107744710852E-0005
 2.29642280572068E+0000	-4.18108415514530E-0004
 2.30241262089899E+0000	-7.16169944768972E-0004
 2.30835516103289E+0000	-9.71051822709019E-0004
 2.31426115665994E+0000	-1.17903983939794E-0003
 2.32014001479133E+0000	-1.33835950250926E-0003
 2.32599974334185E+0000	-1.44833485934092E-0003
 2.33184716003344E+0000	-1.50865302553524E-0003
 2.33768835285767E+0000	-1.51881696325935E-0003
 2.34352931738278E+0000	-1.47787501740329E-0003
 2.34937664969432E+0000	-1.38448437249566E-0003
 2.35523815435354E+0000	-1.23730463405441E-0003
 2.36112324890279E+0000	-1.03565739052975E-0003
 2.36704309531692E+0000	-7.80358302896828E-0004
 2.37301043158560E+0000	-4.74637846996313E-0004
 2.37903908536837E+0000	-1.25096460442863E-0004
 2.38514311756002E+0000	 2.57344255847077E-0004
 2.39133547919352E+0000	 6.56568493687975E-0004
 2.39762600981760E+0000	 1.05067229392410E-0003
 2.40401864870993E+0000	 1.41209310147147E-0003
 2.41050803455535E+0000	 1.70921251894342E-0003
 2.41707639611159E+0000	 1.91026945501403E-0003
 2.42369260646176E+0000	 1.98972128057004E-0003
 2.43031549159226E+0000	 1.93536063847286E-0003
 2.43690162818874E+0000	 1.75264496026132E-0003
 2.44341455326247E+0000	 1.46331847497935E-0003
 2.44983090690513E+0000	 1.09900059687530E-0003
 2.45614141477678E+0000	 6.93493429840323E-0004
 2.46234806080083E+0000	 2.77182784400208E-0004
 2.46846005548730E+0000	-1.25522187153642E-0004
 2.47449036375776E+0000	-4.96516130720171E-0004
 2.48045333614543E+0000	-8.23239850573605E-0004
 2.48636330069314E+0000	-1.09762069523751E-0003
 2.49223379238143E+0000	-1.31507028777582E-0003
 2.49807715038784E+0000	-1.47363496065212E-0003
 2.50390432231142E+0000	-1.57327685473730E-0003
 2.50972481034954E+0000	-1.61523503245234E-0003
 2.51554676009566E+0000	-1.60143587925559E-0003
 2.52137722269227E+0000	-1.53396779481863E-0003
 2.52722261083728E+0000	-1.41468703578855E-0003
 2.53308932119643E+0000	-1.24505536541773E-0003
 2.53898442908217E+0000	-1.02630416064768E-0003
 2.54491630745042E+0000	-7.59970511533651E-0004
 2.55089500550651E+0000	-4.48780532697148E-0004
 2.55693223940393E+0000	-9.77950135259963E-0005
 2.56304087065678E+0000	 2.84304614162858E-0004
 2.56923375003186E+0000	 6.83948380956209E-0004
 2.57552179202748E+0000	 1.08167081407330E-0003
 2.58191118251168E+0000	 1.45178601122363E-0003
 2.58839984575582E+0000	 1.76342105826929E-0003
 2.59497386766752E+0000	 1.98373003497540E-0003
 2.60160545420644E+0000	 2.08370549807732E-0003
 2.60825456352377E+0000	 2.04559587267153E-0003
 2.61487536497180E+0000	 1.86895806696960E-0003
 2.62142577363335E+0000	 1.57178860513507E-0003
 2.62787572035639E+0000	 1.18566175532434E-0003
 2.63421055556423E+0000	 7.47610058390019E-0004
 2.64042944382339E+0000	 2.92838800945566E-0004
 2.64654118832637E+0000	-1.49452953954296E-0004
 2.65255995597034E+0000	-5.57275950085314E-0004
 2.65850210572172E+0000	-9.15287735504929E-0004
 2.66438425808310E+0000	-1.21356965982381E-0003
 2.67022229212310E+0000	-1.44637729104018E-0003
 2.67603090377429E+0000	-1.61111203537825E-0003
 2.68182345050898E+0000	-1.70754952293570E-0003
 2.68761191547791E+0000	-1.73726999327849E-0003
 2.69340691223544E+0000	-1.70320995518126E-0003
 2.69921771845228E+0000	-1.60926179965527E-0003
 2.70505237666691E+0000	-1.45987933942972E-0003
 2.71091792638303E+0000	-1.25970062955672E-0003
 2.71682082034398E+0000	-1.01326612978574E-0003
 2.72276751787579E+0000	-7.24965666026038E-0004
 2.72876514994780E+0000	-3.99357581454929E-0004
 2.73482204993718E+0000	-4.19468610255896E-0005
 2.74094788198422E+0000	 3.39603475489768E-0004
 2.74715309169910E+0000	 7.33991130404188E-0004
 2.75344744355038E+0000	 1.12483613546449E-0003
 2.75983750741315E+0000	 1.48977921235149E-0003
 2.76632319827012E+0000	 1.80082890078525E-0003
 2.77289399471146E+0000	 2.02679462357135E-0003
 2.77952625708156E+0000	 2.13831507941641E-0003
 2.78618364138486E+0000	 2.11481777883886E-0003
 2.79282197524823E+0000	 1.95100068052686E-0003
 2.79939768842381E+0000	 1.65956954191887E-0003
 2.80587640689974E+0000	 1.26848148584901E-0003
 2.81223804869957E+0000	 8.14097734857289E-0004
 2.81847711934800E+0000	 3.33676376721006E-0004
 2.82459959879033E+0000	-1.39989269744948E-0004
 2.83061874594649E+0000	-5.81004591149909E-0004
 2.83655146057173E+0000	-9.70589968531465E-0004
 2.84241578384527E+0000	-1.29616118981284E-0003
 2.84822945159217E+0000	-1.55008069442016E-0003
 2.85400918838828E+0000	-1.72850139970520E-0003
 2.85977044128834E+0000	-1.83045547042642E-0003
 2.86552733325796E+0000	-1.85720037324971E-0003
 2.87129269531654E+0000	-1.81177516700912E-0003
 2.87707809660368E+0000	-1.69869831265100E-0003
 2.88289383953434E+0000	-1.52373220112982E-0003
 2.88874893295745E+0000	-1.29364553644761E-0003
 2.89465110182059E+0000	-1.01593184874782E-0003
 2.90060692285587E+0000	-6.98502214529766E-0004
 2.90662216105290E+0000	-3.49458664435462E-0004
 2.91270229141902E+0000	 2.28652865342787E-0005
 2.91885303105527E+0000	 4.09404100750785E-0004
 2.92508054070167E+0000	 7.99326455244188E-0004
 2.93139087495902E+0000	 1.17863610897874E-0003
 2.93778833758210E+0000	 1.52887831777687E-0003
 2.94427267645273E+0000	 1.82670922398050E-0003
 2.95083557950630E+0000	 2.04523455899222E-0003
 2.95745768412947E+0000	 2.15777773722488E-0003
 2.96410792543578E+0000	 2.14377258118457E-0003
 2.97074671659002E+0000	 1.99492961395386E-0003
 2.97733268026150E+0000	 1.71882859040767E-0003
 2.98383043069478E+0000	 1.33798279922946E-0003
 2.99021622113640E+0000	 8.84877468283066E-0004
 2.99647975093467E+0000	 3.95455886623620E-0004
 3.00262259904334E+0000	-9.64039577184602E-0005
 3.00865494571853E+0000	-5.62181437409492E-0004
 3.01459214657539E+0000	-9.79869599535015E-0004
 3.02045201239514E+0000	-1.33373186752817E-0003
 3.02625299848239E+0000	-1.61341209583843E-0003
 3.03201316233220E+0000	-1.81290455275392E-0003
 3.03774965136651E+0000	-1.92963990527610E-0003
 3.04347850661047E+0000	-1.96377820152876E-0003
 3.04921462487508E+0000	-1.91771486558399E-0003
 3.05497177202514E+0000	-1.79576935612501E-0003
 3.06076257437610E+0000	-1.60401051949918E-0003
 3.06659844016229E+0000	-1.35016045982590E-0003
 3.07248939117799E+0000	-1.04350444423793E-0003
 3.07844382909738E+0000	-6.94726919574480E-0004
 3.08446832221587E+0000	-3.15617562765834E-0004
 3.09056754653259E+0000	 8.13263043546209E-0005
 3.09674448540082E+0000	 4.83240128735715E-0004
 3.10300082704595E+0000	 8.76909236094256E-0004
 3.10933723567584E+0000	 1.24825796486815E-0003
 3.11575298224266E+0000	 1.58141391186991E-0003
 3.12224452007001E+0000	 1.85790721950424E-0003
 3.12880307363646E+0000	 2.05691027810178E-0003
 3.13541206182206E+0000	 2.15735000721077E-0003
 3.14204583794491E+0000	 2.14200826779681E-0003
 3.14867119706799E+0000	 2.00247571950504E-0003
 3.15525193816682E+0000	 1.74280283310180E-0003
 3.16175499420134E+0000	 1.37996037598642E-0003
 3.16815569021111E+0000	 9.40878891140146E-0004
 3.17444037920379E+0000	 4.57557413167574E-0004
 3.18060626765066E+0000	-3.77748838630038E-0005
 3.18665938642622E+0000	-5.16142429828657E-0004
 3.19261190744008E+0000	-9.53633312029165E-0004
 3.19847966388726E+0000	-1.33186449141821E-0003
 3.20428026277705E+0000	-1.63763654904526E-0003
 3.21003183673402E+0000	-1.86224122625262E-0003
 3.21575231517162E+0000	-2.00072278722933E-0003
 3.22145905194226E+0000	-2.05124797723841E-0003
 3.22716866341557E+0000	-2.01464264590919E-0003
 3.23289696416288E+0000	-1.89410100714990E-0003
 3.23865891581061E+0000	-1.69504949383461E-0003
 3.24446852130809E+0000	-1.42513474041589E-0003
 3.25033860392061E+0000	-1.09429019332968E-0003
 3.25628041869400E+0000	-7.14807345112530E-0004
 3.26230307575147E+0000	-3.01294957790038E-0004
 3.26841283515766E+0000	 1.29622341052277E-0004
 3.27461246017215E+0000	 5.59975763234051E-0004
 3.28090090992685E+0000	 9.71432850697582E-0004
 3.28727355938640E+0000	 1.34626551292782E-0003
 3.29372277904375E+0000	 1.66786686012065E-0003
 3.30023831159847E+0000	 1.92066366556723E-0003
 3.30680689148981E+0000	 2.08988148097284E-0003
 3.31341115870399E+0000	 2.16203844353034E-0003
 3.32002873559213E+0000	 2.12676883800995E-0003
 3.32663266310472E+0000	 1.97964734380853E-0003
 3.33319381159276E+0000	 1.72475053699028E-0003
 3.33968470563674E+0000	 1.37554978918276E-0003
 3.34608333838587E+0000	 9.53574073964943E-0004
 3.35237565426776E+0000	 4.85427234873687E-0004
 3.35855620769244E+0000	-6.67879512030031E-0007
 3.36462732109056E+0000	-4.77796830151852E-0004
 3.37059742650029E+0000	-9.22281818154663E-0004
 3.37647922542147E+0000	-1.31460991616974E-0003
 3.38228807262456E+0000	-1.63961039626989E-0003
 3.38804075663151E+0000	-1.88618941343551E-0003
 3.39375468717087E+0000	-2.04688276229402E-0003
 3.39944741564644E+0000	-2.11740482924682E-0003
 3.40513638673431E+0000	-2.09629579805306E-0003
 3.41083882089385E+0000	-1.98471483354029E-0003
 3.41657163851855E+0000	-1.78639366190819E-0003
 3.42235134465881E+0000	-1.50774520926524E-0003
 3.42819379290303E+0000	-1.15810580755191E-0003
 3.43411373739985E+0000	-7.50064240889682E-0004
 3.44012407196002E+0000	-2.99779584645498E-0004
 3.44623467519332E+0000	 1.72902981189822E-0004
 3.45245089263379E+0000	 6.44847975890027E-0004
 3.45877195071813E+0000	 1.09088989683812E-0003
 3.46518994306399E+0000	 1.48608150906381E-0003
 3.47169011931393E+0000	 1.80845826719478E-0003
 3.47825264874092E+0000	 2.04126210770376E-0003
 3.48485505085781E+0000	 2.17373227377874E-0003
 3.49147407087964E+0000	 2.20060402988962E-0003
 3.49808648912832E+0000	 2.12134800224117E-0003
 3.50466942030327E+0000	 1.93999713609069E-0003
 3.51120097141946E+0000	 1.66548856210337E-0003
 3.51766156661189E+0000	 1.31182049544810E-0003
 3.52403554730652E+0000	 8.97458263396011E-0004
 3.53031243077645E+0000	 4.43968823923554E-0004
 3.53648745401122E+0000	-2.57311786224333E-0005
 3.54256138900063E+0000	-4.89067964134326E-0004
 3.54853983628341E+0000	-9.25151022410272E-0004
 3.55443225897072E+0000	-1.31565289804724E-0003
 3.56025098188037E+0000	-1.64525248186248E-0003
 3.56601031009653E+0000	-1.90173987131295E-0003
 3.57172584782407E+0000	-2.07590941418737E-0003
 3.57741403636817E+0000	-2.16136447359362E-0003
 3.58309188622415E+0000	-2.15433661513428E-0003
 3.58877685192724E+0000	-2.05359602898829E-0003
 3.59448678303875E+0000	-1.86050719767916E-0003
 3.60023987178622E+0000	-1.57926604215109E-0003
 3.60605449941388E+0000	-1.21733808426105E-0003
 3.61194885338480E+0000	-7.86091640956142E-0004
 3.61794014533155E+0000	-3.01567224568292E-0004
 3.62404321969495E+0000	 2.14787154291482E-0004
 3.63026836348432E+0000	 7.35793085803645E-0004
 3.63661834987729E+0000	 1.22930232340024E-0003
 3.64308535883274E+0000	 1.66087472385440E-0003
 3.64964932421392E+0000	 1.99870423223344E-0003
 3.65627956795535E+0000	 2.21956995407155E-0003
 3.66294007395431E+0000	 2.31298077461556E-0003
 3.66959606581388E+0000	 2.28121871373238E-0003
 3.67621860765268E+0000	 2.13584298644350E-0003
 3.68278592043785E+0000	 1.89334317987711E-0003
 3.68928250436629E+0000	 1.57206253169594E-0003
 3.69569773945671E+0000	 1.19074198140727E-0003
 3.70202486144332E+0000	 7.68025602512213E-0004
 3.70826041190435E+0000	 3.22267744597432E-0004
 3.71440395819634E+0000	-1.28666674028082E-0004
 3.72045790021541E+0000	-5.67667257768933E-0004
 3.72642727195427E+0000	-9.78679750308767E-0004
 3.73231950477366E+0000	-1.34700449675935E-0003
 3.73814414968638E+0000	-1.65955719274686E-0003
 3.74391257701417E+0000	-1.90506644681127E-0003
 3.74963768680533E+0000	-2.07419951876053E-0003
 3.75533366735937E+0000	-2.15963062558623E-0003
 3.76101583037812E+0000	-2.15608854197573E-0003
 3.76670053312267E+0000	-2.06043660994799E-0003
 3.77240517458499E+0000	-1.87184821288111E-0003
 3.77814822438169E+0000	-1.59214640714393E-0003
 3.78394920490933E+0000	-1.22637808742898E-0003
 3.78982849009837E+0000	-7.83684272359043E-0004
 3.79580669811672E+0000	-2.78488737470677E-0004
 3.80190334146667E+0000	 2.68086480106962E-0004
 3.80813430036576E+0000	 8.26934327292116E-0004
 3.81450776737809E+0000	 1.36065552210615E-0003
 3.82101894375351E+0000	 1.82571957697040E-0003
 3.82764534188020E+0000	 2.17868088209020E-0003
 3.83434642193505E+0000	 2.38618492218967E-0003
 3.84107065510778E+0000	 2.43449674047439E-0003
 3.84776791798103E+0000	 2.33223465592342E-0003
 3.85440008151095E+0000	 2.10443115399058E-0003
 3.86094457535261E+0000	 1.78276509556313E-0003
 3.86739188755233E+0000	 1.39788281592965E-0003
 3.87374095896423E+0000	 9.75866044909242E-0004
 3.87999526495789E+0000	 5.37748190260959E-0004
 3.88616036874891E+0000	 1.00380531404405E-0004
 3.89224268871462E+0000	-3.22429482042018E-0004
 3.89824902103513E+0000	-7.18949454978201E-0004
 3.90418647165296E+0000	-1.07882866133620E-0003
 3.91006258906925E+0000	-1.39266540892894E-0003
 3.91588557802870E+0000	-1.65179147603512E-0003
 3.92166452387181E+0000	-1.84822617196067E-0003
 3.92740958960753E+0000	-1.97475415474931E-0003
 3.93313217346556E+0000	-2.02508779017736E-0003
 3.93884503474508E+0000	-1.99408942136955E-0003
 3.94456240686323E+0000	-1.87805156662206E-0003
 3.95030011515206E+0000	-1.67506149482972E-0003
 3.95607569986849E+0000	-1.38550829243474E-0003
 3.96190850612459E+0000	-1.01282294806387E-0003
 3.96781962935759E+0000	-5.64568608767258E-0004
 3.97383147619929E+0000	-5.39970017131259E-0005
 3.97996649477596E+0000	 4.97902410500318E-0004
 3.98624436831726E+0000	 1.06014438403689E-0003
 3.99267685052886E+0000	 1.59030252225486E-0003
 3.99926006332341E+0000	 2.03612504276070E-0003
 4.00596645939076E+0000	 2.34330709810947E-0003
 4.01274247224986E+0000	 2.47031009003289E-0003
 4.01951834943548E+0000	 2.40402939552598E-0003
 4.02622799725424E+0000	 2.16471148026668E-0003
 4.03282610689593E+0000	 1.79566373486627E-0003
 4.03929269770736E+0000	 1.34658441528098E-0003
 4.04562733955363E+0000	 8.61441837255957E-0004
 4.05184066248764E+0000	 3.73947643626957E-0004
 4.05794782404195E+0000	-9.20316591011402E-0005
 4.06396477479416E+0000	-5.20261551076923E-0004
 4.06990655985110E+0000	-8.99831294234902E-0004
 4.07578677197592E+0000	-1.22331972128461E-0003
 4.08161757084379E+0000	-1.48548432066219E-0003
 4.08740995763734E+0000	-1.68236918239824E-0003
 4.09317416120180E+0000	-1.81072034677276E-0003
 4.09892007594944E+0000	-1.86762978940337E-0003
 4.10465772845938E+0000	-1.85036278956833E-0003
 4.11039776398074E+0000	-1.75634874902198E-0003
 4.11615194936830E+0000	-1.58333461708066E-0003
 4.12193369113164E+0000	-1.32971863297281E-0003
 4.12775856604996E+0000	-9.95107503161712E-0004
 4.13364485009310E+0000	-5.81181096593869E-0004
 4.13961399033894E+0000	-9.30143157207313E-0005
 4.14569085175630E+0000	 4.58901093996820E-0004
 4.15190329908730E+0000	 1.05560204547169E-0003
 4.15828009905428E+0000	 1.66530117764272E-0003
 4.16484516037999E+0000	 2.23819005229123E-0003
 4.17160538646895E+0000	 2.70330182735510E-0003
 4.17853189991256E+0000	 2.97512474339227E-0003
 4.18554512907374E+0000	 2.97945933217835E-0003
 4.19252651158637E+0000	 2.69216976439576E-0003
 4.19936272787436E+0000	 2.15710442534379E-0003
 4.20598680176943E+0000	 1.46169728324490E-0003
 4.21238379392368E+0000	 6.96722307317391E-0004
 4.21857193352343E+0000	-6.70596692300409E-0005
 4.22458289479431E+0000	-7.82432505601880E-0004
 4.23045026885231E+0000	-1.42056101285562E-0003
 4.23620478413205E+0000	-1.96481272728135E-0003
 4.24187307448103E+0000	-2.40605423855928E-0003
 4.24747791805513E+0000	-2.73956485551015E-0003
 4.25303895506173E+0000	-2.96313002009547E-0003
 4.25857348787064E+0000	-3.07589183412445E-0003
 4.26409723770019E+0000	-3.07766412376019E-0003
 4.26962504412773E+0000	-2.96853346792931E-0003
 4.27517153783624E+0000	-2.74864785428320E-0003
 4.28075183553729E+0000	-2.41815054456519E-0003
 4.28638231780309E+0000	-1.97726177964890E-0003
 4.29208156399372E+0000	-1.42655984544065E-0003
 4.29787153567096E+0000	-7.67585858772601E-0004
 4.30377911291349E+0000	-4.02805111402436E-0006
 4.30983805897316E+0000	 8.56002855473021E-0004
 4.31609128203510E+0000	 1.79559508259362E-0003
 4.32259242906775E+0000	 2.78064132487217E-0003
 4.32940303808284E+0000	 3.74444205432468E-0003
 4.33657378571406E+0000	 4.56421263054631E-0003
 4.34408758126984E+0000	 5.04727920146395E-0003
 4.35177219860511E+0000	 4.99439364292319E-0003
 4.35932044469719E+0000	 4.36905588047689E-0003
 4.36649568743899E+0000	 3.35204291761040E-0003
 4.37324642806317E+0000	 2.17598574694752E-0003
 4.37963066012509E+0000	 1.00055053316448E-0003
 4.38572992416189E+0000	-9.08990546282457E-0005
 4.39161589839325E+0000	-1.06078733491385E-0003
 4.39734471851637E+0000	-1.89477977754348E-0003
 4.40295926172106E+0000	-2.58968327974221E-0003
 4.40849251695677E+0000	-3.14747309289940E-0003
 4.41397038393424E+0000	-3.57239038214033E-0003
 4.41941373231365E+0000	-3.86952794568109E-0003
 4.42483987692484E+0000	-4.04413960788421E-0003
 4.43026364801925E+0000	-4.10130659404455E-0003
 4.43569819927379E+0000	-4.04578480765673E-0003
 4.44115565942839E+0000	-3.88195215182071E-0003
 4.44664770562633E+0000	-3.61382746035858E-0003
 4.45218611559934E+0000	-3.24516627094951E-0003
 4.45778333808081E+0000	-2.77966464776909E-0003
 4.46345310315635E+0000	-2.22132652651992E-0003
 4.46921107331895E+0000	-1.57507807599635E-0003
 4.47507550448790E+0000	-8.47752080843722E-0004
 4.48106782473773E+0000	-4.96264298210943E-0005
 4.48721289943671E+0000	 8.03212372662686E-0004
 4.49353843407051E+0000	 1.68533355323020E-0003
 4.50007230332261E+0000	 2.55702750143963E-0003
 4.50683549469690E+0000	 3.35866351585695E-0003
 4.51382762039821E+0000	 4.00805916571946E-0003
 4.52100547681004E+0000	 4.41034751921086E-0003
 4.52826909873039E+0000	 4.49075937633107E-0003
 4.53548265127239E+0000	 4.23795946721022E-0003
 4.54252902091444E+0000	 3.71478686914052E-0003
 4.54934915343361E+0000	 3.02142198607707E-0003
 4.55593823163214E+0000	 2.25160533050391E-0003
 4.56232129000887E+0000	 1.47328172442467E-0003
 4.56853311640226E+0000	 7.29000605524250E-0004
 4.57460788630324E+0000	 4.27790721564112E-0005
 4.58057527608010E+0000	-5.73305698894090E-0004
 4.58645965037015E+0000	-1.11438002780849E-0003
 4.59228044682716E+0000	-1.57967537282324E-0003
 4.59805293502287E+0000	-1.97055224341502E-0003
 4.60378903870593E+0000	-2.28923801655158E-0003
 4.60949812468257E+0000	-2.53801943622968E-0003
 4.61518773913501E+0000	-2.71874166825241E-0003
 4.62086429130074E+0000	-2.83253539590230E-0003
 4.62653368030488E+0000	-2.87973072734445E-0003
 4.63220185152862E+0000	-2.85993032410870E-0003
 4.63787526495987E+0000	-2.77221313573545E-0003
 4.64356126435169E+0000	-2.61543489805918E-0003
 4.64926835097881E+0000	-2.38859209550657E-0003
 4.65500638238937E+0000	-2.09122869968165E-0003
 4.66078672575206E+0000	-1.72389087760896E-0003
 4.66662238838765E+0000	-1.28867106130089E-0003
 4.67252811605935E+0000	-7.89923611024042E-0004
 4.67852038093174E+0000	-2.35270436624362E-0004
 4.68461705722844E+0000	 3.62974331126935E-0004
 4.69083638049196E+0000	 9.85900578015223E-0004
 4.69719451689483E+0000	 1.60583837171767E-0003
 4.70370092046424E+0000	 2.18486480362712E-0003
 4.71035126749516E+0000	 2.67613506951068E-0003
 4.71712013113769E+0000	 3.03097815848381E-0003
 4.72395914542980E+0000	 3.21231906665703E-0003
 4.73080621388718E+0000	 3.20825688564789E-0003
 4.73760290108819E+0000	 3.03565235618746E-0003
 4.74430875283225E+0000	 2.73087192108030E-0003
 4.75090488019332E+0000	 2.33560650330358E-0003
 4.75738901099110E+0000	 1.88656443264236E-0003
 4.76376813253184E+0000	 1.41148378976201E-0003
 4.77005260333086E+0000	 9.29487577521392E-0004
 4.77625267525413E+0000	 4.53254261115797E-0004
 4.78237698552016E+0000	-8.55988157625850E-0006
 4.78843231230073E+0000	-4.49330830706790E-0004
 4.79442401040113E+0000	-8.63109034497058E-0004
 4.80035671786742E+0000	-1.24387230095313E-0003
 4.80623506754448E+0000	-1.58527294120706E-0003
 4.81206424951183E+0000	-1.88072559293351E-0003
 4.81785036131883E+0000	-2.12367888695991E-0003
 4.82360055479228E+0000	-2.30793766602953E-0003
 4.82932303571051E+0000	-2.42794568180547E-0003
 4.83502699228059E+0000	-2.47898955088340E-0003
 4.84072252337538E+0000	-2.45733073596669E-0003
 4.84642061609582E+0000	-2.36030583528281E-0003
 4.85213319288330E+0000	-2.18645495030337E-0003
 4.85787321659304E+0000	-1.93574579470090E-0003
 4.86365480869098E+0000	-1.60996125247960E-0003
 4.86949329675755E+0000	-1.21331209802840E-0003
 4.87540505344681E+0000	-7.53318757587054E-0004
 4.88140691139212E+0000	-2.41953636458613E-0004
 4.88751484964981E+0000	 3.03099858392357E-0004
 4.89374162520573E+0000	 8.57496810439794E-0004
 4.90009326452587E+0000	 1.39043532508886E-0003
 4.90656509048397E+0000	 1.86714781407147E-0003
 4.91313914130312E+0000	 2.25427845978355E-0003
 4.91978537387847E+0000	 2.52688988271388E-0003
 4.92646743138105E+0000	 2.67375216824729E-0003
 4.93315051421933E+0000	 2.69781772893318E-0003
 4.93980726302043E+0000	 2.61196325727507E-0003
 4.94641938284948E+0000	 2.43306017183016E-0003
 4.95297579105164E+0000	 2.17750766394477E-0003
 4.95946952679853E+0000	 1.85942825104765E-0003
 4.96589524952588E+0000	 1.49099516206838E-0003
 4.97224808258639E+0000	 1.08371182809779E-0003
 4.97852368987647E+0000	 6.49608260521606E-0004
 4.98471903547257E+0000	 2.01786972778611E-0004
 4.99083322064699E+0000	-2.45765131173018E-0004
 4.99686798646812E+0000	-6.78854571287843E-0004
 5.00282775046638E+0000	-1.08389564651304E-0003
 5.00871927057976E+0000	-1.44857990896842E-0003
 5.01455112977536E+0000	-1.76227164994781E-0003
 5.02033322330545E+0000	-2.01613818101114E-0003
 5.02607636267401E+0000	-2.20310178509422E-0003
 5.03179203631940E+0000	-2.31772047830139E-0003
 5.03749231215661E+0000	-2.35608964013303E-0003
 5.04318983621907E+0000	-2.31582815833310E-0003
 5.04889786886115E+0000	-2.19618525766336E-0003
 5.05463029556068E+0000	-1.99828367875432E-0003
 5.06040154343319E+0000	-1.72549961530660E-0003
 5.06622632093793E+0000	-1.38396054773420E-0003
 5.07211907980407E+0000	-9.83103433684741E-0004
 5.07809309443381E+0000	-5.36161921005955E-0004
 5.08415910703302E+0000	-6.03426946472241E-0005
 5.09032365007263E+0000	 4.23645109562570E-0004
 5.09658744140070E+0000	 8.93008720286604E-0004
 5.10294452209741E+0000	 1.32523367613838E-0003
 5.10938278311849E+0000	 1.70082357391422E-0003
 5.11588598236837E+0000	 2.00538556071426E-0003
 5.12243650600025E+0000	 2.23015060377189E-0003
 5.12901761854133E+0000	 2.37082543421972E-0003
 5.13561424531753E+0000	 2.42562594188615E-0003
 5.14221223565221E+0000	 2.39374237667626E-0003
 5.14879692566140E+0000	 2.27511516263387E-0003
 5.15535215335111E+0000	 2.07156841058426E-0003
 5.16186055657821E+0000	 1.78854869048214E-0003
 5.16830521049280E+0000	 1.43637455094982E-0003
 5.17467188918340E+0000	 1.03021206059635E-0003
 5.18095095107869E+0000	 5.88736904297018E-0004
 5.18713818115597E+0000	 1.32097088862575E-0004
 5.19323454117689E+0000	-3.20043394526722E-0004
 5.19924522679147E+0000	-7.49878889324317E-0004
 5.20517852069446E+0000	-1.14215402774931E-0003
 5.21104477821011E+0000	-1.48433532800687E-0003
 5.21685567932496E+0000	-1.76649734391140E-0003
 5.22262373982738E+0000	-1.98111520198986E-0003
 5.22836201100804E+0000	-2.12287865496334E-0003
 5.23408388702191E+0000	-2.18857808307639E-0003
 5.23980295157364E+0000	-2.17707298149481E-0003
 5.24553281074833E+0000	-2.08933334800708E-0003
 5.25128686804315E+0000	-1.92853257563209E-0003
 5.25707800255441E+0000	-1.70015597426301E-0003
 5.26291812116077E+0000	-1.41206599458397E-0003
 5.26881758405462E+0000	-1.07443737090735E-0003
 5.27478456055867E+0000	-6.99460580231407E-0004
 5.28082445193920E+0000	-3.00740553059676E-0004
 5.28693958157265E+0000	 1.07585437489942E-0004
 5.29312933730732E+0000	 5.11835033734069E-0004
 5.29939081205801E+0000	 8.99564318008721E-0004
 5.30571975579753E+0000	 1.25982604715736E-0003
 5.31211143393757E+0000	 1.58274644982201E-0003
 5.31856091353753E+0000	 1.85857070099396E-0003
 5.32506244893567E+0000	 2.07665436593617E-0003
 5.33160800379550E+0000	 2.22507449184925E-0003
 5.33818543076251E+0000	 2.29146233453326E-0003
 5.34477724225397E+0000	 2.26523032758608E-0003
 5.35136094931155E+0000	 2.14063257253440E-0003
 5.35791136694022E+0000	 1.91942043179079E-0003
 5.36440425414328E+0000	 1.61180798853937E-0003
 5.37081988759308E+0000	 1.23527195479376E-0003
 5.37714529923762E+0000	 8.11822032152934E-0004
 5.38337477468022E+0000	 3.64935273992042E-0004
 5.38950904053475E+0000	-8.29056127362406E-0005
 5.39555385493955E+0000	-5.11739311069383E-0004
 5.40151855130756E+0000	-9.04840770247128E-0004
 5.40741480163686E+0000	-1.24890172778526E-0003
 5.41325566120689E+0000	-1.53392403024124E-0003
 5.41905486035278E+0000	-1.75298841698217E-0003
 5.42482628157693E+0000	-1.90198855779991E-0003
 5.43058356185466E+0000	-1.97937258848733E-0003
 5.43633976939384E+0000	-1.98590506273932E-0003
 5.44210711533983E+0000	-1.92444150826519E-0003
 5.44789667614294E+0000	-1.79969074635821E-0003
 5.45371812567669E+0000	-1.61792866585556E-0003
 5.45957950816448E+0000	-1.38662917432951E-0003
 5.46548711506545E+0000	-1.11400318433380E-0003
 5.47144554282887E+0000	-8.08486819433772E-0004
 5.47745798387260E+0000	-4.78280919677089E-0004
 5.48352673478652E+0000	-1.31085518341097E-0004
 5.48965381198488E+0000	 2.25833350400457E-0004
 5.49584147874816E+0000	 5.85171059934987E-0004
 5.50209243832667E+0000	 9.38744240553443E-0004
 5.50840945595760E+0000	 1.27646323844226E-0003
 5.51479425723568E+0000	 1.58544866641049E-0003
 5.52124573437068E+0000	 1.84974922146096E-0003
 5.52775779084009E+0000	 2.05114629192108E-0003
 5.53431752204778E+0000	 2.17133992131370E-0003
 5.54090466858484E+0000	 2.19530036191152E-0003
 5.54749307046315E+0000	 2.11486318424692E-0003
 5.55405405760645E+0000	 1.93121009234736E-0003
 5.56056073229561E+0000	 1.65520302342913E-0003
 5.56699167698724E+0000	 1.30553443475154E-0003
 5.57333307307329E+0000	 9.05583362236732E-0004
 5.57957907377628E+0000	 4.80112904583043E-0004
 5.58573088871127E+0000	 5.25988742613999E-0005
 5.59179520866358E+0000	-3.56510919813649E-0004
 5.59778248799814E+0000	-7.30658531036505E-0004
 5.60370540178786E+0000	-1.05737603130214E-0003
 5.60957761289528E+0000	-1.32807026996141E-0003
 5.61541286129888E+0000	-1.53759425430402E-0003
 5.62122432546877E+0000	-1.68373892886052E-0003
 5.62702418792574E+0000	-1.76671562686028E-0003
 5.63282334703899E+0000	-1.78865243063258E-0003
 5.63863124192116E+0000	-1.75310060205687E-0003
 5.64445578714495E+0000	-1.66454162286671E-0003
 5.65030343810472E+0000	-1.52790110430202E-0003
 5.65617941384428E+0000	-1.34810706551914E-0003
 5.66208808384333E+0000	-1.12976236487228E-0003
 5.66803348223385E+0000	-8.77015791883736E-0004
 5.67401986334751E+0000	-5.93701989268788E-0004
 5.68005217469704E+0000	-2.83779948790022E-0004
 5.68613630615333E+0000	 4.79547575142901E-0005
 5.69227897595501E+0000	 3.94969165226155E-0004
 5.69848713458886E+0000	 7.48055016997411E-0004
 5.70476681603058E+0000	 1.09458021159800E-0003
 5.71112146431120E+0000	 1.41823133587947E-0003
 5.71754993678416E+0000	 1.69958775948830E-0003
 5.72404462731486E+0000	 1.91779278119804E-0003
 5.73059037056302E+0000	 2.05331460543520E-0003
 5.73716479755532E+0000	 2.09133226746210E-0003
 5.74374045868712E+0000	 2.02484092005662E-0003
 5.75028838611226E+0000	 1.85645946823435E-0003
 5.75678216924488E+0000	 1.59829859741956E-0003
 5.76320141145657E+0000	 1.26993356952375E-0003
 5.76953371002372E+0000	 8.95166957509980E-0004
 5.77577488933244E+0000	 4.98577035337478E-0004
 5.78192782573116E+0000	 1.02720100148736E-0004
 5.78800053865648E+0000	-2.73586568116416E-0004
 5.79400419095411E+0000	-6.15936333961222E-0004
 5.79995139135575E+0000	-9.14252401833730E-0004
 5.80585493358070E+0000	-1.16228282443071E-0003
 5.81172694720920E+0000	-1.35691560907282E-0003
 5.81757837754149E+0000	-1.49745340439988E-0003
 5.82341871622325E+0000	-1.58491010189638E-0003
 5.82925593392109E+0000	-1.62135370041535E-0003
 5.83509659458255E+0000	-1.60931552225448E-0003
 5.84094614139043E+0000	-1.55130192575433E-0003
 5.84680933138857E+0000	-1.44946267349467E-0003
 5.85269076574234E+0000	-1.30547267846505E-0003
 5.85859543226034E+0000	-1.12066371477049E-0003
 5.86452916143077E+0000	-8.96406876970775E-0004
 5.87049890046424E+0000	-6.34709282409004E-0004
 5.87651272419043E+0000	-3.38958666706256E-0004
 5.88257951857374E+0000	-1.47252234852053E-0005
 5.88870829155398E+0000	 3.29496614886063E-0004
 5.89490709614240E+0000	 6.81757871402255E-0004
 5.90118160760315E+0000	 1.02652389287497E-0003
 5.90753349294780E+0000	 1.34514666484232E-0003
 5.91395884011864E+0000	 1.61710405494879E-0003
 5.92044703374268E+0000	 1.82203891479488E-0003
 5.92698050857780E+0000	 1.94241761582832E-0003
 5.93353573316214E+0000	 1.96638187787286E-0003
 5.94008555621866E+0000	 1.89014931005963E-0003
 5.94660266667237E+0000	 1.71920623334630E-0003
 5.95306341254177E+0000	 1.46769785849531E-0003
 5.95945086682017E+0000	 1.15600321146785E-0003
 5.96575622547049E+0000	 8.07261759214316E-0004
 5.97197837378314E+0000	 4.44010140173664E-0004
 5.97812219919044E+0000	 8.57986356107645E-0005
 5.98419647078680E+0000	-2.51970202232255E-0004
 5.99021189487106E+0000	-5.58210391446646E-0004
 5.99617961975436E+0000	-8.25707910749716E-0004
 6.00211022513317E+0000	-1.05038053922960E-0003
 6.00801313044233E+0000	-1.23044198001293E-0003
 6.01389634386009E+0000	-1.36557918993353E-0003
 6.01976649247662E+0000	-1.45620825808534E-0003
 6.02562908722591E+0000	-1.50286552937401E-0003
 6.03148896856151E+0000	-1.50579280802085E-0003
 6.03735085579531E+0000	-1.46476634030613E-0003
 6.04321990225503E+0000	-1.37919025853736E-0003
 6.04910215602887E+0000	-1.24843469334266E-0003
 6.05500484456369E+0000	-1.07236358663448E-0003
 6.06093642988970E+0000	-8.51978316171455E-0004
 6.06690640634759E+0000	-5.90098640111897E-0004
 6.07292482902758E+0000	-2.92001772545206E-0004
 6.07900157375059E+0000	 3.40657571019235E-0005
 6.08514534913826E+0000	 3.76601854377046E-0004
 6.09136251750660E+0000	 7.20898037263972E-0004
 6.09765583419261E+0000	 1.04952787831964E-0003
 6.10402326993672E+0000	 1.34334214522357E-0003
 6.11045711687682E+0000	 1.58297701446898E-0003
 6.11694359678413E+0000	 1.75081821161723E-0003
 6.12346322349924E+0000	 1.83328739602856E-0003
 6.12999220439374E+0000	 1.82314599539898E-0003
 6.13650502895823E+0000	 1.72121214582617E-0003
 6.14297790342872E+0000	 1.53670021554657E-0003
 6.14939205904975E+0000	 1.28573147385417E-0003
 6.15573580603851E+0000	 9.88407580531793E-0004
 6.16200480426599E+0000	 6.65515675229585E-0004
 6.16820086791519E+0000	 3.35894071239871E-0004
 6.17433006150528E+0000	 1.49261842324836E-0005
 6.18040076738248E+0000	-2.85911212477838E-0004
 6.18642210519905E+0000	-5.58765128225624E-0004
 6.19240282760230E+0000	-7.98713192597537E-0004
 6.19835068316186E+0000	-1.00289893157759E-0003
 6.20427219337016E+0000	-1.16965675321076E-0003
 6.21017277854025E+0000	-1.29774565288810E-0003
 6.21605715134479E+0000	-1.38578892380054E-0003
 6.22192987068856E+0000	-1.43199053795043E-0003
 6.22779592846541E+0000	-1.43415415739077E-0003
 6.23366124579087E+0000	-1.38997599237805E-0003
 6.23953298669010E+0000	-1.29753837831398E-0003
 6.24541964166013E+0000	-1.15591192985873E-0003
 6.25133087163371E+0000	-9.65779149205140E-0004
 6.25727712426484E+0000	-7.30007604742161E-0004
 6.26326904241576E+0000	-4.54111672724581E-0004
 6.26931669103153E+0000	-1.46542512144841E-0004
 6.27542864445193E+0000	 1.81258125334320E-0004
