 7.61159938444286E-0004	-1.01297155032746E-0003
 6.67073259353318E-0003	-1.13812019357570E-0003
 1.25620353301287E-0002	-1.21714052026178E-0003
 1.84435351499017E-0002	-1.24829547835830E-0003
 2.43234549301287E-0002	-1.23093836238308E-0003
 3.02098955689258E-0002	-1.16528507224495E-0003
 3.61110470628736E-0002	-1.05237483778060E-0003
 4.20353844657147E-0002	-8.94241687205558E-0004
 4.79917422693479E-0002	-6.94278398437068E-0004
 5.39891673985240E-0002	-4.57735195675958E-0004
 6.00364644866658E-0002	-1.92253161370858E-0004
 6.61413744791730E-0002	 9.17211380907046E-0005
 7.23093925816325E-0002	 3.80858482683117E-0004
 7.85423676607735E-0002	 6.59472716944339E-0004
 8.48372393447681E-0002	 9.10863683674111E-0004
 9.11854744408320E-0002	 1.11944039952999E-0003
 9.75737465078436E-0002	 1.27313166746199E-0003
 1.03985958266957E-0001	 1.36518089632181E-0003
 1.10405961152239E-0001	 1.39448820540484E-0003
 1.16819831563812E-0001	 1.36436352333510E-0003
 1.23216801631540E-0001	 1.28043073020976E-0003
 1.29588752167183E-0001	 1.14879799692436E-0003
 1.35928934138581E-0001	 9.75281663991805E-0004
 1.42230850149524E-0001	 7.65778967581915E-0004
 1.48487973637765E-0001	 5.27268094778005E-0004
 1.54694423887228E-0001	 2.68652940444302E-0004
 1.60846162355065E-0001	 8.59173310896314E-0007
 1.66942043228938E-0001	-2.63915611884544E-0004
 1.72984239412863E-0001	-5.13436141189823E-0004
 1.78977965413416E-0001	-7.36640520262441E-0004
 1.84930728294857E-0001	-9.24474874899188E-0004
 1.90851425398682E-0001	-1.07024976696594E-0003
 1.96749534529149E-0001	-1.16959766161767E-0003
 2.02634524329638E-0001	-1.22018142793525E-0003
 2.08515518553478E-0001	-1.22130214324754E-0003
 2.14401190720339E-0001	-1.17352620636152E-0003
 2.20299832594831E-0001	-1.07842048057762E-0003
 2.26219518383657E-0001	-9.38453959256452E-0004
 2.32168271881317E-0001	-7.57092676990822E-0004
 2.38154135882058E-0001	-5.39079700074900E-0004
 2.44185042103467E-0001	-2.90852818783341E-0004
 2.50268387698940E-0001	-2.10046692460375E-0005
 2.56410252442845E-0001	 2.59372391973543E-0004
 2.62614264786870E-0001	 5.36686337752683E-0004
 2.68880277097182E-0001	 7.95464018501791E-0004
 2.75203238726451E-0001	 1.01979023519377E-0003
 2.81572853728210E-0001	 1.19547966149516E-0003
 2.87974540835873E-0001	 1.31240643959864E-0003
 2.94391685407133E-0001	 1.36603483436230E-0003
 3.00808391452129E-0001	 1.35737557257630E-0003
 3.07211538572011E-0001	 1.29141128522355E-0003
 3.13591354721962E-0001	 1.17490060276300E-0003
 3.19940616375006E-0001	 1.01469854345968E-0003
 3.26253287619529E-0001	 8.17248484519988E-0004
 3.32523531314980E-0001	 5.89157122571558E-0004
 3.38745645056789E-0001	 3.38211687142436E-0004
 3.44914877589804E-0001	 7.40688435775761E-0005
 3.51028601657538E-0001	-1.91855467242980E-0004
 3.57087211420472E-0001	-4.47259956343769E-0004
 3.63094374187467E-0001	-6.80186503103670E-0004
 3.69056645226669E-0001	-8.80140107984787E-0004
 3.74982695787021E-0001	-1.03882266545750E-0003
 3.80882440559683E-0001	-1.15043004404400E-0003
 3.86766264504064E-0001	-1.21160348170892E-0003
 3.92644442733386E-0001	-1.22116908635024E-0003
 3.98526772288760E-0001	-1.17978592976757E-0003
 4.04422394973890E-0001	-1.08959481979576E-0003
 4.10339770904069E-0001	-9.53935483522657E-0004
 4.16286749170573E-0001	-7.77181632232886E-0004
 4.22270668218349E-0001	-5.64726317760009E-0004
 4.28298402697908E-0001	-3.23127936129139E-0004
 4.34376258102529E-0001	-6.03931752811181E-0005
 4.40509608204848E-0001	 2.13680577449642E-0004
 4.46702192799360E-0001	 4.87257885485597E-0004
 4.52955076192738E-0001	 7.46554431330583E-0004
 4.59265441197465E-0001	 9.76550374601905E-0004
 4.65625644162888E-0001	 1.16251993076834E-0003
 4.72023146184855E-0001	 1.29222860877386E-0003
 4.78441795180953E-0001	 1.35812584035487E-0003
 4.84864303058923E-0001	 1.35853515812995E-0003
 4.91274969808559E-0001	 1.29718166279893E-0003
 4.97661459085114E-0001	 1.18132551281815E-0003
 5.04015029514866E-0001	 1.01955133169884E-0003
 5.10329557898675E-0001	 8.20279113225882E-0004
 5.16600239690853E-0001	 5.91441320227577E-0004
 5.22822787132145E-0001	 3.41061822077627E-0004
 5.28993481230772E-0001	 7.80763958129964E-0005
 5.35109902226226E-0001	-1.87239326921722E-0004
 5.41171840303543E-0001	-4.43526665530762E-0004
 5.47181899819703E-0001	-6.79165963202723E-0004
 5.53145567331860E-0001	-8.83306680140704E-0004
 5.59070799013408E-0001	-1.04676122329892E-0003
 5.64967335565231E-0001	-1.16258046112657E-0003
 5.70845955730315E-0001	-1.22629498725548E-0003
 5.76717805206143E-0001	-1.23589910302042E-0003
 5.82593858457695E-0001	-1.19167502798620E-0003
 5.88484519859506E-0001	-1.09593709403349E-0003
 5.94399348694116E-0001	-9.52750073452012E-0004
 6.00346887897889E-0001	-7.67657751179947E-0004
 6.06334576331815E-0001	-5.47451129764709E-0004
 6.12368718255706E-0001	-3.00007080783779E-0004
 6.18454464167599E-0001	-3.42283985772557E-0005
 6.24595724376557E-0001	 2.39900979509939E-0004
 6.30794905682176E-0001	 5.11183977221864E-0004
 6.37052365998247E-0001	 7.67133286149383E-0004
 6.43365567476473E-0001	 9.94191540860953E-0004
 6.49728109041225E-0001	 1.17854553604516E-0003
 6.56129095600200E-0001	 1.30770407188546E-0003
 6.62553463402734E-0001	 1.37260630839260E-0003
 6.68983631943915E-0001	 1.36949104773798E-0003
 6.75402124401632E-0001	 1.30055936683385E-0003
 6.81794087226486E-0001	 1.17299717030764E-0003
 6.88148642246084E-0001	 9.96884438377373E-0004
 6.94458765813825E-0001	 7.83083705007501E-0004
 7.00720222322587E-0001	 5.41972011182851E-0004
 7.06930391200555E-0001	 2.83212845376316E-0004
 7.13087602846792E-0001	 1.62026507240598E-0005
 7.19191150707072E-0001	-2.49375226270246E-0004
 7.25241763407322E-0001	-5.03329285930249E-0004
 7.31242156947085E-0001	-7.35218785335228E-0004
 7.37197352932743E-0001	-9.34970341302363E-0004
 7.43114638574992E-0001	-1.09360725041889E-0003
 7.49003219557513E-0001	-1.20387878705985E-0003
 7.54873699068799E-0001	-1.26068541080785E-0003
 7.60737508961789E-0001	-1.26129639530721E-0003
 7.66606368452033E-0001	-1.20540857650836E-0003
 7.72491794706617E-0001	-1.09510115841281E-0003
 7.78404658850143E-0001	-9.34722107846851E-0004
 7.84354773613061E-0001	-7.30715972153026E-0004
 7.90350510515882E-0001	-4.91384572595178E-0004
 7.96398466321315E-0001	-2.26570954804320E-0004
 8.02503215267259E-0001	 5.27212739920891E-0005
 8.08667174226828E-0001	 3.34723555300580E-0004
 8.14890557941018E-0001	 6.07237824806117E-0004
 8.21171325240172E-0001	 8.57865393474429E-0004
 8.27504971923788E-0001	 1.07419173866468E-0003
 8.33884094740667E-0001	 1.24414536711278E-0003
 8.40297881227260E-0001	 1.35683055611909E-0003
 8.46731984759607E-0001	 1.40397065445704E-0003
 8.53169346349942E-0001	 1.38163629498580E-0003
 8.59592137949934E-0001	 1.29145214778807E-0003
 8.65984251166017E-0001	 1.14049932578305E-0003
 8.72333281744206E-0001	 9.39828362452049E-0004
 8.78631257462172E-0001	 7.02311768538841E-0004
 8.84874138638943E-0001	 4.40798001562983E-0004
 8.91060701868489E-0001	 1.67123963729988E-0004
 8.97191483087306E-0001	-1.08030554885914E-0004
 9.03268172094505E-0001	-3.74814952386258E-0004
 9.09293505460078E-0001	-6.23827307943768E-0004
 9.15271474636361E-0001	-8.45959226523050E-0004
 9.21207599222138E-0001	-1.03254263008697E-0003
 9.27109076482475E-0001	-1.17572048485983E-0003
 9.32984731994330E-0001	-1.26890299907737E-0003
 9.38844791686276E-0001	-1.30719269131997E-0003
 9.44700538006620E-0001	-1.28772082492025E-0003
 9.50563906833636E-0001	-1.20989080397997E-0003
 9.56447050838410E-0001	-1.07554952293587E-0003
 9.62361862634848E-0001	-8.89103780691124E-0004
 9.68319432330937E-0001	-6.57573627805089E-0004
 9.74329418533534E-0001	-3.90538470816379E-0004
 9.80399346508020E-0001	-9.98997022947561E-0005
 9.86533911475951E-0001	 2.00620503713273E-0004
 9.92734436095086E-0001	 4.96272193336083E-0004
 9.98998654518752E-0001	 7.72274047803777E-0004
 1.00532090971000E+0000	 1.01479605876406E-0003
 1.01169265750936E+0000	 1.21168304041180E-0003
 1.01810299477062E+0000	 1.35283644905147E-0003
 1.02453896248462E+0000	 1.43046054115337E-0003
 1.03098568644158E+0000	 1.43953971540909E-0003
 1.03742678489449E+0000	 1.37870176040200E-0003
 1.04384549230096E+0000	 1.25111387344095E-0003
 1.05022645982841E+0000	 1.06472171357736E-0003
 1.05655758471976E+0000	 8.31394985894433E-0004
 1.06283108844185E+0000	 5.65215579060319E-0004
 1.06904351980570E+0000	 2.80621615300591E-0004
 1.07519494460921E+0000	-8.94437744299633E-0006
 1.08128785679227E+0000	-2.91641786646155E-0004
 1.08732626307956E+0000	-5.57228877153359E-0004
 1.09331515120528E+0000	-7.96755109472092E-0004
 1.09926033048235E+0000	-1.00223541751369E-0003
 1.10516850890070E+0000	-1.16648093165176E-0003
 1.11104744495426E+0000	-1.28313620149094E-0003
 1.11690605203071E+0000	-1.34688537348008E-0003
 1.12275439594435E+0000	-1.35375532358041E-0003
 1.12860357723438E+0000	-1.30145263233400E-0003
 1.13446551207591E+0000	-1.18970019317518E-0003
 1.14035261966304E+0000	-1.02056507655624E-0003
 1.14627740070959E+0000	-7.98777042587005E-0004
 1.15225186549746E+0000	-5.32019818304763E-0004
 1.15828675699057E+0000	-2.31132861698585E-0004
 1.16439053726030E+0000	 8.99051938164307E-0005
 1.17056819162080E+0000	 4.14403991302835E-0004
 1.17682006589406E+0000	 7.23992088273420E-0004
 1.18314113272952E+0000	 1.00029304369725E-0003
 1.18952112434618E+0000	 1.22696436709862E-0003
 1.19594569651918E+0000	 1.39148123789397E-0003
 1.20239825404331E+0000	 1.48603366607533E-0003
 1.20886167854311E+0000	 1.50738398059798E-0003
 1.21531937648227E+0000	 1.45617051067465E-0003
 1.22175570244956E+0000	 1.33634881520460E-0003
 1.22815630279319E+0000	 1.15504330372404E-0003
 1.23450881729598E+0000	 9.22489173477362E-0004
 1.24080385121355E+0000	 6.51561015037336E-0004
 1.24703574355996E+0000	 3.56717653566834E-0004
 1.25320272963719E+0000	 5.26476856049039E-0005
 1.25930645956763E+0000	-2.46925012694027E-0004
 1.26535114025980E+0000	-5.29965714450039E-0004
 1.27134264570282E+0000	-7.86337652549399E-0004
 1.27728784133652E+0000	-1.00764214311492E-0003
 1.28319421462763E+0000	-1.18690219207097E-0003
 1.28906977975315E+0000	-1.31827200287184E-0003
 1.29492315830265E+0000	-1.39688270572073E-0003
 1.30076372517220E+0000	-1.41886114509846E-0003
 1.30660173013728E+0000	-1.38150680400167E-0003
 1.31244833867078E+0000	-1.28358917263328E-0003
 1.31831556165962E+0000	-1.12572893753944E-0003
 1.32421605177220E+0000	-9.10838317940930E-0004
 1.33016273231537E+0000	-6.44603002790466E-0004
 1.33616819848925E+0000	-3.35975098224344E-0004
 1.34224380576066E+0000	 2.40113545410206E-0006
 1.34839836563013E+0000	 3.54001383674015E-0004
 1.35463645878930E+0000	 6.98766887922698E-0004
 1.36095661129174E+0000	 1.01436105340259E-0003
 1.36734994678614E+0000	 1.27858148472363E-0003
 1.37380019212322E+0000	 1.47265146329060E-0003
 1.38028563095776E+0000	 1.58434686282499E-0003
 1.38678259735574E+0000	 1.60956539551957E-0003
 1.39326905861529E+0000	 1.55165126148409E-0003
 1.39972681712169E+0000	 1.41914505295510E-0003
 1.40614194860485E+0000	 1.22338922512447E-0003
 1.41250420267660E+0000	 9.76998729293254E-0004
 1.41880633192252E+0000	 6.93255780026488E-0004
 1.42504382543887E+0000	 3.85901564457448E-0004
 1.43121495097997E+0000	 6.88307653354345E-0005
 1.43732077656777E+0000	-2.44455070146943E-0004
 1.44336494284369E+0000	-5.41487219007989E-0004
 1.44935317455078E+0000	-8.11338106721329E-0004
 1.45529267140818E+0000	-1.04486195446774E-0003
 1.46119155109802E+0000	-1.23466449082898E-0003
 1.46705846537802E+0000	-1.37489375731007E-0003
 1.47290243094276E+0000	-1.46097837806593E-0003
 1.47873284864626E+0000	-1.48942650279209E-0003
 1.48455964353642E+0000	-1.45776152469307E-0003
 1.49039344347670E+0000	-1.36462948118734E-0003
 1.49624571764201E+0000	-1.21008027969163E-0003
 1.50212880624924E+0000	-9.96005452343054E-0004
 1.50805577782575E+0000	-7.26706138525846E-0004
 1.51404004197298E+0000	-4.09555889819010E-0004
 1.52009462347536E+0000	-5.56965408046838E-0005
 1.52623098079886E+0000	 3.19359996551739E-0004
 1.53245726603582E+0000	 6.95475324680143E-0004
 1.53877605049571E+0000	 1.04839978063813E-0003
 1.54518188260003E+0000	 1.35161051371330E-0003
 1.55165960785662E+0000	 1.57983287883947E-0003
 1.55818480812367E+0000	 1.71378766270762E-0003
 1.56472724430180E+0000	 1.74445581616933E-0003
 1.57125648880510E+0000	 1.67463094468953E-0003
 1.57774725555297E+0000	 1.51684153388005E-0003
 1.58418212204870E+0000	 1.28900443361791E-0003
 1.59055126730415E+0000	 1.01021462575460E-0003
 1.59685052688581E+0000	 6.98207917186650E-0004
 1.60307930205607E+0000	 3.68571837691093E-0004
 1.60923915134579E+0000	 3.49694242227285E-0005
 1.61533314836889E+0000	-2.90385273471541E-0004
 1.62136571406192E+0000	-5.96426657899204E-0004
 1.62734259043929E+0000	-8.73202609379952E-0004
 1.63327074933262E+0000	-1.11200259531249E-0003
 1.63915818339766E+0000	-1.30550011001725E-0003
 1.64501363204789E+0000	-1.44780681121166E-0003
 1.65084633253608E+0000	-1.53441247316512E-0003
 1.65666587168492E+0000	-1.56204956480872E-0003
 1.66248217328570E+0000	-1.52855684999296E-0003
 1.66830561124258E+0000	-1.43282415016350E-0003
 1.67414720036660E+0000	-1.27488892900856E-0003
 1.68001878832678E+0000	-1.05623356495306E-0003
 1.68593315111523E+0000	-7.80306173483509E-0004
 1.69190387431484E+0000	-4.53258416459837E-0004
 1.69794487728534E+0000	-8.48527847619380E-0005
 1.70406940936121E+0000	 3.10580230638916E-0004
 1.71028834189107E+0000	 7.13384988824528E-0004
 1.71660766533235E+0000	 1.09847572737194E-0003
 1.72302539248883E+0000	 1.43655518112727E-0003
 1.72952866511757E+0000	 1.69734857986758E-0003
 1.73609260800860E+0000	 1.85496301265447E-0003
 1.74268265472346E+0000	 1.89406071076398E-0003
 1.74926070812279E+0000	 1.81403935887633E-0003
 1.75579290659921E+0000	 1.62867152502419E-0003
 1.76225534214853E+0000	 1.36131092710480E-0003
 1.76863558457107E+0000	 1.03848254745724E-0003
 1.77493069230118E+0000	 6.84865878593267E-0004
 1.78114383645325E+0000	 3.20876387779626E-0004
 1.78728127158199E+0000	-3.76135595552106E-0005
 1.79335036401389E+0000	-3.78438522996978E-0004
 1.79935865347884E+0000	-6.92030768128916E-0004
 1.80531362601779E+0000	-9.70504602532971E-0004
 1.81122284695519E+0000	-1.20709608211075E-0003
 1.81709418575115E+0000	-1.39593385967903E-0003
 1.82293597837063E+0000	-1.53202935345062E-0003
 1.82875707834046E+0000	-1.61135919975960E-0003
 1.83456682318256E+0000	-1.63094517662084E-0003
 1.84037497953044E+0000	-1.58889091747002E-0003
 1.84619173131355E+0000	-1.48438926441491E-0003
 1.85202775094348E+0000	-1.31775632621262E-0003
 1.85789435313915E+0000	-1.09057353069131E-0003
 1.86380368080598E+0000	-8.06026123451669E-0004
 1.86976881442264E+0000	-4.69513962376098E-0004
 1.87580363048342E+0000	-8.95718082550431E-0005
 1.88192216256854E+0000	 3.20945294669966E-0004
 1.88813715986214E+0000	 7.43613908818077E-0004
 1.89445756266853E+0000	 1.15360670364483E-0003
 1.90088487961408E+0000	 1.52011150627175E-0003
 1.90740915251125E+0000	 1.80907903249431E-0003
 1.91400627549738E+0000	 1.98892728377708E-0003
 1.92063909782599E+0000	 2.03820047943545E-0003
 1.92726359588385E+0000	 1.95198849705104E-0003
 1.93383825515980E+0000	 1.74340181418065E-0003
 1.94033224980615E+0000	 1.43908989703824E-0003
 1.94672891669682E+0000	 1.07154970851458E-0003
 1.95302440869465E+0000	 6.72163295307638E-0004
 1.95922381856855E+0000	 2.67144937164235E-0004
 1.96533710753627E+0000	-1.23652953993922E-0004
 1.97137603913209E+0000	-4.86154674025410E-0004
 1.97735233981067E+0000	-8.10743186260181E-0004
 1.98327685608985E+0000	-1.09086447965940E-0003
 1.98915938200348E+0000	-1.32186916431296E-0003
 1.99500887188734E+0000	-1.50020217169836E-0003
 2.00083382046812E+0000	-1.62294363557748E-0003
 2.00664265519365E+0000	-1.68764508175597E-0003
 2.01244404602011E+0000	-1.69237328138683E-0003
 2.01824709679025E+0000	-1.63586665835651E-0003
 2.02406143319312E+0000	-1.51772653514106E-0003
 2.02989723535890E+0000	-1.33860314813980E-0003
 2.03576527155864E+0000	-1.10038517721789E-0003
 2.04167696986501E+0000	-8.06451593934871E-0004
 2.04764451432439E+0000	-4.62085614843534E-0004
 2.05368086795321E+0000	-7.51679965291086E-0005
 2.05979950580877E+0000	 3.42763939825442E-0004
 2.06601349969465E+0000	 7.75127584447289E-0004
 2.07233348782867E+0000	 1.19889287503082E-0003
 2.07876415287567E+0000	 1.58397415558087E-0003
 2.08529944163215E+0000	 1.89480003751753E-0003
 2.09191814458716E+0000	 2.09548932756775E-0003
 2.09858299372618E+0000	 2.15851297476914E-0003
 2.10524604328593E+0000	 2.07354926066188E-0003
 2.11185931209615E+0000	 1.85131393937189E-0003
 2.11838538852360E+0000	 1.51979746803582E-0003
 2.12480286239720E+0000	 1.11560116294778E-0003
 2.13110570461911E+0000	 6.75382069208737E-0004
 2.13729916769048E+0000	 2.30488859692223E-0004
 2.14339510047802E+0000	-1.95006204468609E-0004
 2.14940822879868E+0000	-5.84072423261792E-0004
 2.15535374184701E+0000	-9.25496117875808E-0004
 2.16124596415498E+0000	-1.21242305316403E-0003
 2.16709778020064E+0000	-1.44102179239015E-0003
 2.17292054031445E+0000	-1.60939377014254E-0003
 2.17872426232183E+0000	-1.71675886893946E-0003
 2.18451800233788E+0000	-1.76291419445086E-0003
 2.19031029739573E+0000	-1.74795266795348E-0003
 2.19610959717715E+0000	-1.67221463209572E-0003
 2.20192461870690E+0000	-1.53642697411633E-0003
 2.20776458511331E+0000	-1.34196951652019E-0003
 2.21363934458611E+0000	-1.09120954005753E-0003
 2.21955939671602E+0000	-7.87869384667351E-0004
 2.22553586430042E+0000	-4.37438372280424E-0004
 2.23158042101719E+0000	-4.76989700830128E-0005
 2.23770509975607E+0000	 3.70515758176836E-0004
 2.24392175070236E+0000	 8.02229588076215E-0004
 2.25024071404549E+0000	 1.22695043491531E-0003
 2.25666813643267E+0000	 1.61748949805842E-0003
 2.26320160421659E+0000	 1.94015716182075E-0003
 2.26982488428506E+0000	 2.15816281188590E-0003
 2.27650461283263E+0000	 2.23943534897743E-0003
 2.28319299674395E+0000	 2.16697871146110E-0003
 2.28983785595673E+0000	 1.94599830715619E-0003
 2.29639534975777E+0000	 1.60262573048953E-0003
 2.30283825282986E+0000	 1.17526847715789E-0003
 2.30915688819115E+0000	 7.04463812010231E-0004
 2.31535511676491E+0000	 2.25928851883625E-0004
 2.32144509399249E+0000	-2.32307909885256E-0004
 2.32744296732447E+0000	-6.50013833368041E-0004
 2.33336604431822E+0000	-1.01361038539650E-0003
 2.33923118025145E+0000	-1.31472576300120E-0003
 2.34505397670668E+0000	-1.54886041479551E-0003
 2.35084846589675E+0000	-1.71428732728663E-0003
 2.35662707737058E+0000	-1.81118452120858E-0003
 2.36240077775494E+0000	-1.84096541287459E-0003
 2.36817932952539E+0000	-1.80578194396843E-0003
 2.37397163617879E+0000	-1.70819665961856E-0003
 2.37978613772709E+0000	-1.55103553611533E-0003
 2.38563120510782E+0000	-1.33743293248795E-0003
 2.39151547048959E+0000	-1.07106228605730E-0003
 2.39744803513494E+0000	-7.56520651926165E-0004
 2.40343851968166E+0000	-3.99819138771439E-0004
 2.40949695056506E+0000	-8.94158383540618E-0006
 2.41563348238576E+0000	 4.05523783077202E-0004
 2.42185789966706E+0000	 8.29620367257472E-0004
 2.42817869008018E+0000	 1.24506767252148E-0003
 2.43460126285510E+0000	 1.62823867311324E-0003
 2.44112479472058E+0000	 1.94971010634294E-0003
 2.44773768173765E+0000	 2.17582047743340E-0003
 2.45441316124299E+0000	 2.27401485949624E-0003
 2.46110876335774E+0000	 2.22210251757205E-0003
 2.46777298922793E+0000	 2.01750497507011E-0003
 2.47435765161687E+0000	 1.68009003374272E-0003
 2.48082891998628E+0000	 1.24612734508239E-0003
 2.48717135262947E+0000	 7.57779565975074E-0004
 2.49338528337687E+0000	 2.54310064753975E-0004
 2.49948146709943E+0000	-2.32359433844645E-0004
 2.50547613202275E+0000	-6.78534174943934E-0004
 2.51138757219713E+0000	-1.06782189503266E-0003
 2.51723418023385E+0000	-1.38967187798098E-0003
 2.52303346111537E+0000	-1.63799118568895E-0003
 2.52880161337626E+0000	-1.81003406571254E-0003
 2.53455340274357E+0000	-1.90556971982332E-0003
 2.54030217291109E+0000	-1.92626932204515E-0003
 2.54605991977139E+0000	-1.87524562225268E-0003
 2.55183740643895E+0000	-1.75669465420941E-0003
 2.55764432399874E+0000	-1.57561625494952E-0003
 2.56348950878796E+0000	-1.33762150157818E-0003
 2.56938121084662E+0000	-1.04886161344239E-0003
 2.57532737474344E+0000	-7.16121733243896E-0004
 2.58133585803968E+0000	-3.47104855073571E-0004
 2.58741449506134E+0000	 4.91098997632025E-0005
 2.59357092704332E+0000	 4.61492127168019E-0004
 2.59981215018919E+0000	 8.76437772789079E-0004
 2.60614373210386E+0000	 1.27714445133926E-0003
 2.61256855601883E+0000	 1.64302809331427E-0003
 2.61908479352185E+0000	 1.94940037766225E-0003
 2.62568283375384E+0000	 2.16812829616874E-0003
 2.63234162719214E+0000	 2.27061609599197E-0003
 2.63902655991136E+0000	 2.23417262769203E-0003
 2.64569219670710E+0000	 2.05040071446680E-0003
 2.65229117733027E+0000	 1.73083579323820E-0003
 2.65878536965916E+0000	 1.30526311390087E-0003
 2.66515293041090E+0000	 8.13521089795463E-0004
 2.67138862295709E+0000	 2.96136045912061E-0004
 2.67749968011759E+0000	-2.11879446465070E-0004
 2.68350074079185E+0000	-6.83338575062802E-0004
 2.68940987121123E+0000	-1.09866607810759E-0003
 2.69524608069905E+0000	-1.44464572854521E-0003
 2.70102801173484E+0000	-1.71302176774381E-0003
 2.70677336370019E+0000	-1.89932462643092E-0003
 2.71249870937555E+0000	-2.00200701545587E-0003
 2.71821948690244E+0000	-2.02185950758803E-0003
 2.72395004134464E+0000	-1.96163952782787E-0003
 2.72970364879209E+0000	-1.82584358265653E-0003
 2.73549249510425E+0000	-1.62055814840530E-0003
 2.74132761171006E+0000	-1.35333560373470E-0003
 2.74721879553246E+0000	-1.03306174386003E-0003
 2.75317455263310E+0000	-6.69814421441291E-0004
 2.75920209263563E+0000	-2.74752970608043E-0004
 2.76530735576654E+0000	 1.39895644433163E-0004
 2.77149499081930E+0000	 5.60703441662032E-0004
 2.77776816041150E+0000	 9.72775959939271E-0004
 2.78412806547781E+0000	 1.35945123878152E-0003
 2.79057313489359E+0000	 1.70210029886299E-0003
 2.79709783848194E+0000	 1.98017233852719E-0003
 2.80369103397554E+0000	 2.17173765797771E-0003
 2.81033389435177E+0000	 2.25512118102698E-0003
 2.81699820366166E+0000	 2.21246513872103E-0003
 2.82364696393597E+0000	 2.03525586649199E-0003
 2.83023920868300E+0000	 1.72962060991833E-0003
 2.83673819488445E+0000	 1.31765912007800E-0003
 2.84311886534498E+0000	 8.33121085884458E-0004
 2.84937079382457E+0000	 3.13903675192227E-0004
 2.85549643105813E+0000	-2.04578392060508E-0004
 2.86150709458190E+0000	-6.93024140207468E-0004
 2.86741903307161E+0000	-1.12914552222881E-0003
 2.87325059531220E+0000	-1.49703141921062E-0003
 2.87902055842712E+0000	-1.78598840302223E-0003
 2.88474730304285E+0000	-1.98941097876420E-0003
 2.89044850225271E+0000	-2.10389563993074E-0003
 2.89614107721104E+0000	-2.12864012987286E-0003
 2.90184125739702E+0000	-2.06510144548638E-0003
 2.90756464019818E+0000	-1.91686643716684E-0003
 2.91332617526677E+0000	-1.68968320775387E-0003
 2.91914001580149E+0000	-1.39159274432570E-0003
 2.92501919581821E+0000	-1.03308250937410E-0003
 2.93097512403664E+0000	-6.27162041161939E-0004
 2.93701693947498E+0000	-1.89252637456091E-0004
 2.94315084039363E+0000	 2.63184930171811E-0004
 2.94937953710251E+0000	 7.11275800941030E-0004
 2.95570194036314E+0000	 1.13549582121598E-0003
 2.96211307932373E+0000	 1.51641812771430E-0003
 2.96860413162671E+0000	 1.83535282329515E-0003
 2.97516243543776E+0000	 2.07491110654913E-0003
 2.98177140336530E+0000	 2.21959708624442E-0003
 2.98841028779706E+0000	 2.25660588456350E-0003
 2.99505390115141E+0000	 2.17718807748810E-0003
 3.00167291989688E+0000	 1.97893296860912E-0003
 3.00823589669489E+0000	 1.66853776224262E-0003
 3.01471346291730E+0000	 1.26337831951668E-0003
 3.02108333967082E+0000	 7.90130118962368E-0004
 3.02733366377925E+0000	 2.80559514826483E-0004
 3.03346326206581E+0000	-2.33462219596722E-0004
 3.03947953815871E+0000	-7.23657853796281E-0004
 3.04539554655362E+0000	-1.16705933067083E-0003
 3.05122743444190E+0000	-1.54617673721199E-0003
 3.05699268560771E+0000	-1.84837112501667E-0003
 3.06270911969159E+0000	-2.06500388919784E-0003
 3.06839443446974E+0000	-2.19067139480773E-0003
 3.07406608032173E+0000	-2.22264933467004E-0003
 3.07974130624953E+0000	-2.16057820032972E-0003
 3.08543726146872E+0000	-2.00638580340716E-0003
 3.09117105941763E+0000	-1.76443323660449E-0003
 3.09695971103513E+0000	-1.44186410239759E-0003
 3.10281981733011E+0000	-1.04911466391399E-0003
 3.10876689301104E+0000	-6.00487080375123E-0004
 3.11481420668573E+0000	-1.14587743672051E-0004
 3.12097112442984E+0000	 3.85694379466002E-0004
 3.12724118276098E+0000	 8.74064217710540E-0004
 3.13362045111424E+0000	 1.32280258054919E-0003
 3.14009693892227E+0000	 1.70564415451265E-0003
 3.14665154098023E+0000	 2.00076233954711E-0003
 3.15326030586486E+0000	 2.19286929007235E-0003
 3.15989718062046E+0000	 2.27387895922639E-0003
 3.16653631114210E+0000	 2.24229938978524E-0003
 3.17315337154747E+0000	 2.10201570566273E-0003
 3.17972596317655E+0000	 1.86126249648176E-0003
 3.18623369641611E+0000	 1.53231311003141E-0003
 3.19265878556224E+0000	 1.13170079524077E-0003
 3.19898745837309E+0000	 6.80115805057884E-0004
 3.20521156615827E+0000	 2.01239979896165E-0004
 3.21132942476838E+0000	-2.80357208204570E-0004
 3.21734544610667E+0000	-7.41440221833754E-0004
 3.22326887593325E+0000	-1.16168798658038E-0003
 3.22911226711887E+0000	-1.52439567576079E-0003
 3.23489016897154E+0000	-1.81648791566854E-0003
 3.24061822682796E+0000	-2.02816935216730E-0003
 3.24631268261662E+0000	-2.15248357815873E-0003
 3.25199018169738E+0000	-2.18494807491885E-0003
 3.25766777797802E+0000	-2.12335300076275E-0003
 3.26336304051038E+0000	-1.96776921254280E-0003
 3.26909417180108E+0000	-1.72079605193145E-0003
 3.27488003581540E+0000	-1.38807661301221E-0003
 3.28073995326523E+0000	-9.79098015000675E-0004
 3.28669305112754E+0000	-5.08246731415178E-0004
 3.29275687235087E+0000	 4.04363963218962E-0006
 3.29894494058503E+0000	 5.30488025171913E-0004
 3.30526322047614E+0000	 1.03732596819147E-0003
 3.31170615467572E+0000	 1.48697829864830E-0003
 3.31825409796811E+0000	 1.84356080583948E-0003
 3.32487448382098E+0000	 2.08003531348201E-0003
 3.33152750443974E+0000	 2.18376758511737E-0003
 3.33817400143186E+0000	 2.15751209780811E-0003
 3.34478177305503E+0000	 2.01581427340135E-0003
 3.35132816359558E+0000	 1.77947410763390E-0003
 3.35779938865744E+0000	 1.47077443034037E-0003
 3.36418824926530E+0000	 1.11069037354136E-0003
 3.37049172831039E+0000	 7.18001292110268E-0004
 3.37670932909575E+0000	 3.09601020417011E-0004
 3.38284236724995E+0000	-9.88190257583947E-0005
 3.38889394561104E+0000	-4.92313932314234E-0004
 3.39486915795885E+0000	-8.56660825006853E-0004
 3.40077517892361E+0000	-1.17864101585916E-0003
 3.40662113636082E+0000	-1.44638957463043E-0003
 3.41241784414312E+0000	-1.64964216655271E-0003
 3.41817752934488E+0000	-1.77983624567287E-0003
 3.42391365623157E+0000	-1.83011668225580E-0003
 3.42964089278442E+0000	-1.79533438076538E-0003
 3.43537521929565E+0000	-1.67213147820742E-0003
 3.44113414783300E+0000	-1.45920442812427E-0003
 3.44693699375083E+0000	-1.15784277273214E-0003
 3.45280509459114E+0000	-7.72860975460020E-0004
 3.45876177702614E+0000	-3.14062677573390E-0004
 3.46483168721766E+0000	 2.01641620336164E-0004
 3.47103879086937E+0000	 7.47519469995515E-0004
 3.47740199714967E+0000	 1.28434984341259E-0003
 3.48392746335909E+0000	 1.75977494458572E-0003
 3.49059846813197E+0000	 2.11338339408769E-0003
 3.49736832124780E+0000	 2.29078862108201E-0003
 3.50416542376683E+0000	 2.26314413502663E-0003
 3.51091305846993E+0000	 2.03897312923154E-0003
 3.51755177366737E+0000	 1.65814681475922E-0003
 3.52404960384792E+0000	 1.17416149536366E-0003
 3.53039873705528E+0000	 6.38392144514400E-0004
 3.53660670920033E+0000	 9.25317992571502E-0005
 3.54268855490847E+0000	-4.32562526157617E-0004
 3.54866179342085E+0000	-9.15135909084599E-0004
 3.55454381124211E+0000	-1.34013052172396E-0003
 3.56035077746411E+0000	-1.69702280262962E-0003
 3.56609742855915E+0000	-1.97815366118688E-0003
 3.57179730621334E+0000	-2.17755059096393E-0003
 3.57746320315567E+0000	-2.29016052327485E-0003
 3.58310768328447E+0000	-2.31139340548111E-0003
 3.58874362019233E+0000	-2.23688283033510E-0003
 3.59438475619603E+0000	-2.06239213394769E-0003
 3.60004632831716E+0000	-1.78382895869853E-0003
 3.60574584392764E+0000	-1.39737825205304E-0003
 3.61150412438069E+0000	-8.99830883677963E-0004
 3.61734677625450E+0000	-2.89297606962416E-0004
 3.62330629051446E+0000	 4.33283272615760E-0004
 3.62942494817984E+0000	 1.26097507876735E-0003
 3.63575834642084E+0000	 2.17415564107270E-0003
 3.64237756036722E+0000	 3.12657604245466E-0003
 3.64936113522164E+0000	 4.01859741896153E-0003
 3.65674997205735E+0000	 4.66157984468005E-0003
 3.66443366858670E+0000	 4.79691868794335E-0003
 3.67208389551822E+0000	 4.28656925864739E-0003
 3.67937273642018E+0000	 3.28431734742031E-0003
 3.68619881494853E+0000	 2.06630368887385E-0003
 3.69261885731378E+0000	 8.29865225881901E-0004
 3.69872487869138E+0000	-3.25043605553278E-0004
 3.70459679831520E+0000	-1.35501142432919E-0003
 3.71029564413117E+0000	-2.24356670020939E-0003
 3.71586706719401E+0000	-2.98632937198876E-0003
 3.72134572850107E+0000	-3.58415177826044E-0003
 3.72675869887801E+0000	-4.03996554482781E-0003
 3.73212785971536E+0000	-4.35730598475271E-0003
 3.73747159333607E+0000	-4.53960774663956E-0003
 3.74280601961410E+0000	-4.58986906749047E-0003
 3.74814596142727E+0000	-4.51050678706280E-0003
 3.75350576397619E+0000	-4.30332758476167E-0003
 3.75890005792712E+0000	-3.96959201188442E-0003
 3.76434454056214E+0000	-3.51017954822627E-0003
 3.76985684921212E+0000	-2.92589471493966E-0003
 3.77545761370614E+0000	-2.21800470266333E-0003
 3.78117179159987E+0000	-1.38919525823492E-0003
 3.78703038529713E+0000	-4.45323418015698E-0004
 3.79307252314510E+0000	 6.01275566187262E-0004
 3.79934735893892E+0000	 1.72547535963453E-0003
 3.80591341702010E+0000	 2.87764868862054E-0003
 3.81282787677788E+0000	 3.96470537082216E-0003
 3.82010951102963E+0000	 4.83228482513157E-0003
 3.82766848239622E+0000	 5.29000683605543E-0003
 3.83527723208247E+0000	 5.22759221094506E-0003
 3.84269058103840E+0000	 4.71555343969886E-0003
 3.84978773027848E+0000	 3.93204309066183E-0003
 3.85656759341052E+0000	 3.03657694149419E-0003
 3.86307905247224E+0000	 2.12913393376344E-0003
 3.86937763287490E+0000	 1.26309391151009E-0003
 3.87551099074625E+0000	 4.64437041234158E-0004
 3.88151673856488E+0000	-2.55492436712829E-0004
 3.88742384966541E+0000	-8.92884335932792E-0004
 3.89325460138497E+0000	-1.44769311743729E-0003
 3.89902623997140E+0000	-1.92163124487088E-0003
 3.90475225956747E+0000	-2.31706080984652E-0003
 3.91044338040441E+0000	-2.63634210635181E-0003
 3.91610833582533E+0000	-2.88143299424471E-0003
 3.92175454711891E+0000	-3.05365683458868E-0003
 3.92738872312638E+0000	-3.15361111473048E-0003
 3.93301739069653E+0000	-3.18120115276551E-0003
 3.93864735166375E+0000	-3.13577771094171E-0003
 3.94428606886389E+0000	-3.01635357996690E-0003
 3.94994199642016E+0000	-2.82188239006997E-0003
 3.95562487632195E+0000	-2.55160300778705E-0003
 3.96134601714231E+0000	-2.20547917522506E-0003
 3.96711854878299E+0000	-1.78479077944677E-0003
 3.97295760594374E+0000	-1.29295628883648E-0003
 3.97888032320508E+0000	-7.36678574006494E-0004
 3.98490541012118E+0000	-1.27486429558182E-0004
 3.99105190617740E+0000	 5.16366712334538E-0004
 3.99733654124975E+0000	 1.16800198711344E-0003
 4.00376917424141E+0000	 1.79102038069761E-0003
 4.01034658112816E+0000	 2.34148506702418E-0003
 4.01704690318709E+0000	 2.77473700078075E-0003
 4.02382926854896E+0000	 3.05650226732230E-0003
 4.03064180379004E+0000	 3.17296845416656E-0003
 4.03743489445535E+0000	 3.13294148281160E-0003
 4.04417169716466E+0000	 2.96097211249698E-0003
 4.05083104117027E+0000	 2.68717395085176E-0003
 4.05740433056077E+0000	 2.33964923232180E-0003
 4.06389057459845E+0000	 1.94125639120701E-0003
 4.07029227628693E+0000	 1.50947584217664E-0003
 4.07661292734402E+0000	 1.05763162162480E-0003
 4.08285582448174E+0000	 5.96355074782276E-0004
 4.08902371781436E+0000	 1.34838866681144E-0004
 4.09511894504356E+0000	-3.18225059925401E-0004
 4.10114385246458E+0000	-7.54046638389054E-0004
 4.10710134315683E+0000	-1.16349669433518E-0003
 4.11299538552980E+0000	-1.53719623525386E-0003
 4.11883135146231E+0000	-1.86583078264312E-0003
 4.12461614195062E+0000	-2.14054568679564E-0003
 4.13035814389333E+0000	-2.35330720225344E-0003
 4.13606709941043E+0000	-2.49717967871995E-0003
 4.14175395922760E+0000	-2.56652752759687E-0003
 4.14743075971152E+0000	-2.55718164799753E-0003
 4.15311053065902E+0000	-2.46661765681848E-0003
 4.15880721516318E+0000	-2.29418892624163E-0003
 4.16453556120854E+0000	-2.04144826239606E-0003
 4.17031092185607E+0000	-1.71257786284340E-0003
 4.17614887434774E+0000	-1.31492088449211E-0003
 4.18206454336923E+0000	-8.59556827891090E-0004
 4.18807151115849E+0000	-3.61773433410026E-0004
 4.19418026262500E+0000	 1.58837636365027E-0004
 4.20039630724453E+0000	 6.79040451986611E-0004
 4.20671845075755E+0000	 1.17369533324741E-0003
 4.21313799448863E+0000	 1.61852472038965E-0003
 4.21963955538145E+0000	 1.99318609448341E-0003
 4.22620349274888E+0000	 2.28346332818509E-0003
 4.23280898417855E+0000	 2.48168877953099E-0003
 4.23943643440235E+0000	 2.58549911463163E-0003
 4.24606844855591E+0000	 2.59589309821165E-0003
 4.25268951405327E+0000	 2.51566858554204E-0003
 4.25928511274885E+0000	 2.34879592586045E-0003
 4.26584099555624E+0000	 2.10065719220438E-0003
 4.27234301401438E+0000	 1.77874237402797E-0003
 4.27877758184933E+0000	 1.39338270869046E-0003
 4.28513268064557E+0000	 9.58177745424025E-0004
 4.29139917588521E+0000	 4.89814828732041E-0004
 4.29757201276251E+0000	 7.14474477785115E-0006
 4.30365083681573E+0000	-4.70281411947654E-0004
 4.30963985560350E+0000	-9.23751700866833E-0004
 4.31554710919690E+0000	-1.33659090995868E-0003
 4.32138348540336E+0000	-1.69484743924015E-0003
 4.32716176748037E+0000	-1.98752986912327E-0003
 4.33289586408105E+0000	-2.20655402684647E-0003
 4.33860025239536E+0000	-2.34655774004339E-0003
 4.34428959929115E+0000	-2.40469440534958E-0003
 4.34997850039356E+0000	-2.38046809196024E-0003
 4.35568127370272E+0000	-2.27563546530841E-0003
 4.36141174931160E+0000	-2.09417231440644E-0003
 4.36718300516881E+0000	-1.84227946454818E-0003
 4.37300701251301E+0000	-1.52837987613040E-0003
 4.37889418018435E+0000	-1.16303614327182E-0003
 4.38485283154803E+0000	-7.58704756405202E-0004
 4.39088870927205E+0000	-3.29260155051869E-0004
 4.39700465782663E+0000	 1.10711275472248E-0004
 4.40320063361941E+0000	 5.46732833238761E-0004
 4.40947409650909E+0000	 9.65152089054760E-0004
 4.41582066311551E+0000	 1.35351019888841E-0003
 4.42223474855367E+0000	 1.70045023198538E-0003
 4.42870989105159E+0000	 1.99525445075489E-0003
 4.43523856003843E+0000	 2.22727990074543E-0003
 4.44181143432234E+0000	 2.38564687002690E-0003
 4.44841634230921E+0000	 2.45951317433197E-0003
 4.45503723361412E+0000	 2.43914658931919E-0003
 4.46165367418985E+0000	 2.31781544515819E-0003
 4.46824143356607E+0000	 2.09423589941762E-0003
 4.47477463473716E+0000	 1.77485337098760E-0003
 4.48122933157553E+0000	 1.37479634449223E-0003
 4.48758737051110E+0000	 9.16601880355129E-0004
 4.49383893976487E+0000	 4.26983022660710E-0004
 4.49998295331959E+0000	-6.70005910779332E-0005
 4.50602564129166E+0000	-5.40986875172374E-0004
 4.51197834876099E+0000	-9.74983873697612E-0004
 4.51785540032944E+0000	-1.35383580129398E-0003
 4.52367244338539E+0000	-1.66694569843537E-0003
 4.52944533109752E+0000	-1.90767516643136E-0003
 4.53518944055861E+0000	-2.07268613920541E-0003
 4.54091928486169E+0000	-2.16135113362802E-0003
 4.54664829839244E+0000	-2.17527038429531E-0003
 4.55238870971849E+0000	-2.11788787073670E-0003
 4.55815144977425E+0000	-1.99417693723613E-0003
 4.56394607213536E+0000	-1.81035869139007E-0003
 4.56978068878251E+0000	-1.57361894489533E-0003
 4.57566194820714E+0000	-1.29180380562969E-0003
 4.58159509653387E+0000	-9.73101975564581E-0004
 4.58758415583285E+0000	-6.25758503748263E-0004
 4.59363222014417E+0000	-2.57894737606413E-0004
 4.59974181668125E+0000	 1.22487935637848E-0004
 4.60591523133426E+0000	 5.07276706553348E-0004
 4.61215467793629E+0000	 8.87800562915868E-0004
 4.61846220012281E+0000	 1.25423181745748E-0003
 4.62483921002895E+0000	 1.59493780120116E-0003
 4.63128557602574E+0000	 1.89593252367635E-0003
 4.63779819515066E+0000	 2.14066613206811E-0003
 4.64436908310722E+0000	 2.31052711408816E-0003
 4.65098328848977E+0000	 2.38657286420549E-0003
 4.65761749194666E+0000	 2.35292380274200E-0003
 4.66424074715378E+0000	 2.20150012519815E-0003
 4.67081851603383E+0000	 1.93630362766226E-0003
 4.67731922292903E+0000	 1.57459491731153E-0003
 4.68372038387807E+0000	 1.14375637819069E-0003
 4.69001148326637E+0000	 6.75455608764906E-0004
 4.69619312949480E+0000	 2.00037989057385E-0004
 4.70227404513586E+0000	-2.56985085572797E-0004
 4.70826770505145E+0000	-6.76202692700312E-0004
 4.71418964249741E+0000	-1.04408364442223E-0003
 4.72005566327336E+0000	-1.35207875297191E-0003
 4.72588081794036E+0000	-1.59557024973762E-0003
 4.73167888969433E+0000	-1.77291614815370E-0003
 4.73746219232609E+0000	-1.88466720474489E-0003
 4.74324153870884E+0000	-1.93295234001405E-0003
 4.74902629854029E+0000	-1.92099811785041E-0003
 4.75482450751041E+0000	-1.85274432118439E-0003
 4.76064301929297E+0000	-1.73252867235143E-0003
 4.76648770666387E+0000	-1.56483292981368E-0003
 4.77236371758089E+0000	-1.35410348651753E-0003
 4.77827577764704E+0000	-1.10467388439729E-0003
 4.78422850911027E+0000	-8.20816933584436E-0004
 4.79022672027026E+0000	-5.06939702757993E-0004
 4.79627561699343E+0000	-1.67915415328421E-0004
 4.80238089617539E+0000	 1.90462601096973E-0004
 4.80854868096063E+0000	 5.60912691635578E-0004
 4.81478522968569E+0000	 9.33982600568391E-0004
 4.82109629178138E+0000	 1.29727763734007E-0003
 4.82748591495754E+0000	 1.63471813734883E-0003
 4.83395448612192E+0000	 1.92615219139854E-0003
 4.84049595826131E+0000	 2.14798371396465E-0003
 4.84709482133449E+0000	 2.27575483619646E-0003
 4.85372444510202E+0000	 2.28924295905782E-0003
 4.86034906296203E+0000	 2.17895403195497E-0003
 4.86693024427521E+0000	 1.95072650921943E-0003
 4.87343535668192E+0000	 1.62521208597943E-0003
 4.87984364447084E+0000	 1.23232810924013E-0003
 4.88614751826893E+0000	 8.04067624117622E-0004
 4.89235004108709E+0000	 3.69042196930240E-0004
 4.89846104626495E+0000	-5.00994784347193E-0005
 4.90449367633877E+0000	-4.37006863089781E-0004
 4.91046198563190E+0000	-7.80799290787448E-0004
 4.91637954407149E+0000	-1.07487588627365E-0003
 4.92225875253909E+0000	-1.31577557407030E-0003
 4.92811059365532E+0000	-1.50223491271567E-0003
 4.93394462451791E+0000	-1.63445931654338E-0003
 4.93976909760871E+0000	-1.71357414589604E-0003
 4.94559115299344E+0000	-1.74121634298035E-0003
 4.95141705713392E+0000	-1.71924035954747E-0003
 4.95725247492393E+0000	-1.64952872472132E-0003
 4.96310275906971E+0000	-1.53390802538134E-0003
 4.96897323397431E+0000	-1.37417122139824E-0003
 4.97486944889962E+0000	-1.17219939664924E-0003
 4.98079738217800E+0000	-9.30168494374263E-0004
 4.98676359092289E+0000	-6.50829616536510E-0004
 4.99277530629626E+0000	-3.37869786111906E-0004
 4.99884045769741E+0000	 3.61385887763543E-0006
 5.00496756220787E+0000	 3.66478437696606E-0004
 5.01116534117852E+0000	 7.40709986176894E-0004
 5.01744183698864E+0000	 1.11246407768332E-0003
 5.02380273934372E+0000	 1.46322123019886E-0003
 5.03024871241188E+0000	 1.76964681237247E-0003
 5.03677198022806E+0000	 2.00513115811675E-0003
 5.04335343995286E+0000	 2.14393831284080E-0003
 5.04996259906500E+0000	 2.16765962211741E-0003
 5.05656212784880E+0000	 2.07137729881770E-0003
 5.06311592680470E+0000	 1.86580166614512E-0003
 5.06959667840466E+0000	 1.57386277171087E-0003
 5.07598931652628E+0000	 1.22404658072964E-0003
 5.08229008679029E+0000	 8.44180333278905E-0004
 5.08850326490195E+0000	 4.57755475186057E-0004
 5.09463765818537E+0000	 8.27576214185837E-0005
 5.10070394806357E+0000	-2.67968382792606E-0004
 5.10671303956942E+0000	-5.85730066805155E-0004
 5.11267519800907E+0000	-8.64914026883248E-0004
 5.11859969512761E+0000	-1.10205624902224E-0003
 5.12449475221188E+0000	-1.29511324497356E-0003
 5.13036764739810E+0000	-1.44292215606909E-0003
 5.13622491126130E+0000	-1.54482286937345E-0003
 5.14207256459390E+0000	-1.60041901308098E-0003
 5.14791636485410E+0000	-1.60945855476949E-0003
 5.15376203501816E+0000	-1.57181331699659E-0003
 5.15961545826181E+0000	-1.48753317187426E-0003
 5.16548283579640E+0000	-1.35695116805746E-0003
 5.17137081948979E+0000	-1.18082590915838E-0003
 5.17728663738418E+0000	-9.60528738295513E-0004
 5.18323821964304E+0000	-6.98310425724801E-0004
 5.18923429990994E+0000	-3.97703467608188E-0004
 5.19528441450231E+0000	-6.41183631487339E-0005
 5.20139865500289E+0000	 2.94337444206548E-0004
 5.20758695711405E+0000	 6.65869888161634E-0004
 5.21385765887060E+0000	 1.03405602406157E-0003
 5.22021512642586E+0000	 1.37744972597328E-0003
 5.22665660635730E+0000	 1.67056154814451E-0003
 5.23316925761003E+0000	 1.88706433552330E-0003
 5.23972921417384E+0000	 2.00522486395275E-0003
 5.24630442415481E+0000	 2.01376786990609E-0003
 5.25286100678198E+0000	 1.91508174709571E-0003
 5.25937025161780E+0000	 1.72381777113416E-0003
 5.26581293691777E+0000	 1.46194706029252E-0003
 5.27217984022113E+0000	 1.15320970127400E-0003
 5.27846965170188E+0000	 8.19208849183664E-0004
 5.28468612470874E+0000	 4.77661628627117E-0004
 5.29083564445962E+0000	 1.42213900008625E-0004
 5.29692558918710E+0000	-1.76967910701153E-0004
 5.30296340639423E+0000	-4.72378691001684E-0004
 5.30895619398163E+0000	-7.38409011130398E-0004
 5.31491059368439E+0000	-9.70736001157402E-0004
 5.32083285803274E+0000	-1.16589084294591E-0003
 5.32672899645810E+0000	-1.32098885570968E-0003
 5.33260493662020E+0000	-1.43359229514018E-0003
 5.33846666226375E+0000	-1.50166659053215E-0003
 5.34432031399101E+0000	-1.52358883200200E-0003
 5.35017226219840E+0000	-1.49817581612765E-0003
 5.35602917702522E+0000	-1.42471749853596E-0003
 5.36189812375681E+0000	-1.30302686113914E-0003
 5.36778670030372E+0000	-1.13354306427777E-0003
 5.37370320569134E+0000	-9.17543220428209E-0004
 5.37965678886094E+0000	-6.57521335502128E-0004
 5.38565748163229E+0000	-3.57776109137843E-0004
 5.39171597253701E+0000	-2.52082204153309E-0005
 5.39784293403770E+0000	 3.29749777633710E-0004
 5.40404769763383E+0000	 6.92286585083509E-0004
 5.41033615111976E+0000	 1.04287870279046E-0003
 5.41670803469228E+0000	 1.35812217001145E-0003
 5.42315440849763E+0000	 1.61335572618979E-0003
 5.42965669393934E+0000	 1.78705109731714E-0003
 5.43618860717513E+0000	 1.86566136989104E-0003
 5.44272091922246E+0000	 1.84665516790070E-0003
 5.44922708344288E+0000	 1.73812586989616E-0003
 5.45568721053860E+0000	 1.55543761625948E-0003
 5.46208921495411E+0000	 1.31693107964150E-0003
 5.46842772336834E+0000	 1.04054048089528E-0003
 5.47470206689604E+0000	 7.41997404744117E-0004
 5.48091438181084E+0000	 4.34352458778360E-0004
 5.48706825747226E+0000	 1.28242345266071E-0004
 5.49316796225757E+0000	-1.67575414147460E-0004
 5.49921810642424E+0000	-4.45704239011493E-0004
 5.50522356898906E+0000	-6.99733515359544E-0004
 5.51118954073821E+0000	-9.24033074132717E-0004
 5.51712157885847E+0000	-1.11368480301087E-0003
 5.52302561780368E+0000	-1.26449085286003E-0003
 5.52890792817422E+0000	-1.37299596774374E-0003
 5.53477505084380E+0000	-1.43648113671130E-0003
 5.54063375017880E+0000	-1.45291731320754E-0003
 5.54649102730738E+0000	-1.42090046824439E-0003
 5.55235421568754E+0000	-1.33961486119196E-0003
 5.55823115154452E+0000	-1.20888515818666E-0003
 5.56413037671580E+0000	-1.02937673734949E-0003
 5.57006129714401E+0000	-8.02986599019423E-0004
 5.57603419055233E+0000	-5.33436467550463E-0004
 5.58205993179831E+0000	-2.27034067678495E-0004
 5.58814928660520E+0000	 1.06501982153941E-0004
 5.59431163532798E+0000	 4.53371305587405E-0004
 5.60055308593115E+0000	 7.95548554294747E-0004
 5.60687420141350E+0000	 1.11166824052842E-0003
 5.61326801335673E+0000	 1.37934152733164E-0003
 5.61971938531574E+0000	 1.57876062438081E-0003
 5.62620661694732E+0000	 1.69652942305319E-0003
 5.63270514223179E+0000	 1.72806525099948E-0003
 5.63919187808773E+0000	 1.67744572900657E-0003
 5.64564840799717E+0000	 1.55501767604832E-0003
 5.65206209145107E+0000	 1.37419703702686E-0003
 5.65842544197279E+0000	 1.14884749342276E-0003
 5.66473472430830E+0000	 8.91831711795117E-0004
 5.67098859180224E+0000	 6.14601348138390E-0004
 5.67718716838420E+0000	 3.27384573800392E-0004
 5.68333162525772E+0000	 3.95455950235913E-0005
 5.68942410632118E+0000	-2.40158494096178E-0004
 5.69546779656563E+0000	-5.03527586834523E-0004
 5.70146696144610E+0000	-7.43044887663317E-0004
 5.70742686793077E+0000	-9.52077405162466E-0004
 5.71335358625660E+0000	-1.12504103189060E-0003
 5.71925373285797E+0000	-1.25745960249456E-0003
 5.72513423650501E+0000	-1.34590397924207E-0003
 5.73100219712520E+0000	-1.38784710435001E-0003
 5.73686487445680E+0000	-1.38150210763835E-0003
 5.74272980432588E+0000	-1.32572144059317E-0003
 5.74860500201919E+0000	-1.22002807282014E-0003
 5.75449918036621E+0000	-1.06482832112469E-0003
 5.76042188815398E+0000	-8.61824386806497E-0004
 5.76638346189824E+0000	-6.14607429155276E-0004
 5.77239467742556E+0000	-3.29367804184176E-0004
 5.77846598945374E+0000	-1.55975881292302E-0005
 5.78460627904873E+0000	 3.13430783768883E-0004
 5.79082113875929E+0000	 6.40736232121479E-0004
 5.79711096442078E+0000	 9.46632660632043E-0004
 5.80346946172113E+0000	 1.21089350159148E-0003
 5.80988339568708E+0000	 1.41581835994000E-0003
 5.81633415305428E+0000	 1.54926715994445E-0003
 5.82280083888720E+0000	 1.60640332244761E-0003
 5.82926371520803E+0000	 1.58940415451752E-0003
 5.83570661724325E+0000	 1.50549295094679E-0003
 5.84211771151415E+0000	 1.36443412182551E-0003
 5.84848890937427E+0000	 1.17657394302224E-0003
 5.85481473002962E+0000	 9.51890799423510E-0004
 5.86109132504732E+0000	 6.99912637570274E-0004
 5.86731601948604E+0000	 4.30056397327283E-0004
 5.87348735969559E+0000	 1.51936752859535E-0004
 5.87960542181955E+0000	-1.24628521212820E-0004
 5.88567207969649E+0000	-3.89946834908310E-0004
 5.89169103123985E+0000	-6.34959310148699E-0004
 5.89766754708724E+0000	-8.51719488971045E-0004
 5.90360803659257E+0000	-1.03368784700862E-0003
 5.90951957784709E+0000	-1.17579064695000E-0003
 5.91540954067087E+0000	-1.27428207507717E-0003
 5.92128537912020E+0000	-1.32650051951093E-0003
 5.92715461197132E+0000	-1.33062520712785E-0003
 5.93302495959519E+0000	-1.28552963955071E-0003
 5.93890456780933E+0000	-1.19080257043759E-0003
 5.94480222535144E+0000	-1.04697186305562E-0003
 5.95072747164960E+0000	-8.55927361517387E-0004
 5.95669049200436E+0000	-6.21500031038124E-0004
 5.96270170333609E+0000	-3.50113420241567E-0004
 5.96877094852942E+0000	-5.13694351465836E-0005
 5.97490626323279E+0000	 2.61644654738920E-0004
 5.98111229674997E+0000	 5.72618535081019E-0004
 5.98738868827444E+0000	 8.63146574998579E-0004
 5.99372896679570E+0000	 1.11482662934808E-0003
 6.00012065084047E+0000	 1.31198319697509E-0003
 6.00654690271616E+0000	 1.44413791979806E-0003
 6.01298933652745E+0000	 1.50719941523266E-0003
 6.01943088382507E+0000	 1.50289106748219E-0003
 6.02585759893828E+0000	 1.43687012596817E-0003
 6.03225897432173E+0000	 1.31658806216431E-0003
 6.03862715233385E+0000	 1.14982349478663E-0003
 6.04495582340827E+0000	 9.44239135438656E-0004
 6.05123950701827E+0000	 7.07731594057243E-0004
 6.05747352621926E+0000	 4.49026410365367E-0004
 6.06365454963514E+0000	 1.77982505885762E-0004
 6.06978129153172E+0000	-9.46570143480070E-0005
 6.07585495017356E+0000	-3.57978229346120E-0004
 6.08187917812622E+0000	-6.01762525532374E-0004
 6.08785963689411E+0000	-8.17190997842666E-0004
 6.09380334046077E+0000	-9.97215970974147E-0004
 6.09971800753201E+0000	-1.13659096781856E-0003
 6.10561157563067E+0000	-1.23165529018450E-0003
 6.11149194486516E+0000	-1.28000769017416E-0003
 6.11736694801786E+0000	-1.28019851059938E-0003
 6.12324449293414E+0000	-1.23154324432621E-0003
 6.12913279029264E+0000	-1.13412383474071E-0003
 6.13504056282782E+0000	-9.89002446891237E-0004
 6.14097712935937E+0000	-7.98630690050389E-0004
 6.14695226415479E+0000	-5.67398329729027E-0004
 6.15297574477643E+0000	-3.02225665602729E-0004
 6.15905652446046E+0000	-1.30529504877480E-0005
 6.16520152097489E+0000	 2.86985985098390E-0004
 6.17141413915290E+0000	 5.81975927128775E-0004
 6.17769285524976E+0000	 8.54460894140322E-0004
 6.18403041654049E+0000	 1.08753542205498E-0003
 6.19041424467346E+0000	 1.26736637731179E-0003
 6.19682825263508E+0000	 1.38527442807833E-0003
 6.20325555712508E+0000	 1.43847082358158E-0003
 6.20968099361545E+0000	 1.42915263595164E-0003
 6.21609244463964E+0000	 1.36253978119700E-0003
 6.22248071767410E+0000	 1.24491779267340E-0003
 6.22883848464785E+0000	 1.08254551944265E-0003
 6.23515914332156E+0000	 8.81667808715472E-0004
 6.24143631046652E+0000	 6.49265882722934E-0004
 6.24766418854536E+0000	 3.93860269423392E-0004
 6.25383852576755E+0000	 1.25759839181439E-0004
 6.25995759461603E+0000	-1.43452346101438E-0004
 6.26602269294159E+0000	-4.01960769716960E-0004
 6.27203800405412E+0000	-6.38838247727242E-0004
 6.27800996998194E+0000	-8.44875803874162E-0004
