-2.32817659674839E-0004	 1.46774461380462E-0003
 6.22529993611703E-0003	 1.48546061258264E-0003
 1.26799731987612E-0002	 1.42492203972519E-0003
 1.91094359074030E-0002	 1.28938890216271E-0003
 2.54940679318993E-0002	 1.08952156838178E-0003
 3.18194594956943E-0002	 8.41747865888277E-0004
 3.80780726283191E-0002	 5.65297603981524E-0004
 4.42691173522902E-0002	 2.79092685884661E-0004
 5.03971222467344E-0002	-5.44643326966731E-0007
 5.64699919096832E-0002	-2.61043085806028E-0004
 6.24971642960184E-0002	-4.93762776959308E-0004
 6.84881648154110E-0002	-6.93539620171110E-0004
 7.44516333320030E-0002	-8.57885938157692E-0004
 8.03948093522227E-0002	-9.86050177328992E-0004
 8.63234406735212E-0002	-1.07808304416278E-0003
 9.22420673873996E-0002	-1.13404329417978E-0003
 9.81545949678911E-0002	-1.15347089449165E-0003
 1.04065015813446E-0001	-1.13522246082804E-0003
 1.09978101868714E-0001	-1.07769288676596E-0003
 1.15899900549848E-0001	-9.79360707916705E-0004
 1.21837920977665E-0001	-8.39530095157337E-0004
 1.27800969006049E-0001	-6.59120417248913E-0004
 1.33798647613329E-0001	-4.41366717685227E-0004
 1.39840574917183E-0001	-1.92317064303848E-0004
 1.45935398880048E-0001	 7.89703706724410E-0005
 1.52089724105752E-0001	 3.60609394123163E-0004
 1.58307111105293E-0001	 6.38480854172634E-0004
 1.64587327260041E-0001	 8.97185962093706E-0004
 1.70925972135457E-0001	 1.12120242332059E-0003
 1.77314467815272E-0001	 1.29606010274058E-0003
 1.83740299803066E-0001	 1.40945933026120E-0003
 1.90187456276977E-0001	 1.45241518740580E-0003
 1.96637236845209E-0001	 1.42051047721093E-0003
 2.03069734546905E-0001	 1.31505665268738E-0003
 2.09466052037258E-0001	 1.14361000444690E-0003
 2.15810771110451E-0001	 9.19300824429332E-0004
 2.22093842578768E-0001	 6.58950776189734E-0004
 2.28311276660964E-0001	 3.80573585771146E-0004
 2.34464600581781E-0001	 1.01062035035834E-0004
 2.40559516760843E-0001	-1.65402819763655E-0004
 2.46604295800594E-0001	-4.08097785831929E-0004
 2.52608285118993E-0001	-6.19806698029820E-0004
 2.58580718499349E-0001	-7.96393781457063E-0004
 2.64529889609861E-0001	-9.36088474813957E-0004
 2.70462708782928E-0001	-1.03862305821919E-0003
 2.76384651111935E-0001	-1.10435139567081E-0003
 2.82300078379169E-0001	-1.13349141904259E-0003
 2.88212858474809E-0001	-1.12564029923012E-0003
 2.94127132651133E-0001	-1.07967468680081E-0003
 3.00048035159241E-0001	-9.94064341040519E-0004
 3.05982181834161E-0001	-8.67528753197708E-0004
 3.11937806221200E-0001	-6.99897196829266E-0004
 3.17924496378146E-0001	-4.93012177449876E-0004
 3.23952539486126E-0001	-2.51527305514228E-0004
 3.30031912526434E-0001	 1.65393883567156E-0005
 3.36170992828945E-0001	 2.99643101397336E-0004
 3.42375134805620E-0001	 5.83091824863300E-0004
 3.48645369091606E-0001	 8.50066466163781E-0004
 3.54977563702866E-0001	 1.08322383160363E-0003
 3.61362334668857E-0001	 1.26659893044027E-0003
 3.67785761524221E-0001	 1.38737712164867E-0003
 3.74230683527122E-0001	 1.43718744148175E-0003
 3.80678250966991E-0001	 1.41282157138213E-0003
 3.87109534698541E-0001	 1.31646188409677E-0003
 3.93507144900156E-0001	 1.15546071670615E-0003
 3.99856771193493E-0001	 9.41596276729360E-0004
 4.06148399577676E-0001	 6.89771798898369E-0004
 4.12376921653406E-0001	 4.16334090941609E-0004
 4.18542017510692E-0001	 1.37361395187870E-0004
 4.24647429648216E-0001	-1.32741615242081E-0004
 4.30699883520593E-0001	-3.82159331813531E-0004
 4.36707909382710E-0001	-6.02075248156738E-0004
 4.42680743779278E-0001	-7.86654939607375E-0004
 4.48627413136109E-0001	-9.32701809318700E-0004
 4.54556061895918E-0001	-1.03907495666188E-0003
 4.60473577464279E-0001	-1.10595581133631E-0003
 4.66385555658926E-0001	-1.13407167004203E-0003
 4.72296615054680E-0001	-1.12401801535191E-0003
 4.78210998754529E-0001	-1.07583557491747E-0003
 4.84133320748989E-0001	-9.88963458059252E-0004
 4.90069262431542E-0001	-8.62606253001525E-0004
 4.96026030394691E-0001	-6.96454624113265E-0004
 5.02012439477244E-0001	-4.91627509741099E-0004
 5.08038548597641E-0001	-2.51674450790894E-0004
 5.14114822880137E-0001	 1.65324442190705E-0005
 5.20250831442702E-0001	 3.02210303585650E-0004
 5.26453559257739E-0001	 5.90621341535835E-0004
 5.32725561715196E-0001	 8.63837682128248E-0004
 5.39063411407993E-0001	 1.10247820116535E-0003
 5.45457041719677E-0001	 1.28826331024973E-0003
 5.51890454924980E-0001	 1.40678382223329E-0003
 5.58343752205648E-0001	 1.44961849736315E-0003
 5.64795848200000E-0001	 1.41516176048399E-0003
 5.71227013749618E-0001	 1.30812415800739E-0003
 5.77620672786272E-0001	 1.13817493356547E-0003
 5.83964342133901E-0001	 9.18301402987924E-0004
 5.90249897567378E-0001	 6.63268043960977E-0004
 5.96473408409832E-0001	 3.88328190608841E-0004
 6.02634722516710E-0001	 1.08205178192169E-0004
 6.08736908013510E-0001	-1.63687113759705E-0004
 6.14785606938849E-0001	-4.15813989236474E-0004
 6.20788333258872E-0001	-6.38893564692868E-0004
 6.26753745676043E-0001	-8.26073994568133E-0004
 6.32690934254802E-0001	-9.72908711154955E-0004
 6.38608772912439E-0001	-1.07712825064502E-0003
 6.44515403906326E-0001	-1.13822238405648E-0003
 6.50417929296489E-0001	-1.15687572046360E-0003
 6.56322375760407E-0001	-1.13434264700205E-0003
 6.62233960450049E-0001	-1.07189061146862E-0003
 6.68157616217563E-0001	-9.70460454727522E-0004
 6.74098654612698E-0001	-8.30667519774467E-0004
 6.80063387600508E-0001	-6.53197488209090E-0004
 6.86059516773026E-0001	-4.39561662701203E-0004
 6.92096126706424E-0001	-1.93099113230194E-0004
 6.98183161855248E-0001	 7.99423834218665E-0005
 7.04330309216480E-0001	 3.69468488950197E-0004
 7.10545276241339E-0001	 6.61044582174958E-0004
 7.16831609737498E-0001	 9.36237609636505E-0004
 7.23186499485025E-0001	 1.17418063764920E-0003
 7.29599369716029E-0001	 1.35446313252936E-0003
 7.36052168320073E-0001	 1.46080410415127E-0003
 7.42521747709426E-0001	 1.48427241869893E-0003
 7.48983690768814E-0001	 1.42473702250876E-0003
 7.55416139704407E-0001	 1.29005581000587E-0003
 7.61802328360632E-0001	 1.09364589024150E-0003
 7.68131393618262E-0001	 8.51632358812041E-0004
 7.74397867461786E-0001	 5.80529733617277E-0004
 7.80600558676717E-0001	 2.95819500475152E-0004
 7.86741402780355E-0001	 1.13157255167450E-0005
 7.92824571400990E-0001	-2.60988669028112E-0004
 7.98855883633183E-0001	-5.10890864060140E-0004
 8.04842422765379E-0001	-7.29946035062180E-0004
 8.10792228279329E-0001	-9.11492360273306E-0004
 8.16713968377842E-0001	-1.05070219958732E-0003
 8.22616560239884E-0001	-1.14459027556546E-0003
 8.28508763262692E-0001	-1.19191384246445E-0003
 8.34398810512773E-0001	-1.19293068736603E-0003
 8.40294161254494E-0001	-1.14902593130530E-0003
 8.46201450270564E-0001	-1.06226926358985E-0003
 8.52126674759801E-0001	-9.35009993319154E-0004
 8.58075598535064E-0001	-7.69642890737879E-0004
 8.64054278427799E-0001	-5.68668062577605E-0004
 8.70069550786152E-0001	-3.35118015395808E-0004
 8.76129276107318E-0001	-7.33443038831432E-0005
 8.82242133379993E-0001	 2.09939941772879E-0004
 8.88416780355225E-0001	 5.04572675770131E-0004
 8.94660265478654E-0001	 7.96151459685086E-0004
 9.00975747092339E-0001	 1.06602491337518E-0003
 9.07359923475886E-0001	 1.29262553152921E-0003
 9.13801077662829E-0001	 1.45447382455572E-0003
 9.20278966487380E-0001	 1.53444315461420E-0003
 9.26767358927458E-0001	 1.52384981667105E-0003
 9.33238698833313E-0001	 1.42450451635674E-0003
 9.39669042096423E-0001	 1.24775720096795E-0003
 9.46041331062774E-0001	 1.01121867892392E-0003
 9.52346244896545E-0001	 7.34843597776173E-0004
 9.58581152108674E-0001	 4.37817130285388E-0004
 9.64748216652247E-0001	 1.36811741907324E-0004
 9.70852530450501E-0001	-1.54542101071152E-0004
 9.76900723261610E-0001	-4.25428415686912E-0004
 9.82900146202633E-0001	-6.67314019707119E-0004
 9.88858519482227E-0001	-8.73431220468454E-0004
 9.94783854830018E-0001	-1.03843629616768E-0003
 1.00068446825873E+0000	-1.15827316934389E-0003
 1.00656895318785E+0000	-1.23018485623698E-0003
 1.01244605637129E+0000	-1.25277807756409E-0003
 1.01832446520414E+0000	-1.22605103941635E-0003
 1.02421256101638E+0000	-1.15132636651383E-0003
 1.03011821473781E+0000	-1.03107654167912E-0003
 1.03604869917640E+0000	-8.68678239472812E-0004
 1.04201076614792E+0000	-6.68177415477409E-0004
 1.04801088608357E+0000	-4.34179867324786E-0004
 1.05405557497136E+0000	-1.71988772995067E-0004
 1.06015164942600E+0000	 1.11924174231870E-0004
 1.06630617657275E+0000	 4.09115950434478E-0004
 1.07252585139968E+0000	 7.08186047473397E-0004
 1.07881558256216E+0000	 9.93954070566110E-0004
 1.08517626463815E+0000	 1.24736598334546E-0003
 1.09160213704035E+0000	 1.44681158327344E-0003
 1.09807874034576E+0000	 1.57129216408708E-0003
 1.10458289682976E+0000	 1.60501591502418E-0003
 1.11108566633074E+0000	 1.54177559546903E-0003
 1.11755765073445E+0000	 1.38694707105043E-0003
 1.12397445705101E+0000	 1.15603968557007E-0003
 1.13032009687652E+0000	 8.70702093323314E-0004
 1.13658756277929E+0000	 5.54194837639086E-0004
 1.14277731138511E+0000	 2.27941504754377E-0004
 1.14889489542142E+0000	-9.02966124453725E-0005
 1.15494870020445E+0000	-3.86869811003865E-0004
 1.16094824472644E+0000	-6.51835968581962E-0004
 1.16690314264700E+0000	-8.78181918036233E-0004
 1.17282263059819E+0000	-1.06100592650097E-0003
 1.17871549818574E+0000	-1.19685898305635E-0003
 1.18459024046007E+0000	-1.28333223178056E-0003
 1.19045527347491E+0000	-1.31889323414392E-0003
 1.19631909596128E+0000	-1.30291472230013E-0003
 1.20219033480236E+0000	-1.23580939340005E-0003
 1.20807766585849E+0000	-1.11918308086841E-0003
 1.21398964343109E+0000	-9.55939995573964E-0004
 1.21993449581626E+0000	-7.50308279604723E-0004
 1.22591995029453E+0000	-5.07794684306464E-0004
 1.23195313702618E+0000	-2.35120239283156E-0004
 1.23804058054195E+0000	 5.97711632171993E-0005
 1.24418821047977E+0000	 3.67520167143419E-0004
 1.25040121437918E+0000	 6.76901905762731E-0004
 1.25668345545142E+0000	 9.74181601065121E-0004
 1.26303617640854E+0000	 1.24258777590266E-0003
 1.26945592878348E+0000	 1.46250993131986E-0003
 1.27593219151827E+0000	 1.61316384150834E-0003
 1.28244584632894E+0000	 1.67610331850894E-0003
 1.28897000490877E+0000	 1.63988279977777E-0003
 1.29547387578091E+0000	 1.50390702442097E-0003
 1.30192851105053E+0000	 1.27934373409110E-0003
 1.30831193107990E+0000	 9.86554807701268E-0004
 1.31461166121374E+0000	 6.50509534147061E-0004
 1.32082446379001E+0000	 2.96296879181139E-0004
 1.32695433000438E+0000	-5.39471561595927E-0005
 1.33300996664741E+0000	-3.82483218523142E-0004
 1.33900256103410E+0000	-6.76185056273636E-0004
 1.34494412734392E+0000	-9.26044443161252E-0004
 1.35084645420676E+0000	-1.12636565066107E-0003
 1.35672056030299E+0000	-1.27390596285478E-0003
 1.36257653744188E+0000	-1.36711415236759E-0003
 1.36842366042862E+0000	-1.40555387098868E-0003
 1.37427064705421E+0000	-1.38955405621418E-0003
 1.38012595879037E+0000	-1.32008953675318E-0003
 1.38599804896708E+0000	-1.19885949015620E-0003
 1.39189549230500E+0000	-1.02850460762173E-0003
 1.39782696289459E+0000	-8.12891286929362E-0004
 1.40380105951114E+0000	-5.57393256428032E-0004
 1.40982600299323E+0000	-2.69114051963690E-0004
 1.41590924942167E+0000	 4.29838887794404E-0005
 1.42205706998806E+0000	 3.68042612564871E-0004
 1.42827412482757E+0000	 6.93317527684912E-0004
 1.43456297869087E+0000	 1.00415931259566E-0003
 1.44092338364343E+0000	 1.28396484701514E-0003
 1.44735109702016E+0000	 1.51432141799713E-0003
 1.45383620893745E+0000	 1.67588970760430E-0003
 1.46036153922830E+0000	 1.75067514316922E-0003
 1.46690235557834E+0000	 1.72578486526194E-0003
 1.47342867682611E+0000	 1.59752192071613E-0003
 1.47991012870695E+0000	 1.37368076171330E-0003
 1.48632146708462E+0000	 1.07251232535705E-0003
 1.49264632865559E+0000	 7.18849776357135E-0004
 1.49887810080501E+0000	 3.39402585936288E-0004
 1.50501852571632E+0000	-4.09736956009589E-0005
 1.51107533700087E+0000	-4.01379677902084E-0004
 1.51705992695130E+0000	-7.25591683524333E-0004
 1.52298548983952E+0000	-1.00192393894554E-0003
 1.52886571273229E+0000	-1.22267270849555E-0003
 1.53471393251949E+0000	-1.38341178347889E-0003
 1.54054265232647E+0000	-1.48227948001098E-0003
 1.54636333048056E+0000	-1.51932742036436E-0003
 1.55218637826990E+0000	-1.49597351262353E-0003
 1.55802131329251E+0000	-1.41459417265104E-0003
 1.56387701200106E+0000	-1.27828709175632E-0003
 1.56976199418364E+0000	-1.09082549675659E-0003
 1.57568466211164E+0000	-8.56804800886517E-0004
 1.58165341440214E+0000	-5.81955407755107E-0004
 1.58767656166913E+0000	-2.73565251384903E-0004
 1.59376198907392E+0000	 5.90757290250205E-0005
 1.59991654547050E+0000	 4.04327010959554E-0004
 1.60614519720916E+0000	 7.48077786020742E-0004
 1.61245005617930E+0000	 1.07396158674966E-0003
 1.61882942604397E+0000	 1.36392814495896E-0003
 1.62527694844548E+0000	 1.59912033568668E-0003
 1.63178082148338E+0000	 1.76106958390380E-0003
 1.63832313751140E+0000	 1.83344632289012E-0003
 1.64487982490144E+0000	 1.80465537120910E-0003
 1.65142213217830E+0000	 1.67098562933143E-0003
 1.65792022793177E+0000	 1.43899173949923E-0003
 1.66434807488503E+0000	 1.12546102094776E-0003
 1.67068752333040E+0000	 7.54536420063699E-0004
 1.67692997906899E+0000	 3.53330814372096E-0004
 1.68307560002637E+0000	-5.20551567668719E-0005
 1.68913114001419E+0000	-4.39024244505738E-0004
 1.69510760552423E+0000	-7.89476491511505E-0004
 1.70101835083248E+0000	-1.08982433185280E-0003
 1.70687774657709E+0000	-1.33054839915256E-0003
 1.71270032217832E+0000	-1.50562080494884E-0003
 1.71850023398726E+0000	-1.61194659016294E-0003
 1.72429094122863E+0000	-1.64887024297000E-0003
 1.73008501734561E+0000	-1.61774949235575E-0003
 1.73589406103330E+0000	-1.52158895391858E-0003
 1.74172869299724E+0000	-1.36473442510936E-0003
 1.74759863056192E+0000	-1.15264422327224E-0003
 1.75351282294316E+0000	-8.91769218118491E-0004
 1.75947960663584E+0000	-5.89580545452920E-0004
 1.76550680670303E+0000	-2.54775255939637E-0004
 1.77160167344411E+0000	 1.02343305361269E-0004
 1.77777051998164E+0000	 4.69380189048082E-0004
 1.78401794352857E+0000	 8.31429628396355E-0004
 1.79034561375785E+0000	 1.17100242833215E-0003
 1.79675081841146E+0000	 1.46861724063263E-0003
 1.80322519500545E+0000	 1.70422433538740E-0003
 1.80975414511752E+0000	 1.85929029164340E-0003
 1.81631717957700E+0000	 1.91908520289951E-0003
 1.82288910095990E+0000	 1.87477589749180E-0003
 1.82944191713869E+0000	 1.72517674529084E-0003
 1.83594759393739E+0000	 1.47790687934994E-0003
 1.84238152344199E+0000	 1.14928441790922E-0003
 1.84872581484328E+0000	 7.62387462795142E-0004
 1.85497115498147E+0000	 3.43654413087499E-0004
 1.86111666843386E+0000	-8.07277385871172E-0005
 1.86716827020389E+0000	-4.87477653594861E-0004
 1.87313648998215E+0000	-8.57517112663381E-0004
 1.87903453131971E+0000	-1.17618351076714E-0003
 1.88487687618129E+0000	-1.43285083790737E-0003
 1.89067841821974E+0000	-1.62036019587093E-0003
 1.89645397657261E+0000	-1.73448427576826E-0003
 1.90221803409939E+0000	-1.77351094601922E-0003
 1.90798458301862E+0000	-1.73795256473878E-0003
 1.91376700513572E+0000	-1.63035403386722E-0003
 1.91957794899653E+0000	-1.45516413266544E-0003
 1.92542919105830E+0000	-1.21863848673867E-0003
 1.93133148437011E+0000	-9.28753156997625E-0004
 1.93729440649046E+0000	-5.95124283114578E-0004
 1.94332621418206E+0000	-2.28950836230677E-0004
 1.94943368726193E+0000	 1.56981976214648E-0004
 1.95562189106801E+0000	 5.48200924673298E-0004
 1.96189371772796E+0000	 9.28361512144118E-0004
 1.96824903522610E+0000	 1.27914205673194E-0003
 1.97468338549022E+0000	 1.58057746181141E-0003
 1.98118651438563E+0000	 1.81230059610840E-0003
 1.98774146840372E+0000	 1.95589830168260E-0003
 1.99432510871279E+0000	 1.99788858004307E-0003
 2.00091027362983E+0000	 1.93219651756508E-0003
 2.00746885826692E+0000	 1.76120330781961E-0003
 2.01397477255086E+0000	 1.49534723269639E-0003
 2.02040628468826E+0000	 1.15182563600713E-0003
 2.02674774872875E+0000	 7.52751402421667E-0004
 2.03299062751643E+0000	 3.22850240115540E-0004
 2.03913355414202E+0000	-1.13039447364792E-0004
 2.04518140053225E+0000	-5.32134968132389E-0004
 2.05114371866838E+0000	-9.15102994387785E-0004
 2.05703307899751E+0000	-1.24659385764131E-0003
 2.06286369201098E+0000	-1.51513486779245E-0003
 2.06865045870344E+0000	-1.71269589933600E-0003
 2.07440841694765E+0000	-1.83418295656568E-0003
 2.08015247190400E+0000	-1.87701136279957E-0003
 2.08589728847751E+0000	-1.84082234918952E-0003
 2.09165724359770E+0000	-1.72735127378047E-0003
 2.09744636142906E+0000	-1.54042613011565E-0003
 2.10327817562070E+0000	-1.28605986459028E-0003
 2.10916547862422E+0000	-9.72589589273191E-0004
 2.11511993361331E+0000	-6.10804552718189E-0004
 2.12115154689895E+0000	-2.13993623847045E-0004
 2.12726803240856E+0000	 2.02158258581630E-0004
 2.13347413595000E+0000	 6.19871043611949E-0004
 2.13977099470554E+0000	 1.01976092095405E-0003
 2.14615555114158E+0000	 1.38147296758963E-0003
 2.15261994682772E+0000	 1.68446433737225E-0003
 2.15915084483944E+0000	 1.90914371357851E-0003
 2.16572894866396E+0000	 2.03871197312291E-0003
 2.17232945328934E+0000	 2.06173109584045E-0003
 2.17892413285476E+0000	 1.97461637368988E-0003
 2.18548480441154E+0000	 1.78271646689055E-0003
 2.19198680045699E+0000	 1.49932200913369E-0003
 2.19841114019431E+0000	 1.14329365695799E-0003
 2.20474520078221E+0000	 7.36551125201687E-0004
 2.21098251423838E+0000	 3.02095888138170E-0004
 2.21712224823228E+0000	-1.37468562331700E-0004
 2.22316851741761E+0000	-5.61125445682590E-0004
 2.22912949558746E+0000	-9.50372746806715E-0004
 2.23501638085821E+0000	-1.28980209783241E-0003
 2.24084237072758E+0000	-1.56729127994781E-0003
 2.24662180407744E+0000	-1.77388431998246E-0003
 2.25236955106309E+0000	-1.90349812920260E-0003
 2.25810064883274E+0000	-1.95259395787022E-0003
 2.26383012795847E+0000	-1.91991503003501E-0003
 2.26957295258247E+0000	-1.80634879688769E-0003
 2.27534399367705E+0000	-1.61493748002572E-0003
 2.28115795712057E+0000	-1.35103511299945E-0003
 2.28702918937189E+0000	-1.02258757137797E-0003
 2.29297128235267E+0000	-6.40485406142714E-0004
 2.29899640284193E+0000	-2.18898104833436E-0004
 2.30511429937240E+0000	 2.24561606572179E-0004
 2.31133102123718E+0000	 6.69057499873724E-0004
 2.31764753759068E+0000	 1.09135728050732E-0003
 2.32405862031594E+0000	 1.46736397684635E-0003
 2.33055239932478E+0000	 1.77416633962472E-0003
 2.33711077326896E+0000	 1.99216966293925E-0003
 2.34371050517710E+0000	 2.10692857699003E-0003
 2.35032477103198E+0000	 2.11063067859462E-0003
 2.35692524178934E+0000	 2.00324315881819E-0003
 2.36348483347330E+0000	 1.79289928163345E-0003
 2.36998062799350E+0000	 1.49488715900489E-0003
 2.37639589665437E+0000	 1.12927946872178E-0003
 2.38272056646654E+0000	 7.18158677148939E-0004
 2.38895045253066E+0000	 2.83470781409513E-0004
 2.39508607871716E+0000	-1.54155923230815E-0004
 2.40113167055980E+0000	-5.75915785680680E-0004
 2.40709444229856E+0000	-9.65065999124786E-0004
 2.41298404947161E+0000	-1.30711891350946E-0003
 2.41881207986748E+0000	-1.59000475988368E-0003
 2.42459155364354E+0000	-1.80415365706805E-0003
 2.43033647252205E+0000	-1.94247388017993E-0003
 2.43606146693347E+0000	-2.00025481522004E-0003
 2.44178156231604E+0000	-1.97505444936661E-0003
 2.44751205047402E+0000	-1.86663641056121E-0003
 2.45326842299466E+0000	-1.67701048065814E-0003
 2.45906630217343E+0000	-1.41061263759441E-0003
 2.46492128625176E+0000	-1.07463896498971E-0003
 2.47084860597186E+0000	-6.79518246375399E-0004
 2.47686246923529E+0000	-2.39460272457111E-0004
 2.48297496284576E+0000	 2.27065024468889E-0004
 2.48919442294385E+0000	 6.97190152374447E-0004
 2.49552335046873E+0000	 1.14427329309420E-0003
 2.50195629924308E+0000	 1.53973809388199E-0003
 2.50847860837165E+0000	 1.85627430356229E-0003
 2.51506697019251E+0000	 2.07177072397653E-0003
 2.52169213285042E+0000	 2.17258081237986E-0003
 2.52832280646044E+0000	 2.15486120627301E-0003
 2.53492927216291E+0000	 2.02390323436069E-0003
 2.54148587849990E+0000	 1.79236980555382E-0003
 2.54797254258848E+0000	 1.47821946105384E-0003
 2.55437550673053E+0000	 1.10251435656389E-0003
 2.56068729814241E+0000	 6.87230950527154E-0004
 2.56690588986169E+0000	 2.53455471814792E-0004
 2.57303341387558E+0000	-1.79678505112218E-0004
 2.57907492880503E+0000	-5.95307219093173E-0004
 2.58503755785202E+0000	-9.78706835388843E-0004
 2.59093002391713E+0000	-1.31705523674514E-0003
 2.59676243628415E+0000	-1.59928407780090E-0003
 2.60254616696622E+0000	-1.81606006011063E-0003
 2.60829372407109E+0000	-1.95984718463851E-0003
 2.61401860459142E+0000	-2.02499279485354E-0003
 2.61973514925577E+0000	-2.00781320413886E-0003
 2.62545842479571E+0000	-1.90669343566248E-0003
 2.63120413812606E+0000	-1.72224164947792E-0003
 2.63698855540320E+0000	-1.45754863399254E-0003
 2.64282836230902E+0000	-1.11859775631605E-0003
 2.64874036040050E+0000	-7.14849419977569E-0004
 2.65474084837067E+0000	-2.59977258415677E-0004
 2.66084449586435E+0000	 2.27357544408613E-0004
 2.66706251467563E+0000	 7.22966813538063E-0004
 2.67340004964797E+0000	 1.19733854558654E-0003
 2.67985308620821E+0000	 1.61731405484786E-0003
 2.68640588112299E+0000	 1.94988066441009E-0003
 2.69303063401791E+0000	 2.16784701619826E-0003
 2.69969083206250E+0000	 2.25553080255403E-0003
 2.70634769724036E+0000	 2.21158737762094E-0003
 2.71296683422847E+0000	 2.04747943333805E-0003
 2.71952216022054E+0000	 1.78298006616445E-0003
 2.72599654667709E+0000	 1.44147533700290E-0003
 2.73238056758152E+0000	 1.04673130514762E-0003
 2.73867081855931E+0000	 6.21147111566925E-0004
 2.74486841084499E+0000	 1.84896172391622E-0004
 2.75097768455036E+0000	-2.44440364677877E-0004
 2.75700512446298E+0000	-6.51874115552939E-0004
 2.76295854556821E+0000	-1.02472402933589E-0003
 2.76884661167496E+0000	-1.35218852534056E-0003
 2.77467866608690E+0000	-1.62494254045501E-0003
 2.78046477488015E+0000	-1.83487745364985E-0003
 2.78621586056508E+0000	-1.97502097528426E-0003
 2.79194383280232E+0000	-2.03961040206044E-0003
 2.79766167279366E+0000	-2.02426906254483E-0003
 2.80338346910659E+0000	-1.92624840996744E-0003
 2.80912441938671E+0000	-1.74472980196035E-0003
 2.81490080250912E+0000	-1.48121347887803E-0003
 2.82072989260442E+0000	-1.14004629272647E-0003
 2.82662973213441E+0000	-7.29145791632986E-0004
 2.83261860572629E+0000	-2.60952712141268E-0004
 2.83871396567109E+0000	 2.46440569463588E-0004
 2.84493048704895E+0000	 7.68226034699793E-0004
 2.85127697538124E+0000	 1.27245398742667E-0003
 2.85775221788567E+0000	 1.72124834210812E-0003
 2.86434079580184E+0000	 2.07485949800338E-0003
 2.87101119136471E+0000	 2.29895525460788E-0003
 2.87771895632290E+0000	 2.37322083432336E-0003
 2.88441542287401E+0000	 2.29686431779856E-0003
 2.89105818543840E+0000	 2.08737497877641E-0003
 2.89761790184615E+0000	 1.77348904717214E-0003
 2.90407916872122E+0000	 1.38700852039894E-0003
 2.91043742119048E+0000	 9.57272719882514E-0004
 2.91669495778338E+0000	 5.08969901021771E-0004
 2.92285787171665E+0000	 6.20721957385757E-0005
 2.92893418666635E+0000	-3.67431103954356E-0004
 2.93493284152886E+0000	-7.66715611190211E-0004
 2.94086314436887E+0000	-1.12542307345510E-0003
 2.94673449151242E+0000	-1.43507428293765E-0003
 2.95255628312818E+0000	-1.68856936131619E-0003
 2.95833801047348E+0000	-1.87979181365774E-0003
 2.96408947745515E+0000	-2.00335585425103E-0003
 2.96982109666937E+0000	-2.05452658223018E-0003
 2.97554419457302E+0000	-2.02931527076161E-0003
 2.98127127564455E+0000	-1.92472943986510E-0003
 2.98701621961350E+0000	-1.73915377917090E-0003
 2.99279440249721E+0000	-1.47285539893119E-0003
 2.99862272718200E+0000	-1.12863781459659E-0003
 3.00451951219540E+0000	-7.12699564530844E-0004
 3.01050410880247E+0000	-2.35765990074314E-0004
 3.01659598982139E+0000	 2.85479349252625E-0004
 3.02281289363127E+0000	 8.26802388476687E-0004
 3.02916750881010E+0000	 1.35519545077977E-0003
 3.03566242634248E+0000	 1.82922329040951E-0003
 3.04228414802156E+0000	 2.20278686522860E-0003
 3.04899899282906E+0000	 2.43368776049102E-0003
 3.05575529341378E+0000	 2.49539138280177E-0003
 3.06249399593881E+0000	 2.38600596646728E-0003
 3.06916328463055E+0000	 2.12810889673750E-0003
 3.07572891174912E+0000	 1.75948326162965E-0003
 3.08217589899295E+0000	 1.32133057401573E-0003
 3.08850397925470E+0000	 8.50080502250591E-0004
 3.09472145387156E+0000	 3.74261413829647E-0004
 3.10084036844073E+0000	-8.52297958868204E-0005
 3.10687366634048E+0000	-5.13499837561729E-0004
 3.11283387358378E+0000	-8.99920614944502E-0004
 3.11873267208785E+0000	-1.23676037573338E-0003
 3.12458088551110E+0000	-1.51823554395807E-0003
 3.13038862187798E+0000	-1.73987614509452E-0003
 3.13616547872072E+0000	-1.89808843966630E-0003
 3.14192080002529E+0000	-1.98984809846926E-0003
 3.14766399543891E+0000	-2.01251223340975E-0003
 3.15340491733690E+0000	-1.96377283953315E-0003
 3.15915426613912E+0000	-1.84178218460068E-0003
 3.16492397659250E+0000	-1.64547101406997E-0003
 3.17072753305118E+0000	-1.37506849551877E-0003
 3.17658016222638E+0000	-1.03283215595122E-0003
 3.18249883946813E+0000	-6.24010799289486E-0004
 3.18850199620374E+0000	-1.58082652573744E-0004
 3.19460870876685E+0000	 3.49698850286688E-0004
 3.20083697518344E+0000	 8.76531100647855E-0004
 3.20720050892038E+0000	 1.39048341239219E-0003
 3.21370355891539E+0000	 1.85024998226268E-0003
 3.22033419499648E+0000	 2.20829622877065E-0003
 3.22705881144417E+0000	 2.41947454561001E-0003
 3.23382306663876E+0000	 2.45423699808006E-0003
 3.24056285309545E+0000	 2.30996211131887E-0003
 3.24722119434139E+0000	 2.01209734164398E-0003
 3.25376099414832E+0000	 1.60402221914592E-0003
 3.26016763013070E+0000	 1.13319433627679E-0003
 3.26644382252248E+0000	 6.41252511964494E-0004
 3.27260238209929E+0000	 1.60097519924754E-0004
 3.27866037585358E+0000	-2.87931212817976E-0004
 3.28463556084062E+0000	-6.88158090266668E-0004
 3.29054464087400E+0000	-1.03141671139933E-0003
 3.29640266145971E+0000	-1.31224920172062E-0003
 3.30222300547873E+0000	-1.52760227664334E-0003
 3.30801764861357E+0000	-1.67596666001861E-0003
 3.31379748733284E+0000	-1.75684548519198E-0003
 3.31957265943308E+0000	-1.77043704749267E-0003
 3.32535284751178E+0000	-1.71744722969126E-0003
 3.33114759354789E+0000	-1.59899351030638E-0003
 3.33696665796112E+0000	-1.41661426809969E-0003
 3.34282043081956E+0000	-1.17244060529978E-0003
 3.34872035413548E+0000	-8.69610245379877E-0004
 3.35467925536315E+0000	-5.12997890181094E-0004
 3.36071143317331E+0000	-1.10306599203180E-0004
 3.36683227407754E+0000	 3.26485880279434E-0004
 3.37305709619556E+0000	 7.79419932813811E-0004
 3.37939881192675E+0000	 1.22287032747414E-0003
 3.38586396370379E+0000	 1.62258332271374E-0003
 3.39244703801207E+0000	 1.93684094855968E-0003
 3.39912429323418E+0000	 2.12178065797305E-0003
 3.40585077315511E+0000	 2.14199605248881E-0003
 3.41256548860212E+0000	 1.98348205950631E-0003
 3.41920571689007E+0000	 1.66110004445975E-0003
 3.42572322978141E+0000	 1.21435532078387E-0003
 3.43209290862805E+0000	 6.94405757944774E-0004
 3.43831131612115E+0000	 1.51076026384844E-0004
 3.44438987600445E+0000	-3.74529774511729E-0004
 3.45034784159129E+0000	-8.51909258499652E-0004
 3.45620735083476E+0000	-1.26001195345939E-0003
 3.46199065834080E+0000	-1.58513003055522E-0003
 3.46771888961772E+0000	-1.81887236955658E-0003
 3.47341168430064E+0000	-1.95656798683093E-0003
 3.47908730736538E+0000	-1.99613115384280E-0003
 3.48476298961727E+0000	-1.93732386303547E-0003
 3.49045537178626E+0000	-1.78134525607642E-0003
 3.49618098538690E+0000	-1.53069931544401E-0003
 3.50195672948512E+0000	-1.18931683599479E-0003
 3.50780031192069E+0000	-7.62929756303186E-0004
 3.51373062558286E+0000	-2.59720732135164E-0004
 3.51976802290492E+0000	 3.08686663828986E-0004
 3.52593440744855E+0000	 9.25750009231646E-0004
 3.53225290001418E+0000	 1.56776861116592E-0003
 3.53874639925127E+0000	 2.20052769835940E-0003
 3.54543347134392E+0000	 2.77481484404485E-0003
 3.55231892767088E+0000	 3.22249571938756E-0003
 3.55937718508460E+0000	 3.45898691031784E-0003
 3.56653392718466E+0000	 3.40228667677812E-0003
 3.57366610652981E+0000	 3.01110745627117E-0003
 3.58063866239317E+0000	 2.31670330576978E-0003
 3.58735661592186E+0000	 1.41270228632699E-0003
 3.59378739307674E+0000	 4.11316820775748E-0004
 3.59994621113103E+0000	-5.92849185356277E-0004
 3.60587106597526E+0000	-1.53406807717875E-0003
 3.61160538566359E+0000	-2.37144747570218E-0003
 3.61719003454324E+0000	-3.08117900419553E-0003
 3.62266089821320E+0000	-3.65004888018623E-0003
 3.62804893979693E+0000	-4.07106485239644E-0003
 3.63338111744849E+0000	-4.34076164319064E-0003
 3.63868149307660E+0000	-4.45761661812688E-0003
 3.64397230672621E+0000	-4.42116075565802E-0003
 3.64927497570571E+0000	-4.23153156424377E-0003
 3.65461104891551E+0000	-3.88933392014454E-0003
 3.66000317417343E+0000	-3.39576189401692E-0003
 3.66547614758870E+0000	-2.75301135192826E-0003
 3.67105811454249E+0000	-1.96510488601039E-0003
 3.67678196520773E+0000	-1.03938971269238E-0003
 3.68268685592437E+0000	 1.08028475121527E-0005
 3.68881943728266E+0000	 1.16149934800137E-0003
 3.69523342453735E+0000	 2.37021462026632E-0003
 3.70198396536295E+0000	 3.56389701900057E-0003
 3.70910950778540E+0000	 4.62490508048644E-0003
 3.71659239155471E+0000	 5.38850021321688E-0003
 3.72430779333384E+0000	 5.68377208558764E-0003
 3.73202320467515E+0000	 5.43174604831082E-0003
 3.73950348915748E+0000	 4.71230569999237E-0003
 3.74662357754256E+0000	 3.70331190185822E-0003
 3.75337268838214E+0000	 2.57483788574434E-0003
 3.75979781424899E+0000	 1.44378821009279E-0003
 3.76596026994884E+0000	 3.78591685653097E-0004
 3.77191719633434E+0000	-5.84176277680121E-0004
 3.77771669686069E+0000	-1.42658452078517E-0003
 3.78339805268380E+0000	-2.14119425271372E-0003
 3.78899329598696E+0000	-2.72643334761321E-0003
 3.79452885511886E+0000	-3.18405299991672E-0003
 3.80002691718952E+0000	-3.51775557530488E-0003
 3.80550646291326E+0000	-3.73247487549316E-0003
 3.81098401382828E+0000	-3.83401914209797E-0003
 3.81647414508045E+0000	-3.82891062919148E-0003
 3.82198981200072E+0000	-3.72431921245583E-0003
 3.82754253506389E+0000	-3.52801965704344E-0003
 3.83314249197491E+0000	-3.24832123579658E-0003
 3.83879857712382E+0000	-2.89393826573260E-0003
 3.84451850002773E+0000	-2.47380099362934E-0003
 3.85030899156708E+0000	-1.99685037065434E-0003
 3.85617615566109E+0000	-1.47190618517700E-0003
 3.86212594374256E+0000	-9.07722407975445E-0004
 3.86816466179671E+0000	-3.13328341020895E-0004
 3.87429937529197E+0000	 3.01290223290669E-0004
 3.88053805701678E+0000	 9.24151307594148E-0004
 3.88688927308567E+0000	 1.53987076377663E-0003
 3.89336105680566E+0000	 2.12794280304976E-0003
 3.89995842011943E+0000	 2.66104688185832E-0003
 3.90667898250729E+0000	 3.10438466218511E-0003
 3.91350699583915E+0000	 3.41790815145416E-0003
 3.92040801702724E+0000	 3.56341605428358E-0003
 3.92732875732549E+0000	 3.51625262029032E-0003
 3.93420601128020E+0000	 3.27652086272362E-0003
 3.94098242987303E+0000	 2.87185931872174E-0003
 3.94762013845849E+0000	 2.34882286129359E-0003
 3.95410480119994E+0000	 1.75888316682592E-0003
 3.96044097124023E+0000	 1.14739781959037E-0003
 3.96664435128442E+0000	 5.48822563667736E-0004
 3.97273523175341E+0000	-1.33614161007556E-0005
 3.97873436176136E+0000	-5.24627728331761E-0004
 3.98466083952076E+0000	-9.77009634316536E-0004
 3.99053125788350E+0000	-1.36703691013408E-0003
 3.99635951612952E+0000	-1.69415088032840E-0003
 4.00215695234495E+0000	-1.95953071973482E-0003
 4.00793262686094E+0000	-2.16522131147707E-0003
 4.01369368993933E+0000	-2.31347490897848E-0003
 4.01944581566191E+0000	-2.40625880178436E-0003
 4.02519369517526E+0000	-2.44491824980804E-0003
 4.03094156967984E+0000	-2.43000545914467E-0003
 4.03669376294853E+0000	-2.36128430091386E-0003
 4.04245516255502E+0000	-2.23789999479401E-0003
 4.04823160984267E+0000	-2.05867802554922E-0003
 4.05403018790358E+0000	-1.82250653454893E-0003
 4.05985942745643E+0000	-1.52877286008614E-0003
 4.06572946160517E+0000	-1.17786388024110E-0003
 4.07165213871082E+0000	-7.71784723884078E-0004
 4.07764104646941E+0000	-3.14981301562030E-0004
 4.08371131459171E+0000	 1.84547473387133E-0004
 4.08987895015945E+0000	 7.13809748144348E-0004
 4.09615931995482E+0000	 1.25315226933684E-0003
 4.10256427201333E+0000	 1.77478267151338E-0003
 4.10909749434971E+0000	 2.24252144509878E-0003
 4.11574855532610E+0000	 2.61461178542097E-0003
 4.12248813375682E+0000	 2.85137226867918E-0003
 4.12926907329142E+0000	 2.92675502981656E-0003
 4.13603620682353E+0000	 2.83788713313334E-0003
 4.14274089187102E+0000	 2.60545261411484E-0003
 4.14935135655449E+0000	 2.26457865973153E-0003
 4.15585419965526E+0000	 1.85318791035404E-0003
 4.16224970040725E+0000	 1.40414897659758E-0003
 4.16854576789471E+0000	 9.42463836270757E-0004
 4.17475327289512E+0000	 4.85680370707022E-0004
 4.18088327005928E+0000	 4.55693321636943E-0005
 4.18694567015399E+0000	-3.70049754708070E-0004
 4.19294881441922E+0000	-7.55764884128469E-0004
 4.19889955843929E+0000	-1.10740577010334E-0003
 4.20480362788881E+0000	-1.42123783715052E-0003
 4.21066610021570E+0000	-1.69347596455993E-0003
 4.21649190807473E+0000	-1.92007427108085E-0003
 4.22228628360677E+0000	-2.09673596733358E-0003
 4.22805509163423E+0000	-2.21907020807830E-0003
 4.23380503999622E+0000	-2.28281732621435E-0003
 4.23954379482563E+0000	-2.28408105899768E-0003
 4.24528005088417E+0000	-2.21954279165098E-0003
 4.25102360385115E+0000	-2.08667342723097E-0003
 4.25678544730178E+0000	-1.88398814727443E-0003
 4.26257788357685E+0000	-1.61140199790803E-0003
 4.26841460340736E+0000	-1.27074370783168E-0003
 4.27431065245183E+0000	-8.66478019098051E-0004
 4.28028215170200E+0000	-4.06671057675474E-0004
 4.28634555908802E+0000	 9.58148256807350E-0005
 4.29251616018073E+0000	 6.22046804034687E-0004
 4.29880543960877E+0000	 1.14612066168222E-0003
 4.30521723773433E+0000	 1.63556361762114E-0003
 4.31174346005021E+0000	 2.05431866410487E-0003
 4.31836150405742E+0000	 2.36897327141438E-0003
 4.32503618258652E+0000	 2.55664252267856E-0003
 4.33172681608926E+0000	 2.61044167461152E-0003
 4.33839619010254E+0000	 2.53915412819094E-0003
 4.34501662835201E+0000	 2.36185291403772E-0003
 4.35157125353218E+0000	 2.10132505179310E-0003
 4.35805190943451E+0000	 1.77938748982565E-0003
 4.36445610331175E+0000	 1.41477544966944E-0003
 4.37078441264928E+0000	 1.02285432939594E-0003
 4.37703878538876E+0000	 6.16225334842643E-0004
 4.38322165696200E+0000	 2.05595963297473E-0004
 4.38933566637187E+0000	-1.99422569579394E-0004
 4.39538374802120E+0000	-5.89750040114072E-0004
 4.40136940015138E+0000	-9.56554649908960E-0004
 4.40729696731707E+0000	-1.29122468512448E-0003
 4.41317183087247E+0000	-1.58550958900032E-0003
 4.41900047325911E+0000	-1.83172533903335E-0003
 4.42479044561462E+0000	-2.02294128597271E-0003
 4.43055029939910E+0000	-2.15311524629706E-0003
 4.43628953575862E+0000	-2.21719231613743E-0003
 4.44201859643868E+0000	-2.21120959950718E-0003
 4.44774888853850E+0000	-2.13245143262203E-0003
 4.45349281446967E+0000	-1.97968913437082E-0003
 4.45926376660302E+0000	-1.75352856195467E-0003
 4.46507603293146E+0000	-1.45688209948529E-0003
 4.47094453513988E+0000	-1.09557142799912E-0003
 4.47688428178321E+0000	-6.79034656061187E-0004
 4.48290938355675E+0000	-2.21030692637500E-0004
 4.48903149352510E+0000	 2.59912269609658E-0004
 4.49525768782005E+0000	 7.40739075665218E-0004
 4.50158816601746E+0000	 1.19531423818764E-0003
 4.50801463576256E+0000	 1.59730835832348E-0003
 4.51452043830510E+0000	 1.92399057832409E-0003
 4.52108286125777E+0000	 2.15955097804360E-0003
 4.52767684364805E+0000	 2.29655248432336E-0003
 4.53427849214381E+0000	 2.33518382943524E-0003
 4.54086724354532E+0000	 2.28117999445960E-0003
 4.54742653152208E+0000	 2.14357504397658E-0003
 4.55394346156326E+0000	 1.93299134325177E-0003
 4.56040807119793E+0000	 1.66064829129066E-0003
 4.56681259589383E+0000	 1.33799358431872E-0003
 4.57315099479234E+0000	 9.76736373093434E-0004
 4.57941882604299E+0000	 5.89012072667316E-0004
 4.58561340066421E+0000	 1.87442333033105E-0004
 4.59173403969809E+0000	-2.15031090323701E-0004
 4.59778225316459E+0000	-6.05518684545524E-0004
 4.60376173820316E+0000	-9.71644634522833E-0004
 4.60967820158889E+0000	-1.30196587201121E-0003
 4.61553908517343E+0000	-1.58627286996858E-0003
 4.62135328236281E+0000	-1.81577103498427E-0003
 4.62713089754349E+0000	-1.98318810634856E-0003
 4.63288305710941E+0000	-2.08285949492374E-0003
 4.63862175516346E+0000	-2.11082769327166E-0003
 4.64435970934183E+0000	-2.06497545170197E-0003
 4.65011020003511E+0000	-1.94520399018640E-0003
 4.65588685913744E+0000	-1.75366230677667E-0003
 4.66170336105797E+0000	-1.49502115346413E-0003
 4.66757295723317E+0000	-1.17675657737224E-0003
 4.67350780155091E+0000	-8.09361157603888E-0004
 4.67951805776181E+0000	-4.06347683214721E-0004
 4.68561087409562E+0000	 1.61177166616708E-0005
 4.69178943709662E+0000	 4.40067664922607E-0004
 4.69805240303017E+0000	 8.47027216291635E-0004
 4.70439394557774E+0000	 1.21948651159376E-0003
 4.71080442317508E+0000	 1.54216560202495E-0003
 4.71727140407570E+0000	 1.80279087021075E-0003
 4.72378070941516E+0000	 1.99236687108329E-0003
 4.73031727384538E+0000	 2.10511329301842E-0003
 4.73686578480174E+0000	 2.13823475779699E-0003
 4.74341110729774E+0000	 2.09163051826410E-0003
 4.74993851285315E+0000	 1.96765740987034E-0003
 4.75643381717203E+0000	 1.77106561857478E-0003
 4.76288362487900E+0000	 1.50911817072344E-0003
 4.76927583855069E+0000	 1.19172942694206E-0003
 4.77560040871530E+0000	 8.31376908862444E-0004
 4.78185012198983E+0000	 4.42629714633299E-0004
 4.78802117272392E+0000	 4.13233270152828E-0005
 4.79411335704578E+0000	-3.56433564882497E-0004
 4.80012988865375E+0000	-7.35197062595666E-0004
 4.80607695522803E+0000	-1.08092333688685E-0003
 4.81196316007794E+0000	-1.38146336620404E-0003
 4.81779895382515E+0000	-1.62685133998109E-0003
 4.82359611057167E+0000	-1.80944263117762E-0003
 4.82936726940248E+0000	-1.92395346572370E-0003
 4.83512554230894E+0000	-1.96744612839862E-0003
 4.84088417411864E+0000	-1.93929451326329E-0003
 4.84665622658853E+0000	-1.84115074764044E-0003
 4.85245425216849E+0000	-1.67691230542422E-0003
 4.85828992939361E+0000	-1.45266401536906E-0003
 4.86417365489285E+0000	-1.17654958867391E-0003
 4.87011412335503E+0000	-8.58525034754116E-0004
 4.87611796282232E+0000	-5.09972140179358E-0004
 4.88218950489071E+0000	-1.43202752572788E-0004
 4.88833073645130E+0000	 2.29059643251028E-0004
 4.89454140617975E+0000	 5.94117312990322E-0004
 4.90081919061559E+0000	 9.39599933534362E-0004
 4.90715982072281E+0000	 1.25366448746134E-0003
 4.91355713919891E+0000	 1.52518029345630E-0003
 4.92000313157878E+0000	 1.74395554550960E-0003
 4.92648797204933E+0000	 1.90099561103431E-0003
 4.93300006514480E+0000	 1.98877902701150E-0003
 4.93952605427712E+0000	 2.00161346932673E-0003
 4.94605087045265E+0000	 1.93618544898718E-0003
 4.95255802780571E+0000	 1.79233064705133E-0003
 4.95903038410813E+0000	 1.57385196678153E-0003
 4.96545141792691E+0000	 1.28905080768514E-0003
 4.97180681915270E+0000	 9.50642875122012E-0004
 4.97808599444332E+0000	 5.74921475152351E-0004
 4.98428307633735E+0000	 1.80317918813331E-0004
 4.99039721400723E+0000	-2.14275487320875E-0004
 4.99643218958554E+0000	-5.91032011748989E-0004
 5.00239558482953E+0000	-9.34319125736445E-0004
 5.00829776204351E+0000	-1.23136044186732E-0003
 5.01415086679829E+0000	-1.47249012003508E-0003
 5.01996797237873E+0000	-1.65111714028889E-0003
 5.02576240618648E+0000	-1.76352149014160E-0003
 5.03154724322530E+0000	-1.80857706092884E-0003
 5.03733492569115E+0000	-1.78745603905992E-0003
 5.04313696758118E+0000	-1.70333226217371E-0003
 5.04896372104734E+0000	-1.56107751750128E-0003
 5.05482420528127E+0000	-1.36694103797669E-0003
 5.06072601549699E+0000	-1.12821763881279E-0003
 5.06667532747517E+0000	-8.52934645994177E-0004
 5.07267698883097E+0000	-5.49605298760833E-0004
 5.07873465218287E+0000	-2.27089933184727E-0004
 5.08485088030254E+0000	 1.05428694730972E-0004
 5.09102716058219E+0000	 4.38397028327993E-0004
 5.09726380697282E+0000	 7.61839326261214E-0004
 5.10355977424721E+0000	 1.06536170037153E-0003
 5.10991242374447E+0000	 1.33822996494843E-0003
 5.11631725074655E+0000	 1.56951529150701E-0003
 5.12276754766028E+0000	 1.74832926572590E-0003
 5.12925399148429E+0000	 1.86423717115673E-0003
 5.13576423582219E+0000	 1.90798390587867E-0003
 5.14228272342387E+0000	 1.87262214758729E-0003
 5.14879103339187E+0000	 1.75496958968169E-0003
 5.15526904471644E+0000	 1.55707478828688E-0003
 5.16169695840124E+0000	 1.28714602778749E-0003
 5.16805779583994E+0000	 9.59391728386933E-0004
 5.17433962731668E+0000	 5.92586297548543E-0004
 5.18053681656712E+0000	 2.07746191389100E-0004
 5.18665001840776E+0000	-1.74344120845873E-0004
 5.19268518321273E+0000	-5.35102328473296E-0004
 5.19865207450223E+0000	-8.59320828564430E-0004
 5.20456275909298E+0000	-1.13558995664079E-0003
 5.21043033902706E+0000	-1.35619357050300E-0003
 5.21626801055983E+0000	-1.51671565561590E-0003
 5.22208842341459E+0000	-1.61553325881610E-0003
 5.22790327360870E+0000	-1.65329341605682E-0003
 5.23372306920890E+0000	-1.63241504831879E-0003
 5.23955703166433E+0000	-1.55663097291082E-0003
 5.24541311405262E+0000	-1.43058449727435E-0003
 5.25129812006085E+0000	-1.25950540147307E-0003
 5.25721789402198E+0000	-1.04899549394579E-0003
 5.26317753335913E+0000	-8.04943853935655E-0004
 5.26918156481941E+0000	-5.33566874243446E-0004
 5.27523403430060E+0000	-2.41539450818488E-0004
 5.28133848486720E+0000	 6.38339331815897E-0005
 5.28749782558268E+0000	 3.74456947380101E-0004
 5.29371410858738E+0000	 6.81318363230099E-0004
 5.29998822579678E+0000	 9.74420940347308E-0004
 5.30631951766325E+0000	 1.24277488590747E-0003
 5.31270527142709E+0000	 1.47449200477665E-0003
 5.31914009147000E+0000	 1.65706112541986E-0003
 5.32561517075622E+0000	 1.77794314048522E-0003
 5.33211761009809E+0000	 1.82566372262103E-0003
 5.33863012786699E+0000	 1.79152101159640E-0003
 5.34513167964580E+0000	 1.67175186591882E-0003
 5.35159941243164E+0000	 1.46952094305771E-0003
 5.35801179773826E+0000	 1.19574809797333E-0003
 5.36435198416804E+0000	 8.68074644416922E-0004
 5.37061010393080E+0000	 5.08187639012199E-0004
 5.37678381889365E+0000	 1.38542733162066E-0004
 5.38287730145102E+0000	-2.20397625909023E-0004
 5.38889939225108E+0000	-5.51833083913898E-0004
 5.39486166378785E+0000	-8.43219656798494E-0004
 5.40077681466426E+0000	-1.08611557020640E-0003
 5.40665752255895E+0000	-1.27563272619039E-0003
 5.41251571593554E+0000	-1.40974565234624E-0003
 5.41836217221949E+0000	-1.48859685128704E-0003
 5.42420635884351E+0000	-1.51386358704638E-0003
 5.43005645701040E+0000	-1.48821914905623E-0003
 5.43591952153681E+0000	-1.41491419388586E-0003
 5.44180172889834E+0000	-1.29750075902515E-0003
 5.44770865788059E+0000	-1.13971047057255E-0003
 5.45364554470206E+0000	-9.45478579100032E-0004
 5.45961746323842E+0000	-7.19084485802237E-0004
 5.46562939879998E+0000	-4.65365823711051E-0004
 5.47168620383717E+0000	-1.89960404558377E-0004
 5.47779243950772E+0000	 1.00463583051866E-0004
 5.48395211518017E+0000	 3.98018610161337E-0004
 5.49016833882573E+0000	 6.93469376843747E-0004
 5.49644288410669E+0000	 9.76175906947439E-0004
 5.50277565985191E+0000	 1.23411963522749E-0003
 5.50916403730808E+0000	 1.45405563547173E-0003
 5.51560198830767E+0000	 1.62192293757105E-0003
 5.52207909368383E+0000	 1.72376889867109E-0003
 5.52857975692587E+0000	 1.74747509347192E-0003
 5.53508330500873E+0000	 1.68529869598295E-0003
 5.54156570902322E+0000	 1.53658715704604E-0003
 5.54800300889750E+0000	 1.30938951297065E-0003
 5.55437539528300E+0000	 1.01984483584373E-0003
 5.56067028307194E+0000	 6.89372536254915E-0004
 5.56688328801524E+0000	 3.40891850792752E-0004
 5.57301722740735E+0000	-4.46409597899019E-0006
 5.57908005443660E+0000	-3.29341284324253E-0004
 5.58508265263131E+0000	-6.20859322670747E-0004
 5.59103702494609E+0000	-8.70409689259789E-0004
 5.59695503356983E+0000	-1.07299232144172E-0003
 5.60284764146944E+0000	-1.22639494831841E-0003
 5.60872454617716E+0000	-1.33038427284303E-0003
 5.61459410414635E+0000	-1.38599354611599E-0003
 5.62046346459149E+0000	-1.39495255485134E-0003
 5.62633884197756E+0000	-1.35928955337184E-0003
 5.63222585670908E+0000	-1.28112006196494E-0003
 5.63812987424714E+0000	-1.16261753214627E-0003
 5.64405628131892E+0000	-1.00613950365331E-0003
 5.65001065389397E+0000	-8.14466587333168E-0004
 5.65599879076499E+0000	-5.91103075583172E-0004
 5.66202660564128E+0000	-3.40586243977899E-0004
 5.66809988873106E+0000	-6.87556065314362E-0005
 5.67422396475125E+0000	 2.17055244666748E-0004
 5.68040328334083E+0000	 5.07920787463229E-0004
 5.68664096840667E+0000	 7.93308387214467E-0004
 5.69293831150331E+0000	 1.06111832032204E-0003
 5.69929412898282E+0000	 1.29778812652470E-0003
 5.70570387374750E+0000	 1.48859572476640E-0003
 5.71215850815881E+0000	 1.61847618812299E-0003
 5.71864348032889E+0000	 1.67373967820405E-0003
 5.72513858343356E+0000	 1.64478388944338E-0003
 5.73161958277649E+0000	 1.52913411561509E-0003
 5.73806178634757E+0000	 1.33337870308331E-0003
 5.74444443814116E+0000	 1.07269658883247E-0003
 5.75075407478325E+0000	 7.67951910401652E-0004
 5.75698561530957E+0000	 4.41700785653351E-0004
 5.76314131301293E+0000	 1.14729146039662E-0004
 5.76922857319404E+0000	-1.96011247231438E-0004
 5.77525764283475E+0000	-4.78078591154846E-0004
 5.78123973830657E+0000	-7.23272168113736E-0004
 5.78718576946610E+0000	-9.26884493499697E-0004
 5.79310560639995E+0000	-1.08679669816017E-0003
 5.79900777496935E+0000	-1.20259941586216E-0003
 5.80489947292409E+0000	-1.27483710285936E-0003
 5.81078681311504E+0000	-1.30443374284254E-0003
 5.81667520507754E+0000	-1.29233538008442E-0003
 5.82256978528994E+0000	-1.23938148378497E-0003
 5.82847581041119E+0000	-1.14638925200692E-0003
 5.83439894206913E+0000	-1.01440848066222E-0003
 5.84034537428047E+0000	-8.45085650256345E-0004
 5.84632178088526E+0000	-6.41066356446133E-0004
 5.85233508768824E+0000	-4.06364822712540E-0004
 5.85839210074424E+0000	-1.46638737260675E-0004
 5.86449904488464E+0000	 1.30670257431475E-0004
 5.87066107578969E+0000	 4.16333497311059E-0004
 5.87688180805813E+0000	 6.99429123231944E-0004
 5.88316283784875E+0000	 9.67471145871184E-0004
 5.88950315146215E+0000	 1.20656307845009E-0003
 5.89589827901190E+0000	 1.40171967759634E-0003
 5.90233919237029E+0000	 1.53770284684875E-0003
 5.90881131993178E+0000	 1.60077937745438E-0003
 5.91529449899542E+0000	 1.58146477083078E-0003
 5.92176473988107E+0000	 1.47751392296437E-0003
 5.92819788522952E+0000	 1.29568882578380E-0003
 5.93457394386248E+0000	 1.05107203865919E-0003
 5.94088024670928E+0000	 7.64037224941310E-0004
 5.94711231053001E+0000	 4.56291604795539E-0004
 5.95327264869117E+0000	 1.47561664026286E-0004
 5.95936855710126E+0000	-1.46303871453122E-0004
 5.96540984119410E+0000	-4.13881233615165E-0004
 5.97140700372535E+0000	-6.47818626342280E-0004
 5.97737002986784E+0000	-8.44030162126064E-0004
 5.98330771728765E+0000	-1.00074236499859E-0003
 5.98922744846848E+0000	-1.11757257678755E-0003
 5.99513530501316E+0000	-1.19474747735094E-0003
 6.00103642747269E+0000	-1.23253638125044E-0003
 6.00693551627781E+0000	-1.23094878794999E-0003
 6.01283735968717E+0000	-1.18971150604419E-0003
 6.01874727811646E+0000	-1.10849815615424E-0003
 6.02467139682147E+0000	-9.87344700709079E-0004
 6.03061669546318E+0000	-8.27159931341897E-0004
 6.03659082360768E+0000	-6.30233035172137E-0004
 6.04260170832937E+0000	-4.00648643046420E-0004
 6.04865701113003E+0000	-1.44539765321711E-0004
 6.05476351442039E+0000	 1.29858866874381E-0004
 6.06092652434357E+0000	 4.12348332568786E-0004
 6.06714934893179E+0000	 6.91033227766028E-0004
 6.07343283574960E+0000	 9.52634677460094E-0004
 6.07977485735172E+0000	 1.18282062273556E-0003
 6.08616960482889E+0000	 1.36668859779348E-0003
 6.09260670765792E+0000	 1.48973126596997E-0003
 6.09907057502959E+0000	 1.53963397077982E-0003
 6.10554073976249E+0000	 1.50885863669585E-0003
 6.11199391087787E+0000	 1.39720062017274E-0003
 6.11840759116858E+0000	 1.21295954566287E-0003
 6.12476397623696E+0000	 9.71794133691376E-0004
 6.13105250336446E+0000	 6.93621192563488E-0004
 6.13727025523721E+0000	 3.98945876077725E-0004
 6.14342060781790E+0000	 1.05961857121214E-0004
 6.14951108607944E+0000	-1.71011780582145E-0004
 6.15555125187237E+0000	-4.21891669165269E-0004
 6.16155104299402E+0000	-6.40403991732166E-0004
 6.16751966708544E+0000	-8.23256556165636E-0004
 6.17346501002887E+0000	-9.69170999817571E-0004
 6.17939348376232E+0000	-1.07794054867501E-0003
 6.18531023523303E+0000	-1.14963305110925E-0003
 6.19121962363598E+0000	-1.18403876360483E-0003
 6.19712584346880E+0000	-1.18043447025455E-0003
 6.20303354730794E+0000	-1.13768437727688E-0003
 6.20894832702960E+0000	-1.05463358714889E-0003
 6.21487695019404E+0000	-9.30695746111348E-0004
 6.22082730443026E+0000	-7.66510607149455E-0004
 6.22680805618862E+0000	-5.64550116872014E-0004
 6.23282807021631E+0000	-3.29571032718935E-0004
 6.23889566491223E+0000	-6.88372805396469E-0005
 6.24501780256406E+0000	 2.07933047360722E-0004
 6.25119932777709E+0000	 4.88893898922122E-0004
 6.25744235004191E+0000	 7.60606526481110E-0004
 6.26374579528798E+0000	 1.00867625658583E-0003
 6.27010504803528E+0000	 1.21841977445866E-0003
 6.27651156563966E+0000	 1.37563860742774E-0003
