-1.25386677100410E-0003	-3.49752484286050E-0004
 4.80175524390699E-0003	-9.52460586067803E-0005
 1.09115119507167E-0002	 1.81643734068198E-0004
 1.70838771250048E-0002	 4.68495943624940E-0004
 2.33239228898725E-0002	 7.49072535910861E-0004
 2.96314028128467E-0002	 1.00455099602912E-0003
 3.59994557725134E-0002	 1.21585032588865E-0003
 4.24146572421412E-0002	 1.36660406382514E-0003
 4.88586977503362E-0002	 1.44579300930444E-0003
 5.53111286753527E-0002	 1.44905387903284E-0003
 6.17520727492441E-0002	 1.37841139326633E-0003
 6.81640762311498E-0002	 1.24102718216376E-0003
 7.45330362741533E-0002	 1.04777247698162E-0003
 8.08486118965405E-0002	 8.12017967608225E-0004
 8.71044519645843E-0002	 5.48575422482892E-0004
 9.32982661978855E-0002	 2.72615817824094E-0004
 9.94316016593442E-0002	-1.44608550314774E-0006
 1.05509253478903E-0001	-2.60942121716741E-0004
 1.11538391127770E-0001	-4.95638115686872E-0004
 1.17527572179114E-0001	-6.98035197417392E-0004
 1.23485810778846E-0001	-8.63308051689044E-0004
 1.29421814275807E-0001	-9.88962155726368E-0004
 1.35343448228277E-0001	-1.07430571909777E-0003
 1.41257456880795E-0001	-1.11982627581809E-0003
 1.47169448277251E-0001	-1.12655783469123E-0003
 1.53084136086310E-0001	-1.09552885993091E-0003
 1.59005802122420E-0001	-1.02738733889084E-0003
 1.64938903111955E-0001	-9.22292941789805E-0004
 1.70888703504209E-0001	-7.80137329355018E-0004
 1.76861788987510E-0001	-6.01103967677068E-0004
 1.82866310691685E-0001	-3.86521548968689E-0004
 1.88911821108671E-0001	-1.39911337409587E-0004
 1.95008578135487E-0001	 1.31927751769649E-0004
 2.01166221414073E-0001	 4.18035613112261E-0004
 2.07391815914708E-0001	 7.02971672794989E-0004
 2.13687495663676E-0001	 9.67531185619967E-0004
 2.20048352661023E-0001	 1.19088215401589E-0003
 2.26461592573141E-0001	 1.35399625399782E-0003
 2.32907823123913E-0001	 1.44337049400914E-0003
 2.39364346168168E-0001	 1.45346829977494E-0003
 2.45809095465941E-0001	 1.38683862550238E-0003
 2.52223571860148E-0001	 1.25225014801130E-0003
 2.58594044767724E-0001	 1.06214553753220E-0003
 2.64911417518687E-0001	 8.30556073790887E-0004
 2.71170574764478E-0001	 5.71830796795505E-0004
 2.77369769063586E-0001	 2.99941941932353E-0004
 2.83510175239776E-0001	 2.80094342243362E-0005
 2.89595500137880E-0001	-2.32144701543461E-0004
 2.95631522722631E-0001	-4.70411700841628E-0004
 3.01625532153553E-0001	-6.78699839525625E-0004
 3.07585712398626E-0001	-8.51062076678829E-0004
 3.13520549323092E-0001	-9.83634166230818E-0004
 3.19438324511347E-0001	-1.07440931809977E-0003
 3.25346737744370E-0001	-1.12289155782935E-0003
 3.31252685088003E-0001	-1.12967208538283E-0003
 3.37162214586171E-0001	-1.09597601323486E-0003
 3.43080677226781E-0001	-1.02324042083251E-0003
 3.49013073098021E-0001	-9.12806657941859E-0004
 3.54964552944326E-0001	-7.65826206923938E-0004
 3.60940978916855E-0001	-5.83472059309789E-0004
 3.66949392809788E-0001	-3.67506966166015E-0004
 3.72998202952323E-0001	-1.21191054767003E-0004
 3.79096887844206E-0001	 1.49576307548701E-0004
 3.85255026427019E-0001	 4.35096086760123E-0004
 3.91480528330105E-0001	 7.21058928329723E-0004
 3.97777135255400E-0001	 9.88635824459810E-0004
 4.04141698760159E-0001	 1.21609769148952E-0003
 4.10562341400530E-0001	 1.38224966724029E-0003
 4.17018879330787E-0001	 1.47098083267752E-0003
 4.23486101602228E-0001	 1.47507608159230E-0003
 4.29938770832451E-0001	 1.39735196746817E-0003
 4.36356030965733E-0001	 1.24871603265763E-0003
 4.42723532731956E-0001	 1.04458452371139E-0003
 4.49033263250475E-0001	 8.01553251685236E-0004
 4.55282162377615E-0001	 5.35334495696693E-0004
 4.61470602997039E-0001	 2.59928415702743E-0004
 4.67601268671579E-0001	-1.24826080622692E-0005
 4.73678482097101E-0001	-2.71397587206005E-0004
 4.79707823563207E-0001	-5.07876349013929E-0004
 4.85695867877742E-0001	-7.14498664875988E-0004
 4.91649939015787E-0001	-8.85370960553466E-0004
 4.97577850795605E-0001	-1.01613040660978E-0003
 5.03487639611226E-0001	-1.10391264022084E-0003
 5.09387306364805E-0001	-1.14726836011600E-0003
 5.15284585662742E-0001	-1.14602340146737E-0003
 5.21186764647592E-0001	-1.10108020429505E-0003
 5.27100584976048E-0001	-1.01416713005129E-0003
 5.33032271070481E-0001	-8.87565598325163E-0004
 5.38987719983975E-0001	-7.23883166309607E-0004
 5.44972849249872E-0001	-5.25979045744687E-0004
 5.50994028108735E-0001	-2.97163049869644E-0004
 5.57058430922889E-0001	-4.17578445434368E-0005
 5.63174075676295E-0001	 2.33971275876902E-0004
 5.69349270461815E-0001	 5.20654220943396E-0004
 5.75591217522765E-0001	 8.04751695412042E-0004
 5.81903686386228E-0001	 1.06816202394089E-0003
 5.88284082741682E-0001	 1.28926693662804E-0003
 5.94720942557536E-0001	 1.44602741358424E-0003
 6.01193487845232E-0001	 1.52083582735271E-0003
 6.07674484695625E-0001	 1.50533840628796E-0003
 6.14135789895366E-0001	 1.40267993968807E-0003
 6.20554010721216E-0001	 1.22591274857863E-0003
 6.26913722669228E-0001	 9.93767180896527E-0004
 6.33207620075367E-0001	 7.26206340484366E-0004
 6.39434724886813E-0001	 4.41436404231197E-0004
 6.45598123585562E-0001	 1.54649062819307E-0004
 6.51703125238596E-0001	-1.22042972783331E-0004
 6.57756089036187E-0001	-3.79127791492820E-0004
 6.63763816273069E-0001	-6.09112732208614E-0004
 6.69733305263138E-0001	-8.06045102661066E-0004
 6.75671696298139E-0001	-9.65190928457524E-0004
 6.81586292809432E-0001	-1.08285911240276E-0003
 6.87484592615764E-0001	-1.15633815055018E-0003
 6.93374291342881E-0001	-1.18391078987369E-0003
 6.99263235755247E-0001	-1.16491172947390E-0003
 7.05159318669128E-0001	-1.09979010039132E-0003
 7.11070326924875E-0001	-9.90136965781870E-0004
 7.17003779401846E-0001	-8.38648132793830E-0004
 7.22966813789564E-0001	-6.49022172878023E-0004
 7.28966182222420E-0001	-4.25842488701912E-0004
 7.35008379492386E-0001	-1.74546875714231E-0004
 7.41099845233782E-0001	 9.83799277456995E-0005
 7.47247065351447E-0001	 3.84881867685106E-0004
 7.53456285447577E-0001	 6.74482771539041E-0004
 7.59732502024462E-0001	 9.53339891964483E-0004
 7.66077508154089E-0001	 1.20373015358433E-0003
 7.72487164447014E-0001	 1.40478108735412E-0003
 7.78948804505276E-0001	 1.53522042598469E-0003
 7.85440449338046E-0001	 1.57811348968907E-0003
 7.91933370423422E-0001	 1.52597527595246E-0003
 7.98397767887998E-0001	 1.38351564605754E-0003
 8.04809013952521E-0001	 1.16627406799997E-0003
 8.11151481811008E-0001	 8.96072826407225E-0004
 8.17418919881624E-0001	 5.95923139532585E-0004
 8.23612449958716E-0001	 2.86440781825367E-0004
 8.29737863565739E-0001	-1.57423702154542E-0005
 8.35803313357032E-0001	-2.98106437412166E-0004
 8.41817756533997E-0001	-5.51641127789264E-0004
 8.47790082621792E-0001	-7.70031479285140E-0004
 8.53728729488858E-0001	-9.48897063051094E-0004
 8.59641607837720E-0001	-1.08518539857429E-0003
 8.65536206608887E-0001	-1.17674373875467E-0003
 8.71419792673521E-0001	-1.22206769158046E-0003
 8.77299638553264E-0001	-1.22021759035278E-0003
 8.83183219104723E-0001	-1.17088501225311E-0003
 8.89078324266209E-0001	-1.07457617529871E-0003
 8.94993050094380E-0001	-9.32859917648949E-0004
 9.00935657968184E-0001	-7.48615230364563E-0004
 9.06914327542383E-0001	-5.26217232172857E-0004
 9.12936861313621E-0001	-2.71627776500079E-0004
 9.19010410442250E-0001	 7.59266767075717E-0006
 9.25141262143495E-0001	 3.02274173901426E-0004
 9.31334642983007E-0001	 6.01510928972109E-0004
 9.37594359966570E-0001	 8.92340026476294E-0004
 9.43921985317204E-0001	 1.15931626773570E-0003
 9.50315321413293E-0001	 1.38438385739511E-0003
 9.56766226545792E-0001	 1.54777266453204E-0003
 9.63258602110647E-0001	 1.63065375394748E-0003
 9.69768090154960E-0001	 1.61952613602493E-0003
 9.76264889949786E-0001	 1.51079931202179E-0003
 9.82719398896392E-0001	 1.31299519335582E-0003
 9.89108201932609E-0001	 1.04498944061439E-0003
 9.95417578872770E-0001	 7.31273114424348E-0004
 1.00164359834534E+0000	 3.96816258000405E-0004
 1.00778990868115E+0000	 6.35138673462292E-0005
 1.01386488710662E+0000	-2.51350361302815E-0004
 1.01987921961746E+0000	-5.35179875247751E-0004
 1.02584424820765E+0000	-7.79413099079251E-0004
 1.03177100622111E+0000	-9.78654818015733E-0004
 1.03766974295936E+0000	-1.12984548472371E-0003
 1.04354976403715E+0000	-1.23155802884603E-0003
 1.04941947562669E+0000	-1.28343961374140E-0003
 1.05528656870902E+0000	-1.28580109065434E-0003
 1.06115829936302E+0000	-1.23936579998368E-0003
 1.06704181628437E+0000	-1.14519734656861E-0003
 1.07294446962391E+0000	-1.00481862970593E-0003
 1.07887402210338E+0000	-8.20508520028684E-0004
 1.08483868761117E+0000	-5.95726016759380E-0004
 1.09084694851521E+0000	-3.35578902532244E-0004
 1.09690714502524E+0000	-4.72383333512635E-0005
 1.10302687585232E+0000	 2.59789596255048E-0004
 1.10921228257519E+0000	 5.73587778192529E-0004
 1.11546728827169E+0000	 8.79945799134017E-0004
 1.12179280380269E+0000	 1.16263255268974E-0003
 1.12818581962972E+0000	 1.40383193289218E-0003
 1.13463827334291E+0000	 1.58493523184594E-0003
 1.14113580693064E+0000	 1.68812466077984E-0003
 1.14765707400425E+0000	 1.69915214269990E-0003
 1.15417475547337E+0000	 1.61102731783073E-0003
 1.16065908573252E+0000	 1.42715439201411E-0003
 1.16708315446225E+0000	 1.16194480472871E-0003
 1.17342772020066E+0000	 8.38120035907109E-0004
 1.17968344943650E+0000	 4.81985542386576E-0004
 1.18585024307478E+0000	 1.18898222050776E-0004
 1.19193482881695E+0000	-2.29622106503386E-0004
 1.19794803641422E+0000	-5.46983042397603E-0004
 1.20390258932737E+0000	-8.21389872932640E-0004
 1.20981162878063E+0000	-1.04514713510534E-0003
 1.21568785692925E+0000	-1.21382530593667E-0003
 1.22154310030289E+0000	-1.32549748413651E-0003
 1.22738812702874E+0000	-1.38010385661877E-0003
 1.23323261629762E+0000	-1.37893446282356E-0003
 1.23908523624857E+0000	-1.32420798629411E-0003
 1.24495382093543E+0000	-1.21874273880692E-0003
 1.25084564228167E+0000	-1.06574623344272E-0003
 1.25676774968447E+0000	-8.68773150337522E-0004
 1.26272730810146E+0000	-6.31901111052299E-0004
 1.26873182438130E+0000	-3.60140581342062E-0004
 1.27478913297463E+0000	-6.00347302092895E-0005
 1.28090702936149E+0000	 2.59665499473348E-0004
 1.28709249380842E+0000	 5.87426926295076E-0004
 1.29335053413285E+0000	 9.08671314647165E-0004
 1.29968278423394E+0000	 1.20602680817794E-0003
 1.30608609876868E+0000	 1.46022570128551E-0003
 1.31255143521069E+0000	 1.65165697538231E-0003
 1.31906328979925E+0000	 1.76246854928108E-0003
 1.32559992722669E+0000	 1.77906291446068E-0003
 1.33213470736306E+0000	 1.69473492592683E-0003
 1.33863880810781E+0000	 1.51186946034906E-0003
 1.34508517966370E+0000	 1.24271515288723E-0003
 1.35145267619605E+0000	 9.07929357575775E-0004
 1.35772883438712E+0000	 5.33126500509381E-0004
 1.36391038930346E+0000	 1.44749931330129E-0004
 1.37000182656957E+0000	-2.33273989763475E-0004
 1.37601301122349E+0000	-5.81395285411471E-0004
 1.38195686263964E+0000	-8.84940577721825E-0004
 1.38784757420078E+0000	-1.13376551369899E-0003
 1.39369946121827E+0000	-1.32155140494451E-0003
 1.39952631231665E+0000	-1.44506165889278E-0003
 1.40534106994880E+0000	-1.50350463765713E-0003
 1.41115569221181E+0000	-1.49803825085140E-0003
 1.41698109860915E+0000	-1.43139315207742E-0003
 1.42282715430376E+0000	-1.30757090291579E-0003
 1.42870269131722E+0000	-1.13158095249813E-0003
 1.43461559287913E+0000	-9.09210078025597E-0004
 1.44057296769674E+0000	-6.46861814435295E-0004
 1.44658140471463E+0000	-3.51543666574841E-0004
 1.45264722878412E+0000	-3.10892661040990E-0005
 1.45877659774252E+0000	 3.05343957013095E-0004
 1.46497523263922E+0000	 6.46569019646310E-0004
 1.47124759603017E+0000	 9.78670936559578E-0004
 1.47759545725240E+0000	 1.28467624532169E-0003
 1.48401602218712E+0000	 1.54502797082587E-0003
 1.49050012808578E+0000	 1.73920921410323E-0003
 1.49703126531238E+0000	 1.84849476450654E-0003
 1.50358612447494E+0000	 1.85924518698117E-0003
 1.51013684548786E+0000	 1.76574465511233E-0003
 1.51665445239047E+0000	 1.57168624604058E-0003
 1.52311257896708E+0000	 1.28993474226074E-0003
 1.52949063576106E+0000	 9.40722346113537E-0004
 1.53577579934511E+0000	 5.48770769681522E-0004
 1.54196351806013E+0000	 1.40053543514029E-0004
 1.54805665261140E+0000	-2.61040013150466E-0004
 1.55406375516602E+0000	-6.33615718128275E-0004
 1.55999711338322E+0000	-9.61147964976057E-0004
 1.56587103092530E+0000	-1.23153467247533E-0003
 1.57170055682235E+0000	-1.43667414690655E-0003
 1.57750067087990E+0000	-1.57186121911721E-0003
 1.58328582896228E+0000	-1.63519594111445E-0003
 1.58906974510434E+0000	-1.62710162209756E-0003
 1.59486529836189E+0000	-1.54998107878111E-0003
 1.60068447688100E+0000	-1.40799677150317E-0003
 1.60653830145589E+0000	-1.20693373288686E-0003
 1.61243670553361E+0000	-9.54090975025253E-0004
 1.61838838726367E+0000	-6.58151773380972E-0004
 1.62440068241734E+0000	-3.29013643408810E-0004
 1.63047951307527E+0000	 2.23846011131531E-0005
 1.63662941954753E+0000	 3.84140669777864E-0004
 1.64285357613649E+0000	 7.43259157138775E-0004
 1.64915356845931E+0000	 1.08529021679764E-0003
 1.65552866439647E+0000	 1.39391661448046E-0003
 1.66197444448524E+0000	 1.65092293359000E-0003
 1.66848102155286E+0000	 1.83713023115003E-0003
 1.67503159413046E+0000	 1.93470604801728E-0003
 1.68160242350785E+0000	 1.93060122064811E-0003
 1.68816499469180E+0000	 1.81994198651909E-0003
 1.69468998530174E+0000	 1.60780165579732E-0003
 1.70115154201393E+0000	 1.30852689648719E-0003
 1.70753032492006E+0000	 9.43151907809659E-0004
 1.71381474725548E+0000	 5.36166296219092E-0004
 1.72000076035671E+0000	 1.12641281395384E-0004
 1.72609080973264E+0000	-3.03891050424277E-0004
 1.73209244449432E+0000	-6.92797198197119E-0004
 1.73801687543284E+0000	-1.03705609318422E-0003
 1.74387766472421E+0000	-1.32346964045106E-0003
 1.74968965504298E+0000	-1.54252487247942E-0003
 1.75546817726055E+0000	-1.68806094624580E-0003
 1.76122851920057E+0000	-1.75687030721169E-0003
 1.76698560320476E+0000	-1.74832628959848E-0003
 1.77275380597891E+0000	-1.66409285990595E-0003
 1.77854685147599E+0000	-1.50794258520828E-0003
 1.78437770890342E+0000	-1.28568441883623E-0003
 1.79025843189988E+0000	-1.00517806412193E-0003
 1.79619988690576E+0000	-6.76383049125820E-0004
 1.80221134815229E+0000	-3.11362521875511E-0004
 1.80829998897132E+0000	 7.58494588598346E-0005
 1.81447036150332E+0000	 4.69577673794765E-0004
 1.82072398661195E+0000	 8.53008501981105E-0004
 1.82705911698865E+0000	 1.20874156944239E-0003
 1.83347058372686E+0000	 1.51925021564852E-0003
 1.83994949935957E+0000	 1.76726801512566E-0003
 1.84648265396260E+0000	 1.93640064150723E-0003
 1.85305180391597E+0000	 2.01243486934443E-0003
 1.85963355592897E+0000	 1.98558095078729E-0003
 1.86620073513889E+0000	 1.85315316264257E-0003
 1.87272552046863E+0000	 1.62141330949747E-0003
 1.87918342027604E+0000	 1.30534324326850E-0003
 1.88555643564089E+0000	 9.26261305454598E-0004
 1.89183432182443E+0000	 5.08451825484798E-0004
 1.89801408720337E+0000	 7.61899403751627E-0005
 1.90409859418507E+0000	-3.48168447180319E-0004
 1.91009504554108E+0000	-7.45108432130329E-0004
 1.91601372497314E+0000	-1.09826115183003E-0003
 1.92186704585589E+0000	-1.39441183608239E-0003
 1.92766884333954E+0000	-1.62338724937450E-0003
 1.93343384068627E+0000	-1.77789892498194E-0003
 1.93917724495654E+0000	-1.85337724692068E-0003
 1.94491444249464E+0000	-1.84782138702046E-0003
 1.95066076714443E+0000	-1.76168816498193E-0003
 1.95643130960300E+0000	-1.59783969891895E-0003
 1.96224072861936E+0000	-1.36156346267908E-0003
 1.96810301441029E+0000	-1.06066760256134E-0003
 1.97403114264736E+0000	-7.05634413235725E-0004
 1.98003655041315E+0000	-3.09778717000117E-0004
 1.98612838080659E+0000	 1.10697193080441E-0004
 1.99231250585027E+0000	 5.36919169846249E-0004
 1.99859046144681E+0000	 9.48009937401367E-0004
 2.00495857324719E+0000	 1.32229893948715E-0003
 2.01140760193452E+0000	 1.63894057258125E-0003
 2.01792307606143E+0000	 1.87958352525057E-0003
 2.02448616826149E+0000	 2.02972131914565E-0003
 2.03107477552063E+0000	 2.07962266542397E-0003
 2.03766460801430E+0000	 2.02505111386229E-0003
 2.04423045804707E+0000	 1.86798584123927E-0003
 2.05074799842921E+0000	 1.61716421938477E-0003
 2.05719611904444E+0000	 1.28785462518713E-0003
 2.06355916501304E+0000	 9.00394525188657E-0004
 2.06982819078137E+0000	 4.77742672457023E-0004
 2.07600083932388E+0000	 4.29099427819436E-0005
 2.08208019685640E+0000	-3.82929239734815E-0004
 2.08807330699311E+0000	-7.81381730104908E-0004
 2.09398987238282E+0000	-1.13704225396987E-0003
 2.09984134794190E+0000	-1.43731932311042E-0003
 2.10564039613636E+0000	-1.67216448714784E-0003
 2.11140058602972E+0000	-1.83385512464605E-0003
 2.11713622177606E+0000	-1.91687979510153E-0003
 2.12286222159318E+0000	-1.91792554581165E-0003
 2.12859399942183E+0000	-1.83595337689366E-0003
 2.13434731689855E+0000	-1.67235082401317E-0003
 2.14013807422196E+0000	-1.43115484929880E-0003
 2.14598200001205E+0000	-1.11933630052144E-0003
 2.15189418692451E+0000	-7.47124793322889E-0004
 2.15788840624905E+0000	-3.28324900754928E-0004
 2.16397613095197E+0000	 1.19476705859884E-0004
 2.17016522686365E+0000	 5.74992730978597E-0004
 2.17645837860231E+0000	 1.01387251923171E-0003
 2.18285153463339E+0000	 1.41018025107712E-0003
 2.18933292723493E+0000	 1.73881258958226E-0003
 2.19588332101254E+0000	 1.97849936553608E-0003
 2.20247779839999E+0000	 2.11453054339582E-0003
 2.20908866786550E+0000	 2.14027493267132E-0003
 2.21568851642581E+0000	 2.05711336670209E-0003
 2.22225251346856E+0000	 1.87319771359251E-0003
 2.22875970001720E+0000	 1.60183513897141E-0003
 2.23519359879800E+0000	 1.26005792542785E-0003
 2.24154259029807E+0000	 8.67409176157051E-0004
 2.24780016443962E+0000	 4.44694372361830E-0004
 2.25396484358438E+0000	 1.26149984429299E-0005
 2.26003961703002E+0000	-4.09495760758137E-0004
 2.26603099780962E+0000	-8.04543204417727E-0004
 2.27194799114520E+0000	-1.15803326213198E-0003
 2.27780123427939E+0000	-1.45802523481958E-0003
 2.28360242725954E+0000	-1.69487216733458E-0003
 2.28936404582391E+0000	-1.86093107812959E-0003
 2.29509925977447E+0000	-1.95036103861270E-0003
 2.30082196471956E+0000	-1.95906421861686E-0003
 2.30654684608705E+0000	-1.88478402198915E-0003
 2.31228941002653E+0000	-1.72735548895607E-0003
 2.31806592343651E+0000	-1.48909727281623E-0003
 2.32389320016990E+0000	-1.17532993857151E-0003
 2.32978815426476E+0000	-7.94990105685275E-0004
 2.33576702177841E+0000	-3.61272725477302E-0004
 2.34184414658512E+0000	 1.07834980172810E-0004
 2.34803026100505E+0000	 5.89367665361217E-0004
 2.35433031469157E+0000	 1.05590371173034E-0003
 2.36074116601021E+0000	 1.47722034937382E-0003
 2.36724984133996E+0000	 1.82336180220171E-0003
 2.37383338126121E+0000	 2.06885757631354E-0003
 2.38046107503273E+0000	 2.19696814977080E-0003
 2.38709886039617E+0000	 2.20229681485892E-0003
 2.39371440335229E+0000	 2.09064106987396E-0003
 2.40028098833694E+0000	 1.87637110894817E-0003
 2.40677919111347E+0000	 1.57876624678456E-0003
 2.41319657079545E+0000	 1.21881622766234E-0003
 2.41952636902341E+0000	 8.17242237023362E-0004
 2.42576616912932E+0000	 3.93636953399490E-0004
 2.43191696151136E+0000	-3.38071941767715E-0005
 2.43798257199553E+0000	-4.48444316881367E-0004
 2.44396922363637E+0000	-8.35363111613514E-0004
 2.44988508195440E+0000	-1.18156225720124E-0003
 2.45573978251359E+0000	-1.47601653823437E-0003
 2.46154401937497E+0000	-1.70960423401192E-0003
 2.46730926751161E+0000	-1.87494114632178E-0003
 2.47304766717446E+0000	-1.96620204692246E-0003
 2.47877205374490E+0000	-1.97900943931384E-0003
 2.48449608787350E+0000	-1.91045189561794E-0003
 2.49023442540115E+0000	-1.75927518766534E-0003
 2.49600285576725E+0000	-1.52627533721420E-0003
 2.50181832151924E+0000	-1.21491178630322E-0003
 2.50769870249665E+0000	-8.32141598870661E-0004
 2.51366220510158E+0000	-3.89433790072636E-0004
 2.51972615399129E+0000	 9.61695634052345E-0005
 2.52590498479722E+0000	 6.01246382983553E-0004
 2.53220736924348E+0000	 1.09597726958839E-0003
 2.53863277965205E+0000	 1.54565170810957E-0003
 2.54516844711744E+0000	 1.91433522840755E-0003
 2.55178831182910E+0000	 2.17060060402084E-0003
 2.55845548796475E+0000	 2.29383594414389E-0003
 2.56512831172287E+0000	 2.27848656554653E-0003
 2.57176783099694E+0000	 2.13410715617495E-0003
 2.57834362328735E+0000	 1.88140283735152E-0003
 2.58483611396822E+0000	 1.54652761557124E-0003
 2.59123571024446E+0000	 1.15609812407429E-0003
 2.59754026325613E+0000	 7.34163007124134E-0004
 2.60375232868248E+0000	 3.01109763273935E-0004
 2.60987707581082E+0000	-1.26154094968133E-0004
 2.61592106710086E+0000	-5.33493087155629E-0004
 2.62189173432522E+0000	-9.08836235440292E-0004
 2.62779724365284E+0000	-1.24170099487832E-0003
 2.63364649384058E+0000	-1.52295538414362E-0003
 2.63944911593887E+0000	-1.74472531510841E-0003
 2.64521545070817E+0000	-1.90035488412372E-0003
 2.65095653531701E+0000	-1.98437425434770E-0003
 2.65668413993550E+0000	-1.99247934451574E-0003
 2.66241087837238E+0000	-1.92156158431017E-0003
 2.66815039116687E+0000	-1.76984431282488E-0003
 2.67391757057047E+0000	-1.53719108593683E-0003
 2.67972876208724E+0000	-1.22565465369008E-0003
 2.68560182839684E+0000	-8.40331634371144E-0004
 2.69155588810927E+0000	-3.90562944139032E-0004
 2.69761044066774E+0000	 1.08560324402475E-0004
 2.70378348933606E+0000	 6.34621186859124E-0004
 2.71008828865707E+0000	 1.15683864523813E-0003
 2.71652871026773E+0000	 1.63667930712361E-0003
 2.72309420499745E+0000	 2.03150197384917E-0003
 2.72975675443280E+0000	 2.30187203671705E-0003
 2.73647279879163E+0000	 2.42089451110041E-0003
 2.74319117792725E+0000	 2.38133416817949E-0003
 2.74986409311085E+0000	 2.19642912802615E-0003
 2.75645577993795E+0000	 1.89417600226494E-0003
 2.76294563498720E+0000	 1.50885537878824E-0003
 2.76932647075723E+0000	 1.07392355774285E-0003
 2.77560054355278E+0000	 6.18025680851655E-0004
 2.78177554929338E+0000	 1.63772056199209E-0004
 2.78786159803163E+0000	-2.71803536207248E-0004
 2.79386934730554E+0000	-6.76055111168437E-0004
 2.79980910404618E+0000	-1.03942028437004E-0003
 2.80569059631785E+0000	-1.35432772954387E-0003
 2.81152312555754E+0000	-1.61444020080947E-0003
 2.81731587290402E+0000	-1.81422619694943E-0003
 2.82307821719427E+0000	-1.94878494575898E-0003
 2.82882000248074E+0000	-2.01383326225167E-0003
 2.83455175186651E+0000	-2.00578278182603E-0003
 2.84028485554208E+0000	-1.92187338717708E-0003
 2.84603176691545E+0000	-1.76036905320790E-0003
 2.85180622735361E+0000	-1.52085909309835E-0003
 2.85762350971762E+0000	-1.20473968104961E-0003
 2.86350061900617E+0000	-8.15976571313053E-0004
 2.86945630229622E+0000	-3.62261418862800E-0004
 2.87551058243254E+0000	 1.43358658988823E-0004
 2.88168333807109E+0000	 6.80447149086540E-0004
 2.88799128158733E+0000	 1.21919967718522E-0003
 2.89444281633920E+0000	 1.71972503721877E-0003
 2.90103124752090E+0000	 2.13465675568204E-0003
 2.90772903042606E+0000	 2.41703212096742E-0003
 2.91448781279419E+0000	 2.53256985718287E-0003
 2.92124743746840E+0000	 2.47070316019548E-0003
 2.92795072664453E+0000	 2.24726396386163E-0003
 2.93455588505872E+0000	 1.89724977605439E-0003
 2.94104089391045E+0000	 1.46314296459065E-0003
 2.94740077857188E+0000	 9.85296869706250E-0004
 2.95364194986034E+0000	 4.96984269106992E-0004
 2.95977688978352E+0000	 2.32527631013793E-0005
 2.96582038957745E+0000	-4.18199550073833E-0004
 2.97178730407752E+0000	-8.15439346973015E-0004
 2.97769141817897E+0000	-1.16067077220267E-0003
 2.98354504541611E+0000	-1.44883346155269E-0003
 2.98935908379239E+0000	-1.67651203365367E-0003
 2.99514333679682E+0000	-1.84116982381448E-0003
 3.00090696074059E+0000	-1.94068533594463E-0003
 3.00665893896024E+0000	-1.97314833269188E-0003
 3.01240852012216E+0000	-1.93686066227311E-0003
 3.01816559286585E+0000	-1.83048851017357E-0003
 3.02394099713093E+0000	-1.65332930278194E-0003
 3.02974678733892E+0000	-1.40568566100211E-0003
 3.03559645851744E+0000	-1.08937644601371E-0003
 3.04150511646950E+0000	-7.08456345094597E-0004
 3.04748950450118E+0000	-2.70251946813614E-0004
 3.05356767139945E+0000	 2.13170590378917E-0004
 3.05975786044607E+0000	 7.23077550415553E-0004
 3.06607595355894E+0000	 1.23196469261177E-0003
 3.07253074657863E+0000	 1.70228724989933E-0003
 3.07911706689663E+0000	 2.08811455097969E-0003
 3.08580899376256E+0000	 2.34224553733267E-0003
 3.09255835692944E+0000	 2.42891851218915E-0003
 3.09930312934220E+0000	 2.33658919955919E-0003
 3.10598336183147E+0000	 2.08216803229173E-0003
 3.11255540645916E+0000	 1.70376396982797E-0003
 3.11899727960367E+0000	 1.24779126057142E-0003
 3.12530577664218E+0000	 7.58150857129119E-0004
 3.13149015836992E+0000	 2.70687781536147E-0004
 3.13756624567284E+0000	-1.88022098153241E-0004
 3.14355232210413E+0000	-5.99654431902385E-0004
 3.14946674817612E+0000	-9.52423203645327E-0004
 3.15532675297406E+0000	-1.23941065546195E-0003
 3.16114792840062E+0000	-1.45717721111962E-0003
 3.16694412303722E+0000	-1.60467005772778E-0003
 3.17272757134773E+0000	-1.68238873245883E-0003
 3.17850917456448E+0000	-1.69177062717974E-0003
 3.18429888456791E+0000	-1.63478003860985E-0003
 3.19010614998551E+0000	-1.51370023541908E-0003
 3.19594038057083E+0000	-1.33113324419711E-0003
 3.20181138228910E+0000	-1.09020979521043E-0003
 3.20772971474559E+0000	-7.95009601393228E-0004
 3.21370691976589E+0000	-4.51196978583399E-0004
 3.21975555250869E+0000	-6.68906073011864E-0005
 3.22588889515826E+0000	 3.46200212613071E-0004
 3.23212012460716E+0000	 7.71359136161674E-0004
 3.23846053009195E+0000	 1.18528277922755E-0003
 3.24491621170753E+0000	 1.55684645328286E-0003
 3.25148287155274E+0000	 1.84752249260807E-0003
 3.25813954712161E+0000	 2.01565222068447E-0003
 3.26484479190271E+0000	 2.02621771264919E-0003
 3.27154064817884E+0000	 1.86369890200484E-0003
 3.27816599293479E+0000	 1.54020056645243E-0003
 3.28467240336587E+0000	 1.09224934208862E-0003
 3.29103303744075E+0000	 5.68793558164064E-0004
 3.29724195473982E+0000	 1.88189712791119E-0005
 3.30330813845363E+0000	-5.16013487554868E-0004
 3.30924903249883E+0000	-1.00362624772983E-0003
 3.31508581506045E+0000	-1.42084411604549E-0003
 3.32084062157910E+0000	-1.75166030935649E-0003
 3.32653519851526E+0000	-1.98545889331997E-0003
 3.33219042996280E+0000	-2.11557304706957E-0003
 3.33782634091395E+0000	-2.13824894518174E-0003
 3.34346234154422E+0000	-2.05197168152274E-0003
 3.34911758930839E+0000	-1.85708886143115E-0003
 3.35481141479680E+0000	-1.55568467493403E-0003
 3.36056379673461E+0000	-1.15169113282941E-0003
 3.36639588950670E+0000	-6.51270647717904E-0004
 3.37233060071660E+0000	-6.35722468592441E-0005
 3.37839316597444E+0000	 5.97935647068252E-0004
 3.38461151834281E+0000	 1.31321272900705E-0003
 3.39101587976580E+0000	 2.05198536437825E-0003
 3.39763619185348E+0000	 2.76823118478995E-0003
 3.40449454897184E+0000	 3.39329597085337E-0003
 3.41158842308260E+0000	 3.83166328074215E-0003
 3.41886377233825E+0000	 3.97108258570513E-0003
 3.42619446841302E+0000	 3.72265707217124E-0003
 3.43340608515275E+0000	 3.07964562158628E-0003
 3.44035020267129E+0000	 2.13557495033963E-0003
 3.44696095559001E+0000	 1.03236733753595E-0003
 3.45324713665808E+0000	-1.03121284176735E-0004
 3.45925421604023E+0000	-1.18404806634134E-0003
 3.46503584473280E+0000	-2.15896046545625E-0003
 3.47064141984998E+0000	-2.99975763665067E-0003
 3.47611292774854E+0000	-3.69195053594045E-0003
 3.48148542829752E+0000	-4.22852660426484E-0003
 3.48678854744848E+0000	-4.60642824487354E-0003
 3.49204803560246E+0000	-4.82461362560168E-0003
 3.49728714239091E+0000	-4.88302940504666E-0003
 3.50252779860954E+0000	-4.78212004582758E-0003
 3.50779166470428E+0000	-4.52268513170484E-0003
 3.51310111536374E+0000	-4.10601206042127E-0003
 3.51848021994487E+0000	-3.53429328476612E-0003
 3.52395575581735E+0000	-2.81141113828624E-0003
 3.52955824568328E+0000	-1.94425808707316E-0003
 3.53532291059648E+0000	-9.44868160661214E-0004
 3.54129021645614E+0000	 1.66237697501520E-0004
 3.54750524986414E+0000	 1.35499836150678E-0003
 3.55401430589058E+0000	 2.56670714088689E-0003
 3.56085562184239E+0000	 3.71753713923586E-0003
 3.56803966791368E+0000	 4.68896950267759E-0003
 3.57551719410098E+0000	 5.33786998870795E-0003
 3.58315208437817E+0000	 5.54141438566770E-0003
 3.59074426149640E+0000	 5.26735698248880E-0003
 3.59811406478165E+0000	 4.60017881243447E-0003
 3.60516949337865E+0000	 3.68599676388333E-0003
 3.61190175407476E+0000	 2.66205287820798E-0003
 3.61834645685127E+0000	 1.62662382362100E-0003
 3.62455281800993E+0000	 6.40747539734406E-0004
 3.63056878286889E+0000	-2.60756672029357E-0004
 3.63643606212928E+0000	-1.05942210095205E-0003
 3.64218954386048E+0000	-1.74647986949577E-0003
 3.64785820481428E+0000	-2.31883567738496E-0003
 3.65346631660669E+0000	-2.77676969370703E-0003
 3.65903451774344E+0000	-3.12267285963523E-0003
 3.66458063718511E+0000	-3.36037915453496E-0003
 3.67012027004870E+0000	-3.49482520256407E-0003
 3.67566714235572E+0000	-3.53187313817586E-0003
 3.68123331134068E+0000	-3.47819278974732E-0003
 3.68682925196387E+0000	-3.34113442504302E-0003
 3.69246388626763E+0000	-3.12854793107616E-0003
 3.69814461995167E+0000	-2.84852856955182E-0003
 3.70387745515676E+0000	-2.50909920946493E-0003
 3.70966724272017E+0000	-2.11787474162244E-0003
 3.71551811474312E+0000	-1.68179122073918E-0003
 3.72143409676179E+0000	-1.20701132017050E-0003
 3.72741984086184E+0000	-6.99129512746417E-0004
 3.73348135326598E+0000	-1.63788095403535E-0004
 3.73962651898436E+0000	 3.92224477331430E-0004
 3.74586515381239E+0000	 9.59391888142412E-0004
 3.75220823733794E+0000	 1.52352235982383E-0003
 3.75866591600613E+0000	 2.06376944411070E-0003
 3.76524391129755E+0000	 2.55134179261563E-0003
 3.77193837534219E+0000	 2.95015986881950E-0003
 3.77873033289937E+0000	 3.22104309587286E-0003
 3.78558254474931E+0000	 3.33021559611169E-0003
 3.79244253301113E+0000	 3.26014045290941E-0003
 3.79925313684102E+0000	 3.01715260436736E-0003
 3.80596629435871E+0000	 2.63039117976172E-0003
 3.81255241971542E+0000	 2.14238374275558E-0003
 3.81900149982843E+0000	 1.59753395751116E-0003
 3.82531832231257E+0000	 1.03424073199349E-0003
 3.83151631672462E+0000	 4.81875575662383E-0004
 3.83761265501347E+0000	-3.90529206501908E-0005
 3.84362512846094E+0000	-5.15419996259497E-0004
 3.84957039252851E+0000	-9.39753120850462E-0004
 3.85546307759430E+0000	-1.30864579743969E-0003
 3.86131542651824E+0000	-1.62140110814689E-0003
 3.86713727499657E+0000	-1.87889527495202E-0003
 3.87293627930164E+0000	-2.08264813454991E-0003
 3.87871832906266E+0000	-2.23410503296676E-0003
 3.88448808460709E+0000	-2.33414295861024E-0003
 3.89024957225560E+0000	-2.38280493151162E-0003
 3.89600677295466E+0000	-2.37924709342301E-0003
 3.90176415441941E+0000	-2.32186517805201E-0003
 3.90752711864255E+0000	-2.20856065141933E-0003
 3.91330235562541E+0000	-2.03711302940230E-0003
 3.91909810446620E+0000	-1.80563872424502E-0003
 3.92492432348812E+0000	-1.51313295809864E-0003
 3.93079276218206E+0000	-1.16010730762655E-0003
 3.93671690717641E+0000	-7.49349699603163E-0004
 3.94271173701101E+0000	-2.86841308490417E-0004
 3.94879315991674E+0000	 2.17146463976475E-0004
 3.95497692213969E+0000	 7.46807583224255E-0004
 3.96127667632000E+0000	 1.27959177635956E-0003
 3.96770086689301E+0000	 1.78553045053947E-0003
 3.97424834980188E+0000	 2.22811980359652E-0003
 3.98090361501076E+0000	 2.56822726435609E-0003
 3.98763419299629E+0000	 2.77187061603035E-0003
 3.99439378855256E+0000	 2.81994086470970E-0003
 4.00113207714513E+0000	 2.71452924754508E-0003
 4.00780661995407E+0000	 2.47728460620525E-0003
 4.01439031882647E+0000	 2.14107159676801E-0003
 4.02087197595237E+0000	 1.74049512283128E-0003
 4.02725231999206E+0000	 1.30553178146533E-0003
 4.03353890799077E+0000	 8.59028273325425E-0004
 4.03974192302340E+0000	 4.16895229089794E-0004
 4.04587146399777E+0000	-1.03846741258932E-0005
 4.05193620408359E+0000	-4.15896508852327E-0004
 4.05794306194994E+0000	-7.94622177565278E-0004
 4.06389750330701E+0000	-1.14220962540323E-0003
 4.06980413803990E+0000	-1.45424118378371E-0003
 4.07566736275412E+0000	-1.72593571798615E-0003
 4.08149190115956E+0000	-1.95215689646554E-0003
 4.08728318905680E+0000	-2.12759507136162E-0003
 4.09304761365510E+0000	-2.24702304271626E-0003
 4.09879264369214E+0000	-2.30556893475354E-0003
 4.10452688880384E+0000	-2.29898392324609E-0003
 4.11026011830354E+0000	-2.22390454550432E-0003
 4.11600325897122E+0000	-2.07812311265971E-0003
 4.12176837969658E+0000	-1.86089007384157E-0003
 4.12756865567894E+0000	-1.57328103721915E-0003
 4.13341828301984E+0000	-1.21866809530906E-0003
 4.13933228099837E+0000	-8.03336974632781E-0004
 4.14532606717386E+0000	-3.37278684136306E-0004
 4.15141461554229E+0000	 1.64867353524831E-0004
 4.15761092780965E+0000	 6.82879293437408E-0004
 4.16392354672158E+0000	 1.19047009810655E-0003
 4.17035312292554E+0000	 1.65610251588451E-0003
 4.17688885962817E+0000	 2.04615850592440E-0003
 4.18350681691528E+0000	 2.33081299650093E-0003
 4.19017233245588E+0000	 2.49094860339583E-0003
 4.19684679236192E+0000	 2.52256664961772E-0003
 4.20349574272249E+0000	 2.43599971692034E-0003
 4.21009430876577E+0000	 2.25068256990969E-0003
 4.21662816817388E+0000	 1.98878897851819E-0003
 4.22309120204829E+0000	 1.67063923299431E-0003
 4.22948204887396E+0000	 1.31282362039835E-0003
 4.23580125826773E+0000	 9.28445439049619E-0004
 4.24204972557758E+0000	 5.28360003685704E-0004
 4.24822830241990E+0000	 1.22458066733038E-0004
 4.25433810643884E+0000	-2.79514791175502E-0004
 4.26038103585005E+0000	-6.67687978376050E-0004
 4.26636017720432E+0000	-1.03218143592577E-0003
 4.27228000644807E+0000	-1.36339144778469E-0003
 4.27814641430964E+0000	-1.65229643054747E-0003
 4.28396662466332E+0000	-1.89071653670639E-0003
 4.28974906269734E+0000	-2.07151351815424E-0003
 4.29550320983496E+0000	-2.18873856088299E-0003
 4.30123946933101E+0000	-2.23774366764911E-0003
 4.30696905773477E+0000	-2.21527826171703E-0003
 4.31270392770395E+0000	-2.11959906465166E-0003
 4.31845671467856E+0000	-1.95062634143527E-0003
 4.32424068285905E+0000	-1.71018190533400E-0003
 4.33006962289466E+0000	-1.40234208179425E-0003
 4.33595762151549E+0000	-1.03392677915651E-0003
 4.34191858138480E+0000	-6.15110835130310E-0004
 4.34796532997905E+0000	-1.60063356991505E-0004
 4.35410816297974E+0000	 3.12626956130685E-0004
 4.36035280894317E+0000	 7.80178057312821E-0004
 4.36669816942428E+0000	 1.21703829481668E-0003
 4.37313471444049E+0000	 1.59780204415605E-0003
 4.37964467834418E+0000	 1.90111892099873E-0003
 4.38620463225730E+0000	 2.11314089221992E-0003
 4.39278965813482E+0000	 2.22886911741015E-0003
 4.39937727338758E+0000	 2.25084487196484E-0003
 4.40594947824295E+0000	 2.18618027867696E-0003
 4.41249259499624E+0000	 2.04366063739185E-0003
 4.41899581286652E+0000	 1.83216520219937E-0003
 4.42544973182600E+0000	 1.56057133860916E-0003
 4.43184573535730E+0000	 1.23846823446128E-0003
 4.43817625664453E+0000	 8.76826653710926E-0004
 4.44443548523952E+0000	 4.88133684627435E-0004
 4.45062000915490E+0000	 8.59900134498440E-0005
 4.45672913672278E+0000	-3.15567540228020E-0004
 4.46276489508575E+0000	-7.02765107430761E-0004
 4.46873180710672E+0000	-1.06268183347959E-0003
 4.47463654425997E+0000	-1.38369226083351E-0003
 4.48048752639168E+0000	-1.65575892229336E-0003
 4.48629452479626E+0000	-1.87058859285810E-0003
 4.49206831440844E+0000	-2.02168197235860E-0003
 4.49782040340157E+0000	-2.10432138784176E-0003
 4.50356284547874E+0000	-2.11554715176241E-0003
 4.50930811775396E+0000	-2.05416937538291E-0003
 4.51506902848273E+0000	-1.92085158586175E-0003
 4.52085860303412E+0000	-1.71828787953494E-0003
 4.52668988114021E+0000	-1.45147491241994E-0003
 4.53257554465523E+0000	-1.12804729159533E-0003
 4.53852729317360E+0000	-7.58591510158931E-0004
 4.54455491942807E+0000	-3.56779485998516E-0004
 4.55066513994707E+0000	 6.09043217345141E-0005
 4.55686041713912E+0000	 4.76057858438379E-0004
 4.56313819521838E+0000	 8.69919804486288E-0004
 4.56949099657812E+0000	 1.22529130972350E-0003
 4.57590753991572E+0000	 1.52819462115436E-0003
 4.58237452387484E+0000	 1.76862342373181E-0003
 4.58887831027875E+0000	 1.94015744507573E-0003
 4.59540577927795E+0000	 2.03884416738100E-0003
 4.60194414453499E+0000	 2.06216043307860E-0003
 4.60848017733703E+0000	 2.00875136892965E-0003
 4.61499963315787E+0000	 1.87907176565926E-0003
 4.62148746433753E+0000	 1.67644186422346E-0003
 4.62792883383057E+0000	 1.40782011426578E-0003
 4.63431048596490E+0000	 1.08387524370017E-0003
 4.64062197587601E+0000	 7.18379651556848E-0004
 4.64685648621846E+0000	 3.27186298091660E-0004
 4.65301117476934E+0000	-7.29494525314024E-0005
 4.65908708993621E+0000	-4.65511295678134E-0004
 4.66508873623178E+0000	-8.35178324373725E-0004
 4.67102342075437E+0000	-1.16849528030981E-0003
 4.67690053680851E+0000	-1.45423361654599E-0003
 4.68273091471309E+0000	-1.68349862809242E-0003
 4.68852630930953E+0000	-1.84968005197882E-0003
 4.69429903271533E+0000	-1.94834370768645E-0003
 4.70006169969756E+0000	-1.97713676082415E-0003
 4.70582703336811E+0000	-1.93574739673490E-0003
 4.71160767334368E+0000	-1.82593049704024E-0003
 4.71741593004958E+0000	-1.65158459330566E-0003
 4.72326343655720E+0000	-1.41883757405501E-0003
 4.72916067028525E+0000	-1.13606733908955E-0003
 4.73511636230531E+0000	-8.13757440208673E-0004
 4.74113688502097E+0000	-4.64090726764710E-0004
 4.74722578665937E+0000	-1.00246525194118E-0004
 4.75338366758165E+0000	 2.64504336706930E-0004
 4.75960851029017E+0000	 6.17668115611264E-0004
 4.76589638237606E+0000	 9.48062065992549E-0004
 4.77224222064617E+0000	 1.24581778449734E-0003
 4.77864030798531E+0000	 1.50190446942536E-0003
 4.78508415849279E+0000	 1.70749831327625E-0003
 4.79156581785493E+0000	 1.85367441661216E-0003
 4.79807493582524E+0000	 1.93179863609660E-0003
 4.80459816223948E+0000	 1.93465281150653E-0003
 4.81111929881853E+0000	 1.85793414099643E-0003
 4.81762028205445E+0000	 1.70159777071942E-0003
 4.82408275232306E+0000	 1.47063771693827E-0003
 4.83048985760386E+0000	 1.17513499005440E-0003
 4.83682795836425E+0000	 8.29558426318529E-0004
 4.84308791062653E+0000	 4.51421879101800E-0004
 4.84926566070349E+0000	 5.95688034556111E-0005
 4.85536208202032E+0000	-3.27516828590070E-0004
 4.86138223536993E+0000	-6.93026003271250E-0004
 4.86733436590166E+0000	-1.02262143332502E-0003
 4.87322891281640E+0000	-1.30477100807689E-0003
 4.87907768328770E+0000	-1.53077196133368E-0003
 4.88489322533327E+0000	-1.69462084337361E-0003
 4.89068836556399E+0000	-1.79283808878041E-0003
 4.89647585285588E+0000	-1.82430344020919E-0003
 4.90226804976012E+0000	-1.79011689412796E-0003
 4.90807662609566E+0000	-1.69346999560984E-0003
 4.91391222953627E+0000	-1.53949050820533E-0003
 4.91978413832124E+0000	-1.33501060463395E-0003
 4.92569994154912E+0000	-1.08821385187151E-0003
 4.93166533111150E+0000	-8.08151687574729E-0004
 4.93768409999758E+0000	-5.04186905536259E-0004
 4.94375839772836E+0000	-1.85494981500461E-0004
 4.94988919493975E+0000	 1.39213058012880E-0004
 4.95607679658064E+0000	 4.61627679406585E-0004
 4.96232117698392E+0000	 7.73437831794691E-0004
 4.96862193023481E+0000	 1.06573512354937E-0003
 4.97497774043748E+0000	 1.32849134696854E-0003
 4.98138545372243E+0000	 1.55041251017764E-0003
 4.98783901592675E+0000	 1.71938750343342E-0003
 4.99432863303671E+0000	 1.82355724772638E-0003
 5.00084045944238E+0000	 1.85282993916038E-0003
 5.00735698260680E+0000	 1.80056512555867E-0003
 5.01385816433839E+0000	 1.66512419614288E-0003
 5.02032330577568E+0000	 1.45093232681889E-0003
 5.02673339436054E+0000	 1.16864810452222E-0003
 5.03307338933137E+0000	 8.34197637388090E-0004
 5.03933379236703E+0000	 4.66857438046208E-0004
 5.04551112894230E+0000	 8.69698093676168E-0005
 5.05160743607017E+0000	-2.86076413661293E-0004
 5.05762915970995E+0000	-6.35239538668509E-0004
 5.06358588522473E+0000	-9.46558640122670E-0004
 5.06948917520294E+0000	-1.20938250528331E-0003
 5.07535162416854E+0000	-1.41628940924880E-0003
 5.08118613201734E+0000	-1.56285174644263E-0003
 5.08700535103111E+0000	-1.64733784766470E-0003
 5.09282125383155E+0000	-1.67039087249826E-0003
 5.09864478294296E+0000	-1.63468850417416E-0003
 5.10448556721514E+0000	-1.54456729208559E-0003
 5.11035172076746E+0000	-1.40559411579154E-0003
 5.11624976690164E+0000	-1.22408857406916E-0003
 5.12218473610334E+0000	-1.00664204655034E-0003
 5.12816045815236E+0000	-7.59724534341184E-0004
 5.13418000469284E+0000	-4.89489481593329E-0004
 5.14024616688734E+0000	-2.01856767722749E-0004
 5.14636181047777E+0000	 9.71203603823827E-0005
 5.15252995904069E+0000	 4.00687529523498E-0004
 5.15875351067356E+0000	 7.00775964717271E-0004
 5.16503457757785E+0000	 9.87537213628125E-0004
 5.17137353509374E+0000	 1.24921292907993E-0003
 5.17776795026204E+0000	 1.47246992471182E-0003
 5.18421159800564E+0000	 1.64324385515923E-0003
 5.19069376916445E+0000	 1.74806447285690E-0003
 5.19719908526993E+0000	 1.77578963404657E-0003
 5.20370808193793E+0000	 1.71957269935162E-0003
 5.21019878532888E+0000	 1.57865959180053E-0003
 5.21664921221169E+0000	 1.35939123854878E-0003
 5.22304023799171E+0000	 1.07487648140970E-0003
 5.22935797842843E+0000	 7.43301920618190E-0004
 5.23559502330473E+0000	 3.85428179999302E-0004
 5.24175039383790E+0000	 2.20547413539390E-0005
 5.24782856022611E+0000	-3.27958830173330E-0004
 5.25383801803752E+0000	-6.48897590784194E-0004
 5.25978983267276E+0000	-9.28696803682305E-0004
 5.26569638001610E+0000	-1.15895108436220E-0003
 5.27157035637548E+0000	-1.33462975653441E-0003
 5.27742404232435E+0000	-1.45364352154069E-0003
 5.28326877502163E+0000	-1.51634354017510E-0003
 5.28911459009046E+0000	-1.52498725453163E-0003
 5.29497001787472E+0000	-1.48318344451063E-0003
 5.30084204361794E+0000	-1.39533335882862E-0003
 5.30673625057184E+0000	-1.26611024279938E-0003
 5.31265714640524E+0000	-1.10005069881393E-0003
 5.31860862730451E+0000	-9.01344171677640E-0004
 5.32459448111880E+0000	-6.73883084115243E-0004
 5.33061880022420E+0000	-4.21579007440140E-0004
 5.33668618307651E+0000	-1.48884296967158E-0004
 5.34280164335912E+0000	 1.38590280329702E-0004
 5.34897019788320E+0000	 4.33494282860395E-0004
 5.35519615614927E+0000	 7.26326924981848E-0004
 5.36148218157899E+0000	 1.00531693652327E-0003
 5.36782823163772E+0000	 1.25668581908386E-0003
 5.37423050928647E+0000	 1.46535957443340E-0003
 5.38068059150595E+0000	 1.61617547728408E-0003
 5.38716497256985E+0000	 1.69559042193466E-0003
 5.39366534407150E+0000	 1.69376159703569E-0003
 5.40015990523051E+0000	 1.60661425354002E-0003
 5.40662572612255E+0000	 1.43726901571731E-0003
 5.41304172392846E+0000	 1.19621652327094E-0003
 5.41939144207876E+0000	 9.00019566975763E-0004
 5.42566484098214E+0000	 5.68902056204372E-0004
 5.43185872975238E+0000	 2.23978026185031E-0004
 5.43797600162628E+0000	-1.15137469429258E-0004
 5.44402416526762E+0000	-4.31917048666635E-0004
 5.45001368858474E+0000	-7.13664770416599E-0004
 5.45595650228941E+0000	-9.51601213257118E-0004
 5.46186481193727E+0000	-1.14053226803642E-0003
 5.46775023475080E+0000	-1.27829603260787E-0003
 5.47362322403400E+0000	-1.36510834502280E-0003
 5.47949274286234E+0000	-1.40287252870647E-0003
 5.48536616778728E+0000	-1.39449705194531E-0003
 5.49124941622294E+0000	-1.34327188430717E-0003
 5.49714728101565E+0000	-1.25237394581122E-0003
 5.50306392041827E+0000	-1.12458070709124E-0003
 5.50900340770961E+0000	-9.62250065485794E-0004
 5.51497021826505E+0000	-7.67574410518264E-0004
 5.52096953965770E+0000	-5.43058266874721E-0004
 5.52700732649470E+0000	-2.92127034971042E-0004
 5.53309006553619E+0000	-1.97583829617280E-0005
 5.53922425261542E+0000	 2.66971408638879E-0004
 5.54541561080972E+0000	 5.58529540405393E-0004
 5.55166810741200E+0000	 8.42856776118023E-0004
 5.55798286097304E+0000	 1.10567780766562E-0003
 5.56435707159176E+0000	 1.33126854583229E-0003
 5.57078316154094E+0000	 1.50372254772186E-0003
 5.57724837169099E+0000	 1.60868191555484E-0003
 5.58373508285609E+0000	 1.63536012807317E-0003
 5.59022206278168E+0000	 1.57850800449269E-0003
 5.59668664381649E+0000	 1.43982752527476E-0003
 5.60310752374014E+0000	 1.22831942735895E-0003
 5.60946755079340E+0000	 9.59268389227944E-0004
 5.61575572335543E+0000	 6.52030525161684E-0004
 5.62196788651129E+0000	 3.27259698892012E-0004
 5.62810612990895E+0000	 4.36367326571202E-0006
 5.63417733248711E+0000	-3.00264290663087E-0004
 5.64019141992544E+0000	-5.74103182764320E-0004
 5.64615975275209E+0000	-8.08614637497422E-0004
 5.65209384260081E+0000	-9.98865034824662E-0004
 5.65800443751082E+0000	-1.14287972402974E-0003
 5.66390095122277E+0000	-1.24087486420905E-0003
 5.66979120384370E+0000	-1.29445895574028E-0003
 5.67568145022656E+0000	-1.30587872338546E-0003
 5.68157666800539E+0000	-1.27739033966001E-0003
 5.68748104891238E+0000	-1.21084230788890E-0003
 5.69339859585164E+0000	-1.10753800244366E-0003
 5.69933369912396E+0000	-9.68398541326224E-0004
 5.70529156804600E+0000	-7.94387280266856E-0004
 5.71127842759165E+0000	-5.87111593436221E-0004
 5.71730143351102E+0000	-3.49499225719625E-0004
 5.72336829365349E+0000	-8.64478263084966E-0005
 5.72948660414133E+0000	 1.94650752139918E-0004
 5.73566292931085E+0000	 4.83616363191548E-0004
 5.74190169106936E+0000	 7.67532339162612E-0004
 5.74820399412025E+0000	 1.03125321296678E-0003
 5.75456658618276E+0000	 1.25843082899731E-0003
 5.76098120006068E+0000	 1.43301806773876E-0003
 5.76743450003825E+0000	 1.54107585008289E-0003
 5.77390875042185E+0000	 1.57261301691794E-0003
 5.78038320510249E+0000	 1.52317197453751E-0003
 5.78683613961469E+0000	 1.39487591903487E-0003
 5.79324733231953E+0000	 1.19661606963173E-0003
 5.79960055618964E+0000	 9.43106908846832E-0004
 5.80588542918144E+0000	 6.52856331818638E-0004
 5.81209809289475E+0000	 3.45562409451613E-0004
 5.81824065336640E+0000	 3.96770067957649E-0005
 5.82431977399415E+0000	-2.49308601614153E-0004
 5.83034496425260E+0000	-5.09692897241508E-0004
 5.83632698238505E+0000	-7.33647481571575E-0004
 5.84227656107516E+0000	-9.16799316434804E-0004
 5.84820351375649E+0000	-1.05752842300310E-0003
 5.85411621347181E+0000	-1.15613454247508E-0003
 5.86002142184334E+0000	-1.21398447928785E-0003
 5.86592444015700E+0000	-1.23274093467368E-0003
 5.87182953209957E+0000	-1.21377520702792E-0003
 5.87774052750635E+0000	-1.15785398327636E-0003
 5.88366147867704E+0000	-1.06514976592906E-0003
 5.88959722962802E+0000	-9.35563448883352E-0004
 5.89555378199161E+0000	-7.69291038028588E-0004
 5.90153838439643E+0000	-5.67535272890809E-0004
 5.90755931137226E+0000	-3.33257307773508E-0004
 5.91362532055758E+0000	-7.18658173818973E-0005
 5.91974479154243E+0000	 2.08269029378100E-0004
 5.92592458045448E+0000	 4.95616070711198E-0004
 5.93216869642797E+0000	 7.75759573527491E-0004
 5.93847702034331E+0000	 1.03228280732692E-0003
 5.94484439127578E+0000	 1.24825908057065E-0003
 5.95126037943026E+0000	 1.40813152759439E-0003
 5.95770987598004E+0000	 1.49958253770051E-0003
 5.96417435435641E+0000	 1.51501764254747E-0003
 5.97063352732001E+0000	 1.45250499243893E-0003
 5.97706722546602E+0000	 1.31616734527498E-0003
 5.98345741879185E+0000	 1.11594885429245E-0003
 5.98979015574766E+0000	 8.66578880301274E-0004
 5.99605696049965E+0000	 5.85731419224998E-0004
 6.00225526560353E+0000	 2.91758900032332E-0004
 6.00838781653385E+0000	 1.59480379735587E-0006
 6.01446136420268E+0000	-2.70713607629398E-0004
 6.02048509902702E+0000	-5.14698400745762E-0004
 6.02646918574575E+0000	-7.23498365434120E-0004
 6.03242359067893E+0000	-8.93423402125200E-0004
 6.03835726897411E+0000	-1.02324467832171E-0003
 6.04427772143112E+0000	-1.11335701207515E-0003
 6.05019090963336E+0000	-1.16493392129642E-0003
 6.05610149926068E+0000	-1.17919031173305E-0003
 6.06201336706849E+0000	-1.15686382746985E-0003
 6.06793026311906E+0000	-1.09800184766324E-0003
 6.07385648796812E+0000	-1.00209053995638E-0003
 6.07979744311636E+0000	-8.68499803415637E-0004
 6.08575994162649E+0000	-6.97167216761408E-0004
 6.09175220559512E+0000	-4.89418726593784E-0004
 6.09778350738876E+0000	-2.48816390569016E-0004
 6.10386342730965E+0000	 1.80879449686043E-0005
 6.11000072069661E+0000	 3.01248875384609E-0004
 6.11620185030788E+0000	 5.87082741036809E-0004
 6.12246937856091E+0000	 8.59114781191447E-0004
 6.12880060795096E+0000	 1.09945446676090E-0003
 6.13518697836685E+0000	 1.29095246014778E-0003
 6.14161458245972E+0000	 1.41951664962903E-0003
 6.14806570386011E+0000	 1.47589514969844E-0003
 6.15452082782871E+0000	 1.45651007735737E-0003
 6.16096053876730E+0000	 1.36344690274401E-0003
 6.16736709221141E+0000	 1.20396625714352E-0003
 6.17372575960645E+0000	 9.89728490885407E-0004
 6.18002597892375E+0000	 7.35658036919295E-0004
 6.18626210283527E+0000	 4.58396032784961E-0004
 6.19243348396600E+0000	 1.74543857859877E-0004
 6.19854384762645E+0000	-1.00922848221170E-0004
 6.20460016097931E+0000	-3.55753465197885E-0004
 6.21061131641777E+0000	-5.80924324985988E-0004
 6.21658689654707E+0000	-7.70610403946714E-0004
 6.22253617849629E+0000	-9.21770977686008E-0004
 6.22846744688602E+0000	-1.03349570216035E-0003
 6.23438763748894E+0000	-1.10623663734289E-0003
 6.24030231007371E+0000	-1.14103869638424E-0003
 6.24621592548124E+0000	-1.13887942016681E-0003
 6.25213236657845E+0000	-1.10022519239410E-0003
 6.25805560046152E+0000	-1.02488896520876E-0003
 6.26399034708434E+0000	-9.12229312456659E-0004
 6.26994261235964E+0000	-7.61673350803588E-0004
 6.27591996194883E+0000	-5.73495675640755E-0004
