-2.57701775822191E-0003	-6.77949929109511E-0004
 3.41049328045772E-0003	-1.33456869479544E-0004
 9.51544136812349E-0003	 4.61410608597484E-0004
 1.57605739451119E-0002	 1.08158649359477E-0003
 2.21645604943490E-0002	 1.68995093659308E-0003
 2.87346761445037E-0002	 2.23611611274029E-0003
 3.54565317609513E-0002	 2.66052441010995E-0003
 4.22858340464221E-0002	 2.90783025462188E-0003
 4.91519905940265E-0002	 2.94719806446742E-0003
 5.59780939817322E-0002	 2.78598377977681E-0003
 6.27052604514823E-0002	 2.46411299217781E-0003
 6.93039106023892E-0002	 2.03456883236752E-0003
 7.57693019065411E-0002	 1.54591726486882E-0003
 8.21107958620834E-0002	 1.03469449042569E-0003
 8.83428157942965E-0002	 5.25469886506379E-0004
 9.44797440223889E-0002	 3.40367969060154E-0005
 1.00533982126354E-0001	-4.29159067069308E-0004
 1.06515810067698E-0001	-8.56485076173226E-0004
 1.12433970165348E-0001	-1.24163425452101E-0003
 1.18296344028422E-0001	-1.57892357490640E-0003
 1.24110469734918E-0001	-1.86302984672398E-0003
 1.29883887048561E-0001	-2.08890371626205E-0003
 1.35624389471037E-0001	-2.25173986635753E-0003
 1.41340252373166E-0001	-2.34698155960772E-0003
 1.47040465224977E-0001	-2.37037636789283E-0003
 1.52734968204597E-0001	-2.31809921969830E-0003
 1.58434888766170E-0001	-2.18695062320322E-0003
 1.64152780605360E-0001	-1.97464086219882E-0003
 1.69902871215487E-0001	-1.68018885591258E-0003
 1.75701314254103E-0001	-1.30449420854170E-0003
 1.81566409405405E-0001	-8.51179218499560E-0004
 1.87518678270255E-0001	-3.27838472518136E-0004
 1.93580537996507E-0001	 2.52144488227727E-0004
 1.99775050346253E-0001	 8.67122867583031E-0004
 2.06122837148189E-0001	 1.48431120000232E-0003
 2.12635983241030E-0001	 2.05773924164014E-0003
 2.19308532722762E-0001	 2.53007043387504E-0003
 2.26106685039256E-0001	 2.84261757689851E-0003
 2.32967364704128E-0001	 2.95423434804350E-0003
 2.39813124447189E-0001	 2.85903510443061E-0003
 2.46577086444147E-0001	 2.58768185065526E-0003
 2.53219780208827E-0001	 2.19091465949467E-0003
 2.59729220046935E-0001	 1.71997154903588E-0003
 2.66111166969234E-0001	 1.21559061067351E-0003
 2.72379056421734E-0001	 7.06010594073171E-0004
 2.78547589902492E-0001	 2.09517027084985E-0004
 2.84629883696333E-0001	-2.62027879516232E-0004
 2.90636857678868E-0001	-7.00306814512176E-0004
 2.96577660965329E-0001	-1.09872635456406E-0003
 3.02460357429113E-0001	-1.45148781816453E-0003
 3.08292505063393E-0001	-1.75320683322249E-0003
 3.14081553775661E-0001	-1.99878323553076E-0003
 3.19835123447884E-0001	-2.18335606838882E-0003
 3.25561239804579E-0001	-2.30229608229750E-0003
 3.31268568081184E-0001	-2.35124547820286E-0003
 3.36966649967071E-0001	-2.32622254148475E-0003
 3.42666138243890E-0001	-2.22379973792831E-0003
 3.48379028845340E-0001	-2.04136206942697E-0003
 3.54118896432828E-0001	-1.77746577774633E-0003
 3.59901134993660E-0001	-1.43234369741428E-0003
 3.65743180351659E-0001	-1.00863866835983E-0003
 3.71664633722878E-0001	-5.12485789507018E-0004
 3.77687089334017E-0001	 4.49062404256603E-0005
 3.83833255087619E-0001	 6.45053834766815E-0004
 3.90124617488422E-0001	 1.25948060121275E-0003
 3.96576562816665E-0001	 1.84728916164750E-0003
 4.03190152987164E-0001	 2.35531744067930E-0003
 4.09942109607994E-0001	 2.72485895871021E-0003
 4.16779642225823E-0001	 2.90753730095673E-0003
 4.23629290680830E-0001	 2.88450145405922E-0003
 4.30419402134845E-0001	 2.67428564449455E-0003
 4.37100936659855E-0001	 2.32181713108473E-0003
 4.43653156446259E-0001	 1.87878878116116E-0003
 4.50076476971018E-0001	 1.38947466162885E-0003
 4.56382118443469E-0001	 8.85996136811208E-0004
 4.62584461007070E-0001	 3.89622532853469E-0004
 4.68697106944971E-0001	-8.59136833473917E-0005
 4.74731606094099E-0001	-5.31304014571070E-0004
 4.80697583423962E-0001	-9.39508134206729E-0004
 4.86603357712804E-0001	-1.30455248817190E-0003
 4.92456557884778E-0001	-1.62098712908140E-0003
 4.98264574558023E-0001	-1.88368234449476E-0003
 5.04034871467048E-0001	-2.08775666374844E-0003
 5.09775233180870E-0001	-2.22855461849248E-0003
 5.15494000734860E-0001	-2.30166980611958E-0003
 5.21200308712253E-0001	-2.30303016387371E-0003
 5.26904318731489E-0001	-2.22905594692801E-0003
 5.32617445750076E-0001	-2.07689521748231E-0003
 5.38352580989118E-0001	-1.84474966481310E-0003
 5.44124315080527E-0001	-1.53232534931571E-0003
 5.49949147826230E-0001	-1.14147420150746E-0003
 5.55845626368350E-0001	-6.77128123137269E-0004
 5.61834262659945E-0001	-1.48658250562905E-0004
 5.67936912140258E-0001	 4.28216035001763E-0004
 5.74175018510277E-0001	 1.02898600551241E-0003
 5.80565800176156E-0001	 1.61788817936054E-0003
 5.87115464950763E-0001	 2.14705765519713E-0003
 5.93809974133716E-0001	 2.56056589310697E-0003
 6.00607858648805E-0001	 2.80664461900154E-0003
 6.07443536718982E-0001	 2.85584784706037E-0003
 6.14244998519157E-0001	 2.71350867255090E-0003
 6.20955758619721E-0001	 2.41540230771346E-0003
 6.27545888900207E-0001	 2.01063802566972E-0003
 6.34008921506947E-0001	 1.54546397509953E-0003
 6.40352415970360E-0001	 1.05554012298965E-0003
 6.46589490079801E-0001	 5.65375640148869E-0004
 6.52733766155584E-0001	 9.09859730888702E-0005
 6.58797272006737E-0001	-3.56977558620771E-0004
 6.64790114317141E-0001	-7.70803843991152E-0004
 6.70720924099233E-0001	-1.14423530759373E-0003
 6.76597457914305E-0001	-1.47172196275096E-0003
 6.82427089280307E-0001	-1.74810991921210E-0003
 6.88217156069634E-0001	-1.96852370662573E-0003
 6.93975224186109E-0001	-2.12832305226580E-0003
 6.99709326045391E-0001	-2.22310775275300E-0003
 7.05428197099838E-0001	-2.24878231189802E-0003
 7.11141508429030E-0001	-2.20169266708909E-0003
 7.16860089046620E-0001	-2.07883990553623E-0003
 7.22596137919984E-0001	-1.87817860625551E-0003
 7.28363428568840E-0001	-1.59902404685758E-0003
 7.34177497992375E-0001	-1.24261932109629E-0003
 7.40055777556534E-0001	-8.12945255691606E-0004
 7.46017552333642E-0001	-3.17884590506510E-0004
 7.52083503391735E-0001	 2.29146464486829E-0004
 7.58274368529752E-0001	 8.07078370542561E-0004
 7.64607974585509E-0001	 1.38489905447138E-0003
 7.71093789279648E-0001	 1.92034413218739E-0003
 7.77724961488626E-0001	 2.36206683823788E-0003
 7.84470647460643E-0001	 2.65846834465848E-0003
 7.91275363326755E-0001	 2.77322307124259E-0003
 7.98071116633612E-0001	 2.69963419640875E-0003
 8.04797596023560E-0001	 2.46232410676959E-0003
 8.11416807142384E-0001	 2.10466757122642E-0003
 8.17914641652021E-0001	 1.67254002750539E-0003
 8.24293668021862E-0001	 1.20406748502630E-0003
 8.30564617131410E-0001	 7.26813825260386E-0004
 8.36740427101820E-0001	 2.59299368823023E-0004
 8.42833263668343E-0001	-1.86168000626331E-0004
 8.48853608048162E-0001	-6.00951243233955E-0004
 8.54810409584723E-0001	-9.78352933362957E-0004
 8.60711594913110E-0001	-1.31265092651831E-0003
 8.66564564928354E-0001	-1.59864802026372E-0003
 8.72376570388509E-0001	-1.83148561850146E-0003
 8.78154992807185E-0001	-2.00656910944563E-0003
 8.83907586432398E-0001	-2.11955157288406E-0003
 8.89642712913821E-0001	-2.16637646798243E-0003
 8.95369572032449E-0001	-2.14339147462582E-0003
 9.01098421047028E-0001	-2.04753984601722E-0003
 9.06840778392328E-0001	-1.87663418694741E-0003
 9.12609611665132E-0001	-1.62972866054720E-0003
 9.18419503477411E-0001	-1.30762747711081E-0003
 9.24286763001922E-0001	-9.13594811905567E-0004
 9.30229395155382E-0001	-4.54356240968049E-0004
 9.36266736201217E-0001	 5.85136503590054E-0005
 9.42418394409223E-0001	 6.06786471434449E-0004
 9.48701908385407E-0001	 1.16356806252018E-0003
 9.55128405044170E-0001	 1.69188862706391E-0003
 9.61696004895157E-0001	 2.14574692804078E-0003
 9.68382637102548E-0001	 2.47628588969898E-0003
 9.75143189870931E-0001	 2.64419310020116E-0003
 9.81916787903639E-0001	 2.63366473940206E-0003
 9.88643373723800E-0001	 2.45817553616532E-0003
 9.95279473171699E-0001	 2.15307804143475E-0003
 1.00180380963817E+0000	 1.76127424231050E-0003
 1.00821319800484E+0000	 1.32163271893435E-0003
 1.01451494142578E+0000	 8.64021144323520E-0004
 1.02072045698841E+0000	 4.09339600874586E-0004
 1.02684153125400E+0000	-2.82917710032245E-0005
 1.03288877020938E+0000	-4.39094092689844E-0004
 1.03887136013934E+0000	-8.15757909174184E-0004
 1.04479739836874E+0000	-1.15228597327574E-0003
 1.05067434327115E+0000	-1.44339150727887E-0003
 1.05650939622422E+0000	-1.68422328162292E-0003
 1.06230979445718E+0000	-1.87024687050047E-0003
 1.06808305545001E+0000	-1.99720256976776E-0003
 1.07383720772709E+0000	-2.06112491016620E-0003
 1.07958101735829E+0000	-2.05843234140043E-0003
 1.08532420369344E+0000	-1.98609487042560E-0003
 1.09107763651787E+0000	-1.84188401899916E-0003
 1.09685351041124E+0000	-1.62471546907757E-0003
 1.10266548892656E+0000	-1.33511131831766E-0003
 1.10852879204304E+0000	-9.75831333672833E-0004
 1.11446015627481E+0000	-5.52743315558808E-0004
 1.12047751564614E+0000	-7.60067336695270E-0005
 1.12659912017566E+0000	 4.38404438705451E-0004
 1.13284163456774E+0000	 9.66992291975443E-0004
 1.13921664527607E+0000	 1.47742943661355E-0003
 1.14572528599858E+0000	 1.92902483027676E-0003
 1.15235198417195E+0000	 2.27706549285333E-0003
 1.15906079384919E+0000	 2.48239203811927E-0003
 1.16579923264576E+0000	 2.52367587585094E-0003
 1.17251083889656E+0000	 2.40505790020647E-0003
 1.17914994615484E+0000	 2.15313785422231E-0003
 1.18568980528438E+0000	 1.80575973170622E-0003
 1.19212163154862E+0000	 1.40055852552240E-0003
 1.19844868325675E+0000	 9.68464827220495E-0004
 1.20468010020901E+0000	 5.32211314198923E-0004
 1.21082669218500E+0000	 1.07618227281790E-0004
 1.21689881940723E+0000	-2.94308286401556E-0004
 1.22290572238403E+0000	-6.65515523101013E-0004
 1.22885560508105E+0000	-9.99625175950929E-0004
 1.23475597990103E+0000	-1.29119735877118E-0003
 1.24061402238724E+0000	-1.53536014904726E-0003
 1.24643686224917E+0000	-1.72763669117579E-0003
 1.25223182553956E+0000	-1.86387233518118E-0003
 1.25800665846996E+0000	-1.94023005462325E-0003
 1.26376974617203E+0000	-1.95325577476132E-0003
 1.26953032226870E+0000	-1.90002144161396E-0003
 1.27529865935759E+0000	-1.77835087969369E-0003
 1.28108623193403E+0000	-1.58713572148124E-0003
 1.28690584157004E+0000	-1.32676009180576E-0003
 1.29277167988057E+0000	-9.99670178673071E-0004
 1.29869926987909E+0000	-6.11141058270005E-0004
 1.30470516190429E+0000	-1.70294989555012E-0004
 1.31080615835936E+0000	 3.08615027367347E-0004
 1.31701771084258E+0000	 8.04782241162945E-0004
 1.32335104886206E+0000	 1.28973849287074E-0003
 1.32980879538373E+0000	 1.72759113872717E-0003
 1.33637972750761E+0000	 2.07821203722228E-0003
 1.34303513400124E+0000	 2.30461660639523E-0003
 1.34973061704801E+0000	 2.38318003965837E-0003
 1.35641522001097E+0000	 2.31147848640747E-0003
 1.36304407747192E+0000	 2.10819238692185E-0003
 1.36958735994376E+0000	 1.80512616634201E-0003
 1.37603176099246E+0000	 1.43702038016408E-0003
 1.38237653973106E+0000	 1.03444141316455E-0003
 1.38862812559748E+0000	 6.21067962037568E-0004
 1.39479583868820E+0000	 2.14008290332650E-0004
 1.40088938741019E+0000	-1.74617930215866E-0004
 1.40691781140415E+0000	-5.35988106057577E-0004
 1.41288929183343E+0000	-8.63277296454945E-0004
 1.41881134725299E+0000	-1.15083566063171E-0003
 1.42469112538235E+0000	-1.39373540430061E-0003
 1.43053567234898E+0000	-1.58754251369785E-0003
 1.43635216388045E+0000	-1.72821070239126E-0003
 1.44214811757278E+0000	-1.81205290207953E-0003
 1.44793159971408E+0000	-1.83578357532039E-0003
 1.45371142478321E+0000	-1.79663791125289E-0003
 1.45949733706227E+0000	-1.69257375703607E-0003
 1.46530016241244E+0000	-1.52256240762281E-0003
 1.47113191645535E+0000	-1.28698139353714E-0003
 1.47700584427850E+0000	-9.88134922874164E-0004
 1.48293633877097E+0000	-6.30939234639575E-0004
 1.48893863309056E+0000	-2.23808874864891E-0004
 1.49502808348410E+0000	 2.20257069927404E-0004
 1.50121876247454E+0000	 6.82505152410923E-0004
 1.50752102967886E+0000	 1.13754669079481E-0003
 1.51393790853426E+0000	 1.55356630077577E-0003
 1.52046076582897E+0000	 1.89484259167704E-0003
 1.52706609682413E+0000	 2.12757007025728E-0003
 1.53371633671609E+0000	 2.22818429650859E-0003
 1.54036652108063E+0000	 2.19050004935672E-0003
 1.54697461256089E+0000	 2.02709972160569E-0003
 1.55351005054707E+0000	 1.76395719042179E-0003
 1.55995664477864E+0000	 1.43200479956804E-0003
 1.56631035052393E+0000	 1.06023133470772E-0003
 1.57257492139034E+0000	 6.72267472198572E-0004
 1.57875792163874E+0000	 2.85882959497248E-0004
 1.58486808752412E+0000	-8.60021140954025E-0005
 1.59091400090399E+0000	-4.33908180046832E-0004
 1.59690365648289E+0000	-7.50577290148305E-0004
 1.60284449496835E+0000	-1.03012897855971E-0003
 1.60874360713080E+0000	-1.26755595446045E-0003
 1.61460796183983E+0000	-1.45845127358527E-0003
 1.62044461547722E+0000	-1.59887226883511E-0003
 1.62626090703948E+0000	-1.68529065951629E-0003
 1.63206464873429E+0000	-1.71461505908432E-0003
 1.63786431111811E+0000	-1.68428907208751E-0003
 1.64366919230706E+0000	-1.59247109164958E-0003
 1.64948955693389E+0000	-1.43830180210723E-0003
 1.65533672763617E+0000	-1.22226921605021E-0003
 1.66122310234990E+0000	-9.46689141055124E-0004
 1.66716204762234E+0000	-6.16325965388917E-0004
 1.67316757632302E+0000	-2.39173774839327E-0004
 1.67925365631651E+0000	 1.72618373065350E-0004
 1.68543292766066E+0000	 6.01793589700856E-0004
 1.69171458188505E+0000	 1.02533034349057E-0003
 1.69810130777878E+0000	 1.41472874596479E-0003
 1.70458573680287E+0000	 1.73817875279066E-0003
 1.71114779137882E+0000	 1.96534058048750E-0003
 1.71775515687430E+0000	 2.07415028618175E-0003
 1.72436836823772E+0000	 2.05693317151177E-0003
 1.73094914717827E+0000	 1.92226539228254E-0003
 1.73746796617551E+0000	 1.69133331914028E-0003
 1.74390743707891E+0000	 1.39118052137210E-0003
 1.75026129931833E+0000	 1.04850501665624E-0003
 1.75653109656510E+0000	 6.86057843148122E-0004
 1.76272269104535E+0000	 3.21601934682007E-0004
 1.76884371064407E+0000	-3.15745796708687E-0005
 1.77490210257041E+0000	-3.63568319946464E-0004
 1.78090553054152E+0000	-6.66791406886788E-0004
 1.78686126582375E+0000	-9.35166871328643E-0004
 1.79277629855381E+0000	-1.16361266053530E-0003
 1.79865751321190E+0000	-1.34774458205227E-0003
 1.80451186753130E+0000	-1.48371967687439E-0003
 1.81034656538504E+0000	-1.56817069113535E-0003
 1.81616922764522E+0000	-1.59821397610991E-0003
 1.82198805936903E+0000	-1.57153129184104E-0003
 1.82781200295813E+0000	-1.48653133462217E-0003
 1.83365086150204E+0000	-1.34259719991837E-0003
 1.83951537222910E+0000	-1.14042781315614E-0003
 1.84541720093032E+0000	-8.82485754660101E-0004
 1.85136880842337E+0000	-5.73566555723748E-0004
 1.85738310561434E+0000	-2.21495720920011E-0004
 1.86347276549418E+0000	 1.62077422211042E-0004
 1.86964901316484E+0000	 5.60911291692825E-0004
 1.87591971613918E+0000	 9.53724731577415E-0004
 1.88228675003291E+0000	 1.31461452152295E-0003
 1.88874305927787E+0000	 1.61506907043090E-0003
 1.89527057360038E+0000	 1.82808057103032E-0003
 1.90184070030976E+0000	 1.93380983543755E-0003
 1.90841850337921E+0000	 1.92467311021632E-0003
 1.91496954673196E+0000	 1.80710018945538E-0003
 1.92146634746081E+0000	 1.59886936772792E-0003
 1.92789166788614E+0000	 1.32367175120388E-0003
 1.93423817298507E+0000	 1.00575546674117E-0003
 1.94050590988098E+0000	 6.66496177502808E-0004
 1.94669936310479E+0000	 3.23112784544185E-0004
 1.95282512564551E+0000	-1.11679793751521E-0005
 1.95889046459298E+0000	-3.26304822747904E-0004
 1.96490263618719E+0000	-6.14544936383344E-0004
 1.97086867876101E+0000	-8.69698662655977E-0004
 1.97679544577667E+0000	-1.08664650963703E-0003
 1.98268972918838E+0000	-1.26104075242321E-0003
 1.98855840477169E+0000	-1.38914145567558E-0003
 1.99440858037125E+0000	-1.46774359214915E-0003
 2.00024774534001E+0000	-1.49417707780838E-0003
 2.00608391780780E+0000	-1.46637855703590E-0003
 2.01192577920016E+0000	-1.38304029868686E-0003
 2.01778277927548E+0000	-1.24384260087123E-0003
 2.02366518939059E+0000	-1.04977677888008E-0003
 2.02958407239764E+0000	-8.03567365959406E-0004
 2.03555111969941E+0000	-5.10200904121715E-0004
 2.04157827682642E+0000	-1.77555798757453E-0004
 2.04767704135515E+0000	 1.82911685583821E-0004
 2.05385728757781E+0000	 5.55556616999492E-0004
 2.06012549575498E+0000	 9.20291256963207E-0004
 2.06648242509538E+0000	 1.25316122476537E-0003
 2.07292066320974E+0000	 1.52832972044529E-0003
 2.07942306667894E+0000	 1.72177996949443E-0003
 2.08596345783339E+0000	 1.81615241075946E-0003
 2.09251034160742E+0000	 1.80492953870416E-0003
 2.09903271175064E+0000	 1.69381792172680E-0003
 2.10550550401625E+0000	 1.49852194674908E-0003
 2.11191249891537E+0000	 1.24021239433732E-0003
 2.11824623062960E+0000	 9.40946623813394E-0004
 2.12450599302044E+0000	 6.20586225771786E-0004
 2.13069535772101E+0000	 2.95494612763339E-0004
 2.13682011468908E+0000	-2.14863338499292E-0005
 2.14288693463746E+0000	-3.20435731510700E-0004
 2.14890267746425E+0000	-5.93611764702182E-0004
 2.15487413693291E+0000	-8.34818403312246E-0004
 2.16080802127297E+0000	-1.03895652712764E-0003
 2.16671103486139E+0000	-1.20174248834649E-0003
 2.17258999335704E+0000	-1.31954954403547E-0003
 2.17845194863177E+0000	-1.38933642692633E-0003
 2.18430431763275E+0000	-1.40864668600540E-0003
 2.19015500993586E+0000	-1.37567724570493E-0003
 2.19601254287548E+0000	-1.28942126798856E-0003
 2.20188612676137E+0000	-1.14989183272132E-0003
 2.20778569612492E+0000	-9.58432949705312E-0004
 2.21372185301991E+0000	-7.18123819564092E-0004
 2.21970567145840E+0000	-4.34277580478927E-0004
 2.22574828666126E+0000	-1.15018749722297E-0004
 2.23186016370445E+0000	 2.28119099490101E-0004
 2.23804992582321E+0000	 5.79718463650963E-0004
 2.24432266653053E+0000	 9.20402943986229E-0004
 2.25067784376599E+0000	 1.22758857600046E-0003
 2.25710721797053E+0000	 1.47752243187912E-0003
 2.26359376319724E+0000	 1.64875534900888E-0003
 2.27011266052160E+0000	 1.72638971944879E-0003
 2.27663483819899E+0000	 1.70551129775357E-0003
 2.28313209608148E+0000	 1.59209125334887E-0003
 2.28958174327213E+0000	 1.40086148293752E-0003
 2.29596901179792E+0000	 1.15134090523227E-0003
 2.30228695214015E+0000	 8.63873849375834E-0004
 2.30853472540020E+0000	 5.56936365111615E-0004
 2.31471546070138E+0000	 2.45949440977571E-0004
 2.32083444612778E+0000	-5.68031218577962E-0005
 2.32689792365656E+0000	-3.41696347672442E-0004
 2.33291244039204E+0000	-6.01138624257578E-0004
 2.33888458648013E+0000	-8.29022288912813E-0004
 2.34482095053106E+0000	-1.02032522898654E-0003
 2.35072817476113E+0000	-1.17085655109410E-0003
 2.35661304779119E+0000	-1.27711245379775E-0003
 2.36248261083645E+0000	-1.33621341070879E-0003
 2.36834426925119E+0000	-1.34590906012327E-0003
 2.37420590272327E+0000	-1.30464978280727E-0003
 2.38007596233858E+0000	-1.21173009685756E-0003
 2.38596353626635E+0000	-1.06751051694936E-0003
 2.39187835841358E+0000	-8.73724044736233E-0004
 2.39783072366323E+0000	-6.33871188629634E-0004
 2.40383125654956E+0000	-3.53699697635305E-0004
 2.40989045729450E+0000	-4.17439844697859E-0005
 2.41601792671575E+0000	 2.90147704449941E-0004
 2.42222117040679E+0000	 6.26455751750283E-0004
 2.42850394627035E+0000	 9.48082155318834E-0004
 2.43486431030164E+0000	 1.23329017057727E-0003
 2.44129286409847E+0000	 1.45986017986371E-0003
 2.44777208883906E+0000	 1.60846457896026E-0003
 2.45427768526966E+0000	 1.66650464003815E-0003
 2.46078212362836E+0000	 1.63092227083553E-0003
 2.46725934537624E+0000	 1.50859568636131E-0003
 2.47368876467461E+0000	 1.31411447984888E-0003
 2.48005718927364E+0000	 1.06610882862518E-0003
 2.48635855510460E+0000	 7.83742177712763E-0004
 2.49259232946362E+0000	 4.84378274816589E-0004
 2.49876158781740E+0000	 1.82571497229314E-0004
 2.50487140673033E+0000	-1.09988456041771E-0004
 2.51092779281450E+0000	-3.84050588932020E-0004
 2.51693710078558E+0000	-6.32251403122959E-0004
 2.52290579209194E+0000	-8.48630690336322E-0004
 2.52884038715654E+0000	-1.02827951782461E-0003
 2.53474750874135E+0000	-1.16711550096423E-0003
 2.54063396171473E+0000	-1.26175741541579E-0003
 2.54650682677681E+0000	-1.30947533234086E-0003
 2.55237355953673E+0000	-1.30820542648283E-0003
 2.55824208734630E+0000	-1.25662944538477E-0003
 2.56412089145845E+0000	-1.15432432353588E-0003
 2.57001905542362E+0000	-1.00198885166186E-0003
 2.57594625243415E+0000	-8.01753455143340E-0004
 2.58191263257401E+0000	-5.57575523666807E-0004
 2.58792855369626E+0000	-2.75712274760749E-0004
 2.59400407802798E+0000	 3.47623930458754E-0005
 2.60014813933492E+0000	 3.61482845714157E-0004
 2.60636729621877E+0000	 6.88533247187098E-0004
 2.61266407086557E+0000	 9.96698348389783E-0004
 2.61903508485798E+0000	 1.26460396247173E-0003
 2.62546954967477E+0000	 1.47104398112104E-0003
 2.63194898451994E+0000	 1.59836351190469E-0003
 2.63844893690869E+0000	 1.63602378359861E-0003
 2.64494267425554E+0000	 1.58290236998191E-0003
 2.65140565250790E+0000	 1.44718406285093E-0003
 2.65781903068732E+0000	 1.24391200335534E-0003
 2.66417113124117E+0000	 9.91440579839307E-0004
 2.67045693741048E+0000	 7.08244049916925E-0004
 2.67667649045077E+0000	 4.10892276634988E-0004
 2.68283308928121E+0000	 1.13236527608758E-0004
 2.68893183233119E+0000	-1.73569581730615E-0004
 2.69497866508236E+0000	-4.40646812785207E-0004
 2.70097987149168E+0000	-6.80877389838939E-0004
 2.70694186807753E+0000	-8.88465470491753E-0004
 2.71287116771856E+0000	-1.05862248384031E-0003
 2.71877442283693E+0000	-1.18736951844338E-0003
 2.72465850056713E+0000	-1.27143109148780E-0003
 2.73053057042223E+0000	-1.30819977364107E-0003
 2.73639819631357E+0000	-1.29576314913075E-0003
 2.74226942493610E+0000	-1.23299428295006E-0003
 2.74815285752286E+0000	-1.11971180396433E-0003
 2.75405768497467E+0000	-9.56917030247643E-0004
 2.75999365729278E+0000	-7.47114459565320E-0004
 2.76597094520245E+0000	-4.94717282468719E-0004
 2.77199983345348E+0000	-2.06526621137529E-0004
 2.77809016373477E+0000	 1.07756830003929E-0004
 2.78425043139276E+0000	 4.35088889318211E-0004
 2.79048646145441E+0000	 7.58901446900472E-0004
 2.79679969416273E+0000	 1.05949875046564E-0003
 2.80318534999079E+0000	 1.31540993370400E-0003
 2.80963110052016E+0000	 1.50593817291034E-0003
 2.81611713620454E+0000	 1.61464784269801E-0003
 2.82261829752624E+0000	 1.63277575763744E-0003
 2.82910801438219E+0000	 1.56110904551406E-0003
 2.83556268908571E+0000	 1.40937844101043E-0003
 2.84196484362292E+0000	 1.19350104834588E-0003
 2.84830415865808E+0000	 9.32027777495355E-0004
 2.85457669389542E+0000	 6.43158943720686E-0004
 2.86078320224087E+0000	 3.42975330647756E-0004
 2.86692738018086E+0000	 4.48174809554872E-0005
 2.87301451191813E+0000	-2.40590964106855E-0004
 2.87905061503673E+0000	-5.04690030479907E-0004
 2.88504200266031E+0000	-7.40581682387244E-0004
 2.89099511910971E+0000	-9.42617011754327E-0004
 2.89691652380570E+0000	-1.10610894006111E-0003
 2.90281294218170E+0000	-1.22715695217558E-0003
 2.90869134279465E+0000	-1.30255804874458E-0003
 2.91455902448884E+0000	-1.32978528300196E-0003
 2.92042370652074E+0000	-1.30702721637556E-0003
 2.92629361364441E+0000	-1.23329069559518E-0003
 2.93217754274197E+0000	-1.10857393156981E-0003
 2.93808489011824E+0000	-9.34118182381134E-0004
 2.94402560851322E+0000	-7.12745210673117E-0004
 2.95001004823805E+0000	-4.49282329272969E-0004
 2.95604861648593E+0000	-1.51061749353430E-0004
 2.96215116594264E+0000	 1.71553659162401E-0004
 2.96832601154676E+0000	 5.04732722239033E-0004
 2.97457850433897E+0000	 8.31046737291556E-0004
 2.98090921784943E+0000	 1.12999248920241E-0003
 2.98731207696521E+0000	 1.37956324746315E-0003
 2.99377314159927E+0000	 1.55906957929908E-0003
 3.00027098835954E+0000	 1.65282587329834E-0003
 3.00677928120795E+0000	 1.65352141739404E-0003
 3.01327105626741E+0000	 1.56375616544265E-0003
 3.01972314674684E+0000	 1.39494209940134E-0003
 3.02611906271907E+0000	 1.16416950794405E-0003
 3.03244964457440E+0000	 8.90547741884093E-0004
 3.03871198226201E+0000	 5.92341113080003E-0004
 3.04490759240440E+0000	 2.85408223458734E-0004
 3.05104066553067E+0000	-1.72344064122538E-0005
 3.05711677453642E+0000	-3.05172971766723E-0004
 3.06314209870929E+0000	-5.70091915869081E-0004
 3.06912305042997E+0000	-8.05263820499238E-0004
 3.07506615378626E+0000	-1.00514903680055E-0003
 3.08097805296708E+0000	-1.16512672003915E-0003
 3.08686557580649E+0000	-1.28133662050166E-0003
 3.09273581742186E+0000	-1.35060411866982E-0003
 3.09859623121364E+0000	-1.37043076908730E-0003
 3.10445472153380E+0000	-1.33904514826860E-0003
 3.11031973032166E+0000	-1.25551764044903E-0003
 3.11620030409660E+0000	-1.11994722926378E-0003
 3.12210611972168E+0000	-9.33729883719186E-0004
 3.12804743623098E+0000	-6.99917288821024E-0004
 3.13403492345996E+0000	-4.23669135647583E-0004
 3.14007929508341E+0000	-1.12785536618370E-0004
 3.14619064766092E+0000	 2.21732777653781E-0004
 3.15237739377135E+0000	 5.65224279399077E-0004
 3.15864471321601E+0000	 8.99254020238950E-0004
 3.16499259426632E+0000	 1.20223356833068E-0003
 3.17141385393694E+0000	 1.45120622672570E-0003
 3.17789295407975E+0000	 1.62498447688487E-0003
 3.18440664923369E+0000	 1.70813550685538E-0003
 3.19092702143384E+0000	 1.69443349504507E-0003
 3.19742620848011E+0000	 1.58813687632703E-0003
 3.20388099500657E+0000	 1.40240294177885E-0003
 3.21027551659988E+0000	 1.15571373994486E-0003
 3.21660155920545E+0000	 8.68020830444830E-0004
 3.22285715817295E+0000	 5.57927664738904E-0004
 3.22904459564385E+0000	 2.41296593647590E-0004
 3.23516860185935E+0000	-6.90135159178967E-0005
 3.24123509692074E+0000	-3.62783919541205E-0004
 3.24725047581414E+0000	-6.31865474488045E-0004
 3.25322129276613E+0000	-8.69645691203912E-0004
 3.25915418207171E+0000	-1.07064967616146E-0003
 3.26505589298271E+0000	-1.23028192421094E-0003
 3.27093336871892E+0000	-1.34468019602331E-0003
 3.27679383960830E+0000	-1.41065120541693E-0003
 3.28264492102935E+0000	-1.42567056634712E-0003
 3.28849471210768E+0000	-1.38794294221228E-0003
 3.29435188805366E+0000	-1.29652722555683E-0003
 3.30022577264517E+0000	-1.15153605039460E-0003
 3.30612636893832E+0000	-9.54420875582404E-0004
 3.31206431415954E+0000	-7.08353728443646E-0004
 3.31805070611149E+0000	-4.18711654717315E-0004
 3.32409672179066E+0000	-9.36526540828581E-0005
 3.33021291803560E+0000	 2.55270462634204E-0004
 3.33640808587065E+0000	 6.12596334820003E-0004
 3.34268756725470E+0000	 9.58816567157128E-0004
 3.34905110955446E+0000	 1.27104830735198E-0003
 3.35549069899419E+0000	 1.52501170891270E-0003
 3.36198931088168E+0000	 1.69851714333336E-0003
 3.36852175364227E+0000	 1.77585266185560E-0003
 3.37505817987189E+0000	 1.75145546160299E-0003
 3.38156935869037E+0000	 1.63103033704734E-0003
 3.38803156540858E+0000	 1.42948826334499E-0003
 3.39442920524783E+0000	 1.16686729630891E-0003
 3.40075478938771E+0000	 8.64193244842282E-0004
 3.40700719539543E+0000	 5.40639091787721E-0004
 3.41318944626292E+0000	 2.12262827888988E-0004
 3.41930682835280E+0000	-1.08090632211591E-0004
 3.42536563964600E+0000	-4.10296122793743E-0004
 3.43137252056503E+0000	-6.86299930899668E-0004
 3.43733418947809E+0000	-9.29552478281670E-0004
 3.44325740428431E+0000	-1.13460160857728E-0003
 3.44914902460703E+0000	-1.29683886397762E-0003
 3.45501610782920E+0000	-1.41236107566021E-0003
 3.46086601351385E+0000	-1.47791337208765E-0003
 3.46670651030299E+0000	-1.49089567242954E-0003
 3.47254588310411E+0000	-1.44942948330392E-0003
 3.47839303431521E+0000	-1.35249093344653E-0003
 3.48425756607036E+0000	-1.20012061520922E-0003
 3.49014982178988E+0000	-9.93723337546317E-0004
 3.49608085238509E+0000	-7.36471831912709E-0004
 3.50206225185436E+0000	-4.33824665137366E-0004
 3.50810577646151E+0000	-9.41519677642392E-0005
 3.51422262435872E+0000	 2.70581601289775E-0004
 3.52042222600742E+0000	 6.44219670966972E-0004
 3.52671042754584E+0000	 1.00620220127103E-0003
 3.53308712781731E+0000	 1.33223142988939E-0003
 3.53954384684819E+0000	 1.59639577965073E-0003
 3.54606229358955E+0000	 1.77501788762997E-0003
 3.55261530459035E+0000	 1.85154308052692E-0003
 3.55917081884325E+0000	 1.82058799791794E-0003
 3.56569779339561E+0000	 1.68902768573254E-0003
 3.57217153909535E+0000	 1.47348375602259E-0003
 3.57857637269771E+0000	 1.19567496085426E-0003
 3.58490530481037E+0000	 8.77900450971464E-0004
 3.59115794311335E+0000	 5.40104440445796E-0004
 3.59733801445730E+0000	 1.98708326345830E-0004
 3.60345136334500E+0000	-1.33332244595775E-0004
 3.60950468157662E+0000	-4.45898460275174E-0004
 3.61550487095018E+0000	-7.30971645835540E-0004
 3.62145882397877E+0000	-9.82021409783559E-0004
 3.62737342472202E+0000	-1.19358356814826E-0003
 3.63325563861181E+0000	-1.36100559904710E-0003
 3.63911262634811E+0000	-1.48031219727388E-0003
 3.64495186054576E+0000	-1.54815258735311E-0003
 3.65078124270933E+0000	-1.56181076176987E-0003
 3.65660922040436E+0000	-1.51927608059399E-0003
 3.66244489948686E+0000	-1.41938113412932E-0003
 3.66829813920941E+0000	-1.26201860726900E-0003
 3.67417960928909E+0000	-1.04845212056043E-0003
 3.68010077463789E+0000	-7.81738363778760E-0004
 3.68607375120427E+0000	-4.67276038187996E-0004
 3.69211094196758E+0000	-1.13482488486991E-0004
 3.69822431736247E+0000	 2.67444925765460E-0004
 3.70442416614154E+0000	 6.58823543495192E-0004
 3.71071716175073E+0000	 1.03915235612205E-0003
 3.71710376898458E+0000	 1.38270058945342E-0003
 3.72357547896082E+0000	 1.66170600025074E-0003
 3.73011306526154E+0000	 1.85056226259982E-0003
 3.73668747922148E+0000	 1.93129121564231E-0003
 3.74326423818899E+0000	 1.89814324375042E-0003
 3.74981007255331E+0000	 1.75881697225800E-0003
 3.75629887193660E+0000	 1.53154845107960E-0003
 3.76271449617607E+0000	 1.23982908496258E-0003
 3.76905022101921E+0000	 9.07409596497486E-0004
 3.77530626647624E+0000	 5.55190795869479E-0004
 3.78148702146890E+0000	 2.00110567051102E-0004
 3.78759888550138E+0000	-1.44653405166735E-0004
 3.79364895444570E+0000	-4.68913278007972E-0004
 3.79964440156086E+0000	-7.64635325367888E-0004
 3.80559229790810E+0000	-1.02527373133998E-0003
 3.81149965113635E+0000	-1.24532602738565E-0003
 3.81737352319553E+0000	-1.42007306390140E-0003
 3.82322116258837E+0000	-1.54544534546762E-0003
 3.82905013365453E+0000	-1.61797204654965E-0003
 3.83486844406514E+0000	-1.63479244669703E-0003
 3.84068467266019E+0000	-1.59372758834263E-0003
 3.84650809380169E+0000	-1.49341985656764E-0003
 3.85234878719025E+0000	-1.33355318683481E-0003
 3.85821771359205E+0000	-1.11517053635144E-0003
 3.86412672353883E+0000	-8.41109176325954E-0004
 3.87008844277018E+0000	-5.16575125540451E-0004
 3.87611594046084E+0000	-1.49866734771870E-0004
 3.88222203393219E+0000	 2.46783548754597E-0004
 3.88841803112017E+0000	 6.56379742927059E-0004
 3.89471171105191E+0000	 1.05666663596443E-0003
 3.90110450932487E+0000	 1.42056592183320E-0003
 3.90758837117812E+0000	 1.71835361386879E-0003
 3.91414356592811E+0000	 1.92212590276522E-0003
 3.92073936630366E+0000	 2.01190661492806E-0003
 3.92733875038953E+0000	 1.98098028938774E-0003
 3.93390584375655E+0000	 1.83744877813568E-0003
 3.94041265436697E+0000	 1.60100979917222E-0003
 3.94684220046131E+0000	 1.29698914837921E-0003
 3.95318777637411E+0000	 9.50754011238734E-0004
 3.95945009130519E+0000	 5.84339810791821E-0004
 3.96563415328482E+0000	 2.15347119653705E-0004
 3.97174691383471E+0000	-1.42720789064157E-0004
 3.97779588314333E+0000	-4.79539946111803E-0004
 3.98378851547205E+0000	-7.87019710121632E-0004
 3.98973206395730E+0000	-1.05857209676608E-0003
 3.99563365638954E+0000	-1.28863771086917E-0003
 4.00150044124840E+0000	-1.47241596215333E-0003
 4.00733973873317E+0000	-1.60572948366962E-0003
 4.01315918279627E+0000	-1.68497269572510E-0003
 4.01896685913777E+0000	-1.70712225133401E-0003
 4.02477144378117E+0000	-1.66980729068059E-0003
 4.03058233986884E+0000	-1.57144783767469E-0003
 4.03640980294589E+0000	-1.41147475587800E-0003
 4.04226503697506E+0000	-1.19064918989408E-0003
 4.04816023042365E+0000	-9.11504933636344E-0004
 4.05410847816604E+0000	-5.78940832610432E-0004
 4.06012349484365E+0000	-2.00983380549352E-0004
 4.06621896612661E+0000	 2.10296069537719E-0004
 4.07240731680101E+0000	 6.37821804684481E-0004
 4.07869764757632E+0000	 1.05882484250000E-0003
 4.08509273098914E+0000	 1.44505571380923E-0003
 4.09158546233190E+0000	 1.76483059821610E-0003
 4.09815611550004E+0000	 1.98767462742606E-0003
 4.10477260835132E+0000	 2.09107126549033E-0003
 4.11139536282096E+0000	 2.06670017874706E-0003
 4.11798556666328E+0000	 1.92257356132697E-0003
 4.12451288239400E+0000	 1.67963886432734E-0003
 4.13095908128680E+0000	 1.36508899263177E-0003
 4.13731721368009E+0000	 1.00606460171893E-0003
 4.14358834860494E+0000	 6.25913416675782E-0004
 4.14977807070589E+0000	 2.43044444667848E-0004
 4.15589388368303E+0000	-1.28612669078960E-0004
 4.16194372565219E+0000	-4.78535429869550E-0004
 4.16793534408893E+0000	-7.98540044790787E-0004
 4.17387617973669E+0000	-1.08197542114341E-0003
 4.17977347882227E+0000	-1.32321232473285E-0003
 4.18563446821068E+0000	-1.51735975014560E-0003
 4.19146652576723E+0000	-1.66012513273296E-0003
 4.19727733514082E+0000	-1.74776075177406E-0003
 4.20307503395541E+0000	-1.77707139922822E-0003
 4.20886836278957E+0000	-1.74548113155406E-0003
 4.21466681417462E+0000	-1.65116794502234E-0003
 4.22048077328944E+0000	-1.49328025116985E-0003
 4.22632163466022E+0000	-1.27225391665175E-0003
 4.23220186720125E+0000	-9.90255604794738E-0004
 4.23813497680662E+0000	-6.51784816108157E-0004
 4.24413527439911E+0000	-2.64465103214097E-0004
 4.25021729271343E+0000	 1.59973602099051E-0004
 4.25639461307617E+0000	 6.04609115800993E-0004
 4.26267780682810E+0000	 1.04642769082210E-0003
 4.26907129207782E+0000	 1.45625388881360E-0003
 4.27556939367316E+0000	 1.80055035352870E-0003
 4.28215294959305E+0000	 2.04610282820844E-0003
 4.28878895247454E+0000	 2.16736490491368E-0003
 4.29543535604016E+0000	 2.15374741740392E-0003
 4.30205012818789E+0000	 2.01260965629058E-0003
 4.30860011746855E+0000	 1.76587539680316E-0003
 4.31506541617925E+0000	 1.44260959206649E-0003
 4.32143854707343E+0000	 1.07188098650282E-0003
 4.32772080157997E+0000	 6.78533864805219E-0004
 4.33391829955243E+0000	 2.81937083025485E-0004
 4.34003910199630E+0000	-1.03450657651117E-0004
 4.34609159401338E+0000	-4.66847262350180E-0004
 4.35208383303738E+0000	-7.99942652449216E-0004
 4.35802345646567E+0000	-1.09600536177612E-0003
 4.36391783023697E+0000	-1.34932706504953E-0003
 4.36977425443909E+0000	-1.55492100263444E-0003
 4.37560015386497E+0000	-1.70837602423471E-0003
 4.38140324558863E+0000	-1.80579954784875E-0003
 4.38719169690788E+0000	-1.84382106309461E-0003
 4.39297428414486E+0000	-1.81965364789649E-0003
 4.39876055326170E+0000	-1.73122277579149E-0003
 4.40456097538513E+0000	-1.57737654636728E-0003
 4.41038708372460E+0000	-1.35819647852809E-0003
 4.41625156770177E+0000	-1.07543618713121E-0003
 4.42216827818217E+0000	-7.33124797535462E-0004
 4.42815205643439E+0000	-3.38375334062995E-0004
 4.43421823123741E+0000	 9.75816404652988E-0005
 4.44038153394220E+0000	 5.58197203136390E-0004
 4.44665409416222E+0000	 1.02049035860066E-0003
 4.45304222120178E+0000	 1.45465089687965E-0003
 4.45954211449792E+0000	 1.82548240552161E-0003
 4.46613576439172E+0000	 2.09696722443151E-0003
 4.47278976224170E+0000	 2.24010325650956E-0003
 4.47945978798950E+0000	 2.24135108608409E-0003
 4.48610036106773E+0000	 2.10677984760421E-0003
 4.49267503644253E+0000	 1.85894816059098E-0003
 4.49916175726963E+0000	 1.52876995075885E-0003
 4.50555220487998E+0000	 1.14740056926481E-0003
 4.51184774329367E+0000	 7.41380074027700E-0004
 4.51805498669050E+0000	 3.31201543663322E-0004
 4.52418256465356E+0000	-6.80374276373066E-0005
 4.53023933532033E+0000	-4.45231898537159E-0004
 4.53623368859093E+0000	-7.91913099334050E-0004
 4.54217347180634E+0000	-1.10125374811546E-0003
 4.54806617517442E+0000	-1.36745907274145E-0003
 4.55391916988378E+0000	-1.58544293317455E-0003
 4.55973992021204E+0000	-1.75067395827638E-0003
 4.56553616412281E+0000	-1.85911417057537E-0003
 4.57131608047897E+0000	-1.90721731650739E-0003
 4.57708845693915E+0000	-1.89198375219117E-0003
 4.58286286140016E+0000	-1.81108158469098E-0003
 4.58864981145686E+0000	-1.66304832450361E-0003
 4.59446093052040E+0000	-1.44759213654446E-0003
 4.60030907016976E+0000	-1.16602083667888E-0003
 4.60620835822349E+0000	-8.21838909939445E-0004
 4.61217409198801E+0000	-4.21561463290331E-0004
 4.61822232641116E+0000	 2.42165782559700E-0005
 4.62436890249219E+0000	 4.99521816193072E-0004
 4.63062754522073E+0000	 9.81681878298264E-0004
 4.63700664204859E+0000	 1.44057390710910E-0003
 4.64350467241041E+0000	 1.83961154371746E-0003
 4.65010538658348E+0000	 2.14001018541406E-0003
 4.65677559141659E+0000	 2.30895413920095E-0003
 4.66346900345780E+0000	 2.32925236878749E-0003
 4.67013652384276E+0000	 2.20495560090638E-0003
 4.67673791235635E+0000	 1.95882859635593E-0003
 4.68324843414037E+0000	 1.62357608436663E-0003
 4.68965856732553E+0000	 1.23260781849199E-0003
 4.69596957667661E+0000	 8.14384266476873E-0004
 4.70218852722319E+0000	 3.90709852247676E-0004
 4.70832463484556E+0000	-2.25549127376494E-0005
 4.71438726512656E+0000	-4.13912454090108E-0004
 4.72038516988775E+0000	-7.74701105987269E-0004
 4.72632642448200E+0000	-1.09798259576304E-0003
 4.73221865111112E+0000	-1.37786901023886E-0003
 4.73806929241229E+0000	-1.60917161856344E-0003
 4.74388584718702E+0000	-1.78723741702137E-0003
 4.74967606459078E+0000	-1.90788287021078E-0003
 4.75544812019576E+0000	-1.96738642209113E-0003
 4.76121079217839E+0000	-1.96253565920654E-0003
 4.76697364266049E+0000	-1.89073927654603E-0003
 4.77274720000111E+0000	-1.75021816716507E-0003
 4.77854313272111E+0000	-1.54029429450727E-0003
 4.78437439849101E+0000	-1.26180555932384E-0003
 4.79025533390970E+0000	-9.17689202269126E-0004
 4.79620161310553E+0000	-5.13789865732774E-0004
 4.80222993404121E+0000	-5.99474161361401E-0005
 4.80835718073797E+0000	 4.28628039657837E-0004
 4.81459866836118E+0000	 9.29846691778872E-0004
 4.82096499662523E+0000	 1.41362283822343E-0003
 4.82745729208926E+0000	 1.84232209997448E-0003
 4.83406169380993E+0000	 2.17453577824593E-0003
 4.84074594905680E+0000	 2.37335443402447E-0003
 4.84746226768905E+0000	 2.41720800036311E-0003
 4.85415784342175E+0000	 2.30727614611770E-0003
 4.86078810925110E+0000	 2.06597254305828E-0003
 4.86732503486482E+0000	 1.72767630266152E-0003
 4.87375745536967E+0000	 1.32822810324051E-0003
 4.88008632342185E+0000	 8.98270159898923E-0004
 4.88631910068991E+0000	 4.61141030459637E-0004
 4.89246561188171E+0000	 3.36123039914348E-0005
 4.89853577386146E+0000	-3.72343277580951E-0004
 4.90453873825578E+0000	-7.47831871566640E-0004
 4.91048283213797E+0000	-1.08578780106278E-0003
 4.91637582060144E+0000	-1.38022326719494E-0003
 4.92222521985383E+0000	-1.62584361779631E-0003
 4.92803855959705E+0000	-1.81787237664283E-0003
 4.93382359191816E+0000	-1.95197979780761E-0003
 4.93958847594529E+0000	-2.02426925286790E-0003
 4.94534196148543E+0000	-2.03131586668301E-0003
 4.95109357921811E+0000	-1.97026804730243E-0003
 4.95685383452874E+0000	-1.83902630961229E-0003
 4.96263439751106E+0000	-1.63651730040955E-0003
 4.96844827637230E+0000	-1.36309054223167E-0003
 4.97430994660840E+0000	-1.02108145237549E-0003
 4.98023537394229E+0000	-6.15602191568672E-0004
 4.98624180250583E+0000	-1.55630176352834E-0004
 4.99234706669850E+0000	 3.44565959753546E-0004
 4.99856802437386E+0000	 8.63755690888031E-0004
 5.00491756674734E+0000	 1.37227381695897E-0003
 5.01139979199138E+0000	 1.83186501956748E-0003
 5.01800387996498E+0000	 2.19877167473143E-0003
 5.02469937923430E+0000	 2.43182157850744E-0003
 5.03143765603225E+0000	 2.50432099783188E-0003
 5.03816224556851E+0000	 2.41355931728113E-0003
 5.04482370358193E+0000	 2.18084346240285E-0003
 5.05138996504970E+0000	 1.84200111347090E-0003
 5.05784765975412E+0000	 1.43547382617221E-0003
 5.06419714195278E+0000	 9.94391823790747E-0004
 5.07044618847373E+0000	 5.43901658847798E-0004
 5.07660525472349E+0000	 1.01871885732819E-0004
 5.08268486217854E+0000	-3.19145259724858E-0004
 5.08869461040059E+0000	-7.09974585728207E-0004
 5.09464310910086E+0000	-1.06340342860834E-0003
 5.10053828094858E+0000	-1.37333690081092E-0003
 5.10638771929957E+0000	-1.63437113855914E-0003
 5.11219898149830E+0000	-1.84160416441681E-0003
 5.11797981436846E+0000	-1.99055902890984E-0003
 5.12373834751053E+0000	-2.07716408345982E-0003
 5.12948328356500E+0000	-2.09778257305259E-0003
 5.13522409610252E+0000	-2.04930271378303E-0003
 5.14097123350822E+0000	-1.92930281774297E-0003
 5.14673632296951E+0000	-1.73630835626690E-0003
 5.15253236539229E+0000	-1.47016702652111E-0003
 5.15837390040161E+0000	-1.13258505362394E-0003
 5.16427709037878E+0000	-7.27889638520344E-0004
 5.17025961055655E+0000	-2.64099262476272E-0004
 5.17634012091979E+0000	 2.45628758120408E-0004
 5.18253692275400E+0000	 7.81204661895330E-0004
 5.18886520746573E+0000	 1.31380650340502E-0003
 5.19533230404720E+0000	 1.80508916105507E-0003
 5.20193109055547E+0000	 2.20939962657333E-0003
 5.20863393392204E+0000	 2.48131706949422E-0003
 5.21539231055261E+0000	 2.58831458733922E-0003
 5.22214639403289E+0000	 2.52257866491870E-0003
 5.22884134947019E+0000	 2.30326032320031E-0003
 5.23544019487954E+0000	 1.96720966399685E-0003
 5.24192661378830E+0000	 1.55558971542950E-0003
 5.24829995305046E+0000	 1.10436777297410E-0003
 5.25456816695472E+0000	 6.40838670252191E-0004
 5.26074235073849E+0000	 1.84208730483035E-0004
 5.26683369099819E+0000	-2.52251456865800E-0004
 5.27285229537415E+0000	-6.59018992097397E-0004
 5.27880709678576E+0000	-1.02870842088691E-0003
 5.28470619556006E+0000	-1.35510957393357E-0003
 5.29055726773394E+0000	-1.63270672555636E-0003
 5.29636789505441E+0000	-1.85647112532386E-0003
 5.30214581008848E+0000	-2.02177828134540E-0003
 5.30789909872056E+0000	-2.12438239175586E-0003
 5.31363639631716E+0000	-2.16043668553132E-0003
 5.31936709207789E+0000	-2.12657130024237E-0003
 5.32510154129415E+0000	-2.02004358799658E-0003
 5.33085128085630E+0000	-1.83897654246485E-0003
 5.33662924202816E+0000	-1.58270922297969E-0003
 5.34244994628189E+0000	-1.25230067273858E-0003
 5.34832964462474E+0000	-8.51253258342178E-0004
 5.35428630520321E+0000	-3.86545397920202E-0004
 5.36033924859125E+0000	 1.29932037391328E-0004
 5.36650805378204E+0000	 6.79508137951035E-0004
 5.37281012297871E+0000	 1.23465999082190E-0003
 5.37925616334388E+0000	 1.75759628533628E-0003
 5.38584335657201E+0000	 2.20145048516567E-0003
 5.39254803945231E+0000	 2.51686092794703E-0003
 5.39932312212651E+0000	 2.66491851632355E-0003
 5.40610612684675E+0000	 2.63133307417552E-0003
 5.41283648396293E+0000	 2.43165969595829E-0003
 5.41947128893900E+0000	 2.10300757799847E-0003
 5.42599030262946E+0000	 1.68924600107487E-0003
 5.43239126574970E+0000	 1.22954680397450E-0003
 5.43868207041980E+0000	 7.53769594129817E-0004
 5.44487442557640E+0000	 2.82773546003491E-0004
 5.45098024354985E+0000	-1.69262094412838E-0004
 5.45701021288528E+0000	-5.92372361501007E-0004
 5.46297364306319E+0000	-9.78961857886456E-0004
 5.46887884037503E+0000	-1.32269462423549E-0003
 5.47473357267525E+0000	-1.61794165872626E-0003
 5.48054544350305E+0000	-1.85954822834355E-0003
 5.48632216136372E+0000	-2.04274411062475E-0003
 5.49207175279654E+0000	-2.16311260735048E-0003
 5.49780276396260E+0000	-2.21660175070388E-0003
 5.50352447021708E+0000	-2.19958953660696E-0003
 5.50924709495989E+0000	-2.10901866402979E-0003
 5.51498203392197E+0000	-1.94261523557669E-0003
 5.52074208147951E+0000	-1.69921245008501E-0003
 5.52654165091349E+0000	-1.37921763314983E-0003
 5.53239696044574E+0000	-9.85287052959972E-0004
 5.53832610881502E+0000	-5.23302525269725E-0004
 5.54434886832461E+0000	-3.76242462094654E-0006
 5.55048585243207E+0000	 5.56334311984662E-0004
 5.55675645801205E+0000	 1.13122441184217E-0003
 5.56317474354253E+0000	 1.68440387842681E-0003
 5.56974264422780E+0000	 2.16872405896320E-0003
 5.57644165144041E+0000	 2.53160407215632E-0003
 5.58322781706226E+0000	 2.72757247148622E-0003
 5.59003732552493E+0000	 2.73447590366590E-0003
 5.59680393044918E+0000	 2.56239701379861E-0003
 5.60347778059900E+0000	 2.24743217350642E-0003
 5.61003347057149E+0000	 1.83585934433396E-0003
 5.61646626709335E+0000	 1.37037616536442E-0003
 5.62278359252589E+0000	 8.83893535497703E-0004
 5.62899767015369E+0000	 3.99330326544680E-0004
 5.63512118314683E+0000	-6.79632806062762E-0005
 5.64116548388218E+0000	-5.07442632691963E-0004
 5.64714032750874E+0000	-9.11245458733111E-0004
 5.65305426676138E+0000	-1.27289408421951E-0003
 5.65891517702996E+0000	-1.58664598705262E-0003
 5.66473068343782E+0000	-1.84722449904402E-0003
 5.67050846081328E+0000	-2.04971919695898E-0003
 5.67625645993892E+0000	-2.18954981968807E-0003
 5.68198311455991E+0000	-2.26246877529831E-0003
 5.68769755505974E+0000	-2.26461360474899E-0003
 5.69340983216956E+0000	-2.19262580095492E-0003
 5.69913114725979E+0000	-2.04384938590603E-0003
 5.70487408752998E+0000	-1.81662695876668E-0003
 5.71065286322073E+0000	-1.51072710890036E-0003
 5.71648352931750E+0000	-1.12796370242809E-0003
 5.72238413444894E+0000	-6.73100625481776E-0004
 5.72837465607634E+0000	-1.55165111787909E-0004
 5.73447642380277E+0000	 4.10712631269754E-0004
 5.74071047325723E+0000	 1.00094413056904E-0003
 5.74709395884108E+0000	 1.58106995573047E-0003
 5.75363373378078E+0000	 2.10479526504111E-0003
 5.76031746629838E+0000	 2.51752355215542E-0003
 5.76710631774176E+0000	 2.76766251081541E-0003
 5.77393717998458E+0000	 2.82410397881866E-0003
 5.78073891195707E+0000	 2.68924128308466E-0003
 5.78745391538303E+0000	 2.39622071940500E-0003
 5.79405015006342E+0000	 1.99293668474939E-0003
 5.80051919924723E+0000	 1.52575956078882E-0003
 5.80686735426975E+0000	 1.03116823868019E-0003
 5.81310712147670E+0000	 5.34646586971323E-0004
 5.81925195482321E+0000	 5.30711636365843E-0005
 5.82531395386536E+0000	-4.02232936969882E-0004
 5.83130340507123E+0000	-8.23046810548962E-0004
 5.83722916462876E+0000	-1.20272349741116E-0003
 5.84309924199533E+0000	-1.53540619744806E-0003
 5.84892128908007E+0000	-1.81570409077786E-0003
 5.85470293964815E+0000	-2.03857698737929E-0003
 5.86045205313883E+0000	-2.19929382860583E-0003
 5.86617692790825E+0000	-2.29342716104573E-0003
 5.87188651818138E+0000	-2.31689300406204E-0003
 5.87759066112325E+0000	-2.26605372504225E-0003
 5.88330031067265E+0000	-2.13789675901761E-0003
 5.88902777714270E+0000	-1.93030341392997E-0003
 5.89478697360885E+0000	-1.64243617237469E-0003
 5.90059366076310E+0000	-1.27529888339794E-0003
 5.90646565053963E+0000	-8.32558811503533E-0004
 5.91242285877000E+0000	-3.21756099833707E-0004
 5.91848695924918E+0000	 2.43957095952139E-0004
 5.92468014763541E+0000	 8.43476911951997E-0004
 5.93102217511082E+0000	 1.44506746767052E-0003
 5.93752458578101E+0000	 2.00449829456211E-0003
 5.94418183193853E+0000	 2.46678514594700E-0003
 5.95096210212780E+0000	 2.77546854893807E-0003
 5.95780570401294E+0000	 2.89012907402557E-0003
 5.96463842538881E+0000	 2.80325220301683E-0003
 5.97139475249642E+0000	 2.54239873249174E-0003
 5.97803450566820E+0000	 2.15554463148061E-0003
 5.98454401254577E+0000	 1.69249402666421E-0003
 5.99092742568045E+0000	 1.19374134076955E-0003
 5.99719708936445E+0000	 6.87918450713558E-0004
 6.00336713303242E+0000	 1.93890925554117E-0004
 6.00945046454944E+0000	-2.75949529283773E-0004
 6.01545799863991E+0000	-7.12886441234574E-0004
 6.02139897137393E+0000	-1.11005344715006E-0003
 6.02728156850344E+0000	-1.46147356179952E-0003
 6.03311348347195E+0000	-1.76165226143863E-0003
 6.03890230684101E+0000	-2.00543524137289E-0003
 6.04465579435460E+0000	-2.18795950370285E-0003
 6.05038208850871E+0000	-2.30464042325805E-0003
 6.05608993844826E+0000	-2.35119942211763E-0003
 6.06178892929031E+0000	-2.32375105261581E-0003
 6.06748971767576E+0000	-2.21896255839166E-0003
 6.07320427215029E+0000	-2.03429698828395E-0003
 6.07894612166347E+0000	-1.76836219010004E-0003
 6.08473061109851E+0000	-1.42141228977162E-0003
 6.09057513931783E+0000	-9.96082548243246E-0004
 6.09649929866033E+0000	-4.98478372267937E-0004
 6.10252471908974E+0000	 6.02294666402998E-0005
 6.10867420444921E+0000	 6.61577771568421E-0004
 6.11496940417799E+0000	 1.27704773828532E-0003
 6.12142591043512E+0000	 1.86556779445521E-0003
 6.12804493975706E+0000	 2.37359863859683E-0003
 6.13480313109765E+0000	 2.74186317263501E-0003
 6.14164719489529E+0000	 2.92142961985113E-0003
 6.14850282589311E+0000	 2.89326508711893E-0003
 6.15529756710763E+0000	 2.67626334029307E-0003
 6.16198196422655E+0000	 2.31602435957832E-0003
 6.16853526358533E+0000	 1.86487424593819E-0003
 6.17495806216223E+0000	 1.36751490795467E-0003
 6.18126178635931E+0000	 8.56313094357244E-0004
 6.18746097610700E+0000	 3.52684479347840E-0004
 6.19356934397259E+0000	-1.29523459338123E-0004
 6.19959852384737E+0000	-5.80882613189717E-0004
 6.20555822519448E+0000	-9.94218002984188E-0004
 6.21145687180558E+0000	-1.36341224477760E-0003
 6.21730222767850E+0000	-1.68287642572379E-0003
 6.22310184709676E+0000	-1.94736178844356E-0003
 6.22886337602663E+0000	-2.15189796403124E-0003
 6.23459478590872E+0000	-2.29177258145145E-0003
 6.24030459692230E+0000	-2.36254724030489E-0003
 6.24600210889192E+0000	-2.36012893502072E-0003
 6.25169763753500E+0000	-2.28091119057063E-0003
 6.25740275333330E+0000	-2.12199368086341E-0003
 6.26313052677732E+0000	-1.88149655168592E-0003
 6.26889578379132E+0000	-1.55900724240264E-0003
 6.27471535888980E+0000	-1.15623019132943E-0003
