-1.22270868589639E-0003	 3.20371453823263E-0004
 4.98060520241859E-0003	 5.74015254044997E-0004
 1.12379135064034E-0002	 8.15767917836657E-0004
 1.75491327964333E-0002	 1.03258717106916E-0003
 2.39099555107812E-0002	 1.21004346178207E-0003
 3.03108553424774E-0002	 1.33434494819033E-0003
 3.67373980020274E-0002	 1.39487185244955E-0003
 4.31720134959237E-0002	 1.38623109884171E-0003
 4.95965804450645E-0002	 1.30896003329871E-0003
 5.59947382740692E-0002	 1.16876521019882E-0003
 6.23531811227581E-0002	 9.74970406494876E-0004
 6.86619392673337E-0002	 7.39027506936718E-0004
 7.49141516136889E-0002	 4.73533879468489E-0004
 8.11058195246194E-0002	 1.91695077443706E-0004
 8.72357318221300E-0002	-9.30575593692399E-0005
 9.33054823559864E-0002	-3.67521799288730E-0004
 9.93194124990392E-0002	-6.19300285455570E-0004
 1.05284369725923E-0001	-8.37411681284947E-0004
 1.11209277342325E-0001	-1.01282034653823E-0003
 1.17104579847188E-0001	-1.13881009182792E-0003
 1.22981640818039E-0001	-1.21118692015947E-0003
 1.28852145027149E-0001	-1.22833210725251E-0003
 1.34727524956109E-0001	-1.19113020315487E-0003
 1.40618417369080E-0001	-1.10277724366102E-0003
 1.46534168093247E-0001	-9.68452666271781E-0004
 1.52482438740316E-0001	-7.94836539639988E-0004
 1.58469008201882E-0001	-5.89490293439627E-0004
 1.64497869232178E-0001	-3.60196786651814E-0004
 1.70571658753584E-0001	-1.14445147201050E-0004
 1.76692321064324E-0001	 1.40715313423913E-0004
 1.82861735521931E-0001	 3.98303162192515E-0004
 1.89081940018179E-0001	 6.50565306802693E-0004
 1.95354630757853E-0001	 8.87978220624693E-0004
 2.01679840722433E-0001	 1.09861188189836E-0003
 2.08054067492058E-0001	 1.26844328482542E-0003
 2.14468553991039E-0001	 1.38300263071613E-0003
 2.20908698409408E-0001	 1.43016850398154E-0003
 2.27355316537001E-0001	 1.40315597940144E-0003
 2.33787569811213E-0001	 1.30233848706252E-0003
 2.40186367662473E-0001	 1.13505796719571E-0003
 2.46536845540608E-0001	 9.13728753251628E-0004
 2.52829271238376E-0001	 6.53346970831589E-0004
 2.59058674154243E-0001	 3.69427897781029E-0004
 2.65223908490309E-0001	 7.67743968054730E-0005
 2.71326726841169E-0001	-2.11051650947490E-0004
 2.77371112618995E-0001	-4.81876968971822E-0004
 2.83362869582457E-0001	-7.24953655007880E-0004
 2.89309363167364E-0001	-9.31023637443854E-0004
 2.95219309146406E-0001	-1.09244175859858E-0003
 3.01102547044641E-0001	-1.20333604021607E-0003
 3.06969773980275E-0001	-1.25977518041822E-0003
 3.12832231520532E-0001	-1.25992289440484E-0003
 3.18701337130687E-0001	-1.20416435921967E-0003
 3.24588246689738E-0001	-1.09518132912432E-0003
 3.30503341074156E-0001	-9.37931089651778E-0004
 3.36455660217626E-0001	-7.39462899043792E-0004
 3.42452364769645E-0001	-5.08506838222668E-0004
 3.48498370306833E-0001	-2.54821881179673E-0004
 3.54596324285505E-0001	 1.15946686414486E-0005
 3.60747018547132E-0001	 2.81191211949764E-0004
 3.66950126729697E-0001	 5.45122783442802E-0004
 3.73204905130720E-0001	 7.94882502287772E-0004
 3.79510363101954E-0001	 1.02140339893690E-0003
 3.85864532337980E-0001	 1.21410450743266E-0003
 3.92262856047530E-0001	 1.36059996714874E-0003
 3.98696270979503E-0001	 1.44772647747142E-0003
 4.05150035949315E-0001	 1.46404319803827E-0003
 4.11604373689113E-0001	 1.40307685805633E-0003
 4.18037206979786E-0001	 1.26582809414162E-0003
 4.24428005589871E-0001	 1.06119736467040E-0003
 4.30761056152666E-0001	 8.04161306007790E-0004
 4.37026979755888E-0001	 5.12768179514324E-0004
 4.43222476404841E-0001	 2.05318165164939E-0004
 4.49349048434281E-0001	-1.01487585937073E-0004
 4.55411509771417E-0001	-3.93366819961630E-0004
 4.61416756796248E-0001	-6.58565920089457E-0004
 4.67372942084261E-0001	-8.87627145014708E-0004
 4.73289002018726E-0001	-1.07307418915405E-0003
 4.79174426247819E-0001	-1.20915376137446E-0003
 4.85039161877451E-0001	-1.29168504528966E-0003
 4.90893571234254E-0001	-1.31802463923176E-0003
 4.96748383757896E-0001	-1.28713747156461E-0003
 5.02614592026005E-0001	-1.19975670666079E-0003
 5.08503242405003E-0001	-1.05860380733866E-0003
 5.14425072680833E-0001	-8.68615915649469E-0004
 5.20389966981564E-0001	-6.37091876632361E-0004
 5.26406248466906E-0001	-3.73633099086720E-0004
 5.32479920532460E-0001	-8.97515212998067E-0005
 5.38614075657227E-0001	 2.01910501988247E-0004
 5.44808742696364E-0001	 4.88627246325600E-0004
 5.51061330582582E-0001	 7.58558494416066E-0004
 5.57367512890929E-0001	 1.00119545017588E-0003
 5.63722038697643E-0001	 1.20704263628182E-0003
 5.70118845367939E-0001	 1.36677854247647E-0003
 5.76550172677798E-0001	 1.47061552378850E-0003
 5.83005030253584E-0001	 1.50869855126721E-0003
 5.89468007528696E-0001	 1.47294811598328E-0003
 5.95919580618325E-0001	 1.35985464172896E-0003
 6.02338419098747E-0001	 1.17287052024037E-0003
 6.08704962458852E-0001	 9.22988200189485E-0004
 6.15004678121189E-0001	 6.27103037647937E-0004
 6.21229708724372E-0001	 3.05037340704224E-0004
 6.27378701577028E-0001	-2.34187918486786E-0005
 6.33455480454527E-0001	-3.40552683658791E-0004
 6.39467387838417E-0001	-6.31690890739194E-0004
 6.45423838981130E-0001	-8.85353722041128E-0004
 6.51335286319799E-0001	-1.09297312787359E-0003
 6.57212580542787E-0001	-1.24845767403342E-0003
 6.63066634247342E-0001	-1.34776923817871E-0003
 6.68908288167320E-0001	-1.38858883829495E-0003
 6.74748299512094E-0001	-1.37010256570942E-0003
 6.80597389546781E-0001	-1.29292087224084E-0003
 6.86466291987057E-0001	-1.15913888406308E-0003
 6.92365734687726E-0001	-9.72536516625976E-0004
 6.98306272096934E-0001	-7.38892565906485E-0004
 7.04297880056652E-0001	-4.66339291727400E-0004
 7.10349250564751E-0001	-1.65615508076742E-0004
 7.16466809569521E-0001	 1.49990924780891E-0004
 7.22653639439734E-0001	 4.65229944666459E-0004
 7.28908674133373E-0001	 7.64092744946957E-0004
 7.35226601545103E-0001	 1.03140824707791E-0003
 7.41598667360391E-0001	 1.25425861530393E-0003
 7.48014038871588E-0001	 1.42258371888439E-0003
 7.54460936423931E-0001	 1.52880724016223E-0003
 7.60926848255389E-0001	 1.56704402877061E-0003
 7.67397846734573E-0001	 1.53283773547288E-0003
 7.73857817524912E-0001	 1.42404743955288E-0003
 7.80288676092420E-0001	 1.24262195891558E-0003
 7.86672093523598E-0001	 9.96185419239987E-0004
 7.92992212431764E-0001	 6.98279982144348E-0004
 7.99238124061309E-0001	 3.66909786911100E-0004
 8.05405082526030E-0001	 2.20401090828435E-0005
 8.11494264192225E-0001	-3.16890621889277E-0004
 8.17511574753651E-0001	-6.32716592768001E-0004
 8.23466169423473E-0001	-9.11388406063561E-0004
 8.29369140380802E-0001	-1.14212724121004E-0003
 8.35232547741159E-0001	-1.31719496552942E-0003
 8.41068788306329E-0001	-1.43152152680392E-0003
 8.46890223318125E-0001	-1.48233118288504E-0003
 8.52708980026736E-0001	-1.46883203214627E-0003
 8.58536861809195E-0001	-1.39199130189259E-0003
 8.64385322742561E-0001	-1.25440571457659E-0003
 8.70265470999819E-0001	-1.06028044069320E-0003
 8.76188054132448E-0001	-8.15537433183001E-0004
 8.82163348447588E-0001	-5.28066766247870E-0004
 8.88200836241120E-0001	-2.08093585089031E-0004
 8.94308538211988E-0001	 1.31455416123403E-0004
 9.00491923393161E-0001	 4.74829666760104E-0004
 9.06752499642762E-0001	 8.03926639192609E-0004
 9.13086494343730E-0001	 1.09965990048890E-0003
 9.19484308358611E-0001	 1.34417326998650E-0003
 9.25931327865993E-0001	 1.52324817453656E-0003
 9.32409997817682E-0001	 1.62785712380225E-0003
 9.38902197317185E-0001	 1.65419014971517E-0003
 9.45390754040010E-0001	 1.60250130609645E-0003
 9.51859687827084E-0001	 1.47588028945645E-0003
 9.58293790543129E-0001	 1.27986293629019E-0003
 9.64678548177026E-0001	 1.02291342317333E-0003
 9.71000968739083E-0001	 7.17036077994363E-0004
 9.77251062378503E-0001	 3.77678945579447E-0004
 9.83423203515282E-0001	 2.26407008469812E-0005
 9.89516721437965E-0001	-3.29641197800928E-0004
 9.95535582199489E-0001	-6.61771206318895E-0004
 1.00148746616360E+0000	-9.58581229794612E-0004
 1.00738266700744E+0000	-1.20770934703311E-0003
 1.01323311700787E+0000	-1.39970784955612E-0003
 1.01905166274786E+0000	-1.52789152849120E-0003
 1.02485158557431E+0000	-1.58810186850154E-0003
 1.03064630164723E+0000	-1.57849408043399E-0003
 1.03644916544444E+0000	-1.49939376667898E-0003
 1.04227331329905E+0000	-1.35323079473412E-0003
 1.04813150363357E+0000	-1.14453909621318E-0003
 1.05403592764666E+0000	-8.80009204741130E-0004
 1.05999796870637E+0000	-5.68590294341233E-0004
 1.06602787055858E+0000	-2.21648416690255E-0004
 1.07213423074812E+0000	 1.46827307674040E-0004
 1.07832318875137E+0000	 5.20053797577486E-0004
 1.08459719585005E+0000	 8.78555714163437E-0004
 1.09095344014798E+0000	 1.20095381197695E-0003
 1.09738240674631E+0000	 1.46586061251350E-0003
 1.10386748861386E+0000	 1.65487184178256E-0003
 1.11038650388171E+0000	 1.75577187895589E-0003
 1.11691501797629E+0000	 1.76443349815180E-0003
 1.12343007570202E+0000	 1.68439637944074E-0003
 1.12991262927392E+0000	 1.52459381062374E-0003
 1.13634801035355E+0000	 1.29676405565046E-0003
 1.14272513174415E+0000	 1.01381997241252E-0003
 1.14903557634937E+0000	 6.89403775846868E-0004
 1.15527329292730E+0000	 3.38041412650841E-0004
 1.16143490355640E+0000	-2.48241035938593E-0005
 1.16752018635701E+0000	-3.83277669935363E-0004
 1.17353229352007E+0000	-7.21762420322301E-0004
 1.17947753386627E+0000	-1.02597334478518E-0003
 1.18536482041578E+0000	-1.28353488614607E-0003
 1.19120499889440E+0000	-1.48435860006223E-0003
 1.19701024113330E+0000	-1.62073139046539E-0003
 1.20279359398017E+0000	-1.68725452912757E-0003
 1.20856868925381E+0000	-1.68075280258238E-0003
 1.21434956817587E+0000	-1.60023935148629E-0003
 1.22015055036196E+0000	-1.44698199590475E-0003
 1.22598607118623E+0000	-1.22468128026630E-0003
 1.23187041434362E+0000	-9.39739406766168E-0004
 1.23781727672017E+0000	-6.01570895032288E-0004
 1.24383912070614E+0000	-2.22881178140681E-0004
 1.24994629199381E+0000	 1.80178493485937E-0004
 1.25614590005029E+0000	 5.88086113072177E-0004
 1.26244047318531E+0000	 9.78394207167520E-0004
 1.26882645449901E+0000	 1.32676814865618E-0003
 1.27529280435141E+0000	 1.60892963651897E-0003
 1.28182036958552E+0000	 1.80369711076143E-0003
 1.28838299011621E+0000	 1.89669672020584E-0003
 1.29495089347192E+0000	 1.88336310451764E-0003
 1.30149554959738E+0000	 1.76954027702580E-0003
 1.30799391108607E+0000	 1.56916430955165E-0003
 1.31443028809516E+0000	 1.30032753251243E-0003
 1.32079574094835E+0000	 9.81726228045925E-0004
 1.32708618406451E+0000	 6.30682719149479E-0004
 1.33330052388462E+0000	 2.62716074807253E-0004
 1.33943953595236E+0000	-1.08037128045575E-0004
 1.34550552513687E+0000	-4.68278938760203E-0004
 1.35150244536211E+0000	-8.05302676627144E-0004
 1.35743610154869E+0000	-1.10711440974536E-0003
 1.36331419761621E+0000	-1.36277706083210E-0003
 1.36914618076034E+0000	-1.56278211843716E-0003
 1.37494295744240E+0000	-1.69932134860461E-0003
 1.38071659106734E+0000	-1.76643031264110E-0003
 1.38648006239743E+0000	-1.76004898361841E-0003
 1.39224712192711E+0000	-1.67807675740113E-0003
 1.39803221436297E+0000	-1.52049990557833E-0003
 1.40385041575018E+0000	-1.28965331387294E-0003
 1.40971729020166E+0000	-9.90651644048983E-0004
 1.41564854223481E+0000	-6.31984154375317E-0004
 1.42165931764663E+0000	-2.26201730350462E-0004
 1.42776301139397E+0000	 2.09474777917840E-0004
 1.43396951240162E+0000	 6.52920118142094E-0004
 1.44028299024048E+0000	 1.07764104132542E-0003
 1.44669960480076E+0000	 1.45447098380774E-0003
 1.45320581765706E+0000	 1.75460166259634E-0003
 1.45977815996922E+0000	 1.95369612202200E-0003
 1.46638519639002E+0000	 2.03622525155759E-0003
 1.47299182069319E+0000	 1.99859898455847E-0003
 1.47956489898466E+0000	 1.84962259498159E-0003
 1.48607826760606E+0000	 1.60780916092104E-0003
 1.49251524753450E+0000	 1.29670429888863E-0003
 1.49886825489009E+0000	 9.40269915703501E-0004
 1.50513652563633E+0000	 5.59846258441950E-0004
 1.51132339243522E+0000	 1.73021701838327E-0004
 1.51743410983062E+0000	-2.06102606986165E-0004
 1.52347458980769E+0000	-5.65992853250793E-0004
 1.52945096814032E+0000	-8.96704087954317E-0004
 1.53536971776381E+0000	-1.18918696145491E-0003
 1.54123799203127E+0000	-1.43498722451151E-0003
 1.54706395313638E+0000	-1.62627731671616E-0003
 1.55285696079397E+0000	-1.75608054768622E-0003
 1.55862760821932E+0000	-1.81855266209995E-0003
 1.56438765992466E+0000	-1.80924065347211E-0003
 1.57014996178735E+0000	-1.72530541938530E-0003
 1.57592837237819E+0000	-1.56574725747296E-0003
 1.58173772340952E+0000	-1.33170343016203E-0003
 1.58759376576019E+0000	-1.02689696216376E-0003
 1.59351299550519E+0000	-6.58305015167387E-0004
 1.59951217876778E+0000	-2.37070953485187E-0004
 1.60560731482354E+0000	 2.20423360721393E-0004
 1.61181174285424E+0000	 6.91618719436529E-0004
 1.61813322776131E+0000	 1.14758384022415E-0003
 1.62457032273218E+0000	 1.55446256381162E-0003
 1.63110913366667E+0000	 1.87733960308122E-0003
 1.63772235167560E+0000	 2.08633339728541E-0003
 1.64437212433198E+0000	 2.16309460006015E-0003
 1.65101653445141E+0000	 2.10487343282962E-0003
 1.65761728181679E+0000	 1.92421758658431E-0003
 1.66414552218179E+0000	 1.64470555804097E-0003
 1.67058417023748E+0000	 1.29496595146621E-0003
 1.67692695014993E+0000	 9.03365450114713E-0004
 1.68317562510064E+0000	 4.94642804413311E-0004
 1.68933685695858E+0000	 8.85654524728994E-0005
 1.69541958517196E+0000	-2.99956612740773E-0004
 1.70143324868731E+0000	-6.59967334025434E-0004
 1.70738683670829E+0000	-9.83290429118884E-0004
 1.71328861064051E+0000	-1.26342248599547E-0003
 1.71914629307434E+0000	-1.49468988751024E-0003
 1.72496751257142E+0000	-1.67175730632517E-0003
 1.73076031392426E+0000	-1.78948419680795E-0003
 1.73653359440527E+0000	-1.84305673323188E-0003
 1.74229739704531E+0000	-1.82829098258306E-0003
 1.74806305872487E+0000	-1.74201400447532E-0003
 1.75384325203411E+0000	-1.58247133105900E-0003
 1.75965196667359E+0000	-1.34976190872811E-0003
 1.76550445097662E+0000	-1.04634869189867E-0003
 1.77141708062245E+0000	-6.77725027349230E-0004
 1.77740703742112E+0000	-2.53323017759507E-0004
 1.78349156104450E+0000	 2.12296819040591E-0004
 1.78968639605786E+0000	 6.98094090874954E-0004
 1.79600298832404E+0000	 1.17551021081923E-0003
 1.80244423954800E+0000	 1.60878602076889E-0003
 1.80899957567373E+0000	 1.95813704607021E-0003
 1.81564169590044E+0000	 2.18672315215380E-0003
 1.82232827656439E+0000	 2.26992168576454E-0003
 1.82900989265642E+0000	 2.20243402058121E-0003
 1.83564095569318E+0000	 1.99889526552898E-0003
 1.84218811778732E+0000	 1.68796442167589E-0003
 1.84863305109516E+0000	 1.30392382094985E-0003
 1.85497054800547E+0000	 8.79831812584838E-0004
 1.86120462090543E+0000	 4.43749927626167E-0004
 1.86734465841978E+0000	 1.75580743541097E-0005
 1.87340249442438E+0000	-3.82711566732083E-0004
 1.87939047584143E+0000	-7.45871927915255E-0004
 1.88532033621004E+0000	-1.06439161652019E-0003
 1.89120266217145E+0000	-1.33324456548129E-0003
 1.89704679586921E+0000	-1.54890266181531E-0003
 1.90286106133488E+0000	-1.70853534337070E-0003
 1.90865321539144E+0000	-1.80946795593310E-0003
 1.91443101584268E+0000	-1.84893130506038E-0003
 1.92020279599034E+0000	-1.82409907963437E-0003
 1.92597795212625E+0000	-1.73237020833840E-0003
 1.93176728863450E+0000	-1.57183025660169E-0003
 1.93758320681592E+0000	-1.34183205358814E-0003
 1.94343974778692E+0000	-1.04366798248353E-0003
 1.94935249212902E+0000	-6.81351082313318E-0004
 1.95533827073553E+0000	-2.62561648457003E-0004
 1.96141454403643E+0000	 2.00173548759999E-0004
 1.96759815466356E+0000	 6.88068185578519E-0004
 1.97390298358765E+0000	 1.17466470097464E-0003
 1.98033600990524E+0000	 1.62519131258685E-0003
 1.98689182273338E+0000	 1.99824463515502E-0003
 1.99354728319934E+0000	 2.25169822417899E-0003
 2.00026025278068E+0000	 2.35304021266324E-0003
 2.00697615785970E+0000	 2.29008778514635E-0003
 2.01364107249127E+0000	 2.07520210767973E-0003
 2.02021413783817E+0000	 1.73993602031106E-0003
 2.02667294924632E+0000	 1.32430594671119E-0003
 2.03301173605455E+0000	 8.67221295553932E-0004
 2.03923618227462E+0000	 4.01234975865801E-0004
 2.04535829759258E+0000	-4.88890372700723E-0005
 2.05139272780376E+0000	-4.65520752945319E-0004
 2.05735453134960E+0000	-8.36782492631035E-0004
 2.06325799637792E+0000	-1.15513027435505E-0003
 2.06911608841598E+0000	-1.41613249246755E-0003
 2.07494026355404E+0000	-1.61746797898700E-0003
 2.08074051451833E+0000	-1.75810438047600E-0003
 2.08652559932935E+0000	-1.83762965791881E-0003
 2.09230343333780E+0000	-1.85574561430990E-0003
 2.09808161702764E+0000	-1.81196222383830E-0003
 2.10386804348686E+0000	-1.70553786626793E-0003
 2.10967150368176E+0000	-1.53569107836973E-0003
 2.11550220128849E+0000	-1.30207725211838E-0003
 2.12137210277844E+0000	-1.00549939799814E-0003
 2.12729506697543E+0000	-6.48820120913432E-0004
 2.13328669737926E+0000	-2.38061040701789E-0004
 2.13936381745299E+0000	 2.16302969955564E-0004
 2.14554336761976E+0000	 6.97863209962105E-0004
 2.15184036591705E+0000	 1.18274521113696E-0003
 2.15826444110594E+0000	 1.63852332271753E-0003
 2.16481463290082E+0000	 2.02479017926722E-0003
 2.17147327017394E+0000	 2.29737403836831E-0003
 2.17820211285033E+0000	 2.41772431310487E-0003
 2.18494570932271E+0000	 2.36540720905051E-0003
 2.19164380890812E+0000	 2.14660037129446E-0003
 2.19824691066691E+0000	 1.79197339317457E-0003
 2.20472574671672E+0000	 1.34553205582142E-0003
 2.21107139445815E+0000	 8.52291105171571E-0004
 2.21728967034316E+0000	 3.50549367902947E-0004
 2.22339466069558E+0000	-1.30675759387938E-0004
 2.22940386299815E+0000	-5.71094487323656E-0004
 2.23533528098257E+0000	-9.57427152341754E-0004
 2.24120596577652E+0000	-1.28160177906713E-0003
 2.24703141797580E+0000	-1.53926608671809E-0003
 2.25282543268741E+0000	-1.72866850801484E-0003
 2.25860014812579E+0000	-1.84983336415129E-0003
 2.26436618973729E+0000	-1.90393183484407E-0003
 2.27013288546311E+0000	-1.89277427464697E-0003
 2.27590857134132E+0000	-1.81839396869921E-0003
 2.28170101463812E+0000	-1.68274209464699E-0003
 2.28751795843436E+0000	-1.48755396909604E-0003
 2.29336774734501E+0000	-1.23446404718969E-0003
 2.29925994599873E+0000	-9.25435742973920E-0004
 2.30520582621931E+0000	-5.63539399860063E-0004
 2.31121857851913E+0000	-1.54074129718235E-0004
 2.31731308295720E+0000	 2.94003045846269E-0004
 2.32350502798827E+0000	 7.66418213285682E-0004
 2.32980907952413E+0000	 1.24186987444212E-0003
 2.33623571404196E+0000	 1.69070011237551E-0003
 2.34278641728804E+0000	 2.07490255939175E-0003
 2.34944765732086E+0000	 2.35114177897307E-0003
 2.35618589705335E+0000	 2.47858236836606E-0003
 2.36294820536821E+0000	 2.43105059190099E-0003
 2.36967215959676E+0000	 2.20800054979562E-0003
 2.37630195585105E+0000	 1.83627848494422E-0003
 2.38280125388383E+0000	 1.36077204024464E-0003
 2.38915629840412E+0000	 8.30807122542272E-0004
 2.39537117107672E+0000	 2.90055586958429E-0004
 2.40146065068408E+0000	-2.27695153041760E-0004
 2.40744431779234E+0000	-6.98629314999608E-0004
 2.41334284241153E+0000	-1.10719249636847E-0003
 2.41917605271983E+0000	-1.44405270732879E-0003
 2.42496212365436E+0000	-1.70434878696246E-0003
 2.43071736697663E+0000	-1.88637371217124E-0003
 2.43645629798570E+0000	-1.99064906041184E-0003
 2.44219179990569E+0000	-2.01929049214552E-0003
 2.44793530314942E+0000	-1.97556136967441E-0003
 2.45369696059371E+0000	-1.86352993452787E-0003
 2.45948584359224E+0000	-1.68777671574158E-0003
 2.46531020812270E+0000	-1.45314285286648E-0003
 2.47117787932776E+0000	-1.16456389347353E-0003
 2.47709676726961E+0000	-8.27085476158685E-0004
 2.48307545644197E+0000	-4.46186681963259E-0004
 2.48912372002940E+0000	-2.85236524348698E-0005
 2.49525271954220E+0000	 4.16858339757938E-0004
 2.50147457883771E+0000	 8.76910032895799E-0004
 2.50780097780242E+0000	 1.33279600834815E-0003
 2.51424042363584E+0000	 1.75843978372203E-0003
 2.52079403463364E+0000	 2.12027807431019E-0003
 2.52745025578767E+0000	 2.37955032700353E-0003
 2.53418020326853E+0000	 2.49849947673642E-0003
 2.54093701016042E+0000	 2.45046219293067E-0003
 2.54766261115098E+0000	 2.23030974652769E-0003
 2.55430120954404E+0000	 1.85868318941996E-0003
 2.56081255521729E+0000	 1.37623281724393E-0003
 2.56717779801892E+0000	 8.31626491757000E-0004
 2.57339709107823E+0000	 2.70661555496044E-0004
 2.57948325927696E+0000	-2.69549671750165E-0004
 2.58545566663333E+0000	-7.61845432797978E-0004
 2.59133595830761E+0000	-1.18787328597360E-0003
 2.59714564607928E+0000	-1.53622085067174E-0003
 2.60290496525890E+0000	-1.80064844061986E-0003
 2.60863246685789E+0000	-1.97869731772863E-0003
 2.61434498110695E+0000	-2.07069377003262E-0003
 2.62005773456082E+0000	-2.07908269967340E-0003
 2.62578449732537E+0000	-2.00800609765200E-0003
 2.63153769432727E+0000	-1.86304368314063E-0003
 2.63732845437062E+0000	-1.65103848107398E-0003
 2.64316660663802E+0000	-1.37993938412707E-0003
 2.64906067055147E+0000	-1.05861489264948E-0003
 2.65501791273771E+0000	-6.96638341984844E-0004
 2.66104454102163E+0000	-3.04116823399901E-0004
 2.66714604111347E+0000	 1.08288647762477E-0004
 2.67332752734278E+0000	 5.28977823309536E-0004
 2.67959381261437E+0000	 9.44571904957954E-0004
 2.68594879454532E+0000	 1.33875618670975E-0003
 2.69239381292474E+0000	 1.69126423619756E-0003
 2.69892493985614E+0000	 1.97776887850032E-0003
 2.70552972893918E+0000	 2.17154764383853E-0003
 2.71218464574144E+0000	 2.24746360169838E-0003
 2.71885488957597E+0000	 2.18788718870302E-0003
 2.72549804507169E+0000	 1.98879680640442E-0003
 2.73207143655430E+0000	 1.66317012198424E-0003
 2.73854059175272E+0000	 1.23933873553941E-0003
 2.74488498845867E+0000	 7.54764656116581E-0004
 2.75109900904320E+0000	 2.48452718609640E-0004
 2.75718910410229E+0000	-2.44765198707030E-0004
 2.76316960959000E+0000	-6.96945389877472E-0004
 2.76905905455851E+0000	-1.08740923476089E-0003
 2.77487761815611E+0000	-1.40192732632904E-0003
 2.78064565260849E+0000	-1.63156122321775E-0003
 2.78638295299017E+0000	-1.77159906456558E-0003
 2.79210847208226E+0000	-1.82074594844795E-0003
 2.79784026056970E+0000	-1.78059723200164E-0003
 2.80359548166062E+0000	-1.65537292379624E-0003
 2.80939038812275E+0000	-1.45187444712650E-0003
 2.81524016472261E+0000	-1.17961069186889E-0003
 2.82115854503724E+0000	-8.51010610174568E-0004
 2.82715713143812E+0000	-4.81587289591207E-0004
 2.83324441154219E+0000	-8.98542767111798E-0005
 2.83942459876214E+0000	 3.03236552175960E-0004
 2.84569660664928E+0000	 6.75484836774885E-0004
 2.85205357627365E+0000	 1.00515662849576E-0003
 2.85848323201127E+0000	 1.27279425466558E-0003
 2.86496891880130E+0000	 1.46258201950405E-0003
 2.87149080324888E+0000	 1.56305851016219E-0003
 2.87802683052820E+0000	 1.56748403551789E-0003
 2.88455355072908E+0000	 1.47430205112130E-0003
 2.89104725068851E+0000	 1.28771021714551E-0003
 2.89748556725696E+0000	 1.01790969382582E-0003
 2.90384927697755E+0000	 6.80654272418822E-0004
 2.91012381057494E+0000	 2.96110455863367E-0004
 2.91630023037727E+0000	-1.12715974880659E-0004
 2.92237558960642E+0000	-5.21720983308240E-0004
 2.92835267401111E+0000	-9.07358989136171E-0004
 2.93423923471748E+0000	-1.24796000341054E-0003
 2.94004695471549E+0000	-1.52453566430811E-0003
 2.94579043753913E+0000	-1.72106927893197E-0003
 2.95148643651041E+0000	-1.82442690259699E-0003
 2.95715342821859E+0000	-1.82407963084964E-0003
 2.96281154762089E+0000	-1.71181141882597E-0003
 2.96848286758861E+0000	-1.48155362967057E-0003
 2.97419201021526E+0000	-1.12947858550221E-0003
 2.97996709593552E+0000	-6.54527108456265E-0004
 2.98584103574640E+0000	-5.96689819564526E-0005
 2.99185308074206E+0000	 6.45550764854656E-0004
 2.99805016798056E+0000	 1.44018125462163E-0003
 3.00448642123927E+0000	 2.28318255903602E-0003
 3.01121606673507E+0000	 3.09956594021830E-0003
 3.01826944603180E+0000	 3.76530968388426E-0003
 3.02560292622299E+0000	 4.11399937474415E-0003
 3.03305391290709E+0000	 4.00630287422388E-0003
 3.04038976383253E+0000	 3.43474639271808E-0003
 3.04743798081252E+0000	 2.52873170413022E-0003
 3.05414316469809E+0000	 1.45341565220431E-0003
 3.06052699701689E+0000	 3.36583778575326E-0004
 3.06663821383715E+0000	-7.41637290370079E-0004
 3.07252723978437E+0000	-1.73515094852360E-0003
 3.07823799644264E+0000	-2.61817458883773E-0003
 3.08380680990533E+0000	-3.37621684798573E-0003
 3.08926354389532E+0000	-4.00079588077109E-0003
 3.09463317410908E+0000	-4.48645022846846E-0003
 3.09993725900935E+0000	-4.82905714706661E-0003
 3.10519519783470E+0000	-5.02488180271752E-0003
 3.11042531076706E+0000	-5.07003270612418E-0003
 3.11564582438222E+0000	-4.96014485262215E-0003
 3.12087586816366E+0000	-4.69020133509785E-0003
 3.12613661282432E+0000	-4.25447018067436E-0003
 3.13145272411466E+0000	-3.64660410981714E-0003
 3.13685438044875E+0000	-2.86006632807580E-0003
 3.14238021807967E+0000	-1.88928592382654E-0003
 3.14808169045590E+0000	-7.32500944647484E-0004
 3.15402919779575E+0000	 6.01443228598110E-0004
 3.16031867855026E+0000	 2.07718580333294E-0003
 3.16706916023151E+0000	 3.59846263148632E-0003
 3.17437591224978E+0000	 4.95417030775961E-0003
 3.18216827968241E+0000	 5.82146735343339E-0003
 3.19010718731181E+0000	 5.98496026256788E-0003
 3.19782055816908E+0000	 5.54976391763697E-0003
 3.20515833032130E+0000	 4.77265108315154E-0003
 3.21213623207953E+0000	 3.85186235184137E-0003
 3.21881769636214E+0000	 2.89782848953630E-0003
 3.22526401316776E+0000	 1.96614367620840E-0003
 3.23152362835108E+0000	 1.08431142436084E-0003
 3.23763303954102E+0000	 2.66201838672976E-0004
 3.24361977344261E+0000	-4.80804861611243E-0004
 3.24950506626655E+0000	-1.15232969594565E-0003
 3.25530589515850E+0000	-1.74527883165054E-0003
 3.26103647025741E+0000	-2.25701524600695E-0003
 3.26670933496914E+0000	-2.68501314736666E-0003
 3.27233617209843E+0000	-3.02679925635828E-0003
 3.27792837224859E+0000	-3.28006662632949E-0003
 3.28349740604648E+0000	-3.44288002931369E-0003
 3.28905504279320E+0000	-3.51391531062986E-0003
 3.29461346056997E+0000	-3.49270027234356E-0003
 3.30018528793643E+0000	-3.37985027086474E-0003
 3.30578360301438E+0000	-3.17731304908377E-0003
 3.31142189321634E+0000	-2.88865052233686E-0003
 3.31711394987404E+0000	-2.51938714209144E-0003
 3.32287363883940E+0000	-2.07744034217477E-0003
 3.32871445674493E+0000	-1.57361108307185E-0003
 3.33464876801066E+0000	-1.02204376931505E-0003
 3.34068664937735E+0000	-4.40465761376378E-0004
 3.34683438757269E+0000	 1.50083208233154E-0004
 3.35309290459548E+0000	 7.26340659292562E-0004
 3.35945666044361E+0000	 1.26485516466776E-0003
 3.36591369746895E+0000	 1.74464643741834E-0003
 3.37244719039929E+0000	 2.14965909757241E-0003
 3.37903816489584E+0000	 2.47001535047916E-0003
 3.38566838756490E+0000	 2.70152265420402E-0003
 3.39232229604455E+0000	 2.84369853090779E-0003
 3.39898727187863E+0000	 2.89722831001919E-0003
 3.40565226278991E+0000	 2.86199767333279E-0003
 3.41230545179801E+0000	 2.73663060660302E-0003
 3.41893215024730E+0000	 2.51987712418808E-0003
 3.42551414375455E+0000	 2.21334999474564E-0003
 3.43203114527464E+0000	 1.82432791256582E-0003
 3.43846393856673E+0000	 1.36715935325764E-0003
 3.44479787707267E+0000	 8.62493691653893E-0004
 3.45102529970927E+0000	 3.34698553127287E-0004
 3.45714613333177E+0000	-1.91397073019866E-0004
 3.46316687599493E+0000	-6.93272625025080E-0004
 3.46909871189882E+0000	-1.15237271506269E-0003
 3.47495553300441E+0000	-1.55463882318140E-0003
 3.48075234457037E+0000	-1.89026087466226E-0003
 3.48650420194669E+0000	-2.15305491003222E-0003
 3.49222561634925E+0000	-2.33977041496205E-0003
 3.49793028622685E+0000	-2.44949448140717E-0003
 3.50363100863355E+0000	-2.48321260600250E-0003
 3.50933965604131E+0000	-2.44351891482448E-0003
 3.51506714308988E+0000	-2.33443287488025E-0003
 3.52082334557173E+0000	-2.16126399503903E-0003
 3.52661696910516E+0000	-1.93046401904585E-0003
 3.53245539762357E+0000	-1.64941645828689E-0003
 3.53834457906885E+0000	-1.32613795063437E-0003
 3.54428901961616E+0000	-9.68905032970269E-0004
 3.55029194870075E+0000	-5.85866575650087E-0004
 3.55635568118271E+0000	-1.84741947029344E-0004
 3.56248214735266E+0000	 2.27276405439337E-0004
 3.56867349956409E+0000	 6.43304469613394E-0004
 3.57493264285664E+0000	 1.05614883671747E-0003
 3.58126346916448E+0000	 1.45725510564624E-0003
 3.58767049177239E+0000	 1.83528234486441E-0003
 3.59415750041633E+0000	 2.17455828614533E-0003
 3.60072489207925E+0000	 2.45402647471662E-0003
 3.60736571232304E+0000	 2.64777564319297E-0003
 3.61406143732501E+0000	 2.72847449988596E-0003
 3.62077994083375E+0000	 2.67419690944271E-0003
 3.62747854044550E+0000	 2.47667417214517E-0003
 3.63411264817939E+0000	 2.14646784089098E-0003
 3.64064622244120E+0000	 1.71131059000580E-0003
 3.64705844924383E+0000	 1.20849154965764E-0003
 3.65334420553297E+0000	 6.76000863285471E-0004
 3.65951018132149E+0000	 1.46495504802619E-0004
 3.66556994082197E+0000	-3.54991050703833E-0004
 3.67153998874910E+0000	-8.10789431733037E-0004
 3.67743734186773E+0000	-1.20927328064807E-0003
 3.68327829289894E+0000	-1.54341656531987E-0003
 3.68907788960102E+0000	-1.80961087256661E-0003
 3.69484976067406E+0000	-2.00680112451800E-0003
 3.70060607289944E+0000	-2.13586811260956E-0003
 3.70635752169606E+0000	-2.19915955746082E-0003
 3.71211333166767E+0000	-2.20008776563825E-0003
 3.71788128544694E+0000	-2.14274295403248E-0003
 3.72366781759310E+0000	-2.03150614071043E-0003
 3.72947820996280E+0000	-1.87067870124950E-0003
 3.73531690907872E+0000	-1.66417133673257E-0003
 3.74118796077661E+0000	-1.41530766369765E-0003
 3.74709553209970E+0000	-1.12679596828095E-0003
 3.75304447227785E+0000	-8.00913070103414E-0004
 3.75904085288001E+0000	-4.39936594644095E-0004
 3.76509241168649E+0000	-4.68622518899478E-0005
 3.77120878975461E+0000	 3.73553375917039E-0004
 3.77740138054447E+0000	 8.13395899688079E-0004
 3.78368249622684E+0000	 1.25988354079397E-0003
 3.79006342703171E+0000	 1.69359098660235E-0003
 3.79655095317238E+0000	 2.08728559243519E-0003
 3.80314228166067E+0000	 2.40670027821444E-0003
 3.80981964450542E+0000	 2.61496466575047E-0003
 3.81654773576365E+0000	 2.68138103835063E-0003
 3.82327781229775E+0000	 2.59187158769858E-0003
 3.82995883824072E+0000	 2.35499017423325E-0003
 3.83655009075793E+0000	 1.99899178936012E-0003
 3.84302814458112E+0000	 1.56216946514091E-0003
 3.84938631234048E+0000	 1.08291212794835E-0003
 3.85562982909560E+0000	 5.93756262180400E-0004
 3.86177064171464E+0000	 1.19542708417125E-0004
 3.86782360046790E+0000	-3.22095896367054E-0004
 3.87380416325879E+0000	-7.19454524522714E-0004
 3.87972713754906E+0000	-1.06544016161296E-0003
 3.88560601321697E+0000	-1.35644463965281E-0003
 3.89145261815677E+0000	-1.59140369174331E-0003
 3.89727697312813E+0000	-1.77098783186485E-0003
 3.90308730420458E+0000	-1.89688587274753E-0003
 3.90889020484510E+0000	-1.97117385826366E-0003
 3.91469094191441E+0000	-1.99578986487030E-0003
 3.92049388495229E+0000	-1.97214862441430E-0003
 3.92630301951242E+0000	-1.90092637135510E-0003
 3.93212249511704E+0000	-1.78203095509797E-0003
 3.93795716060885E+0000	-1.61475588816929E-0003
 3.94381304985508E+0000	-1.39810925168414E-0003
 3.94969778953958E+0000	-1.13131266345730E-0003
 3.95562089892983E+0000	-8.14479202495095E-0004
 3.96159393098232E+0000	-4.49495599449885E-0004
 3.96763035707160E+0000	-4.11411394194514E-0005
 3.97374501844699E+0000	 4.01549501539186E-0004
 3.97995286438845E+0000	 8.63771643724932E-0004
 3.98626662114383E+0000	 1.32361105131841E-0003
 3.99269313437838E+0000	 1.75161959953728E-0003
 3.99922867623768E+0000	 2.11252307186127E-0003
 4.00585472240189E+0000	 2.37028808074391E-0003
 4.01253706868224E+0000	 2.49639372785788E-0003
 4.01923083424396E+0000	 2.47827455512044E-0003
 4.02589042365384E+0000	 2.32305310799329E-0003
 4.03247943790671E+0000	 2.05413828949167E-0003
 4.03897570988494E+0000	 1.70332555470114E-0003
 4.04537083295231E+0000	 1.30313055764506E-0003
 4.05166671126869E+0000	 8.82006493739117E-0004
 4.05787164934372E+0000	 4.62411109837147E-0004
 4.06399714990108E+0000	 6.06583980895317E-0005
 4.07005562781684E+0000	-3.12352916902785E-0004
 4.07605891078777E+0000	-6.50049529126533E-0004
 4.08201736158582E+0000	-9.48991023189420E-0004
 4.08793949258508E+0000	-1.20771501558384E-0003
 4.09383197143902E+0000	-1.42571352756910E-0003
 4.09969992399989E+0000	-1.60261184781439E-0003
 4.10554743503415E+0000	-1.73759796952756E-0003
 4.11137814420483E+0000	-1.82911863420936E-0003
 4.11719584577459E+0000	-1.87482358232795E-0003
 4.12300502578919E+0000	-1.87171513586557E-0003
 4.12881130067012E+0000	-1.81645301586007E-0003
 4.13462174549684E+0000	-1.70577266414537E-0003
 4.14044511284765E+0000	-1.53699281301910E-0003
 4.14629194198891E+0000	-1.30860837090909E-0003
 4.15217454228939E+0000	-1.02098251775267E-0003
 4.15810680235097E+0000	-6.77160216225821E-0004
 4.16410372721934E+0000	-2.83812416520699E-0004
 4.17018054633183E+0000	 1.47732895588115E-0004
 4.17635118811746E+0000	 6.00536084562997E-0004
 4.18262594374067E+0000	 1.05153763280418E-0003
 4.18900835639610E+0000	 1.47213024514129E-0003
 4.19549190206047E+0000	 1.83059105112993E-0003
 4.20205781336331E+0000	 2.09679214647361E-0003
 4.20867585151341E+0000	 2.24839055347632E-0003
 4.21530895197134E+0000	 2.27611088723456E-0003
 4.22192038596185E+0000	 2.18541887428971E-0003
 4.22848032719709E+0000	 1.99381840455986E-0003
 4.23496936000433E+0000	 1.72552601835128E-0003
 4.24137860294953E+0000	 1.40605724164960E-0003
 4.24770760502211E+0000	 1.05831813204922E-0003
 4.25396139153670E+0000	 7.00593589311808E-0004
 4.26014763794597E+0000	 3.46132430907898E-0004
 4.26627448662544E+0000	 3.79786685298430E-0006
 4.27234917650156E+0000	-3.20736449613055E-0004
 4.27837744381293E+0000	-6.23657199754324E-0004
 4.28436354029174E+0000	-9.01835173253604E-0004
 4.29031066510191E+0000	-1.15196951303011E-0003
 4.29622160073737E+0000	-1.37011288479373E-0003
 4.30209937497283E+0000	-1.55155076281033E-0003
 4.30794782881533E+0000	-1.69095412979044E-0003
 4.31377203273199E+0000	-1.78270911362627E-0003
 4.31957854188192E+0000	-1.82133977774290E-0003
 4.32537550921893E+0000	-1.80196640670192E-0003
 4.33117268517635E+0000	-1.72077025577230E-0003
 4.33698132776148E+0000	-1.57546104083340E-0003
 4.34281402993291E+0000	-1.36576139499312E-0003
 4.34868444476766E+0000	-1.09392892217689E-0003
 4.35460685678525E+0000	-7.65326621579983E-0004
 4.36059551560075E+0000	-3.89020516521620E-0004
 4.36666362674600E+0000	 2.16778877207384E-0005
 4.37282190600401E+0000	 4.48902387993931E-0004
 4.37907668688721E+0000	 8.70455362214295E-0004
 4.38542777661992E+0000	 1.26095902903986E-0003
 4.39186660092997E+0000	 1.59427486760307E-0003
 4.39837553087600E+0000	 1.84714488785752E-0003
 4.40492928013234E+0000	 2.00326404616529E-0003
 4.41149854667511E+0000	 2.05632027381706E-0003
 4.41805489911289E+0000	 2.01064917071628E-0003
 4.42457516760524E+0000	 1.87919729887024E-0003
 4.43104388850128E+0000	 1.67972724010623E-0003
 4.43745336600609E+0000	 1.43079511248406E-0003
 4.44380192329815E+0000	 1.14878407744821E-0003
 4.45009140214035E+0000	 8.46540760742555E-0004
 4.45632487024009E+0000	 5.33450503417456E-0004
 4.46250508634970E+0000	 2.16409621383764E-0004
 4.46863385854043E+0000	-9.88955503563561E-0005
 4.47471215017264E+0000	-4.06858278506846E-0004
 4.48074065137815E+0000	-7.01228326940976E-0004
 4.48672051511456E+0000	-9.74864162740334E-0004
 4.49265402159215E+0000	-1.21988744660117E-0003
 4.49854503767706E+0000	-1.42809719490285E-0003
 4.50439923476982E+0000	-1.59149618951037E-0003
 4.51022409485120E+0000	-1.70281685545582E-0003
 4.51602876555083E+0000	-1.75598240211954E-0003
 4.52182382752176E+0000	-1.74648437206924E-0003
 4.52762102062762E+0000	-1.67169045316115E-0003
 4.53343294919315E+0000	-1.53111287406748E-0003
 4.53927275880390E+0000	-1.32666856507339E-0003
 4.54515375291565E+0000	-1.06295012541291E-0003
 4.55108889960116E+0000	-7.47503628645851E-0004
 4.55709016961080E+0000	-3.91075821571684E-0004
 4.56316765148862E+0000	-7.74814088051873E-0006
 4.56932841908801E+0000	 3.85182428087218E-0004
 4.57557520380095E+0000	 7.67776552465615E-0004
 4.58190507526206E+0000	 1.11870572344954E-0003
 4.58830854952547E+0000	 1.41731243148948E-0003
 4.59476970155473E+0000	 1.64629268294346E-0003
 4.60126773436131E+0000	 1.79434868208761E-0003
 4.60777992203458E+0000	 1.85783578706800E-0003
 4.61428510919584E+0000	 1.84061130494010E-0003
 4.62076651889471E+0000	 1.75204206814322E-0003
 4.62721289460129E+0000	 1.60401680758779E-0003
 4.63361785027700E+0000	 1.40820918509025E-0003
 4.63997811540180E+0000	 1.17450318722932E-0003
 4.64629164024502E+0000	 9.10779487999438E-0004
 4.65255628706722E+0000	 6.23682099002713E-0004
 4.65876939315679E+0000	 3.19758535929005E-0004
 4.66492810852626E+0000	 6.43138939857674E-0006
 4.67103018648857E+0000	-3.07523339749291E-0004
 4.67707485228571E+0000	-6.12062685583414E-0004
 4.68306345903599E+0000	-8.96400781493534E-0004
 4.68899979181236E+0000	-1.14974979277151E-0003
 4.69489002472445E+0000	-1.36206612415719E-0003
 4.70074242595403E+0000	-1.52466189173679E-0003
 4.70656693270328E+0000	-1.63062811664717E-0003
 4.71237469837826E+0000	-1.67508396869133E-0003
 4.71817767319739E+0000	-1.65530249120151E-0003
 4.72398823770864E+0000	-1.57077064214217E-0003
 4.72981887734216E+0000	-1.42323071355982E-0003
 4.73568186710683E+0000	-1.21673136847125E-0003
 4.74158892615733E+0000	-9.57695656083180E-0004
 4.74755079856701E+0000	-6.54991904731733E-0004
 4.75357671730191E+0000	-3.19968717960971E-0004
 4.75967371674068E+0000	 3.36184650834568E-0005
 4.76584579029532E+0000	 3.89907831630223E-0004
 4.77209296997370E+0000	 7.31619369594800E-0004
 4.77841054661692E+0000	 1.04127577333748E-0003
 4.78478880248685E+0000	 1.30295234041810E-0003
 4.79121365506066E+0000	 1.50425163319340E-0003
 4.79766836433771E+0000	 1.63787770494574E-0003
 4.80413594476519E+0000	 1.70211376664732E-0003
 4.81060143524088E+0000	 1.69989558392315E-0003
 4.81705313891078E+0000	 1.63687868754689E-0003
 4.82348247774582E+0000	 1.51941873456239E-0003
 4.82988283316842E+0000	 1.35332654448696E-0003
 4.83624815212655E+0000	 1.14373692015531E-0003
 4.84257203099572E+0000	 8.95863022749578E-0004
 4.84884763295849E+0000	 6.16086266865515E-0004
 4.85506838601201E+0000	 3.12803195061934E-0004
 4.86122910432769E+0000	-3.35283304821069E-0006
 4.86732706595194E+0000	-3.19986917872237E-0004
 4.87336268114268E+0000	-6.23906267888696E-0004
 4.87933961363995E+0000	-9.02233505060613E-0004
 4.88526443557033E+0000	-1.14337275786142E-0003
 4.89114601125238E+0000	-1.33767169808834E-0003
 4.89699480696902E+0000	-1.47776444885088E-0003
 4.90282226045429E+0000	-1.55866715746716E-0003
 4.90864026902317E+0000	-1.57772413298316E-0003
 4.91446079958396E+0000	-1.53448973675720E-0003
 4.92029559353312E+0000	-1.43060425488822E-0003
 4.92615592803217E+0000	-1.26969592947225E-0003
 4.93205239297087E+0000	-1.05732131571195E-0003
 4.93799464273747E+0000	-8.00940689205604E-0004
 4.94399108035934E+0000	-5.09908644387565E-0004
 4.95004843202557E+0000	-1.95434039745573E-0004
 4.95617118681386E+0000	 1.29576649616380E-0004
 4.96236093239978E+0000	 4.50920257829629E-0004
 4.96861572371140E+0000	 7.53872404213387E-0004
 4.97492974454981E+0000	 1.02437557346575E-0003
 4.98129356957101E+0000	 1.25046987454770E-0003
 4.98769519428844E+0000	 1.42354833462570E-0003
 4.99412164988083E+0000	 1.53891538480101E-0003
 5.00056063141864E+0000	 1.59535046158422E-0003
 5.00700145964814E+0000	 1.59388409910219E-0003
 5.01343502987808E+0000	 1.53644134156285E-0003
 5.01985296207315E+0000	 1.42505541096113E-0003
 5.02624656563650E+0000	 1.26199851588968E-0003
 5.03260627225185E+0000	 1.05068668447724E-0003
 5.03892192523972E+0000	 7.96847161876609E-0004
 5.04518389429910E+0000	 5.09320303271648E-0004
 5.05138458908010E+0000	 2.00046123244968E-0004
 5.05751977274813E+0000	-1.16817996954903E-0004
 5.06358922397909E+0000	-4.26313457863679E-0004
 5.06959664058745E+0000	-7.14140633681592E-0004
 5.07554898105341E+0000	-9.67786316167081E-0004
 5.08145555586615E+0000	-1.17717564332971E-0003
 5.08732712929819E+0000	-1.33489894492272E-0003
 5.09317517460160E+0000	-1.43615100407042E-0003
 5.09901132247795E+0000	-1.47852161198839E-0003
 5.10484698289531E+0000	-1.46173923721352E-0003
 5.11069309756021E+0000	-1.38742917192915E-0003
 5.11655997749787E+0000	-1.25891818189770E-0003
 5.12245718299799E+0000	-1.08110010785556E-0003
 5.12839340358998E+0000	-8.60365345764961E-0004
 5.13437629171903E+0000	-6.04583294930392E-0004
 5.14041220098667E+0000	-3.23102010886969E-0004
 5.14650579312420E+0000	-2.66908007227123E-0005
 5.15265952597415E+0000	 2.72686939177232E-0004
 5.15887312284140E+0000	 5.62387672528406E-0004
 5.16514322304313E+0000	 8.29935488733031E-0004
 5.17146345623888E+0000	 1.06409305396253E-0003
 5.17782508766304E+0000	 1.25585307814087E-0003
 5.18421812382033E+0000	 1.39895499982494E-0003
 5.19063246684162E+0000	 1.48967942829286E-0003
 5.19705859514356E+0000	 1.52604793698339E-0003
 5.20348747283284E+0000	 1.50692249983253E-0003
 5.20990982995855E+0000	 1.43158745380839E-0003
 5.21631533152534E+0000	 1.30014749066916E-0003
 5.22269226415087E+0000	 1.11463707158677E-0003
 5.22902816178611E+0000	 8.80317801075259E-0004
 5.23531132741119E+0000	 6.06450614399593E-0004
 5.24153270570703E+0000	 3.06031286926382E-0004
 5.24768735630495E+0000	-5.49874936447146E-0006
 5.25377502397748E+0000	-3.12063662217052E-0004
 5.25979978334728E+0000	-5.98654165991841E-0004
 5.26576909186095E+0000	-8.52508384572093E-0004
 5.27169265887155E+0000	-1.06368497178348E-0003
 5.27758141850648E+0000	-1.22515443328384E-0003
 5.28344673308624E+0000	-1.33259782547477E-0003
 5.28929984064171E+0000	-1.38407296311067E-0003
 5.29515150802824E+0000	-1.37965309243640E-0003
 5.30101183882313E+0000	-1.32109778855200E-0003
 5.30689018818846E+0000	-1.21158917550986E-0003
 5.31279513985187E+0000	-1.05555302661948E-0003
 5.31873449742191E+0000	-8.58574406513763E-0004
 5.32471523478634E+0000	-6.27401882229776E-0004
 5.33074334662082E+0000	-3.70006205261230E-0004
 5.33682355438955E+0000	-9.56197919428802E-0005
 5.34295886944332E+0000	 1.85352979002784E-0004
 5.34915009385528E+0000	 4.61669686832820E-0004
 5.35539542778229E+0000	 7.21886342639809E-0004
 5.36169039649063E+0000	 9.55224552468621E-0004
 5.36802824302878E+0000	 1.15243190978905E-0003
 5.37440072553740E+0000	 1.30630421682931E-0003
 5.38079899807619E+0000	 1.41164001792702E-0003
 5.38721413410239E+0000	 1.46470389326363E-0003
 5.39363701429247E+0000	 1.46260657133645E-0003
 5.40005768252683E+0000	 1.40312978508287E-0003
 5.40646465509691E+0000	 1.28532819009683E-0003
 5.41284482634777E+0000	 1.11080258083317E-0003
 5.41918440760260E+0000	 8.85059683225678E-0004
 5.42547078692988E+0000	 6.18157891674676E-0004
 5.43169461475035E+0000	 3.24127464668932E-0004
 5.43785125846405E+0000	 1.93103981117910E-0005
 5.44394115806879E+0000	-2.79711163783776E-0004
 5.44996919328611E+0000	-5.57893065415854E-0004
 5.45594351178171E+0000	-8.02842861705015E-0004
 5.46187426739740E+0000	-1.00526186419315E-0003
 5.46777254080571E+0000	-1.15890110851200E-0003
 5.47364953850936E+0000	-1.26024371888054E-0003
 5.47951606206398E+0000	-1.30807397053824E-0003
 5.48538220141441E+0000	-1.30303216615332E-0003
 5.49125720257523E+0000	-1.24721347660948E-0003
 5.49714946392811E+0000	-1.14384913292105E-0003
 5.50306661374603E+0000	-9.97099224665254E-0004
 5.50901561192442E+0000	-8.11975996499663E-0004
 5.51500280650520E+0000	-5.94395947342038E-0004
 5.52103387095470E+0000	-3.51324348670492E-0004
 5.52711356456301E+0000	-9.09314095216951E-0005
 5.53324530605892E+0000	 1.77359812301008E-0004
 5.53943062939216E+0000	 4.43063571475244E-0004
 5.54566868216412E+0000	 6.95142864511120E-0004
 5.55195598608187E+0000	 9.22805284620655E-0004
 5.55828663664004E+0000	 1.11637816229125E-0003
 5.56465293279703E+0000	 1.26793956385922E-0003
 5.57104616348990E+0000	 1.37144690889077E-0003
 5.57745712596896E+0000	 1.42238869896908E-0003
 5.58387607830500E+0000	 1.41732932363837E-0003
 5.59029220801565E+0000	 1.35386945615943E-0003
 5.59669311087014E+0000	 1.23135452241496E-0003
 5.60306494200255E+0000	 1.05218183389361E-0003
 5.60939363287381E+0000	 8.23041236353378E-0004
 5.61566693107999E+0000	 5.55265749886264E-0004
 5.62187644800913E+0000	 2.63889970579736E-0004
 5.62801887138780E+0000	-3.42655456450483E-0005
 5.63409601145543E+0000	-3.22723020930527E-0004
 5.64011392664885E+0000	-5.87023096898150E-0004
 5.64608162701582E+0000	-8.15674432610837E-0004
 5.65200977912589E+0000	-1.00044415940633E-0003
 5.65790963903001E+0000	-1.13619959334460E-0003
 5.66379227759590E+0000	-1.22050608899631E-0003
 5.66966807999561E+0000	-1.25312512408877E-0003
 5.67554647774716E+0000	-1.23550124976905E-0003
 5.68143587312136E+0000	-1.17029611711957E-0003
 5.68734371692632E+0000	-1.06101763352699E-0003
 5.69327669087956E+0000	-9.11788536042861E-0004
 5.69924092599990E+0000	-7.27287566525913E-0004
 5.70524216771634E+0000	-5.12869089269196E-0004
 5.71128579004940E+0000	-2.74821878846938E-0004
 5.71737657884751E+0000	-2.06722469696028E-0005
 5.72351825702462E+0000	 2.40613468481595E-0004
 5.72971281443438E+0000	 4.98693204492726E-0004
 5.73595981739168E+0000	 7.42307382480526E-0004
 5.74225596186720E+0000	 9.60130413795968E-0004
 5.74859511595321E+0000	 1.14181329881503E-0003
 5.75496890305376E+0000	 1.27884770139609E-0003
 5.76136756685631E+0000	 1.36491676780349E-0003
 5.76778065392049E+0000	 1.39569974503959E-0003
 5.77419716470801E+0000	 1.36849220908699E-0003
 5.78060523978636E+0000	 1.28218210459005E-0003
 5.78699188952081E+0000	 1.13789823478573E-0003
 5.79334340172129E+0000	 9.40118260002700E-0004
 5.79964670273518E+0000	 6.97542065624367E-0004
 5.80589129685639E+0000	 4.23010906702921E-0004
 5.81207097015957E+0000	 1.32268660804887E-0004
 5.81818457851171E+0000	-1.57990239490651E-0004
 5.82423577429112E+0000	-4.32068120529467E-0004
 5.83023199271824E+0000	-6.76681294391438E-0004
 5.83618315704451E+0000	-8.81690667693398E-0004
 5.84210044811717E+0000	-1.04025368339485E-0003
 5.84799530572231E+0000	-1.14859371983674E-0003
 5.85387870126475E+0000	-1.20555885117348E-0003
 5.85976066481868E+0000	-1.21208540321478E-0003
 5.86565004000680E+0000	-1.17063921975496E-0003
 5.87155444575345E+0000	-1.08469185911070E-0003
 5.87748042136258E+0000	-9.58292589941803E-0004
 5.88343371036914E+0000	-7.95803144979429E-0004
 5.88941960258117E+0000	-6.01852933536292E-0004
 5.89544321707811E+0000	-3.81536424208284E-0004
 5.90150959126661E+0000	-1.40811736353490E-0004
 5.90762345976189E+0000	 1.13017835069408E-0004
 5.91378867224055E+0000	 3.70929095631811E-0004
 5.92000731427653E+0000	 6.22138524688400E-0004
 5.92627874713644E+0000	 8.54587391249175E-0004
 5.93259891748076E+0000	 1.05598859601853E-0003
 5.93896029230888E+0000	 1.21520363294832E-0003
 5.94535254267912E+0000	 1.32347315011118E-0003
 5.95176369545297E+0000	 1.37503405440778E-0003
 5.95818118898603E+0000	 1.36701792747959E-0003
 5.96459239141273E+0000	 1.29900704541181E-0003
 5.97098461863621E+0000	 1.17282192938838E-0003
 5.97734514229555E+0000	 9.92841719707560E-0004
 5.98366173055545E+0000	 7.66623146066435E-0004
 5.98992386002277E+0000	 5.05214902505066E-0004
 5.99612419565123E+0000	 2.22667381386199E-0004
 6.00225969628474E+0000	-6.52800065535607E-0005
 6.00833191978022E+0000	-3.42900072664990E-0004
 6.01434652697051E+0000	-5.96027772143817E-0004
 6.02031228125385E+0000	-8.13120879431813E-0004
 6.02623989084757E+0000	-9.85765899511505E-0004
 6.03214093437441E+0000	-1.10873477828101E-0003
 6.03802697886879E+0000	-1.17974260308909E-0003
 6.04390891341138E+0000	-1.19902775878669E-0003
 6.04979649097891E+0000	-1.16883126178138E-0003
 6.05569807553884E+0000	-1.09282524333900E-0003
 6.06162060338101E+0000	-9.75542483103002E-0004
 6.06756976302023E+0000	-8.21882046665892E-0004
 6.07355036338200E+0000	-6.36789697403019E-0004
 6.07956679937481E+0000	-4.25209718940292E-0004
 6.08562345989939E+0000	-1.92358265932063E-0004
 6.09172488821056E+0000	 5.57223783320438E-0005
 6.09787552527048E+0000	 3.11483268676370E-0004
 6.10407895602632E+0000	 5.65321876478490E-0004
 6.11033673825317E+0000	 8.05487169131382E-0004
 6.11664710892590E+0000	 1.01871175772154E-0003
 6.12300406154440E+0000	 1.19163349461113E-0003
 6.12939730484304E+0000	 1.31268838072624E-0003
 6.13581329100100E+0000	 1.37380319146344E-0003
 6.14223693626272E+0000	 1.37122527679587E-0003
 6.14865327514281E+0000	 1.30531894703521E-0003
 6.15504845799165E+0000	 1.17977393769935E-0003
 6.16141007743593E+0000	 1.00088657437692E-0003
 6.16772727474310E+0000	 7.77257121188829E-0004
 6.17399108378396E+0000	 5.19745111359278E-0004
 6.18019511124489E+0000	 2.41265813417766E-0004
 6.18633628269881E+0000	-4.38629063364503E-0005
 6.19241528138332E+0000	-3.20987553175229E-0004
 6.19843647383474E+0000	-5.76320458334845E-0004
 6.20440736269604E+0000	-7.97970934902309E-0004
 6.21033775731362E+0000	-9.76632000354889E-0004
 6.21623886585234E+0000	-1.10590123686564E-0003
 6.22212244537902E+0000	-1.18230470654165E-0003
 6.22800006963516E+0000	-1.20511095063631E-0003
 6.23388252816826E+0000	-1.17599790854621E-0003
 6.23977936297906E+0000	-1.09860439622552E-0003
 6.24569856787460E+0000	-9.77985659542775E-0004
 6.25164649825586E+0000	-8.20012411020581E-0004
 6.25762803716481E+0000	-6.30800649296421E-0004
 6.26364701499678E+0000	-4.16310637201561E-0004
 6.26970678575830E+0000	-1.82267211898958E-0004
 6.27581075590576E+0000	 6.55049773882275E-0005
