-7.53269928572823E-0004	-1.02319062422565E-0003
 5.17284570221041E-0003	-8.40284866628739E-0004
 1.11381577045784E-0002	-6.16317954059116E-0004
 1.71507258685213E-0002	-3.58386628302463E-0004
 2.32180527664858E-0002	-7.52073545829133E-0005
 2.93467534122487E-0002	 2.22399948286772E-0004
 3.55417408755238E-0002	 5.21073638417832E-0004
 4.18048930645798E-0002	 8.04878263917969E-0004
 4.81334357829378E-0002	 1.05610829059184E-0003
 5.45186397435994E-0002	 1.25720279003665E-0003
 6.09456665469969E-0002	 1.39355244387349E-0003
 6.73951562596885E-0002	 1.45629081244988E-0003
 7.38463019485004E-0002	 1.44381339861369E-0003
 8.02802205341487E-0002	 1.36127152036969E-0003
 8.66822362145457E-0002	 1.21840182659226E-0003
 9.30424297578503E-0002	 1.02686799592776E-0003
 9.93547875257758E-0002	 7.98242514886565E-0004
 1.05615794913741E-0001	 5.43121530653866E-0004
 1.11823250518232E-0001	 2.71227052947451E-0004
 1.17975713241490E-0001	-7.98681254002179E-0006
 1.24072605879337E-0001	-2.84740984291785E-0004
 1.30114727166902E-0001	-5.48702991007643E-0004
 1.36104826625880E-0001	-7.89224683106077E-0004
 1.42047963818310E-0001	-9.95931591644867E-0004
 1.47951531195866E-0001	-1.15944770149114E-0003
 1.53824968706657E-0001	-1.27205872364852E-0003
 1.59679276826804E-0001	-1.32820154044126E-0003
 1.65526441059597E-0001	-1.32475189574972E-0003
 1.71378849411181E-0001	-1.26113191844271E-0003
 1.77248749943571E-0001	-1.13927368131464E-0003
 1.83147775975072E-0001	-9.63472625869374E-0004
 1.89086561100378E-0001	-7.40164714451155E-0004
 1.95074461039014E-0001	-4.77674380969626E-0004
 2.01119374970632E-0001	-1.86002114090747E-0004
 2.07227603051607E-0001	 1.23272904830586E-0004
 2.13403601386640E-0001	 4.36944685222776E-0004
 2.19649450115777E-0001	 7.40078614263690E-0004
 2.25963911622781E-0001	 1.01612615305460E-0003
 2.32341186585487E-0001	 1.24766362986807E-0003
 2.38769845794239E-0001	 1.41809216694676E-0003
 2.45232717889638E-0001	 1.51421481663353E-0003
 2.51708390016415E-0001	 1.52892997356132E-0003
 2.58174237401130E-0001	 1.46283120493074E-0003
 2.64609938560383E-0001	 1.32384016777656E-0003
 2.71000077732656E-0001	 1.12503800012171E-0003
 2.77335028510915E-0001	 8.81767789828352E-0004
 2.83610284976160E-0001	 6.09178590014305E-0004
 2.89824996199864E-0001	 3.20825587460588E-0004
 2.95980468066090E-0001	 2.83156386153369E-0005
 3.02079094592304E-0001	-2.58357536052562E-0004
 3.08123859760257E-0001	-5.30209359003458E-0004
 3.14118330705925E-0001	-7.78725738677522E-0004
 3.20066952223975E-0001	-9.95584667050792E-0004
 3.25975429841238E-0001	-1.17269409151764E-0003
 3.31851030202040E-0001	-1.30249510902876E-0003
 3.37702702681041E-0001	-1.37842403679187E-0003
 3.43541000083515E-0001	-1.39542381064310E-0003
 3.49377823177845E-0001	-1.35042561593141E-0003
 3.55226027182866E-0001	-1.24275882104442E-0003
 3.61098918961554E-0001	-1.07447082273512E-0003
 3.67009659543150E-0001	-8.50541594224255E-0004
 3.72970583467183E-0001	-5.78966762321850E-0004
 3.78992461310740E-0001	-2.70673098858479E-0004
 3.85083757368114E-0001	 6.07610396584543E-0005
 3.91249947166155E-0001	 3.99573671410485E-0004
 3.97492931974831E-0001	 7.28430944968289E-0004
 4.03810524055671E-0001	 1.02914794971829E-0003
 4.10195946064206E-0001	 1.28357828305828E-0003
 4.16637393099955E-0001	 1.47485438652523E-0003
 4.23117959207652E-0001	 1.58913993239779E-0003
 4.29616438659869E-0001	 1.61774215374587E-0003
 4.36109357831753E-0001	 1.55893596408148E-0003
 4.42573975091754E-0001	 1.41860671452040E-0003
 4.48991305509002E-0001	 1.20920974677147E-0003
 4.55348103208955E-0001	 9.47384932365253E-0004
 4.61637305141348E-0001	 6.51178294357317E-0004
 4.67857194628733E-0001	 3.37782728192685E-0004
 4.74009935610377E-0001	 2.22239791583798E-0005
 4.80100077675302E-0001	-2.83056781739129E-0004
 4.86133380627403E-0001	-5.68003930555032E-0004
 4.92116076376379E-0001	-8.24436207442773E-0004
 4.98054548008638E-0001	-1.04546254016901E-0003
 5.03955341770471E-0001	-1.22498760871712E-0003
 5.09825401676023E-0001	-1.35740602611461E-0003
 5.15672409152818E-0001	-1.43753046675272E-0003
 5.21505117957608E-0001	-1.46075265026215E-0003
 5.27333596601329E-0001	-1.42340110306055E-0003
 5.33169319254373E-0001	-1.32324224770849E-0003
 5.39025069051440E-0001	-1.16007079261090E-0003
 5.44914625409501E-0001	-9.36340989115954E-0004
 5.50852200114097E-0001	-6.57786094480705E-0004
 5.56851579053571E-0001	-3.33945845517717E-0004
 5.62924942363705E-0001	 2.15308193614891E-0005
 5.69081403194363E-0001	 3.90997338547139E-0004
 5.75325433408214E-0001	 7.53536525238364E-0004
 5.81655491275408E-0001	 1.08641196228865E-0003
 5.88063233548653E-0001	 1.36714948934132E-0003
 5.94533602074193E-0001	 1.57593499750859E-0003
 6.01045868257123E-0001	 1.69791266673424E-0003
 6.07575535891063E-0001	 1.72499938266207E-0003
 6.14096887495497E-0001	 1.65688546886277E-0003
 6.20585811780023E-0001	 1.50094071133987E-0003
 6.27022355515917E-0001	 1.27092507928433E-0003
 6.33392400116761E-0001	 9.84773082747010E-0004
 6.39688135819377E-0001	 6.62064927879195E-0004
 6.45907457592324E-0001	 3.21841363610162E-0004
 6.52052727414257E-0001	-1.88506291291172E-0005
 6.58129382863534E-0001	-3.45644005647772E-0004
 6.64144711897088E-0001	-6.46951301308351E-0004
 6.70106926081034E-0001	-9.13708556657698E-0004
 6.76024544061196E-0001	-1.13894744489298E-0003
 6.81906049967804E-0001	-1.31731516007191E-0003
 6.87759785622584E-0001	-1.44461828731040E-0003
 6.93594039263535E-0001	-1.51744898536400E-0003
 6.99417289756182E-0001	-1.53294750308589E-0003
 7.05238551458665E-0001	-1.48875014743338E-0003
 7.11067747797825E-0001	-1.38315856127111E-0003
 7.16916028606857E-0001	-1.21554570611462E-0003
 7.22795938359496E-0001	-9.86991977624379E-0004
 7.28721333035217E-0001	-7.01123170388071E-0004
 7.34706924785674E-0001	-3.65090861763930E-0004
 7.40767310022244E-0001	 9.42748443980490E-0006
 7.46915341012227E-0001	 4.05452197247056E-0004
 7.53159807366523E-0001	 8.00566665690868E-0004
 7.59502692058123E-0001	 1.16797743213908E-0003
 7.65936750068636E-0001	 1.47920033888374E-0003
 7.72444548622724E-0001	 1.70820738037583E-0003
 7.78999897578406E-0001	 1.83594668864731E-0003
 7.85571588865031E-0001	 1.85360217265949E-0003
 7.92128194351124E-0001	 1.76343056881991E-0003
 7.98642299216003E-0001	 1.57720305967270E-0003
 8.05093138345667E-0001	 1.31321583912555E-0003
 8.11467477779168E-0001	 9.93001010403124E-0004
 8.17759141295884E-0001	 6.38522230129626E-0004
 8.23967749920803E-0001	 2.70210385154770E-0004
 8.30097189725161E-0001	-9.41267330062003E-0005
 8.36154177755389E-0001	-4.39683264626789E-0004
 8.42147121600503E-0001	-7.54568098829930E-0004
 8.48085316285993E-0001	-1.02948446001226E-0003
 8.53978428830041E-0001	-1.25733988106570E-0003
 8.59836190526350E-0001	-1.43287093304997E-0003
 8.65668230031164E-0001	-1.55230895292562E-0003
 8.71484011089532E-0001	-1.61308610125126E-0003
 8.77292867505791E-0001	-1.61358167474036E-0003
 8.83104142853242E-0001	-1.55292709733408E-0003
 8.88927438146720E-0001	-1.43091301317429E-0003
 8.94772947597274E-0001	-1.24806250722883E-0003
 9.00651824988533E-0001	-1.00594255527254E-0003
 9.06576476129364E-0001	-7.07776951678439E-0004
 9.12560617806523E-0001	-3.59394396431945E-0004
 9.18618879041963E-0001	 2.95168455067948E-0005
 9.24765654425687E-0001	 4.44002714548481E-0004
 9.31012904955469E-0001	 8.62679930995866E-0004
 9.37366786443457E-0001	 1.25757338658488E-0003
 9.43823593615883E-0001	 1.59601947683566E-0003
 9.50366562992864E-0001	 1.84541555340581E-0003
 9.56965844867084E-0001	 1.98013815142072E-0003
 9.63583030103574E-0001	 1.98786490836869E-0003
 9.70178812931302E-0001	 1.87199199612616E-0003
 9.76720176549658E-0001	 1.64914229536197E-0003
 9.83184269671143E-0001	 1.34379149157351E-0003
 9.89558727071455E-0001	 9.82894260898782E-0004
 9.95839875407631E-0001	 5.92134951780412E-0004
 1.00203031297056E+0000	 1.93963963678032E-0004
 1.00813669562576E+0000	-1.93075955078732E-0004
 1.01416801666458E+0000	-5.54266228891678E-0004
 1.02013440635278E+0000	-8.78252162404162E-0004
 1.02604638262542E+0000	-1.15645004771358E-0003
 1.03191445234024E+0000	-1.38247335294658E-0003
 1.03774895394797E+0000	-1.55166139012740E-0003
 1.04356004098192E+0000	-1.66073947028235E-0003
 1.04935772904281E+0000	-1.70760012349195E-0003
 1.05515196105884E+0000	-1.69117377479509E-0003
 1.06095267881072E+0000	-1.61135532386591E-0003
 1.06676991536027E+0000	-1.46896889925195E-0003
 1.07261393577498E+0000	-1.26578310253983E-0003
 1.07849544534424E+0000	-1.00462730875664E-0003
 1.08442584899487E+0000	-6.89696719688472E-0004
 1.09041747790490E+0000	-3.27156128724821E-0004
 1.09648359683342E+0000	 7.38610963166670E-0005
 1.10263787274858E+0000	 4.99846493814719E-0004
 1.10889285320400E+0000	 9.31305279414520E-0004
 1.11525698723051E+0000	 1.34156603937390E-0003
 1.12173010755237E+0000	 1.69724923111165E-0003
 1.12829846276835E+0000	 1.96200401229151E-0003
 1.13493214581292E+0000	 2.10416752875287E-0003
 1.14158827473172E+0000	 2.10600357070489E-0003
 1.14822021688828E+0000	 1.96931763325053E-0003
 1.15478824327204E+0000	 1.71375617085830E-0003
 1.16126596399405E+0000	 1.36950086225720E-0003
 1.16764090687859E+0000	 9.69280721594256E-0004
 1.17391149748343E+0000	 5.43061248771417E-0004
 1.18008326479718E+0000	 1.15784670820481E-0004
 1.18616576031661E+0000	-2.92932090494725E-0004
 1.19217048163347E+0000	-6.68227197152319E-0004
 1.19810959731194E+0000	-9.99171630438634E-0004
 1.20399521358467E+0000	-1.27795295685861E-0003
 1.20983900038807E+0000	-1.49915195621407E-0003
 1.21565206413863E+0000	-1.65914353903526E-0003
 1.22144498936776E+0000	-1.75563987997791E-0003
 1.22722798359836E+0000	-1.78738518100385E-0003
 1.23301106643795E+0000	-1.75399830960300E-0003
 1.23880425458183E+0000	-1.65594457550150E-0003
 1.24461771192679E+0000	-1.49460740034964E-0003
 1.25046185591773E+0000	-1.27243063187563E-0003
 1.25634743133192E+0000	-9.93117289818581E-0004
 1.26228557066250E+0000	-6.61902380937609E-0004
 1.26828784123978E+0000	-2.85962244783600E-0004
 1.27436621452414E+0000	 1.24934512766041E-0004
 1.28053276570674E+0000	 5.57425367908097E-0004
 1.28679872536380E+0000	 9.93196921698230E-0004
 1.29317233143204E+0000	 1.40758929515080E-0003
 1.29965500447166E+0000	 1.76910669336738E-0003
 1.30623616157461E+0000	 2.04153866479875E-0003
 1.31288884848075E+0000	 2.19036493818087E-0003
 1.31957024182934E+0000	 2.19276337800345E-0003
 1.32622973649584E+0000	 2.04628294353744E-0003
 1.33282154247708E+0000	 1.76998925936972E-0003
 1.33931437768766E+0000	 1.39725078244638E-0003
 1.34569382313292E+0000	 9.65623139313106E-0004
 1.35195899151703E+0000	 5.09407118472770E-0004
 1.35811749921920E+0000	 5.64344930994559E-0005
 1.36418131424264E+0000	-3.72195525348473E-0004
 1.37016412581551E+0000	-7.61110637800162E-0004
 1.37607992769565E+0000	-1.09942658255431E-0003
 1.38194233571957E+0000	-1.37968329494976E-0003
 1.38776428952837E+0000	-1.59702620639558E-0003
 1.39355795018982E+0000	-1.74858548675285E-0003
 1.39933471401169E+0000	-1.83299776278087E-0003
 1.40510531384941E+0000	-1.85004179816851E-0003
 1.41087999164005E+0000	-1.80038604804374E-0003
 1.41666871942608E+0000	-1.68545949741838E-0003
 1.42248143501103E+0000	-1.50745699042197E-0003
 1.42832825129847E+0000	-1.26948069367333E-0003
 1.43421959940293E+0000	-9.75807094555560E-0004
 1.44016627424190E+0000	-6.32262008144276E-0004
 1.44617936067894E+0000	-2.46692312473147E-0004
 1.45227001262415E+0000	 1.70453935962420E-0004
 1.45844901115787E+0000	 6.05398447166602E-0004
 1.46472591369038E+0000	 1.04012232898488E-0003
 1.47110743191028E+0000	 1.45138351695536E-0003
 1.47759457100915E+0000	 1.81018163654174E-0003
 1.48417839416801E+0000	 2.08289237312721E-0003
 1.49083556245565E+0000	 2.23578355206400E-0003
 1.49752684986904E+0000	 2.24353530281590E-0003
 1.50420233731636E+0000	 2.09878434290179E-0003
 1.51081299691160E+0000	 1.81644794012148E-0003
 1.51732242327437E+0000	 1.42910287117040E-0003
 1.52371210710538E+0000	 9.76744994206198E-0004
 1.52997949832144E+0000	 4.97459841384107E-0004
 1.53613266192178E+0000	 2.24899010218875E-0005
 1.54218514123741E+0000	-4.24775358529144E-0004
 1.54815248149350E+0000	-8.27774725928029E-0004
 1.55405036017667E+0000	-1.17519650690122E-0003
 1.55989378524444E+0000	-1.45956641731723E-0003
 1.56569685949220E+0000	-1.67621019474390E-0003
 1.57147278457983E+0000	-1.82256077191298E-0003
 1.57723393700175E+0000	-1.89770728483727E-0003
 1.58299195453247E+0000	-1.90208916074349E-0003
 1.58875782900618E+0000	-1.83727355985280E-0003
 1.59454202232070E+0000	-1.70579363876562E-0003
 1.60035461947978E+0000	-1.51105701529352E-0003
 1.60620551480354E+0000	-1.25735366575372E-0003
 1.61210460242315E+0000	-9.49998371531714E-0004
 1.61806191626860E+0000	-5.95634443473052E-0004
 1.62408764402116E+0000	-2.02704932277213E-0004
 1.63019192730444E+0000	 2.17929350019181E-0004
 1.63638435210031E+0000	 6.52272002420966E-0004
 1.64267301250302E+0000	 1.08244941520821E-0003
 1.64906297966118E+0000	 1.48608870670368E-0003
 1.65555395669422E+0000	 1.83615003895142E-0003
 1.66213703080706E+0000	 2.10194521481152E-0003
 1.66879112248335E+0000	 2.25250267799807E-0003
 1.67548114703680E+0000	 2.26309055208272E-0003
 1.68216092786106E+0000	 2.12352809344382E-0003
 1.68878206387683E+0000	 1.84381132911188E-0003
 1.69530514819965E+0000	 1.45259200791053E-0003
 1.70170711177968E+0000	 9.89014443791248E-0004
 1.70798173963378E+0000	 4.93095578273335E-0004
 1.71413542901046E+0000	-7.71889953580119E-0007
 1.72018184814869E+0000	-4.66212181853637E-0004
 1.72613773092982E+0000	-8.84507866387674E-0004
 1.73202032418986E+0000	-1.24310381728307E-0003
 1.73784615832886E+0000	-1.53398359081072E-0003
 1.74363064258309E+0000	-1.75235080592994E-0003
 1.74938808218944E+0000	-1.89571529358591E-0003
 1.75513185471406E+0000	-1.96333590665572E-0003
 1.76087459818393E+0000	-1.95592299543077E-0003
 1.76662834559160E+0000	-1.87550166448340E-0003
 1.77240459407638E+0000	-1.72535685408807E-0003
 1.77821432824668E+0000	-1.51001099929488E-0003
 1.78406802944943E+0000	-1.23521824174187E-0003
 1.78997569778497E+0000	-9.07991878361391E-0004
 1.79594689064897E+0000	-5.36709122214228E-0004
 1.80199074006555E+0000	-1.31350755066961E-0004
 1.80811585581981E+0000	 2.96079813755930E-0004
 1.81432996690020E+0000	 7.30964925079975E-0004
 1.82063912206500E+0000	 1.15540788290613E-0003
 1.82704628238919E+0000	 1.54772182134075E-0003
 1.83354921596889E+0000	 1.88245875775119E-0003
 1.84013780695153E+0000	 2.13155864743078E-0003
 1.84679136065976E+0000	 2.26733915624823E-0003
 1.85347730959472E+0000	 2.26775506057922E-0003
 1.86015337456335E+0000	 2.12303222054373E-0003
 1.86677428801918E+0000	 1.84071076355758E-0003
 1.87330108965013E+0000	 1.44558572545150E-0003
 1.87970846231454E+0000	 9.73903243606776E-0004
 1.88598686427292E+0000	 4.65057082883959E-0004
 1.89213995860022E+0000	-4.51674627427578E-0005
 1.89818005160962E+0000	-5.28011760011870E-0004
 1.90412385019336E+0000	-9.62328611482740E-0004
 1.90998949330558E+0000	-1.33362536709594E-0003
 1.91579486156945E+0000	-1.63260977492757E-0003
 1.92155682161494E+0000	-1.85380796035401E-0003
 1.92729104689208E+0000	-1.99448102763073E-0003
 1.93301214261840E+0000	-2.05388785094057E-0003
 1.93873388884175E+0000	-2.03286402920470E-0003
 1.94446947953473E+0000	-1.93365661382131E-0003
 1.95023168139230E+0000	-1.75994299631048E-0003
 1.95603287144039E+0000	-1.51695978868774E-0003
 1.96188494275084E+0000	-1.21167136297382E-0003
 1.96779909444417E+0000	-8.52919189401587E-0004
 1.97378554394737E+0000	-4.51515612703451E-0004
 1.97985320772516E+0000	-2.02821424865906E-0005
 1.98600937499312E+0000	 4.25923069180672E-0004
 1.99225933201970E+0000	 8.70117437845457E-0004
 1.99860579321175E+0000	 1.29301412509603E-0003
 2.00504792025603E+0000	 1.67286434044777E-0003
 2.01157976373157E+0000	 1.98567116911739E-0003
 2.01818823119113E+0000	 2.20634295436649E-0003
 2.02485118391894E+0000	 2.31137085867706E-0003
 2.03153685473499E+0000	 2.28318811188662E-0003
 2.03820602303458E+0000	 2.11531917564325E-0003
 2.04481753954659E+0000	 1.81612148453218E-0003
 2.05133571059531E+0000	 1.40869379070371E-0003
 2.05773635257983E+0000	 9.26431415373953E-0004
 2.06400903568178E+0000	 4.06380963673387E-0004
 2.07015554488372E+0000	-1.16620080789379E-0004
 2.07618637706667E+0000	-6.13382829508609E-0004
 2.08211710822506E+0000	-1.06145608510200E-0003
 2.08796558314006E+0000	-1.44473003983938E-0003
 2.09375011023568E+0000	-1.75239577057309E-0003
 2.09948848291883E+0000	-1.97779221687754E-0003
 2.10519757240147E+0000	-2.11739798423722E-0003
 2.11089327616336E+0000	-2.17006358890826E-0003
 2.11659066434774E+0000	-2.13650522330408E-0003
 2.12230420867191E+0000	-2.01905262799629E-0003
 2.12804800053119E+0000	-1.82163138552141E-0003
 2.13383587364537E+0000	-1.54994715303873E-0003
 2.13968135153138E+0000	-1.21181830413443E-0003
 2.14559735196429E+0000	-8.17572309437595E-0004
 2.15159561151196E+0000	-3.80384380819147E-0004
 2.15768585430843E+0000	 8.35900275613164E-0005
 2.16387481815517E+0000	 5.55423587933493E-0004
 2.17016532978439E+0000	 1.01401416423999E-0003
 2.17655561130065E+0000	 1.43697098731918E-0003
 2.18303884663577E+0000	 1.80159059487146E-0003
 2.18960282954723E+0000	 2.08582432260663E-0003
 2.19622950057686E+0000	 2.26944473911068E-0003
 2.20289453105371E+0000	 2.33584864103476E-0003
 2.20956764145680E+0000	 2.27471761383789E-0003
 2.21621454508354E+0000	 2.08502564001567E-0003
 2.22280084891011E+0000	 1.77707903717319E-0003
 2.22929702778031E+0000	 1.37217208297140E-0003
 2.23568260595119E+0000	 8.99493281500453E-0004
 2.24194795701641E+0000	 3.91458491311806E-0004
 2.24809352044498E+0000	-1.20677470196631E-0004
 2.25412744820624E+0000	-6.09703351705757E-0004
 2.26006291687627E+0000	-1.05366885737377E-0003
 2.26591587252373E+0000	-1.43591989971872E-0003
 2.27170344717820E+0000	-1.74452985808857E-0003
 2.27744298565637E+0000	-1.97153932721978E-0003
 2.28315152722150E+0000	-2.11222922627901E-0003
 2.28884559367761E+0000	-2.16452774773348E-0003
 2.29454117025642E+0000	-2.12858980318892E-0003
 2.30025379436226E+0000	-2.00656526406333E-0003
 2.30599867863102E+0000	-1.80256803616251E-0003
 2.31179078707392E+0000	-1.52285511547228E-0003
 2.31764475982730E+0000	-1.17620827573902E-0003
 2.32357455390475E+0000	-7.74465731628144E-0004
 2.32959265836543E+0000	-3.33064236299974E-0004
 2.33570879649665E+0000	 1.28673331544109E-0004
 2.34192820130825E+0000	 5.87884736269795E-0004
 2.34824985868896E+0000	 1.01950800179758E-0003
 2.35466541870918E+0000	 1.39865657518719E-0003
 2.36115945311421E+0000	 1.70348106119626E-0003
 2.36771114958980E+0000	 1.91751641460591E-0003
 2.37429671449633E+0000	 2.03074845857277E-0003
 2.38089148339659E+0000	 2.03948301738889E-0003
 2.38747128936989E+0000	 1.94575042476942E-0003
 2.39401337857988E+0000	 1.75685443528523E-0003
 2.40049738635394E+0000	 1.48509063968426E-0003
 2.40690657111210E+0000	 1.14725182207786E-0003
 2.41322906309193E+0000	 7.63571935475838E-0004
 2.41945867446358E+0000	 3.56104508525117E-0004
 2.42559495450344E+0000	-5.31090186895900E-0005
 2.43164252119731E+0000	-4.43612735069414E-0004
 2.43760998186299E+0000	-7.97558053539183E-0004
 2.44350880553383E+0000	-1.10015622633014E-0003
 2.44935238412656E+0000	-1.33972543334807E-0003
 2.45515536162933E+0000	-1.50753477555238E-0003
 2.46093320819727E+0000	-1.59760200111999E-0003
 2.46670197718127E+0000	-1.60654119947656E-0003
 2.47247818000331E+0000	-1.53351537982380E-0003
 2.47827871851155E+0000	-1.38033180893086E-0003
 2.48412080880126E+0000	-1.15171727568706E-0003
 2.49002180252797E+0000	-8.55813202759977E-0004
 2.49599875221929E+0000	-5.04916226498725E-0004
 2.50206747540998E+0000	-1.16420612938699E-0004
 2.50824078304870E+0000	 2.86267735413887E-0004
 2.51452557578556E+0000	 6.73440294153006E-0004
 2.52091894088632E+0000	 1.01048391645276E-0003
 2.52740445245843E+0000	 1.26214897095791E-0003
 2.53395118610820E+0000	 1.39974111122348E-0003
 2.54051783578821E+0000	 1.40871957156465E-0003
 2.54706133882922E+0000	 1.29239784253526E-0003
 2.55354574545180E+0000	 1.06943535173015E-0003
 2.55994703467709E+0000	 7.67214786917988E-0004
 2.56625311945486E+0000	 4.15198575611028E-0004
 2.57246114132638E+0000	 4.07177802020923E-0005
 2.57857432208467E+0000	-3.32718967022290E-0004
 2.58459949951338E+0000	-6.85548750892438E-0004
 2.59054554874071E+0000	-1.00159715609605E-0003
 2.59642251424106E+0000	-1.26735774181614E-0003
 2.60224122061240E+0000	-1.47133803381001E-0003
 2.60801317939088E+0000	-1.60354383174497E-0003
 2.61375067642314E+0000	-1.65509906415582E-0003
 2.61946698696976E+0000	-1.61797161083570E-0003
 2.62517671857489E+0000	-1.48477859290268E-0003
 2.63089632445447E+0000	-1.24866745088714E-0003
 2.63664486780238E+0000	-9.03307037609713E-0004
 2.64244516103663E+0000	-4.43081861307426E-0004
 2.64832546869600E+0000	 1.36310216784747E-0004
 2.65432206071494E+0000	 8.36427675991675E-0004
 2.66048301059440E+0000	 1.65285759384160E-0003
 2.66687352610372E+0000	 2.56791995699553E-0003
 2.67358156541247E+0000	 3.53392221342559E-0003
 2.68071396927128E+0000	 4.43585513732545E-0003
 2.68834016491602E+0000	 5.02754994385993E-0003
 2.69630156138142E+0000	 4.94054568733947E-0003
 2.70409185206724E+0000	 4.02715857154250E-0003
 2.71130365780189E+0000	 2.61202523332536E-0003
 2.71792281760068E+0000	 1.08340959146703E-0003
 2.72409115688904E+0000	-3.57966449359523E-0004
 2.72994006454329E+0000	-1.63796487847331E-0003
 2.73556348927113E+0000	-2.73544835327163E-0003
 2.74102639431831E+0000	-3.64870271086781E-0003
 2.74637481530187E+0000	-4.38244446473012E-0003
 2.75164278997461E+0000	-4.94289857024024E-0003
 2.75685675885912E+0000	-5.33594285263143E-0003
 2.76203839010437E+0000	-5.56643819772230E-0003
 2.76720648408554E+0000	-5.63802594859674E-0003
 2.77237836268684E+0000	-5.55311360292459E-0003
 2.77757099882902E+0000	-5.31294654720304E-0003
 2.78280206399342E+0000	-4.91774441450599E-0003
 2.78809104015552E+0000	-4.36693239312765E-0003
 2.79346054400740E+0000	-3.65955619629333E-0003
 2.79893803782410E+0000	-2.79507068427530E-0003
 2.80455813629943E+0000	-1.77489967780727E-0003
 2.81036569112624E+0000	-6.05607930702029E-0004
 2.81641945831922E+0000	 6.94548707405412E-0004
 2.82279439380312E+0000	 2.08227333498843E-0003
 2.82957444990699E+0000	 3.46448634052713E-0003
 2.83681328085637E+0000	 4.66688278834530E-0003
 2.84444024435196E+0000	 5.44707153151356E-0003
 2.85219735732152E+0000	 5.63866941781924E-0003
 2.85978319492230E+0000	 5.30305651365544E-0003
 2.86704678578553E+0000	 4.64351228192749E-0003
 2.87398329547215E+0000	 3.84162898361726E-0003
 2.88064607232256E+0000	 3.00817239115150E-0003
 2.88709526887644E+0000	 2.20012822219218E-0003
 2.89338141816921E+0000	 1.44340063176465E-0003
 2.89954296102271E+0000	 7.47566420915153E-0004
 2.90560779061681E+0000	 1.14245509591167E-0004
 2.91159558869960E+0000	-4.58251276312151E-0004
 2.91752005982054E+0000	-9.72376373635970E-0004
 2.92339083439345E+0000	-1.43003603113171E-0003
 2.92921499137519E+0000	-1.83202595729642E-0003
 2.93499822049675E+0000	-2.17790263637075E-0003
 2.94074568269307E+0000	-2.46609396573460E-0003
 2.94646263746888E+0000	-2.69413766756651E-0003
 2.95215489133171E+0000	-2.85899146032267E-0003
 2.95782910064784E+0000	-2.95738339698929E-0003
 2.96349295227604E+0000	-2.98617647742318E-0003
 2.96915524795926E+0000	-2.94272683566378E-0003
 2.97482592279424E+0000	-2.82522939395096E-0003
 2.98051602228471E+0000	-2.63306593756658E-0003
 2.98623764209996E+0000	-2.36718822670247E-0003
 2.99200380264850E+0000	-2.03057403561490E-0003
 2.99782819215375E+0000	-1.62878100018178E-0003
 3.00372467307629E+0000	-1.17058523669044E-0003
 3.00970641938108E+0000	-6.68618950204427E-0004
 3.01578456456611E+0000	-1.39804203010299E-0004
 3.02196634877946E+0000	 3.94768139916759E-0004
 3.02825302183581E+0000	 9.10960727074385E-0004
 3.03463816707949E+0000	 1.38402249713471E-0003
 3.04110741783002E+0000	 1.79209916815107E-0003
 3.04764030992304E+0000	 2.11977271696070E-0003
 3.05421405817023E+0000	 2.36009770337428E-0003
 3.06080788874737E+0000	 2.51407229499079E-0003
 3.06740613272051E+0000	 2.58774581763459E-0003
 3.07399892942954E+0000	 2.58830644111990E-0003
 3.08058054080553E+0000	 2.52080961620533E-0003
 3.08714622151992E+0000	 2.38676670134856E-0003
 3.09368905659740E+0000	 2.18501285251774E-0003
 3.10019815066595E+0000	 1.91436530921854E-0003
 3.10665896263915E+0000	 1.57680477919895E-0003
 3.11305554274654E+0000	 1.17970647947136E-0003
 3.11937354722738E+0000	 7.36261402138966E-0004
 3.12560278282589E+0000	 2.64217816754152E-0004
 3.13173857781715E+0000	-2.16287937340458E-0004
 3.13778192330624E+0000	-6.84986192092830E-0004
 3.14373872061435E+0000	-1.12326341351957E-0003
 3.14961858873596E+0000	-1.51526808406364E-0003
 3.15543362322955E+0000	-1.84837463655812E-0003
 3.16119734929953E+0000	-2.11318929543120E-0003
 3.16692395818622E+0000	-2.30331162900444E-0003
 3.17262780733112E+0000	-2.41502464490854E-0003
 3.17832311065008E+0000	-2.44702119297710E-0003
 3.18402373137884E+0000	-2.40021471554704E-0003
 3.18974299723333E+0000	-2.27763775469818E-0003
 3.19549347357546E+0000	-2.08439942840752E-0003
 3.20128665148163E+0000	-1.82764750057421E-0003
 3.20713253796946E+0000	-1.51645909228675E-0003
 3.21303918178436E+0000	-1.16157243996346E-0003
 3.21901223027607E+0000	-7.74887040576852E-0004
 3.22505467269647E+0000	-3.68721191693247E-0004
 3.23116694220316E+0000	 4.50726787275724E-0005
 3.23734748141790E+0000	 4.55910022458173E-0004
 3.24359372277521E+0000	 8.54898753889114E-0004
 3.24990324661266E+0000	 1.23462709295687E-0003
 3.25627472109864E+0000	 1.58819806693558E-0003
 3.26270814083250E+0000	 1.90762576284315E-0003
 3.26920391191735E+0000	 2.18201714698281E-0003
 3.27576056498095E+0000	 2.39630836310165E-0003
 3.28237141078422E+0000	 2.53156053497902E-0003
 3.28902125988639E+0000	 2.56763929069419E-0003
 3.29568500134552E+0000	 2.48817203623421E-0003
 3.30232957664138E+0000	 2.28619164001474E-0003
 3.30891932714477E+0000	 1.96792188851309E-0003
 3.31542276905575E+0000	 1.55279427868049E-0003
 3.32181805215717E+0000	 1.06970852744576E-0003
 3.32809523870881E+0000	 5.51371247739409E-0004
 3.33425534506698E+0000	 2.90700885274725E-0005
 3.34030748424406E+0000	-4.70641160498484E-0004
 3.34626566867761E+0000	-9.27197115785896E-0004
 3.35214622063297E+0000	-1.32586765725448E-0003
 3.35796604315261E+0000	-1.65695441729453E-0003
 3.36374161326257E+0000	-1.91485054785598E-0003
 3.36948845186648E+0000	-2.09720737521600E-0003
 3.37522085749072E+0000	-2.20427496707700E-0003
 3.38095176017378E+0000	-2.23839630279953E-0003
 3.38669261511697E+0000	-2.20360106592535E-0003
 3.39245330580330E+0000	-2.10523836523721E-0003
 3.39824206640040E+0000	-1.94959660059847E-0003
 3.40406546443430E+0000	-1.74348164774587E-0003
 3.40992850172771E+0000	-1.49376125127144E-0003
 3.41583488595679E+0000	-1.20692774424100E-0003
 3.42178749298372E+0000	-8.88769021342096E-0004
 3.42778898846112E+0000	-5.44253942780607E-0004
 3.43384252154307E+0000	-1.77726913421772E-0004
 3.43995235623063E+0000	 2.06526885646250E-0004
 3.44612426747796E+0000	 6.03331184512021E-0004
 3.45236549346975E+0000	 1.00533304689295E-0003
 3.45868400565108E+0000	 1.40153227162852E-0003
 3.46508686452490E+0000	 1.77593695548452E-0003
 3.47157754189526E+0000	 2.10688057188952E-0003
 3.47815240840913E+0000	 2.36775579668909E-0003
 3.48479717086642E+0000	 2.52994761814794E-0003
 3.49148478796326E+0000	 2.56828074459824E-0003
 3.49817683471124E+0000	 2.46805739328974E-0003
 3.50482950574546E+0000	 2.23097867388866E-0003
 3.51140282794875E+0000	 1.87643415724628E-0003
 3.51786885528118E+0000	 1.43678143726802E-0003
 3.52421499862282E+0000	 9.49216678517077E-0004
 3.53044223077635E+0000	 4.48513099299341E-0004
 3.53656074846777E+0000	-3.70006693385322E-0005
 3.54258566110090E+0000	-4.86455176640346E-0004
 3.54853385870838E+0000	-8.85757254419947E-0004
 3.55442211167978E+0000	-1.22631802075629E-0003
 3.56026605165272E+0000	-1.50377362014566E-0003
 3.56607967900231E+0000	-1.71689897141541E-0003
 3.57187515659066E+0000	-1.86672832242789E-0003
 3.57766276048740E+0000	-1.95583251159985E-0003
 3.58345093685342E+0000	-1.98769941807955E-0003
 3.58924645973640E+0000	-1.96618744763306E-0003
 3.59505470118793E+0000	-1.89505385623504E-0003
 3.60088001807940E+0000	-1.77758723671588E-0003
 3.60672623814064E+0000	-1.61638684447949E-0003
 3.61259720333021E+0000	-1.41332726221333E-0003
 3.61849731240549E+0000	-1.16973017247323E-0003
 3.62443200007984E+0000	-8.86745742031603E-0004
 3.63040809273941E+0000	-5.65932722160314E-0004
 3.63643398119890E+0000	-2.10020740912974E-0004
 3.64251954072749E+0000	 1.76165051125800E-0004
 3.64867570278085E+0000	 5.84649584956534E-0004
 3.65491354319464E+0000	 1.00319585057676E-0003
 3.66124270988788E+0000	 1.41429753560224E-0003
 3.66766900418291E+0000	 1.79461387862636E-0003
 3.67419105356533E+0000	 2.11547922559473E-0003
 3.68079649860221E+0000	 2.34546351417987E-0003
 3.68745919873072E+0000	 2.45588483584826E-0003
 3.69414015003985E+0000	 2.42873332921450E-0003
 3.70079412691600E+0000	 2.26360354600403E-0003
 3.70738014968035E+0000	 1.97891042907844E-0003
 3.71387015801043E+0000	 1.60609752995264E-0003
 3.72025172451121E+0000	 1.18072323650903E-0003
 3.72652547482200E+0000	 7.35299018402495E-0004
 3.73270045633857E+0000	 2.95781488708357E-0004
 3.73878993515009E+0000	-1.19041645654942E-0004
 3.74480847048435E+0000	-4.96695297207219E-0004
 3.75077016668717E+0000	-8.29692556687505E-0004
 3.75668774754467E+0000	-1.11421785961236E-0003
 3.76257214842840E+0000	-1.34897538156165E-0003
 3.76843243452345E+0000	-1.53422588274129E-0003
 3.77427594044021E+0000	-1.67100169507927E-0003
 3.78010857151486E+0000	-1.76049612998691E-0003
 3.78593521910806E+0000	-1.80363496771989E-0003
 3.79176023850781E+0000	-1.80083780098727E-0003
 3.79758793500241E+0000	-1.75196502711154E-0003
 3.80342300980770E+0000	-1.65643059819462E-0003
 3.80927093185310E+0000	-1.51345040175978E-0003
 3.81513821785848E+0000	-1.32239570861110E-0003
 3.82103261538981E+0000	-1.08323010310876E-0003
 3.82696318669026E+0000	-7.97023904182738E-0004
 3.83294028075763E+0000	-4.66557845050130E-0004
 3.83897535352478E+0000	-9.70409845599696E-0005
 3.84508054741329E+0000	 3.03033927167404E-0004
 3.85126786885848E+0000	 7.20910633184981E-0004
 3.85754771375929E+0000	 1.13858979068844E-0003
 3.86392644669088E+0000	 1.53222919173799E-0003
 3.87040293080288E+0000	 1.87273468081331E-0003
 3.87696465814574E+0000	 2.12873104727795E-0003
 3.88358549222247E+0000	 2.27264384948912E-0003
 3.89022783316572E+0000	 2.28848590482329E-0003
 3.89685011342367E+0000	 2.17726136553182E-0003
 3.90341634229827E+0000	 1.95626569690966E-0003
 3.90990256716234E+0000	 1.65288423308611E-0003
 3.91629800122211E+0000	 1.29703368475838E-0003
 3.92260236185232E+0000	 9.15717959858250E-0004
 3.92882204085226E+0000	 5.30523770191217E-0004
 3.93496675145756E+0000	 1.57256414306958E-0004
 3.94104716561266E+0000	-1.93314725992385E-0004
 3.94707347962880E+0000	-5.14302830883166E-0004
 3.95305469010718E+0000	-8.01513273826194E-0004
 3.95899837327666E+0000	-1.05239062187819E-0003
 3.96491080283857E+0000	-1.26518235982852E-0003
 3.97079727249397E+0000	-1.43835013227858E-0003
 3.97666251171365E+0000	-1.57022475634116E-0003
 3.98251110806176E+0000	-1.65887299978611E-0003
 3.98834787981661E+0000	-1.70212682087294E-0003
 3.99417817328312E+0000	-1.69772314070515E-0003
 4.00000808317010E+0000	-1.64351180957044E-0003
 4.00584460871821E+0000	-1.53770585312263E-0003
 4.01169576287866E+0000	-1.37916734755330E-0003
 4.01757064655917E+0000	-1.16774205688107E-0003
 4.02347948346322E+0000	-9.04673592755400E-0004
 4.02943358161327E+0000	-5.93139124526682E-0004
 4.03544514299473E+0000	-2.38946810116995E-0004
 4.04152678055398E+0000	 1.48593431636063E-0004
 4.04769052756883E+0000	 5.55697826122040E-0004
 4.05394607741427E+0000	 9.63291505196111E-0004
 4.06029809027207E+0000	 1.34691424011586E-0003
 4.06674285626615E+0000	 1.67824078701653E-0003
 4.07326551331581E+0000	 1.92900081141523E-0003
 4.07983984964316E+0000	 2.07693360339230E-0003
 4.08643215485989E+0000	 2.11146712274889E-0003
 4.09300810318586E+0000	 2.03600616027987E-0003
 4.09953937913289E+0000	 1.86563396565978E-0003
 4.10600722548251E+0000	 1.62197727446312E-0003
 4.11240250858242E+0000	 1.32801536125242E-0003
 4.11872363449852E+0000	 1.00453134854496E-0003
 4.12497383766527E+0000	 6.68474910639977E-0004
 4.13115879096225E+0000	 3.32758214111325E-0004
 4.13728491261363E+0000	 6.86630892401827E-0006
 4.14335839683053E+0000	-3.02217516839248E-0004
 4.14938483163776E+0000	-5.89100228481215E-0004
 4.15536921188286E+0000	-8.49258942158457E-0004
 4.16131616104677E+0000	-1.07857160594526E-0003
 4.16723021794041E+0000	-1.27307700717956E-0003
 4.17311610281638E+0000	-1.42890297288368E-0003
 4.17897893018529E+0000	-1.54229816040231E-0003
 4.18482436931637E+0000	-1.60972019627472E-0003
 4.19065876795327E+0000	-1.62795519703067E-0003
 4.19648925709269E+0000	-1.59426319501335E-0003
 4.20232384975331E+0000	-1.50656008404303E-0003
 4.20817153530421E+0000	-1.36365979207831E-0003
 4.21404235257224E+0000	-1.16560887896626E-0003
 4.21994739959123E+0000	-9.14146839634149E-0004
 4.22589870526809E+0000	-6.13315195079081E-0004
 4.23190884817390E+0000	-2.70208856938656E-0004
 4.23799016590833E+0000	 1.04202558129813E-0004
 4.24415338229675E+0000	 4.94381658092309E-0004
 4.25040555913994E+0000	 8.80049812978212E-0004
 4.25674756372505E+0000	 1.23711017754515E-0003
 4.26317177447630E+0000	 1.54018548519427E-0003
 4.26966125537245E+0000	 1.76667532344279E-0003
 4.27619146569783E+0000	 1.90114758801222E-0003
 4.28273436935936E+0000	 1.93818339111678E-0003
 4.28926336353393E+0000	 1.88241549362710E-0003
 4.29575708574273E+0000	 1.74604762407549E-0003
 4.30220106595573E+0000	 1.54525924696981E-0003
 4.30858737931462E+0000	 1.29693603354805E-0003
 4.31491312533128E+0000	 1.01653012722188E-0003
 4.32117862092841E+0000	 7.17159845331034E-0004
 4.32738590635944E+0000	 4.09624842930005E-0004
 4.33353779863752E+0000	 1.02883816344591E-0004
 4.33963745310438E+0000	-1.95378696196117E-0004
 4.34568826243437E+0000	-4.78306372870395E-0004
 4.35169391309530E+0000	-7.39603266338715E-0004
 4.35765847860860E+0000	-9.73409389284332E-0004
 4.36358649998009E+0000	-1.17425978306457E-0003
 4.36948305053830E+0000	-1.33708317679639E-0003
 4.37535379930203E+0000	-1.45722261241113E-0003
 4.38120508588824E+0000	-1.53048004721115E-0003
 4.38704401246986E+0000	-1.55319834901911E-0003
 4.39287854842616E+0000	-1.52240051240724E-0003
 4.39871763111911E+0000	-1.43600842063812E-0003
 4.40457123198112E+0000	-1.29316124654524E-0003
 4.41045034152042E+0000	-1.09464593340026E-0003
 4.41636680962957E+0000	-8.43437787110228E-0004
 4.42233295844162E+0000	-5.45323219353461E-0004
 4.42836086877739E+0000	-2.09529080536536E-0004
 4.43446124690196E+0000	 1.50797644371779E-0004
 4.44064184708528E+0000	 5.18526172535772E-0004
 4.44690560998829E+0000	 8.73247761819972E-0004
 4.45324897837047E+0000	 1.19304040775519E-0003
 4.45966111428317E+0000	 1.45722869970733E-0003
 4.46612465980113E+0000	 1.64949691468486E-0003
 4.47261810005381E+0000	 1.76030745674332E-0003
 4.47911902102465E+0000	 1.78775656336686E-0003
 4.48560716369308E+0000	 1.73669357651374E-0003
 4.49206638462360E+0000	 1.61665311474965E-0003
 4.49848522218476E+0000	 1.43949783833950E-0003
 4.50485636653493E+0000	 1.21754414990245E-0003
 4.51117563983833E+0000	 9.62507157912014E-0004
 4.51744102812522E+0000	 6.85159719890786E-0004
 4.52365202656010E+0000	 3.95383668621456E-0004
 4.52980929454681E+0000	 1.02318516820417E-0004
 4.53591449178504E+0000	-1.85540837431594E-0004
 4.54197017481530E+0000	-4.60312348664323E-0004
 4.54797970176726E+0000	-7.14717809370600E-0004
 4.55394715064512E+0000	-9.42061768980169E-0004
 4.55987727531916E+0000	-1.13619624041952E-0003
 4.56577551374872E+0000	-1.29149260747912E-0003
 4.57164804596595E+0000	-1.40284869939725E-0003
 4.57750188617757E+0000	-1.46575572502400E-0003
 4.58334498444756E+0000	-1.47644345875670E-0003
 4.58918630671038E+0000	-1.43211456996466E-0003
 4.59503585656822E+0000	-1.33127031368772E-0003
 4.60090459771072E+0000	-1.17412009905471E-0003
 4.60680423024563E+0000	-9.63055437044604E-0004
 4.61274676734586E+0000	-7.03149913019439E-0004
 4.61874385528417E+0000	-4.02613988661200E-0004
 4.62480579479402E+0000	-7.30815642070806E-0005
 4.63094028046820E+0000	 2.70457180034860E-0004
 4.63715100173897E+0000	 6.10295803006552E-0004
 4.64343642776393E+0000	 9.27374833767014E-0004
 4.64978922848077E+0000	 1.20328944928929E-0003
 4.65619671108388E+0000	 1.42253376573425E-0003
 4.66264232047163E+0000	 1.57435177591944E-0003
 4.66910782280787E+0000	 1.65363963289210E-0003
 4.67557551834928E+0000	 1.66070103925562E-0003
 4.68202986351295E+0000	 1.60010656580657E-0003
 4.68845820618493E+0000	 1.47921448158602E-0003
 4.69485076890232E+0000	 1.30690255591355E-0003
 4.70120027710585E+0000	 1.09276712588681E-0003
 4.70750158825544E+0000	 8.46713884219048E-0004
 4.71375145583393E+0000	 5.78722351624394E-0004
 4.71994837774381E+0000	 2.98627552725601E-0004
 4.72609243401231E+0000	 1.58920529391278E-0005
 4.73218507444686E+0000	-2.60580891524904E-0004
 4.73822888589484E+0000	-5.22545025505814E-0004
 4.74422739698698E+0000	-7.62417087078252E-0004
 4.75018496336464E+0000	-9.73229661226828E-0004
 4.75610674382515E+0000	-1.14858450158966E-0003
 4.76199874973877E+0000	-1.28265329450330E-0003
 4.76786793354668E+0000	-1.37025683521900E-0003
 4.77372227539079E+0000	-1.40703605129910E-0003
 4.77957082712631E+0000	-1.38971265402568E-0003
 4.78542367723821E+0000	-1.31642546185237E-0003
 4.79129180454442E+0000	-1.18712077753045E-0003
 4.79718678962846E+0000	-1.00396823167384E-0003
 4.80312035107171E+0000	-7.71761012298248E-0004
 4.80910367516744E+0000	-4.98235320190821E-0004
 4.81514652629206E+0000	-1.94207088509721E-0004
 4.82125617854058E+0000	 1.26613848986438E-0004
 4.82743630782840E+0000	 4.48277623652978E-0004
 4.83368610298166E+0000	 7.53786153803111E-0004
 4.83999991595727E+0000	 1.02671303416349E-0003
 4.84636768120242E+0000	 1.25292038522896E-0003
 4.85277608161446E+0000	 1.42192162235787E-0003
 4.85921014560026E+0000	 1.52753069059144E-0003
 4.86565479847150E+0000	 1.56771711685173E-0003
 4.87209596561716E+0000	 1.54390755441123E-0003
 4.87852110545580E+0000	 1.46014975601328E-0003
 4.88491935752046E+0000	 1.32246603017838E-0003
 4.89128160276599E+0000	 1.13845240567005E-0003
 4.89760059933847E+0000	 9.16965565934851E-0004
 4.90387115001041E+0000	 6.67735342082507E-0004
 4.91009016739216E+0000	 4.00879379187151E-0004
 4.91625655874633E+0000	 1.26416986179185E-0004
 4.92237095898698E+0000	-1.46102075162233E-0004
 4.92843540825136E+0000	-4.07797162049884E-0004
 4.93445307379671E+0000	-6.50502587652617E-0004
 4.94042807719368E+0000	-8.66725152277407E-0004
 4.94636543942788E+0000	-1.04959046547259E-0003
 4.95227111834836E+0000	-1.19284189074667E-0003
 4.95815209062223E+0000	-1.29093080228304E-0003
 4.96401642364925E+0000	-1.33920908027791E-0003
 4.96987328886100E+0000	-1.33421163559347E-0003
 4.97573288013617E+0000	-1.27400302442978E-0003
 4.98160621170652E+0000	-1.15855709977082E-0003
 4.98750477418164E+0000	-9.90135603819058E-0004
 4.99344002718682E+0000	-7.73622225122477E-0004
 4.99942271146565E+0000	-5.16747460688024E-0004
 5.00546198627760E+0000	-2.30108695364512E-0004
 5.01156445433901E+0000	 7.31350950292065E-0005
 5.01773322820862E+0000	 3.77999791197689E-0004
 5.02396728434090E+0000	 6.68854902092046E-0004
 5.03026136556111E+0000	 9.30879057721755E-0004
 5.03660655714840E+0000	 1.15144939530788E-0003
 5.04299140200359E+0000	 1.32108232071363E-0003
 5.04940318585238E+0000	 1.43371540374791E-0003
 5.05582898076912E+0000	 1.48642404528928E-0003
 5.06225623052563E+0000	 1.47891078776167E-0003
 5.06867297181468E+0000	 1.41312200315555E-0003
 5.07506798988864E+0000	 1.29312369299950E-0003
 5.08143115454644E+0000	 1.12508579240068E-0003
 5.08775394069566E+0000	 9.17114299763901E-0004
 5.09402993280596E+0000	 6.78794122038228E-0004
 5.10025509663152E+0000	 4.20514898632582E-0004
 5.10642773417637E+0000	 1.52772987419476E-0004
 5.11254818691119E+0000	-1.14372906457648E-0004
 5.11861843075176E+0000	-3.71609976524739E-0004
 5.12464170431493E+0000	-6.10461592287283E-0004
 5.13062226069408E+0000	-8.23241995928237E-0004
 5.13656526834396E+0000	-1.00297724942587E-0003
 5.14247683253679E+0000	-1.14337900692582E-0003
 5.14836407645265E+0000	-1.23892287488205E-0003
 5.15423521275127E+0000	-1.28504381044300E-0003
 5.16009954731038E+0000	-1.27843012168767E-0003
 5.16596737539341E+0000	-1.21738173236474E-0003
 5.17184974511269E+0000	-1.10219443088040E-0003
 5.17775806862836E+0000	-9.35529736626973E-0004
 5.18370356259608E+0000	-7.22719297629627E-0004
 5.18969650838859E+0000	-4.71928806737005E-0004
 5.19574535609521E+0000	-1.94075723503634E-0004
 5.20185576712060E+0000	 9.76193104172418E-0005
 5.20802978962462E+0000	 3.88525221534200E-0004
 5.21426543535235E+0000	 6.63881453316576E-0004
 5.22055688361215E+0000	 9.10210744048720E-0004
 5.22689532484272E+0000	 1.11646246298291E-0003
 5.23327015799008E+0000	 1.27454635498338E-0003
 5.23967008005819E+0000	 1.37920542319731E-0003
 5.24608370756623E+0000	 1.42751894868607E-0003
 5.25249969819292E+0000	 1.41848134099177E-0003
 5.25890667198209E+0000	 1.35295769769374E-0003
 5.26529333349337E+0000	 1.23397689435012E-0003
 5.27164900401009E+0000	 1.06703731616959E-0003
 5.27796444653470E+0000	 8.60072768003102E-0004
 5.28423265653227E+0000	 6.22944441791210E-0004
 5.29044931867759E+0000	 3.66594045319008E-0004
 5.29661281724606E+0000	 1.02133698095268E-0004
 5.30272388394490E+0000	-1.59878214658367E-0004
 5.30878507425476E+0000	-4.09851313315765E-0004
 5.31480026628206E+0000	-6.39279951644395E-0004
 5.32077431042358E+0000	-8.40665278557742E-0004
 5.32671287153496E+0000	-1.00737516078941E-0003
 5.33262243250100E+0000	-1.13355580342741E-0003
 5.33851038534608E+0000	-1.21416396385209E-0003
 5.34438512525129E+0000	-1.24513891418515E-0003
 5.35025607560784E+0000	-1.22369503671931E-0003
 5.35613359378234E+0000	-1.14869587069967E-0003
 5.36202872401893E+0000	-1.02106371753094E-0003
 5.36795277113709E+0000	-8.44173155678794E-0004
 5.37391667338472E+0000	-6.24160236086305E-0004
 5.37993017133897E+0000	-3.70048453586679E-0004
 5.38600082209031E+0000	-9.35601552254693E-0005
 5.39213300467158E+0000	 1.91517625112160E-0004
 5.39832717868032E+0000	 4.70459404132875E-0004
 5.40457970829644E+0000	 7.29070442657553E-0004
 5.41088343648578E+0000	 9.55113688358004E-0004
 5.41722887312587E+0000	 1.13921578289513E-0003
 5.42360552664749E+0000	 1.27497461798532E-0003
 5.43000282979191E+0000	 1.35841045332664E-0003
 5.43641038139479E+0000	 1.38725236154105E-0003
 5.44281766662022E+0000	 1.36058374632147E-0003
 5.44921373245681E+0000	 1.27907449537357E-0003
 5.45558729240783E+0000	 1.14560747263184E-0003
 5.46192743383521E+0000	 9.65832288848869E-0004
 5.46822471146556E+0000	 7.48212942837094E-0004
 5.47447218437400E+0000	 5.03427862642534E-0004
 5.48066600644959E+0000	 2.43316272716234E-0004
 5.48680542716905E+0000	-2.02592297944286E-0005
 5.49289231919217E+0000	-2.76303488347864E-0004
 5.49893048815593E+0000	-5.15174409326104E-0004
 5.50492501554050E+0000	-7.28685283102327E-0004
 5.51088179416589E+0000	-9.09957033724960E-0004
 5.51680730672091E+0000	-1.05318393310686E-0003
 5.52270861236419E+0000	-1.15345051411474E-0003
 5.52859345795331E+0000	-1.20668561295567E-0003
 5.53447041617436E+0000	-1.20978451281907E-0003
 5.54034896243060E+0000	-1.16088659352914E-0003
 5.54623942167429E+0000	-1.05976910054519E-0003
 5.55215273297189E+0000	-9.08302730035304E-0004
 5.55809998959234E+0000	-7.10899463105740E-0004
 5.56409172458143E+0000	-4.74855605935925E-0004
 5.57013694666637E+0000	-2.10451884881419E-0004
 5.57624201330311E+0000	 6.93615998104195E-0005
 5.58240956269361E+0000	 3.49843269662514E-0004
 5.58863786261279E+0000	 6.15899921930028E-0004
 5.59492094057832E+0000	 8.53807500300552E-0004
 5.60124960979337E+0000	 1.05266349223256E-0003
 5.60761305669981E+0000	 1.20502061804335E-0003
 5.61400031599676E+0000	 1.30653335521310E-0003
 5.62040102850101E+0000	 1.35498894867179E-0003
 5.62680533050037E+0000	 1.34940154736349E-0003
 5.63320323806032E+0000	 1.28972760187250E-0003
 5.63958414958847E+0000	 1.17733096599952E-0003
 5.64593698010703E+0000	 1.01585950148285E-0003
 5.65225104943126E+0000	 8.11944219718426E-0004
 5.65851740210201E+0000	 5.75226634290332E-0004
 5.66473000100758E+0000	 3.17591730858965E-0004
 5.67088633552351E+0000	 5.18875050192705E-0005
 5.67698731100233E+0000	-2.09398865997156E-0004
 5.68303660135848E+0000	-4.55123425147023E-0004
 5.68903978601152E+0000	-6.75971645825043E-0004
 5.69500355601636E+0000	-8.64502538314024E-0004
 5.70093515500297E+0000	-1.01491303617439E-0003
 5.70684210206513E+0000	-1.12270257228149E-0003
 5.71273216042612E+0000	-1.18438575764679E-0003
 5.71861346851662E+0000	-1.19735156217064E-0003
 5.72449473039860E+0000	-1.15991643398879E-0003
 5.73038536186755E+0000	-1.07157394036618E-0003
 5.73629549864718E+0000	-9.33407930580373E-0004
 5.74223578587534E+0000	-7.48607164589310E-0004
 5.74821688140200E+0000	-5.22987511431861E-0004
 5.75424862975897E+0000	-2.65383036520089E-0004
 5.76033892418932E+0000	 1.22881538650253E-0005
 5.76649239948959E+0000	 2.95510166423793E-0004
 5.77270928404986E+0000	 5.68369699647881E-0004
 5.77898489087711E+0000	 8.15391248965090E-0004
 5.78531015588169E+0000	 1.02354386787685E-0003
 5.79167321350417E+0000	 1.18367889895365E-0003
 5.79806141983682E+0000	 1.29081024414211E-0003
 5.80446294485234E+0000	 1.34324684160596E-0003
 5.81086733270627E+0000	 1.34121212707500E-0003
 5.81726506072132E+0000	 1.28578352041764E-0003
 5.82364666442642E+0000	 1.17868506439752E-0003
 5.83000215769420E+0000	 1.02292553353543E-0003
 5.83632124786204E+0000	 8.23798420886724E-0004
 5.84259437251358E+0000	 5.89568346468649E-0004
 5.84881411704855E+0000	 3.31353107904149E-0004
 5.85497638069497E+0000	 6.21613802920697E-0005
 5.86108084313058E+0000	-2.04532020855802E-0004
 5.86713067154550E+0000	-4.56153470824313E-0004
 5.87313171928536E+0000	-6.81974185076739E-0004
 5.87909156130187E+0000	-8.73523807406456E-0004
 5.88501863704899E+0000	-1.02456240368672E-0003
 5.89092164413197E+0000	-1.13077960123831E-0003
 5.89680922069494E+0000	-1.18939083194339E-0003
 5.90268988730772E+0000	-1.19877041719130E-0003
 5.90857217829427E+0000	-1.15822471200192E-0003
 5.91446486595399E+0000	-1.06797083189613E-0003
 5.92037716466865E+0000	-9.29346150733943E-0004
 5.92631879513101E+0000	-7.45230163231432E-0004
 5.93229979165739E+0000	-5.20612386536672E-0004
 5.93832995079341E+0000	-2.63182843128608E-0004
 5.94441786199660E+0000	 1.62496100881925E-0005
 5.95056956183530E+0000	 3.03779493784787E-0004
 5.95678704109266E+0000	 5.83157204992054E-0004
 5.96306707975857E+0000	 8.37425796775617E-0004
 5.96940102694308E+0000	 1.05122267641887E-0003
 5.97577592893090E+0000	 1.21303376683214E-0003
 5.98217677087175E+0000	 1.31646662834959E-0003
 5.98858892165254E+0000	 1.36000685026758E-0003
 5.99499974114138E+0000	 1.34555235957929E-0003
 6.00139886060105E+0000	 1.27664501607749E-0003
 6.00777742063936E+0000	 1.15731447586577E-0003
 6.01412702300446E+0000	 9.91949407353858E-0004
 6.02043915279091E+0000	 7.86005975916107E-0004
 6.02670546736545E+0000	 5.46951970683711E-0004
 6.03291883826455E+0000	 2.84777166110300E-0004
 6.03907462986560E+0000	 1.16870095718487E-0005
 6.04517162157148E+0000	-2.58941434997510E-0004
 6.05121223616768E+0000	-5.13920731053002E-0004
 6.05720210339986E+0000	-7.41467080639411E-0004
 6.06314922380206E+0000	-9.31989334644724E-0004
 6.06906303290660E+0000	-1.07840395384112E-0003
 6.07495357936726E+0000	-1.17607117081024E-0003
 6.08083092428129E+0000	-1.22249430252152E-0003
 6.08670479312845E+0000	-1.21691716911474E-0003
 6.09258446704278E+0000	-1.15993461364560E-0003
 6.09847886874522E+0000	-1.05321411606191E-0003
 6.10439676649915E+0000	-8.99408843674940E-0004
 6.11034698464177E+0000	-7.02313659108815E-0004
 6.11633847864477E+0000	-4.67267476916610E-0004
 6.12238011772365E+0000	-2.01734610298072E-0004
 6.12848003426749E+0000	 8.40956018354159E-0005
 6.13464447234586E+0000	 3.76960088122254E-0004
 6.14087623362333E+0000	 6.60782203031078E-0004
 6.14717309346542E+0000	 9.17876211133895E-0004
 6.15352685317349E+0000	 1.13116357386156E-0003
 6.15992374505151E+0000	 1.28691962223517E-0003
 6.16634643502058E+0000	 1.37702312224750E-0003
 6.17277698898221E+0000	 1.39967950411982E-0003
 6.17919954662031E+0000	 1.35835128585899E-0003
 6.18560166228510E+0000	 1.25961838779293E-0003
 6.19197412860033E+0000	 1.11112306312117E-0003
 6.19830988187452E+0000	 9.20433938362793E-0004
 6.20460285206179E+0000	 6.95001874978293E-0004
 6.21084740868636E+0000	 4.42827445905101E-0004
 6.21703861306902E+0000	 1.73215890057967E-0004
 6.22317304832484E+0000	-1.02920412159916E-0004
 6.22924975009490E+0000	-3.73431678481390E-0004
 6.23527079530681E+0000	-6.25829552748707E-0004
 6.24124134819651E+0000	-8.48367013372582E-0004
 6.24716922540497E+0000	-1.03096993138066E-0003
 6.25306418298072E+0000	-1.16584314724796E-0003
 6.25893713290455E+0000	-1.24772906291507E-0003
 6.26479943181665E+0000	-1.27388533555349E-0003
 6.27066231607104E+0000	-1.24387312091767E-0003
 6.27653651328600E+0000	-1.15924197537061E-0003
