 1.44213695909459E-0003	-1.80116838324170E-0004
 7.47623913100341E-0003	-4.71723230193626E-0004
 1.34574098445363E-0002	-7.26526526331646E-0004
 1.93969903517979E-0002	-9.38189272776820E-0004
 2.53054575731271E-0002	-1.10311663766657E-0003
 3.11921485286941E-0002	-1.21947736871061E-0003
 3.70653837409943E-0002	-1.28642079901077E-0003
 4.29328401907958E-0002	-1.30357961772705E-0003
 4.88020198571371E-0002	-1.27089427560512E-0003
 5.46806660705148E-0002	-1.18873705153938E-0003
 6.05770086581499E-0002	-1.05825896021836E-0003
 6.64997685591640E-0002	-8.81845817141601E-0004
 7.24579105749187E-0002	-6.63559312179355E-0004
 7.84601866726178E-0002	-4.09453072388483E-0004
 8.45145553534924E-0002	-1.27687909217468E-0004
 9.06275888158588E-0002	 1.71575752936322E-0004
 9.68039731866396E-0002	 4.76459523288767E-0004
 1.03046146142982E-0001	 7.73709054727069E-0004
 1.09354000494101E-0001	 1.04897554893664E-0003
 1.15724467509071E-0001	 1.28702122382687E-0003
 1.22150790314130E-0001	 1.47204724485824E-0003
 1.28621507477251E-0001	 1.58855356202232E-0003
 1.35119581529202E-0001	 1.62314043607962E-0003
 1.41622510452462E-0001	 1.56725276607960E-0003
 1.48104229369031E-0001	 1.42009148972959E-0003
 1.54538824013861E-0001	 1.19028665334555E-0003
 1.60904886679735E-0001	 8.95188271143770E-0004
 1.67188770361198E-0001	 5.57859977691923E-0004
 1.73385640088903E-0001	 2.03073499778358E-0004
 1.79498462442765E-0001	-1.46186105743664E-0004
 1.85535868079970E-0001	-4.70884526793691E-0004
 1.91509835382932E-0001	-7.56756901195574E-0004
 1.97433747539958E-0001	-9.94179188093684E-0004
 2.03320996206611E-0001	-1.17752450146587E-0003
 2.09184102301163E-0001	-1.30430962477644E-0003
 2.15034266848292E-0001	-1.37430880220377E-0003
 2.20881272229871E-0001	-1.38873901302302E-0003
 2.26733666886378E-0001	-1.34959692863522E-0003
 2.32599157569183E-0001	-1.25922293909767E-0003
 2.38485104562146E-0001	-1.12015221305409E-0003
 2.44398987312185E-0001	-9.35271854771071E-0004
 2.50348703230380E-0001	-7.08243257284759E-0004
 2.56342590056668E-0001	-4.44090057751872E-0004
 2.62389114251143E-0001	-1.49812926187823E-0004
 2.68496230143220E-0001	 1.65120842348488E-0004
 2.74670477164114E-0001	 4.88553210081498E-0004
 2.80915937739749E-0001	 8.05779279824306E-0004
 2.87233210620553E-0001	 1.10009848721154E-0003
 2.93618543567207E-0001	 1.35374348605772E-0003
 3.00063221949506E-0001	 1.54912544052303E-0003
 3.06553285054270E-0001	 1.67036305535966E-0003
 3.13069708677076E-0001	 1.70509077550009E-0003
 3.19589318903267E-0001	 1.64643950750435E-0003
 3.26086702940487E-0001	 1.49480036039602E-0003
 3.32537067084675E-0001	 1.25870461752104E-0003
 3.38919442092795E-0001	 9.54226814425600E-0004
 3.45219276348230E-0001	 6.02870776664708E-0004
 3.51429657251850E-0001	 2.28579981701326E-0004
 3.57551031639188E-0001	-1.45195464342105E-0004
 3.63589867464106E-0001	-4.97682659712037E-0004
 3.69556888078308E-0001	-8.12001318959664E-0004
 3.75465369723884E-0001	-1.07555626781895E-0003
 3.81329744917163E-0001	-1.27988921754527E-0003
 3.87164560667103E-0001	-1.42024324714398E-0003
 3.92983746057901E-0001	-1.49500328540049E-0003
 3.98800126850141E-0001	-1.50509360298566E-0003
 4.04625147861309E-0001	-1.45336696072163E-0003
 4.10468794535162E-0001	-1.34401320986482E-0003
 4.16339718532893E-0001	-1.18203797929715E-0003
 4.22245552755644E-0001	-9.72893952083143E-0004
 4.28193348978862E-0001	-7.22360283507659E-0004
 4.34190006611355E-0001	-4.36737001065082E-0004
 4.40242516778932E-0001	-1.23347856825979E-0004
 4.46357848115556E-0001	 2.08752562902131E-0004
 4.52542355704763E-0001	 5.48064074918950E-0004
 4.58800694596619E-0001	 8.80179131127741E-0004
 4.65134354188339E-0001	 1.18785267025940E-0003
 4.71540084023230E-0001	 1.45183093352598E-0003
 4.78008616515129E-0001	 1.65252313736583E-0003
 4.84524144400109E-0001	 1.77237070192698E-0003
 4.91064923916822E-0001	 1.79850854298114E-0003
 4.97605131898273E-0001	 1.72510944974947E-0003
 5.04117740478403E-0001	 1.55475528441174E-0003
 5.10577795884763E-0001	 1.29837543389199E-0003
 5.16965288748734E-0001	 9.73728609774098E-0004
 5.23266943396064E-0001	 6.02896253020454E-0004
 5.29476686427376E-0001	 2.09527302437017E-0004
 5.35595020690432E-0001	-1.83511993302991E-0004
 5.41627778255064E-0001	-5.55753029692121E-0004
 5.47584707333405E-0001	-8.90000040851192E-0004
 5.53478184650052E-0001	-1.17264426419259E-0003
 5.59322172768309E-0001	-1.39363463406105E-0003
 5.65131425787696E-0001	-1.54628113247118E-0003
 5.70920890461494E-0001	-1.62700197475587E-0003
 5.76705235306704E-0001	-1.63506590088272E-0003
 5.82498451239433E-0001	-1.57233525216199E-0003
 5.88313494033132E-0001	-1.44298679437943E-0003
 5.94161975350079E-0001	-1.25317900232443E-0003
 6.00053945906455E-0001	-1.01065285075831E-0003
 6.05997833315401E-0001	-7.24300592768902E-0004
 6.12000573953036E-0001	-4.03800587489312E-0004
 6.18067898828934E-0001	-5.94598945491032E-0005
 6.24204617048987E-0001	 2.97617224901260E-0004
 6.30414644793591E-0001	 6.55033401660802E-0004
 6.36700522615723E-0001	 9.98459467213589E-0004
 6.43062292456371E-0001	 1.31122385197983E-0003
 6.49495864564553E-0001	 1.57459683063578E-0003
 6.55991334478883E-0001	 1.76914941629422E-0003
 6.62531976222494E-0001	 1.87723516043689E-0003
 6.69094638816658E-0001	 1.88611976079857E-0003
 6.75651866266942E-0001	 1.79080942026423E-0003
 6.82175353239529E-0001	 1.59554335703050E-0003
 6.88639730427851E-0001	 1.31337773281634E-0003
 6.95025551288853E-0001	 9.64065767169799E-0004
 7.01320788292542E-0001	 5.71053656042808E-0004
 7.07520813315331E-0001	 1.58541188674584E-0004
 7.13627329341260E-0001	-2.50745122429776E-0004
 7.19646863104788E-0001	-6.36863087825349E-0004
 7.25589297748595E-0001	-9.83183612624442E-0004
 7.31466696133436E-0001	-1.27641272364541E-0003
 7.37292472288389E-0001	-1.50637281804497E-0003
 7.43080857789700E-0001	-1.66573198098448E-0003
 7.48846568880667E-0001	-1.74978785208366E-0003
 7.54604577764434E-0001	-1.75635037868980E-0003
 7.60369903360913E-0001	-1.68572634544135E-0003
 7.66157351952597E-0001	-1.54077889020327E-0003
 7.71981156773332E-0001	-1.32700905077044E-0003
 7.77854494966756E-0001	-1.05258197690330E-0003
 7.83788908614294E-0001	-7.28207115396700E-0004
 7.89793721303944E-0001	-3.66801076945196E-0004
 7.95875594748558E-0001	 1.70633052911190E-0005
 8.02038354731500E-0001	 4.07795450525423E-0004
 8.08283084406487E-0001	 7.89286616659102E-0004
 8.14608269361196E-0001	 1.14508252430007E-0003
 8.21009632175360E-0001	 1.45827972932990E-0003
 8.27479394905841E-0001	 1.71153725463610E-0003
 8.34005106050141E-0001	 1.88779136332396E-0003
 8.40568682022977E-0001	 1.97206997475468E-0003
 8.47146571330731E-0001	 1.95418869111623E-0003
 8.53711619166669E-0001	 1.83139372637292E-0003
 8.60236354191272E-0001	 1.60976060843670E-0003
 8.66696618220809E-0001	 1.30367084347216E-0003
 8.73074330095488E-0001	 9.33621233578761E-0004
 8.79358737257461E-0001	 5.23272039516006E-0004
 8.85546234590168E-0001	 9.66685727744619E-0005
 8.91639254245978E-0001	-3.23810470346964E-0004
 8.97644785938758E-0001	-7.18643405029556E-0004
 9.03572942477083E-0001	-1.07162546844888E-0003
 9.09435798511201E-0001	-1.36983378373659E-0003
 9.15246577570162E-0001	-1.60333388001206E-0003
 9.21019163833593E-0001	-1.76481555151215E-0003
 9.26767865260543E-0001	-1.84928465869238E-0003
 9.32507337843987E-0001	-1.85388438660553E-0003
 9.38252579669537E-0001	-1.77788096037737E-0003
 9.44018905141580E-0001	-1.62282147268665E-0003
 9.49821807938000E-0001	-1.39284637260768E-0003
 9.55676617767177E-0001	-1.09510514338757E-0003
 9.61597863057172E-0001	-7.40171279178793E-0004
 9.67598294137839E-0001	-3.42283113004113E-0004
 9.73687629509881E-0001	 8.08204557049029E-0005
 9.79871264131551E-0001	 5.08675022938151E-0004
 9.86149340997601E-0001	 9.19492963525116E-0004
 9.92516556555419E-0001	 1.29187799952418E-0003
 9.98962723437110E-0001	 1.60629893429475E-0003
 1.00547363856736E+0000	 1.84593858855346E-0003
 1.01203167157011E+0000	 1.99709694113950E-0003
 1.01861595089635E+0000	 2.04977705926911E-0003
 1.02520271040257E+0000	 1.99889044574987E-0003
 1.03176656081818E+0000	 1.84576245115742E-0003
 1.03828286639341E+0000	 1.59900163885040E-0003
 1.04473052951958E+0000	 1.27396221942226E-0003
 1.05109413372226E+0000	 8.90845289613081E-0004
 1.05736482300710E+0000	 4.72191067801054E-0004
 1.06353999925098E+0000	 4.05909151804038E-0005
 1.06962232165571E+0000	-3.82938970262341E-0004
 1.07561848682457E+0000	-7.79885131014245E-0004
 1.08153808134106E+0000	-1.13462455398485E-0003
 1.08739263352030E+0000	-1.43445689173266E-0003
 1.09319490147882E+0000	-1.66943018245372E-0003
 1.09895839460076E+0000	-1.83207349685882E-0003
 1.10469710451245E+0000	-1.91712568905851E-0003
 1.11042540676388E+0000	-1.92133182545877E-0003
 1.11615808195980E+0000	-1.84336467009509E-0003
 1.12191039206318E+0000	-1.68391696388934E-0003
 1.12769812921003E+0000	-1.44599856371499E-0003
 1.13353752604806E+0000	-1.13545298096461E-0003
 1.13944487882047E+0000	-7.61665178899217E-0004
 1.14543570220023E+0000	-3.38344341169911E-0004
 1.15152325351935E+0000	 1.15886273664502E-0004
 1.15771641877991E+0000	 5.77549987938558E-0004
 1.16401732478469E+0000	 1.01957521901708E-0003
 1.17041954575348E+0000	 1.41402374330902E-0003
 1.17690797437018E+0000	 1.73577226630434E-0003
 1.18346078428491E+0000	 1.96577667883524E-0003
 1.19005262719282E+0000	 2.09259088080447E-0003
 1.19665749925302E+0000	 2.11202033408758E-0003
 1.20325039157532E+0000	 2.02599920530543E-0003
 1.20980810103417E+0000	 1.84176697366461E-0003
 1.21631006526764E+0000	 1.57145747775156E-0003
 1.22273954551349E+0000	 1.23149676102457E-0003
 1.22908474724561E+0000	 8.41357336634379E-0004
 1.23533930941727E+0000	 4.21832692496649E-0004
 1.24150198839700E+0000	-6.63274055799721E-0006
 1.24757579966610E+0000	-4.25134789745679E-0004
 1.25356701463895E+0000	-8.16930630082665E-0004
 1.25948428453652E+0000	-1.16763612589859E-0003
 1.26533798085389E+0000	-1.46519730096039E-0003
 1.27113973121256E+0000	-1.69977576986419E-0003
 1.27690210191438E+0000	-1.86361687300354E-0003
 1.28263839254547E+0000	-1.95093001520076E-0003
 1.28836252583924E+0000	-1.95780312690100E-0003
 1.29408902173292E+0000	-1.88218152453483E-0003
 1.29983303666850E+0000	-1.72395338670527E-0003
 1.30561042911009E+0000	-1.48519406590120E-0003
 1.31143777777536E+0000	-1.17062579539851E-0003
 1.31733222425259E+0000	-7.88338373749057E-0004
 1.32331093348454E+0000	-3.50766237065856E-0004
 1.32938988242959E+0000	 1.24215785019013E-0004
 1.33558167652546E+0000	 6.12482157528910E-0004
 1.34189233345484E+0000	 1.08391680198659E-0003
 1.34831768009459E+0000	 1.50476006560477E-0003
 1.35484105761925E+0000	 1.84252730080690E-0003
 1.36143442170600E+0000	 2.07228637161414E-0003
 1.36806335600140E+0000	 2.18131529610796E-0003
 1.37469367989211E+0000	 2.16964535619378E-0003
 1.38129626135590E+0000	 2.04691959184432E-0003
 1.38784859724275E+0000	 1.82825288333771E-0003
 1.39433421974387E+0000	 1.53128225056739E-0003
 1.40074165206520E+0000	 1.17474695213129E-0003
 1.40706378156621E+0000	 7.77825789588891E-0004
 1.41329757128683E+0000	 3.59522629635820E-0004
 1.41944372305112E+0000	-6.20658244574384E-0005
 1.42550610165939E+0000	-4.70406460841983E-0004
 1.43149100783981E+0000	-8.50908387547992E-0004
 1.43740649700415E+0000	-1.19099031790746E-0003
 1.44326188382767E+0000	-1.47994451939269E-0003
 1.44906746156072E+0000	-1.70874123651758E-0003
 1.45483438722553E+0000	-1.86987659390939E-0003
 1.46057466294542E+0000	-1.95730701022105E-0003
 1.46630116098861E+0000	-1.96647314675412E-0003
 1.47202766709237E+0000	-1.89440658038095E-0003
 1.47776893337990E+0000	-1.73992482562307E-0003
 1.48354073054005E+0000	-1.50394271232793E-0003
 1.48935986650468E+0000	-1.18995094485648E-0003
 1.49524409154541E+0000	-8.04727850952733E-0004
 1.50121172855086E+0000	-3.59342213415258E-0004
 1.50728074594394E+0000	 1.29564961222171E-0004
 1.51346685793479E+0000	 6.38440434424927E-0004
 1.51978023257944E+0000	 1.13608190656027E-0003
 1.52622085246740E+0000	 1.58479243348934E-0003
 1.53277389145243E+0000	 1.94496379659705E-0003
 1.53940820074853E+0000	 2.18328366724945E-0003
 1.54608089322096E+0000	 2.28146458627116E-0003
 1.55274712843364E+0000	 2.24018214813515E-0003
 1.55936967120913E+0000	 2.07575312430130E-0003
 1.56592332166528E+0000	 1.81264215222133E-0003
 1.57239403569569E+0000	 1.47675224467493E-0003
 1.57877568585263E+0000	 1.09187544725727E-0003
 1.58506705335582E+0000	 6.78800085419454E-0004
 1.59126997843387E+0000	 2.55628476137896E-0004
 1.59738846756146E+0000	-1.61739577672616E-0004
 1.60342825235599E+0000	-5.59334276117808E-0004
 1.60939644863167E+0000	-9.25012316383335E-0004
 1.61530121001440E+0000	-1.24836767555519E-0003
 1.62115142298534E+0000	-1.52056600919425E-0003
 1.62695652086045E+0000	-1.73411265496760E-0003
 1.63272645285325E+0000	-1.88262408750237E-0003
 1.63847178988511E+0000	-1.96067835461466E-0003
 1.64420391602932E+0000	-1.96379299805103E-0003
 1.64993525047096E+0000	-1.88854757217439E-0003
 1.65567945852013E+0000	-1.73285151200932E-0003
 1.66145162407245E+0000	-1.49636266254493E-0003
 1.66726835432806E+0000	-1.18108250544757E-0003
 1.67314775855180E+0000	-7.92180361757189E-0004
 1.67910917450438E+0000	-3.39114449425010E-0004
 1.68517239535375E+0000	 1.62908855015143E-0004
 1.69135597482812E+0000	 6.91234613655229E-0004
 1.69767403180481E+0000	 1.21429477571081E-0003
 1.70413113120662E+0000	 1.69160246732827E-0003
 1.71071591448622E+0000	 2.07728911609532E-0003
 1.71739657746738E+0000	 2.32891457585527E-0003
 1.72412323571979E+0000	 2.41976744102300E-0003
 1.73083929527143E+0000	 2.34769292120584E-0003
 1.73749618628300E+0000	 2.13377251135760E-0003
 1.74406244137604E+0000	 1.81228427615394E-0003
 1.75052394535983E+0000	 1.41958238810438E-0003
 1.75687897948282E+0000	 9.87361784529146E-0004
 1.76313269080332E+0000	 5.40661548596032E-0004
 1.76929321208699E+0000	 9.85571402791325E-0005
 1.77536961738184E+0000	-3.24324196216886E-0004
 1.78137112109769E+0000	-7.16436957945197E-0004
 1.78730689526692E+0000	-1.06838962657634E-0003
 1.79318609230590E+0000	-1.37240095084934E-0003
 1.79901788586566E+0000	-1.62197954208474E-0003
 1.80481149858140E+0000	-1.81168984922524E-0003
 1.81057625871367E+0000	-1.93693995795417E-0003
 1.81632173566546E+0000	-1.99379563394385E-0003
 1.82205797674755E+0000	-1.97886607168988E-0003
 1.82779583198176E+0000	-1.88931721546274E-0003
 1.83354732793205E+0000	-1.72305939449742E-0003
 1.83932604007490E+0000	-1.47914383207814E-0003
 1.84514740771875E+0000	-1.15840114610229E-0003
 1.85102891805471E+0000	-7.64368887045455E-0004
 1.85699003324068E+0000	-3.04575186135894E-0004
 1.86305162128218E+0000	 2.07758484331751E-0004
 1.86923446083706E+0000	 7.51629432402879E-0004
 1.87555615852811E+0000	 1.29614217505436E-0003
 1.88202577498584E+0000	 1.79948937565436E-0003
 1.88863625937758E+0000	 2.21131260387332E-0003
 1.89535734121417E+0000	 2.48124105438399E-0003
 1.90213498246234E+0000	 2.57353363953370E-0003
 1.90890259744655E+0000	 2.48072492292666E-0003
 1.91559997141559E+0000	 2.22580712448023E-0003
 1.92218760769355E+0000	 1.85107793832253E-0003
 1.92864922066997E+0000	 1.40291924668641E-0003
 1.93498575771121E+0000	 9.21550636033666E-0004
 1.94120766833167E+0000	 4.37513455677068E-0004
 1.94732911896178E+0000	-2.76870402298630E-0005
 1.95336471837456E+0000	-4.59450500486006E-0004
 1.95932808034247E+0000	-8.47910499079563E-0004
 1.96523144720536E+0000	-1.18624583953172E-0003
 1.97108581714403E+0000	-1.46954381229034E-0003
 1.97690124123118E+0000	-1.69411117424284E-0003
 1.98268712304537E+0000	-1.85708303823000E-0003
 1.98845246874557E+0000	-1.95619440122312E-0003
 1.99420610656806E+0000	-1.98962427119577E-0003
 1.99995692558383E+0000	-1.95587947580392E-0003
 2.00571417997019E+0000	-1.85373816086318E-0003
 2.01148787744178E+0000	-1.68230976760194E-0003
 2.01728923227005E+0000	-1.44128454033340E-0003
 2.02313112536192E+0000	-1.13144617396545E-0003
 2.02902847704774E+0000	-7.55516802285815E-0004
 2.03499838815520E+0000	-3.19400862335988E-0004
 2.04105981364738E+0000	 1.66119978900306E-0004
 2.04723237372495E+0000	 6.83269786940296E-0004
 2.05353369851093E+0000	 1.20503691900416E-0003
 2.05997462106403E+0000	 1.69373975398481E-0003
 2.06655210165488E+0000	 2.10237190144409E-0003
 2.07324179261409E+0000	 2.38141293252518E-0003
 2.07999540039226E+0000	 2.49199011760847E-0003
 2.08674864888778E+0000	 2.42037435281827E-0003
 2.09343876066726E+0000	 2.18378337235390E-0003
 2.10002096173620E+0000	 1.82251749731132E-0003
 2.10647444883357E+0000	 1.38493693475892E-0003
 2.11279831397007E+0000	 9.15223900434779E-0004
 2.11900380761639E+0000	 4.47853943515362E-0004
 2.12510769723183E+0000	 7.11411466662007E-0006
 2.13112807279870E+0000	-3.91143053507348E-0004
 2.13708218271008E+0000	-7.37294785332492E-0004
 2.14298554588170E+0000	-1.02602592817827E-0003
 2.14885176331058E+0000	-1.25486956216191E-0003
 2.15469267387206E+0000	-1.42318370433576E-0003
 2.16051864862289E+0000	-1.53148108481985E-0003
 2.16633890704956E+0000	-1.58101906351161E-0003
 2.17216179917883E+0000	-1.57355901724812E-0003
 2.17799504755872E+0000	-1.51121773793343E-0003
 2.18384598327626E+0000	-1.39636462447632E-0003
 2.18972182885357E+0000	-1.23156856757014E-0003
 2.19563006488702E+0000	-1.01965581213649E-0003
 2.20157886278135E+0000	-7.63983160699633E-0004
 2.20757748342370E+0000	-4.69038263721633E-0004
 2.21363644971054E+0000	-1.41439270184942E-0004
 2.21976721295021E+0000	 2.08684788988728E-0004
 2.22598095912084E+0000	 5.66113458737581E-0004
 2.23228618767710E+0000	 9.09217795739983E-0004
 2.23868490198588E+0000	 1.20980413799485E-0003
 2.24516796009759E+0000	 1.43542122445483E-0003
 2.25171145644110E+0000	 1.55517138736858E-0003
 2.25827713142783E+0000	 1.54828981419060E-0003
 2.26481882060420E+0000	 1.41187556651414E-0003
 2.27129310259389E+0000	 1.16305991365157E-0003
 2.27766880179795E+0000	 8.34060395373141E-0004
 2.28393098164267E+0000	 4.63400270597229E-0004
 2.29007935867837E+0000	 8.80728376301170E-0005
 2.29612398485748E+0000	-2.60883219400035E-0004
 2.30208089860645E+0000	-5.59659824653409E-0004
 2.30796897254222E+0000	-7.91154625792606E-0004
 2.31380805949661E+0000	-9.43808992134259E-0004
 2.31961810160419E+0000	-1.01045520985642E-0003
 2.32541883652443E+0000	-9.87431400775692E-0004
 2.33122983397055E+0000	-8.74028713891964E-0004
 2.33707069355871E+0000	-6.72270717436624E-0004
 2.34296129174019E+0000	-3.87025077512271E-0004
 2.34892197406684E+0000	-2.64713445729424E-0005
 2.35497354779432E+0000	 3.97033433031590E-0004
 2.36113684021478E+0000	 8.65671687187292E-0004
 2.36743147028538E+0000	 1.35455672459062E-0003
 2.37387340561342E+0000	 1.83014272981080E-0003
 2.38047098339239E+0000	 2.24938342922081E-0003
 2.38721949443230E+0000	 2.56073417901935E-0003
 2.39409510237179E+0000	 2.70821096480936E-0003
 2.40104967994301E+0000	 2.63963935703109E-0003
 2.40800968062483E+0000	 2.31981453043192E-0003
 2.41488443559801E+0000	 1.74625832393926E-0003
 2.42158677562455E+0000	 9.58164854926004E-0004
 2.42805682994912E+0000	 2.78993754400062E-0005
 2.43427275590545E+0000	-9.61298537795451E-0004
 2.44024429981693E+0000	-1.93547513466903E-0003
 2.44599913213541E+0000	-2.83859774149084E-0003
 2.45157146455131E+0000	-3.63195098217159E-0003
 2.45699562981990E+0000	-4.28989936898502E-0003
 2.46230346780718E+0000	-4.79547034969848E-0003
 2.46752383078667E+0000	-5.13690498647185E-0003
 2.47268309055093E+0000	-5.30523083052524E-0003
 2.47780609661402E+0000	-5.29260248030975E-0003
 2.48291739128588E+0000	-5.09114956116019E-0003
 2.48804269861409E+0000	-4.69214669376298E-0003
 2.49321086311221E+0000	-4.08541232785124E-0003
 2.49845660297568E+0000	-3.25896958227484E-0003
 2.50382475261429E+0000	-2.19925679961424E-0003
 2.50937722417351E+0000	-8.92842751998313E-0004
 2.51520477793097E+0000	 6.67435341389176E-0004
 2.52144581633809E+0000	 2.46299671746633E-0003
 2.52830458885790E+0000	 4.39139801301309E-0003
 2.53599492505858E+0000	 6.13071333548813E-0003
 2.54440704032367E+0000	 7.08631731947060E-0003
 2.55286514255262E+0000	 6.95655022251103E-0003
 2.56082507317035E+0000	 6.09233269268058E-0003
 2.56821320992823E+0000	 4.91660008425854E-0003
 2.57512926147691E+0000	 3.66369469212572E-0003
 2.58168171046972E+0000	 2.44395471047156E-0003
 2.58795680147779E+0000	 1.30890728854543E-0003
 2.59401981162171E+0000	 2.82458805131268E-0004
 2.59992036005050E+0000	-6.25057997079437E-0004
 2.60569687249228E+0000	-1.41024070454168E-0003
 2.61137982410801E+0000	-2.07330854810587E-0003
 2.61699403418389E+0000	-2.61641311998234E-0003
 2.62256028535825E+0000	-3.04278682237423E-0003
 2.62809646691158E+0000	-3.35634473951812E-0003
 2.63361837849237E+0000	-3.56154153930397E-0003
 2.63914028385995E+0000	-3.66337700002405E-0003
 2.64467527051982E+0000	-3.66749011598475E-0003
 2.65023544667379E+0000	-3.58030338931196E-0003
 2.65583198983801E+0000	-3.40918513794867E-0003
 2.66147505220102E+0000	-3.16259261517550E-0003
 2.66717352966486E+0000	-2.85014524294700E-0003
 2.67293472096651E+0000	-2.48256111024845E-0003
 2.67876394531755E+0000	-2.07138531523640E-0003
 2.68466424439691E+0000	-1.62846821486909E-0003
 2.69063633674648E+0000	-1.16523321239102E-0003
 2.69667897052508E+0000	-6.91894076260228E-0004
 2.70278970384652E+0000	-2.16879523266117E-0004
 2.70896596683590E+0000	 2.53280316100940E-0004
 2.71520612416274E+0000	 7.13473599703596E-0004
 2.72151023261253E+0000	 1.15896704422213E-0003
 2.72788024424699E+0000	 1.58395620808277E-0003
 2.73431944607758E+0000	 1.97991238020003E-0003
 2.74083091153780E+0000	 2.33403454710378E-0003
 2.74741477896753E+0000	 2.62838015274958E-0003
 2.75406454272624E+0000	 2.84063762833323E-0003
 2.76076348997981E+0000	 2.94758210311709E-0003
 2.76748355450858E+0000	 2.93121566356770E-0003
 2.77418867617051E+0000	 2.78531897416624E-0003
 2.78084210505242E+0000	 2.51866904648404E-0003
 2.78741401450817E+0000	 2.15296468346835E-0003
 2.79388582538173E+0000	 1.71714845864027E-0003
 2.80025048141754E+0000	 1.24142281361246E-0003
 2.80651017832136E+0000	 7.53061069421088E-0004
 2.81267332368681E+0000	 2.74345485350275E-0004
 2.81875178638269E+0000	-1.77925281193715E-0004
 2.82475881319668E+0000	-5.92033578742180E-0004
 2.83070761976953E+0000	-9.60544407672312E-0004
 2.83661052061631E+0000	-1.27940793505799E-0003
 2.84247843946143E+0000	-1.54710552282483E-0003
 2.84832067077963E+0000	-1.76388336834706E-0003
 2.85414481313685E+0000	-1.93106701717698E-0003
 2.85995684460173E+0000	-2.05043916578764E-0003
 2.86576134323974E+0000	-2.12368283227547E-0003
 2.87156185832219E+0000	-2.15192465845577E-0003
 2.87736141066603E+0000	-2.13543394848379E-0003
 2.88316306306605E+0000	-2.07352336675391E-0003
 2.88897048220645E+0000	-1.96466041802629E-0003
 2.89478842605015E+0000	-1.80675951020469E-0003
 2.90062312486106E+0000	-1.59760784407970E-0003
 2.90648255546015E+0000	-1.33539162830070E-0003
 2.91237661806897E+0000	-1.01932120541003E-0003
 2.91831720612414E+0000	-6.50388162509376E-0004
 2.92431811078245E+0000	-2.32309729218823E-0004
 2.93039462220236E+0000	 2.27291324129176E-0004
 2.93656258220534E+0000	 7.15491572114306E-0004
 2.94283654110396E+0000	 1.21266029844130E-0003
 2.94922668273283E+0000	 1.69159462822946E-0003
 2.95573452745564E+0000	 2.11822023911387E-0003
 2.96234834820827E+0000	 2.45512633793214E-0003
 2.96904055835103E+0000	 2.66847939603007E-0003
 2.97576984467105E+0000	 2.73668082591364E-0003
 2.98248890443756E+0000	 2.65674336979584E-0003
 2.98915485566247E+0000	 2.44459965597928E-0003
 2.99573729182931E+0000	 2.12922556945198E-0003
 3.00222088454820E+0000	 1.74419962110746E-0003
 3.00860316983942E+0000	 1.32073431733866E-0003
 3.01489017118179E+0000	 8.83966617712861E-0004
 3.02109214023802E+0000	 4.52113388676778E-0004
 3.02722043462353E+0000	 3.72972294098475E-0005
 3.03328562774480E+0000	-3.52966829155791E-0004
 3.03929658849834E+0000	-7.14199137383425E-0004
 3.04526024214591E+0000	-1.04355617744106E-0003
 3.05118179350215E+0000	-1.33871123776261E-0003
 3.05706524653820E+0000	-1.59706688280228E-0003
 3.06291407250569E+0000	-1.81532039471377E-0003
 3.06873188679408E+0000	-1.98936204824020E-0003
 3.07452302174613E+0000	-2.11443767008863E-0003
 3.08029293498015E+0000	-2.18547592243716E-0003
 3.08604845148782E+0000	-2.19748441533620E-0003
 3.09179787861527E+0000	-2.14595192562280E-0003
 3.09755104499831E+0000	-2.02723771863060E-0003
 3.10331930209070E+0000	-1.83896589196637E-0003
 3.10911550054887E+0000	-1.58046640656303E-0003
 3.11495391895275E+0000	-1.25331571805369E-0003
 3.12085007861027E+0000	-8.62028295684756E-0004
 3.12682032201692E+0000	-4.14928127672092E-0004
 3.13288096617360E+0000	 7.48328448792617E-0005
 3.13904678702710E+0000	 5.88274509861705E-0004
 3.14532861035790E+0000	 1.10000112054631E-0003
 3.15173000141222E+0000	 1.57872556515638E-0003
 3.15824361563454E+0000	 1.98981085662963E-0003
 3.16484868781676E+0000	 2.30041659895428E-0003
 3.17151181311411E+0000	 2.48650625289441E-0003
 3.17819236548686E+0000	 2.53895728549276E-0003
 3.18485110292986E+0000	 2.46526010592801E-0003
 3.19145787974790E+0000	 2.28557863508747E-0003
 3.19799496450467E+0000	 2.02562926529298E-0003
 3.20445571359615E+0000	 1.71021323246501E-0003
 3.21084081637686E+0000	 1.35958808794823E-0003
 3.21715441596887E+0000	 9.88635260495813E-0004
 3.22340128664293E+0000	 6.07756113328930E-0004
 3.22958529655482E+0000	 2.24466897144246E-0004
 3.23570895861160E+0000	-1.54978895450799E-0004
 3.24177375266693E+0000	-5.24322414247047E-0004
 3.24778087376749E+0000	-8.76571615500111E-0004
 3.25373207255331E+0000	-1.20383159057172E-0003
 3.25963033049372E+0000	-1.49756499779231E-0003
 3.26548024672066E+0000	-1.74907764344012E-0003
 3.27128814647806E+0000	-1.95003940843377E-0003
 3.27706199926086E+0000	-2.09292576757290E-0003
 3.28281124832496E+0000	-2.17134660210442E-0003
 3.28854662769149E+0000	-2.18028409450969E-0003
 3.29428000637726E+0000	-2.11628665682531E-0003
 3.30002426683803E+0000	-1.97767163325849E-0003
 3.30579319746066E+0000	-1.76478597705482E-0003
 3.31160135378875E+0000	-1.48036561572117E-0003
 3.31746381539159E+0000	-1.13001947197356E-0003
 3.32339573168846E+0000	-7.22835797651395E-0004
 3.32941151330789E+0000	-2.72051508121902E-0004
 3.33552350531276E+0000	 2.04382712621038E-0004
 3.34174002974728E+0000	 6.83682563981084E-0004
 3.34806290725472E+0000	 1.13909618078273E-0003
 3.35448505016419E+0000	 1.54234378126434E-0003
 3.36098933990186E+0000	 1.86777602328449E-0003
 3.36755017612368E+0000	 2.09727131997419E-0003
 3.37413804442110E+0000	 2.22369792348420E-0003
 3.38072543877761E+0000	 2.25092004882849E-0003
 3.38729131661588E+0000	 2.19033123446133E-0003
 3.39382232460869E+0000	 2.05602383689435E-0003
 3.40031119080038E+0000	 1.86098839188712E-0003
 3.40675391360244E+0000	 1.61544349537722E-0003
 3.41314722953054E+0000	 1.32707277816390E-0003
 3.41948713028179E+0000	 1.00236688698978E-0003
 3.42576859363537E+0000	 6.48238307188405E-0004
 3.43198629911660E+0000	 2.73250132146011E-0004
 3.43813584902975E+0000	-1.11927312213499E-0004
 3.44421494222957E+0000	-4.94864832471617E-0004
 3.45022410205910E+0000	-8.62251284404490E-0004
 3.45616684632362E+0000	-1.20090932590541E-0003
 3.46204942368280E+0000	-1.49865241409384E-0003
 3.46788032903143E+0000	-1.74485934740980E-0003
 3.47366977976048E+0000	-1.93078101157078E-0003
 3.47942926049573E+0000	-2.04965990383299E-0003
 3.48517117640892E+0000	-2.09675481407244E-0003
 3.49090860971489E+0000	-2.06934935538565E-0003
 3.49665514705114E+0000	-1.96680261614255E-0003
 3.50242472854149E+0000	-1.79068067018401E-0003
 3.50823145470441E+0000	-1.54498873788918E-0003
 3.51408927064165E+0000	-1.23649931562765E-0003
 3.52001143044523E+0000	-8.75131008045616E-0004
 3.52600964273196E+0000	-4.74264662076862E-0004
 3.53209284246716E+0000	-5.07861676927438E-0005
 3.53826567075230E+0000	 3.75449748931644E-0004
 3.54452699925119E+0000	 7.83040861988838E-0004
 3.55086913365010E+0000	 1.15141261972173E-0003
 3.55727841561440E+0000	 1.46367588457010E-0003
 3.56373749494470E+0000	 1.70890279093093E-0003
 3.57022860299207E+0000	 1.88269083051881E-0003
 3.57673640829737E+0000	 1.98569297387557E-0003
 3.58324922390773E+0000	 2.02095349045582E-0003
 3.58975833612790E+0000	 1.99144461350717E-0003
 3.59625617384169E+0000	 1.89883932934798E-0003
 3.60273436660046E+0000	 1.74379166464903E-0003
 3.60918255734580E+0000	 1.52737235470529E-0003
 3.61558844526178E+0000	 1.25295413213142E-0003
 3.62193905172891E+0000	 9.27718341195607E-0004
 3.62822269916563E+0000	 5.63129428520303E-0004
 3.63443090829466E+0000	 1.74215228854970E-0004
 3.64055956659753E+0000	-2.21966094527493E-0004
 3.64660917017816E+0000	-6.08051773489723E-0004
 3.65258434317794E+0000	-9.67803014094990E-0004
 3.65849299182481E+0000	-1.28703368522425E-0003
 3.66434539868505E+0000	-1.55406713916881E-0003
 3.67015343672973E+0000	-1.75985724000857E-0003
 3.67592996910716E+0000	-1.89792516754188E-0003
 3.68168842653582E+0000	-1.96423479957819E-0003
 3.68744251567927E+0000	-1.95708954183435E-0003
 3.69320599503454E+0000	-1.87709703257746E-0003
 3.69899244790584E+0000	-1.72721689205158E-0003
 3.70481497958742E+0000	-1.51287552806014E-0003
 3.71068577061573E+0000	-1.24209459543212E-0003
 3.71661544043594E+0000	-9.25533990057581E-0004
 3.72261223170292E+0000	-5.76305385490044E-0004
 3.72868112605403E+0000	-2.09395987845509E-0004
 3.73482313429308E+0000	 1.59399018895164E-0004
 3.74103510349747E+0000	 5.14960838611431E-0004
 3.74731033525132E+0000	 8.44402534650521E-0004
 3.75364002318167E+0000	 1.13813034941338E-0003
 3.76001507392783E+0000	 1.38990150246800E-0003
 3.76642756499529E+0000	 1.59578711601782E-0003
 3.77287119149787E+0000	 1.75250401363151E-0003
 3.77934052236213E+0000	 1.85589610096813E-0003
 3.78582940725677E+0000	 1.90026113444186E-0003
 3.79232918820839E+0000	 1.87887474976209E-0003
 3.79882745159331E+0000	 1.78566058875640E-0003
 3.80530796043105E+0000	 1.61754962832679E-0003
 3.81175206974304E+0000	 1.37669922669041E-0003
 3.81814131151787E+0000	 1.07163736920893E-0003
 3.82446024339117E+0000	 7.16814454025801E-0004
 3.83069856415735E+0000	 3.30797850400507E-0004
 3.83685197547845E+0000	-6.61214131373458E-0005
 3.84292188348575E+0000	-4.54130980733671E-0004
 3.84891438513742E+0000	-8.15468653767010E-0004
 3.85483901207794E+0000	-1.13528840780075E-0003
 3.86070755694375E+0000	-1.40196617999072E-0003
 3.86653313217609E+0000	-1.60705784332827E-0003
 3.87232948289916E+0000	-1.74509690243717E-0003
 3.87811050498228E+0000	-1.81336109794001E-0003
 3.88388989139219E+0000	-1.81167802187654E-0003
 3.88968082638681E+0000	-1.74229022107663E-0003
 3.89549565791369E+0000	-1.60975929282308E-0003
 3.90134550199235E+0000	-1.42085415263461E-0003
 3.90723977153570E+0000	-1.18434366634413E-0003
 3.91318567712009E+0000	-9.10607983785194E-0004
 3.91918781090758E+0000	-6.11011342582025E-0004
 3.92524797421330E+0000	-2.97054280247580E-0004
 3.93136540608278E+0000	 2.05604127107594E-0005
 3.93753747780960E+0000	 3.32696285325837E-0004
 3.94376073613949E+0000	 6.32091358269927E-0004
 3.95003197554606E+0000	 9.13011569018074E-0004
 3.95634891918256E+0000	 1.17029448611911E-0003
 3.96271017349401E+0000	 1.39809546174192E-0003
 3.96911435874495E+0000	 1.58880383272283E-0003
 3.97555858658075E+0000	 1.73258705162520E-0003
 3.98203667084613E+0000	 1.81789598966776E-0003
 3.98853762548497E+0000	 1.83306967242955E-0003
 3.99504511669004E+0000	 1.76886192258061E-0003
 4.00153843277754E+0000	 1.62124702655441E-0003
 4.00799502052060E+0000	 1.39348540182872E-0003
 4.01439387964910E+0000	 1.09656300915025E-0003
 4.02071866678650E+0000	 7.47822879249788E-0004
 4.02695958268248E+0000	 3.68387790748172E-0004
 4.03311376115326E+0000	-1.96878366555665E-0005
 4.03918446640901E+0000	-3.95770590849430E-0004
 4.04517966651114E+0000	-7.42156764805237E-0004
 4.05111049939367E+0000	-1.04476661100381E-0003
 4.05698994432588E+0000	-1.29325314893122E-0003
 4.06283180798640E+0000	-1.48078573050207E-0003
 4.06865000173500E+0000	-1.60370811723743E-0003
 4.07445802788948E+0000	-1.66118656286882E-0003
 4.08026858431457E+0000	-1.65488954332837E-0003
 4.08609321681073E+0000	-1.58868728690780E-0003
 4.09194198496481E+0000	-1.46832741511386E-0003
 4.09782315145998E+0000	-1.30103430292507E-0003
 4.10374294837732E+0000	-1.09499700605856E-0003
 4.10970550354404E+0000	-8.58753956803129E-0004
 4.11571300974691E+0000	-6.00544305931866E-0004
 4.12176617757329E+0000	-3.27756925531108E-0004
 4.12786492907489E+0000	-4.66406040361208E-0005
 4.13400918502459E+0000	 2.37585455267890E-0004
 4.14019951469190E+0000	 5.20174636200545E-0004
 4.14643739944083E+0000	 7.95942705482421E-0004
 4.15272492959622E+0000	 1.05823168190179E-0003
 4.15906388406808E+0000	 1.29805358695338E-0003
 4.16545428844588E+0000	 1.50373087663460E-0003
 4.17189268983644E+0000	 1.66131563105548E-0003
 4.17837054892639E+0000	 1.75598690998526E-0003
 4.18487332604139E+0000	 1.77441817017186E-0003
 4.19138088180314E+0000	 1.70770529966317E-0003
 4.19786950174551E+0000	 1.55399655239395E-0003
 4.20431520013687E+0000	 1.31983663488741E-0003
 4.21069734294289E+0000	 1.01964783776351E-0003
 4.21700147019237E+0000	 6.73517132048620E-0004
 4.22322058681723E+0000	 3.04098320826254E-0004
 4.22935487137004E+0000	-6.63732180776077E-0005
 4.23541030944621E+0000	-4.18253304584991E-0004
 4.24139692652528E+0000	-7.35651723897923E-0004
 4.24732712815060E+0000	-1.00676656140622E-0003
 4.25321438218722E+0000	-1.22370599348644E-0003
 4.25907226826368E+0000	-1.38207207914409E-0003
 4.26491381747501E+0000	-1.48047635009750E-0003
 4.27075104516180E+0000	-1.52005916731328E-0003
 4.27659460385162E+0000	-1.50401925350626E-0003
 4.28245352513433E+0000	-1.43712953941749E-0003
 4.28833506065703E+0000	-1.32521639413240E-0003
 4.29424466058833E+0000	-1.17460444764831E-0003
 4.30018613320305E+0000	-9.91567968719264E-0004
 4.30616200731924E+0000	-7.81867917427682E-0004
 4.31217407323427E+0000	-5.50475927437839E-0004
 4.31822401849449E+0000	-3.01579723642969E-0004
 4.32431401983779E+0000	-3.89225315646127E-0005
 4.33044712258686E+0000	 2.33543803157500E-0004
 4.33662725000050E+0000	 5.10798903847008E-0004
 4.34285874028801E+0000	 7.85869261768665E-0004
 4.34914539372976E+0000	 1.04914454502718E-0003
 4.35548910649378E+0000	 1.28813022112735E-0003
 4.36188826833632E+0000	 1.48785912459685E-0003
 4.36833622924624E+0000	 1.63213937133079E-0003
 4.37482029295023E+0000	 1.70567733818477E-0003
 4.38132177516938E+0000	 1.69682219389229E-0003
 4.38781751050046E+0000	 1.60030171927803E-0003
 4.39428274951169E+0000	 1.41907849934210E-0003
 4.40069480613367E+0000	 1.16456633692438E-0003
 4.40703638649453E+0000	 8.54975480494058E-0004
 4.41329757893937E+0000	 5.12314642929616E-0004
 4.41947609030064E+0000	 1.59098881893111E-0004
 4.42557607483933E+0000	-1.84275029486046E-0004
 4.43160629642358E+0000	-5.01061860799221E-0004
 4.43757827813420E+0000	-7.78708010853066E-0004
 4.44350478556773E+0000	-1.00873384172295E-0003
 4.44939872110653E+0000	-1.18628335178748E-0003
 4.45527236677827E+0000	-1.30955369876537E-0003
 4.46113687947664E+0000	-1.37920483638186E-0003
 4.46700196465128E+0000	-1.39777646286061E-0003
 4.47287569499277E+0000	-1.36910923120090E-0003
 4.47876447576892E+0000	-1.29777062952503E-0003
 4.48467317513044E+0000	-1.18850980117956E-0003
 4.49060543060656E+0000	-1.04579488640052E-0003
 4.49656411427364E+0000	-8.73506831252083E-0004
 4.50255189731583E+0000	-6.74863957585052E-0004
 4.50857181293978E+0000	-4.52626713511812E-0004
 4.51462768906308E+0000	-2.09584278783052E-0004
 4.52072431993954E+0000	 5.07361183322516E-0005
 4.52686727295233E+0000	 3.23255971210790E-0004
 4.53306227907739E+0000	 6.00592075548896E-0004
 4.53931422322204E+0000	 8.72548773000964E-0004
 4.54562582427302E+0000	 1.12604076279287E-0003
 4.55199617291513E+0000	 1.34561060683931E-0003
 4.55841938556071E+0000	 1.51465651276573E-0003
 4.56488372935166E+0000	 1.61737907364156E-0003
 4.57137162738982E+0000	 1.64126109055666E-0003
 4.57786088563167E+0000	 1.57963181069716E-0003
 4.58432722409434E+0000	 1.43361696954572E-0003
 4.59074771746905E+0000	 1.21269869770587E-0003
 4.59710420492295E+0000	 9.33441065379374E-0004
 4.60338555579278E+0000	 6.16698215749328E-0004
 4.60958818518862E+0000	 2.84311910014029E-0004
 4.61571504766643E+0000	-4.36440156516187E-0005
 4.62177384415462E+0000	-3.50539077119422E-0004
 4.62777514450789E+0000	-6.23823857925823E-0004
 4.63373081852175E+0000	-8.54956102265462E-0004
 4.63965288117305E+0000	-1.03895023575961E-0003
 4.64555270484994E+0000	-1.17377597159410E-0003
 4.65144051132985E+0000	-1.25971883337089E-0003
 4.65732507548764E+0000	-1.29874340566871E-0003
 4.66321360888578E+0000	-1.29387260599104E-0003
 4.66911181924846E+0000	-1.24860152398645E-0003
 4.67502414902513E+0000	-1.16638609838354E-0003
 4.68095418033947E+0000	-1.05026849332058E-0003
 4.68690516026429E+0000	-9.02708434438720E-0004
 4.69288056151172E+0000	-7.25674379328562E-0004
 4.69888456417346E+0000	-5.21009913011666E-0004
 4.70492233632249E+0000	-2.91037864908167E-0004
 4.71100000925970E+0000	-3.93110040507657E-0005
 4.71712428288840E+0000	 2.28624708808062E-0004
 4.72330165140522E+0000	 5.04614632238624E-0004
 4.72953730417616E+0000	 7.77594467725245E-0004
 4.73583382591286E+0000	 1.03375274176092E-0003
 4.74218988513423E+0000	 1.25726055982042E-0003
 4.74859915075843E+0000	 1.43160169187171E-0003
 4.75504970786429E+0000	 1.54144325503063E-0003
 4.76152425259912E+0000	 1.57486953246463E-0003
 4.76800131614762E+0000	 1.52563818248892E-0003
 4.77445761694982E+0000	 1.39489836265293E-0003
 4.78087124296787E+0000	 1.19166916047883E-0003
 4.78722482097967E+0000	 9.31629502154038E-0004
 4.79350762387126E+0000	 6.34492129290276E-0004
 4.79971604144802E+0000	 3.20904283631534E-0004
 4.80585263183249E+0000	 9.86375437688099E-0006
 4.81192443964537E+0000	-2.82857963758245E-0004
 4.81794122935607E+0000	-5.45325900354795E-0004
 4.82391399607295E+0000	-7.69382161485229E-0004
 4.82985385607126E+0000	-9.50220391055021E-0004
 4.83577128244010E+0000	-1.08579974890645E-0003
 4.84167561602771E+0000	-1.17620472382008E-0003
 4.84757479910999E+0000	-1.22299600931758E-0003
 4.85347530969645E+0000	-1.22857792528439E-0003
 4.85938229388878E+0000	-1.19561772317716E-0003
 4.86529989042450E+0000	-1.12657424378156E-0003
 4.87123171472280E+0000	-1.02340940202392E-0003
 4.87718142893119E+0000	-8.87550883348963E-0004
 4.88315328660786E+0000	-7.20142095504108E-0004
 4.88915252313726E+0000	-5.22562167140693E-0004
 4.89518547429443E+0000	-2.97140638261471E-0004
 4.90125934137095E+0000	-4.79439746149381E-0005
 4.90738157207541E+0000	 2.18519715335287E-0004
 4.91355888741732E+0000	 4.92845796094265E-0004
 4.91979605697878E+0000	 7.62689289763305E-0004
 4.92609460135159E+0000	 1.01325141464712E-0003
 4.93245165581909E+0000	 1.22833139594816E-0003
 4.93885923485473E+0000	 1.39187184205985E-0003
 4.94530409433284E+0000	 1.48983769627426E-0003
 4.95176833970576E+0000	 1.51221227328543E-0003
 4.95823089515381E+0000	 1.45481416610135E-0003
 4.96466983530025E+0000	 1.32048571259685E-0003
 4.97106524829937E+0000	 1.11911801254913E-0003
 4.97740187614069E+0000	 8.66249338672326E-0004
 4.98367070377159E+0000	 5.80592236911989E-0004
 4.98986913791909E+0000	 2.81321550927386E-0004
 4.99600004723851E+0000	-1.41028906298585E-0005
 5.00207024931707E+0000	-2.91240343551966E-0004
 5.00808895647991E+0000	-5.39168076736367E-0004
 5.01406645743689E+0000	-7.50421229978682E-0004
 5.02001311375217E+0000	-9.20613251544242E-0004
 5.02593864947892E+0000	-1.04789825650597E-0003
 5.03185168894706E+0000	-1.13236136429473E-0003
 5.03775951395282E+0000	-1.17538005441764E-0003
 5.04366803582885E+0000	-1.17899212713548E-0003
 5.04958198767806E+0000	-1.14532393046748E-0003
 5.05550532543909E+0000	-1.07615775656908E-0003
 5.06144178480789E+0000	-9.72728081450780E-0004
 5.06739549001328E+0000	-8.35816338850226E-0004
 5.07337147372847E+0000	-6.66161634804456E-0004
 5.07937596347810E+0000	-4.65135875099999E-0004
 5.08541632050408E+0000	-2.35569098325386E-0004
 5.09150056915210E+0000	 1.74316909787284E-0005
 5.09763651650608E+0000	 2.85850547525027E-0004
 5.10383053532810E+0000	 5.58506365362331E-0004
 5.11008617573759E+0000	 8.21341370779464E-0004
 5.11640286739903E+0000	 1.05834553447916E-0003
 5.12277502224175E+0000	 1.25306248879897E-0003
 5.12919179361371E+0000	 1.39045755505466E-0003
 5.13563760263201E+0000	 1.45883240760015E-0003
 5.14209339727139E+0000	 1.45148031528047E-0003
 5.14853853048865E+0000	 1.36781672913973E-0003
 5.15495305977987E+0000	 1.21371623238490E-0003
 5.16132008327806E+0000	 1.00083362941206E-0003
 5.16762755537491E+0000	 7.44948433619313E-0004
 5.17386912606228E+0000	 4.63757777610851E-0004
 5.18004393263293E+0000	 1.74731643667364E-0004
 5.18615564423941E+0000	-1.06506975027864E-0004
 5.19221118370378E+0000	-3.67126674435588E-0004
 5.19821945660443E+0000	-5.97444817621475E-0004
 5.20419025829257E+0000	-7.90871853747261E-0004
 5.21013340897196E+0000	-9.43600295856154E-0004
 5.21605810968553E+0000	-1.05414264759355E-0003
 5.22197250356607E+0000	-1.12277563777196E-0003
 5.22788344363774E+0000	-1.15092678000701E-0003
 5.23379648690646E+0000	-1.14054791662888E-0003
 5.23971613308867E+0000	-1.09355032959739E-0003
 5.24564629300322E+0000	-1.01140624137984E-0003
 5.25159091174563E+0000	-8.95026124639422E-0004
 5.25755460927438E+0000	-7.44983702911864E-0004
 5.26354316646046E+0000	-5.62086624291753E-0004
 5.26956369489045E+0000	-3.48206640143691E-0004
 5.27562437639880E+0000	-1.07215959514438E-0004
 5.28173372343370E+0000	 1.54165477127440E-0004
 5.28789938606908E+0000	 4.25833246568687E-0004
 5.29412663060988E+0000	 6.94305018884635E-0004
 5.30041675133927E+0000	 9.43465711947471E-0004
 5.30676581413792E+0000	 1.15610400645242E-0003
 5.31316416445993E+0000	 1.31603688322771E-0003
 5.31959696476484E+0000	 1.41035639388009E-0003
 5.32604569555345E+0000	 1.43124332254716E-0003
 5.33249025407588E+0000	 1.37695374036871E-0003
 5.33891118708824E+0000	 1.25186761644848E-0003
 5.34529166922656E+0000	 1.06570408478187E-0003
 5.35161894918637E+0000	 8.32119575238631E-0004
 5.35788509641814E+0000	 5.66983540480717E-0004
 5.36408703441883E+0000	 2.86666877426511E-0004
 5.37022601045497E+0000	 6.61919534466826E-0006
 5.37630673679853E+0000	-2.59630094480254E-0004
 5.38233641968336E+0000	-5.01048152116480E-0004
 5.38832381904798E+0000	-7.09327593385910E-0004
 5.39427841040508E+0000	-8.78857035565406E-0004
 5.40020967445392E+0000	-1.00650440091949E-0003
 5.40612652294591E+0000	-1.09125725277545E-0003
 5.41203687561375E+0000	-1.13374510861661E-0003
 5.41794742195558E+0000	-1.13566924764214E-0003
 5.42386361545837E+0000	-1.09919163655490E-0003
 5.42978993549311E+0000	-1.02637816513963E-0003
 5.43573040144217E+0000	-9.18828228698806E-0004
 5.44168924428163E+0000	-7.77622211872616E-0004
 5.44767156544522E+0000	-6.03664065703819E-0004
 5.45368377815189E+0000	-3.98401160791000E-0004
 5.45973364696316E+0000	-1.64803318110052E-0004
 5.46582980166269E+0000	 9.15938935695394E-0005
 5.47198067939273E+0000	 3.61829188795816E-0004
 5.47819294803681E+0000	 6.33129594334580E-0004
 5.48446961720282E+0000	 8.89309039851928E-0004
 5.49080826310529E+0000	 1.11218380778525E-0003
 5.49719998990539E+0000	 1.28396274618515E-0003
 5.50362971508487E+0000	 1.39011618876694E-0003
 5.51007794343345E+0000	 1.42184634932868E-0003
 5.51652354012118E+0000	 1.37732851778991E-0003
 5.52294658506824E+0000	 1.26143498528983E-0003
 5.52933050453885E+0000	 1.08430781065457E-0003
 5.53566316508267E+0000	 8.59460174569425E-0004
 5.54193706963152E+0000	 6.01981557726085E-0004
 5.54814899218747E+0000	 3.27133392037200E-0004
 5.55429936395844E+0000	 4.93734861287951E-0005
 5.56039160588676E+0000	-2.18279888686574E-0004
 5.56643148645251E+0000	-4.64655406764555E-0004
 5.57242651391747E+0000	-6.80684692517961E-0004
 5.57838535057683E+0000	-8.59540559187940E-0004
 5.58431724234671E+0000	-9.96662300251364E-0004
 5.59023147083343E+0000	-1.08965977649229E-0003
 5.59613685082650E+0000	-1.13808400253854E-0003
 5.60204131592496E+0000	-1.14305633841552E-0003
 5.60795165678476E+0000	-1.10676855050800E-0003
 5.61387348718261E+0000	-1.03190808196017E-0003
 5.61981149235525E+0000	-9.21119579338242E-0004
 5.62576994905694E+0000	-7.76658770967082E-0004
 5.63175340938347E+0000	-6.00393333501735E-0004
 5.63776734956126E+0000	-3.94239026637875E-0004
 5.64381854334174E+0000	-1.61005053386594E-0004
 5.64991494235283E+0000	 9.44988881820634E-0005
 5.65606491517480E+0000	 3.64341317972025E-0004
 5.66227579662814E+0000	 6.36663345519383E-0004
 5.66855185246403E+0000	 8.95592634535068E-0004
 5.67489202471769E+0000	 1.12229471258528E-0003
 5.68128817210858E+0000	 1.29738418170753E-0003
 5.68772473600219E+0000	 1.40437643770559E-0003
 5.69418046322471E+0000	 1.43312563067682E-0003
 5.70063188383085E+0000	 1.38184784061991E-0003
 5.70705724771687E+0000	 1.25689184677636E-0003
 5.71343943334944E+0000	 1.07059767873421E-0003
 5.71976710244892E+0000	 8.38420666845663E-0004
 5.72603435157695E+0000	 5.76453060159517E-0004
 5.73223960159662E+0000	 2.99869233054181E-0004
 5.73838439950145E+0000	 2.22423297013609E-0005
 5.74447249354494E+0000	-2.44593491203476E-0004
 5.75050925123638E+0000	-4.90469879996622E-0004
 5.75650132404476E+0000	-7.06816887204326E-0004
 5.76245641691198E+0000	-8.86682937390114E-0004
 5.76838304876974E+0000	-1.02482721391019E-0003
 5.77429024481623E+0000	-1.11782316947109E-0003
 5.78018715272083E+0000	-1.16410274331638E-0003
 5.78608261468769E+0000	-1.16388123500611E-0003
 5.79198475891346E+0000	-1.11892420935568E-0003
 5.79790069918846E+0000	-1.03215304250333E-0003
 5.80383644097178E+0000	-9.07139938204881E-0004
 5.80979706739625E+0000	-7.47610404561671E-0004
 5.81578720515030E+0000	-5.57125344636190E-0004
 5.82181165828444E+0000	-3.39118164217430E-0004
 5.82787598848012E+0000	-9.73908488556303E-0005
 5.83398676217569E+0000	 1.62960106849131E-0004
 5.84015120137343E+0000	 4.34371491839170E-0004
 5.84637605903670E+0000	 7.05724227878968E-0004
 5.85266569442284E+0000	 9.61799929453251E-0004
 5.85901959759347E+0000	 1.18384061411429E-0003
 5.86543004870479E+0000	 1.35168757553761E-0003
 5.87188104754974E+0000	 1.44747677391757E-0003
 5.87834962689873E+0000	 1.45990603813675E-0003
 5.88480969546275E+0000	 1.38725371043046E-0003
 5.89123702803919E+0000	 1.23760683863307E-0003
 5.89761325668541E+0000	 1.02628616129487E-0003
 5.90392749357593E+0000	 7.71961861672874E-0004
 5.91017571198242E+0000	 4.93206321791791E-0004
 5.91635893385193E+0000	 2.06410617926156E-0004
 5.92248127683331E+0000	-7.49326710952430E-0005
 5.92854846321512E+0000	-3.40047298638677E-0004
 5.93456695468221E+0000	-5.80310215033217E-0004
 5.94054361446700E+0000	-7.88685001220135E-0004
 5.94648569371353E+0000	-9.59352603544462E-0004
 5.95240093418943E+0000	-1.08759228061421E-0003
 5.95829762844214E+0000	-1.16986614830879E-0003
 5.96418454770055E+0000	-1.20401019359741E-0003
 5.97007071469534E+0000	-1.18942343095442E-0003
 5.97596505266047E+0000	-1.12716100468321E-0003
 5.98187598271815E+0000	-1.01986641819911E-0003
 5.98781107115920E+0000	-8.71521316514401E-0004
 5.99377683951063E+0000	-6.87051767621866E-0004
 5.99977882670046E+0000	-4.71903788527258E-0004
 6.00582191706311E+0000	-2.31764272822763E-0004
 6.01191082498365E+0000	 2.73846697905634E-0005
 6.01805049629242E+0000	 2.98763969547973E-0004
 6.02424610714588E+0000	 5.73893176005656E-0004
 6.03050235792871E+0000	 8.41535092609263E-0004
 6.03682189542121E+0000	 1.08695331591646E-0003
 6.04320298356610E+0000	 1.29211496730925E-0003
 6.04963702260053E+0000	 1.43747090020838E-0003
 6.05610708902424E+0000	 1.50552228879047E-0003
 6.06258886505372E+0000	 1.48536925776406E-0003
 6.06905448604165E+0000	 1.37630869423564E-0003
 6.07547807176291E+0000	 1.18848961366654E-0003
 6.08184047365742E+0000	 9.40212414123941E-0004
 6.08813136582415E+0000	 6.53414584936130E-0004
 6.09434858453977E+0000	 3.49478351859196E-0004
 6.10049589688451E+0000	 4.66208874514487E-0005
 6.10658049351530E+0000	-2.41030300880719E-0004
 6.11261097786562E+0000	-5.03192479777466E-0004
 6.11859609926123E+0000	-7.32611083997737E-0004
 6.12454417559295E+0000	-9.24120608697312E-0004
 6.13046302838927E+0000	-1.07385833489994E-0003
 6.13636022093655E+0000	-1.17876790173666E-0003
 6.14224339997012E+0000	-1.23642450900502E-0003
 6.14812057819833E+0000	-1.24513398030521E-0003
 6.15400025120010E+0000	-1.20420599065214E-0003
 6.15989130647347E+0000	-1.11428072856481E-0003
 6.16580274202293E+0000	-9.77594957608326E-0004
 6.17174326000558E+0000	-7.98100493763592E-0004
 6.17772083583865E+0000	-5.81391414229878E-0004
 6.18374237954163E+0000	-3.34457145444961E-0004
 6.18981358798838E+0000	-6.53543766204410E-0005
 6.19593901384974E+0000	 2.17040394137476E-0004
 6.20212224796761E+0000	 5.03019967174635E-0004
 6.20836596783767E+0000	 7.81684880316511E-0004
 6.21467152521891E+0000	 1.04033758756332E-0003
 6.22103781492952E+0000	 1.26400491944725E-0003
 6.22745944438729E+0000	 1.43569419780165E-0003
 6.23392471895310E+0000	 1.53802179268733E-0003
 6.24041453074228E+0000	 1.55644960605216E-0003
 6.24690343592057E+0000	 1.48340282638330E-0003
 6.25336343018671E+0000	 1.32147448106970E-0003
 6.25976928447689E+0000	 1.08383984745312E-0003
 6.26610311145256E+0000	 7.91460444475596E-0004
 6.27235634828894E+0000	 4.68524827068993E-0004
 6.27852902472018E+0000	 1.38190683868555E-0004
